Number_of_Instances_In_Current_Batch: 313

Inst_Index:5322 	 City_Num:50 	 Concorde:5.841484 	 MCTS:5.841484 Improve:-0.000000 	 Time:3.75 Seconds
Solution: 1 3 27 49 36 28 10 45 30 22 20 7 16 5 48 15 37 47 14 6 40 21 13 12 43 31 4 23 38 17 42 46 8 29 35 32 34 26 41 11 39 19 44 18 50 25 33 9 24 2 

Inst_Index:5323 	 City_Num:50 	 Concorde:5.198981 	 MCTS:5.198981 Improve:-0.000000 	 Time:3.76 Seconds
Solution: 1 18 32 41 13 22 9 45 47 4 38 28 43 16 3 27 39 8 12 49 25 17 44 11 40 46 37 33 35 10 23 50 36 14 48 20 2 5 15 42 26 29 24 30 21 34 7 6 31 19 

Inst_Index:5324 	 City_Num:50 	 Concorde:5.887067 	 MCTS:5.887067 Improve:0.000000 	 Time:3.76 Seconds
Solution: 1 24 4 39 48 49 18 23 28 3 26 16 44 27 43 36 9 45 15 17 21 47 32 12 35 8 31 19 14 50 10 34 38 25 5 42 11 33 22 20 41 46 37 7 30 29 2 40 6 13 

Inst_Index:5325 	 City_Num:50 	 Concorde:5.611374 	 MCTS:5.611374 Improve:-0.000000 	 Time:3.77 Seconds
Solution: 1 27 19 24 6 28 46 30 21 2 43 44 9 7 40 49 29 26 14 20 4 22 5 25 42 17 12 48 3 41 13 16 18 33 36 11 37 47 32 31 34 35 15 39 45 38 50 8 23 10 

Inst_Index:5326 	 City_Num:50 	 Concorde:5.782208 	 MCTS:5.782208 Improve:0.000000 	 Time:3.77 Seconds
Solution: 1 48 13 44 2 15 43 3 35 8 19 21 29 24 17 25 33 50 36 40 45 6 9 38 49 7 5 32 34 31 18 14 28 20 42 26 4 27 16 41 30 46 10 12 39 47 37 22 23 11 

Inst_Index:5327 	 City_Num:50 	 Concorde:5.913070 	 MCTS:5.913070 Improve:-0.000000 	 Time:3.76 Seconds
Solution: 1 28 48 37 8 18 7 33 29 22 46 15 26 4 40 5 13 17 36 31 19 32 24 6 34 38 47 44 3 42 25 9 27 10 12 2 20 49 30 21 41 45 43 23 14 11 50 35 16 39 

Inst_Index:5328 	 City_Num:50 	 Concorde:5.949325 	 MCTS:5.945572 Improve:0.003753 	 Time:3.76 Seconds
Solution: 1 10 5 34 36 49 8 31 30 23 25 32 22 19 13 35 17 21 44 14 28 50 48 11 46 6 16 40 47 33 4 27 39 12 38 26 24 15 45 37 9 42 7 43 3 29 18 20 41 2 

Inst_Index:5329 	 City_Num:50 	 Concorde:5.393879 	 MCTS:5.393879 Improve:0.000000 	 Time:3.75 Seconds
Solution: 1 14 47 33 21 38 28 41 26 46 43 17 25 32 27 44 29 13 48 50 24 2 22 39 8 10 45 37 35 12 23 6 16 34 11 18 49 5 9 15 42 20 3 31 36 40 4 30 19 7 

Inst_Index:5330 	 City_Num:50 	 Concorde:5.524716 	 MCTS:5.524716 Improve:-0.000000 	 Time:3.76 Seconds
Solution: 1 20 3 45 10 38 40 18 8 41 43 16 39 6 9 15 13 19 42 50 34 21 30 4 7 2 37 31 35 26 36 11 28 29 33 5 47 22 46 32 48 25 12 14 17 27 23 24 49 44 

Inst_Index:5331 	 City_Num:50 	 Concorde:5.253800 	 MCTS:5.244610 Improve:0.009191 	 Time:3.76 Seconds
Solution: 1 5 44 2 30 16 24 46 9 3 6 7 22 38 42 17 35 12 13 31 47 23 21 33 48 45 41 14 36 32 20 43 25 26 39 4 11 34 28 15 29 19 8 40 50 27 49 37 10 18 

Inst_Index:5332 	 City_Num:50 	 Concorde:5.382429 	 MCTS:5.381752 Improve:0.000677 	 Time:3.76 Seconds
Solution: 1 22 31 20 50 14 41 2 40 6 8 9 10 4 36 13 39 46 24 11 15 48 25 17 32 44 3 29 19 30 37 7 26 27 34 45 33 5 38 49 47 28 21 23 42 35 16 12 18 43 

Inst_Index:5333 	 City_Num:50 	 Concorde:5.928020 	 MCTS:5.928020 Improve:-0.000000 	 Time:3.77 Seconds
Solution: 1 39 36 18 17 5 19 22 31 13 44 42 35 3 48 14 43 25 7 28 20 4 47 26 46 11 34 6 15 29 30 41 27 23 9 10 50 33 49 45 40 16 37 24 38 8 32 12 21 2 

Inst_Index:5334 	 City_Num:50 	 Concorde:5.597783 	 MCTS:5.597783 Improve:0.000000 	 Time:3.76 Seconds
Solution: 1 20 15 47 19 6 32 45 14 38 43 48 12 37 36 31 40 3 27 33 24 35 34 17 46 42 2 50 7 39 8 4 49 26 10 28 13 9 29 44 30 41 21 23 16 25 11 18 22 5 

Inst_Index:5335 	 City_Num:50 	 Concorde:5.735548 	 MCTS:5.735548 Improve:0.000000 	 Time:3.76 Seconds
Solution: 1 14 46 13 42 50 32 43 45 29 27 38 15 47 31 9 8 35 24 2 48 41 21 36 16 22 49 20 10 26 25 6 40 39 23 5 30 28 17 12 3 19 11 7 33 34 37 4 18 44 

Inst_Index:5336 	 City_Num:50 	 Concorde:5.541328 	 MCTS:5.538966 Improve:0.002363 	 Time:3.76 Seconds
Solution: 1 6 35 3 5 41 19 29 25 49 12 23 16 7 31 10 44 28 47 9 34 27 40 4 37 45 2 33 32 20 36 38 15 48 46 42 22 26 30 43 50 17 21 39 13 11 14 18 8 24 

Inst_Index:5337 	 City_Num:50 	 Concorde:5.310717 	 MCTS:5.310717 Improve:-0.000000 	 Time:3.76 Seconds
Solution: 1 18 41 23 6 7 3 26 17 21 24 49 22 39 12 38 45 28 27 19 25 29 37 20 8 10 40 46 34 50 15 13 11 5 42 31 33 32 16 9 43 35 14 44 30 36 48 2 4 47 

Inst_Index:5338 	 City_Num:50 	 Concorde:5.659514 	 MCTS:5.658584 Improve:0.000930 	 Time:3.77 Seconds
Solution: 1 43 50 7 13 41 19 15 39 33 20 25 29 31 46 10 11 27 36 37 17 6 21 38 5 48 28 16 9 47 30 24 45 14 26 3 40 4 34 12 22 32 2 23 8 49 42 18 44 35 

Inst_Index:5339 	 City_Num:50 	 Concorde:5.669835 	 MCTS:5.669835 Improve:0.000000 	 Time:3.76 Seconds
Solution: 1 45 32 4 25 12 39 3 43 20 29 5 26 9 49 47 21 22 6 40 7 18 27 30 19 13 42 23 37 38 34 10 35 11 14 16 44 8 50 31 2 36 17 41 46 24 33 28 48 15 

Inst_Index:5340 	 City_Num:50 	 Concorde:5.323131 	 MCTS:5.323131 Improve:0.000000 	 Time:3.76 Seconds
Solution: 1 24 29 39 26 34 48 14 47 17 19 42 22 33 5 10 23 21 41 45 12 32 36 25 16 6 38 2 11 3 50 15 4 9 35 49 28 46 7 30 20 8 43 40 37 18 44 13 31 27 

Inst_Index:5341 	 City_Num:50 	 Concorde:5.339260 	 MCTS:5.332207 Improve:0.007053 	 Time:3.75 Seconds
Solution: 1 47 2 13 25 5 8 6 42 22 21 38 15 31 37 18 23 16 45 4 17 49 20 32 26 33 11 35 19 24 29 28 44 39 34 43 30 46 7 10 50 14 9 12 3 48 41 36 27 40 

Inst_Index:5342 	 City_Num:50 	 Concorde:5.736749 	 MCTS:5.736749 Improve:0.000000 	 Time:3.75 Seconds
Solution: 1 23 48 43 21 29 22 35 31 5 6 9 41 10 4 44 42 12 13 2 46 18 38 37 19 3 11 49 36 40 33 32 39 24 45 14 15 30 16 17 34 7 50 25 26 28 27 8 47 20 

Inst_Index:5343 	 City_Num:50 	 Concorde:5.692195 	 MCTS:5.681902 Improve:0.010292 	 Time:3.76 Seconds
Solution: 1 36 28 34 29 41 11 50 7 45 24 3 44 9 43 48 19 6 38 31 4 10 14 26 46 16 47 15 49 23 32 35 42 8 5 39 13 27 21 20 17 37 30 12 33 40 2 25 22 18 

Inst_Index:5344 	 City_Num:50 	 Concorde:6.073722 	 MCTS:6.073722 Improve:-0.000000 	 Time:3.76 Seconds
Solution: 1 15 3 43 44 29 39 2 30 16 47 13 35 5 20 28 17 9 10 21 38 31 50 34 42 22 26 8 41 33 19 24 49 25 6 48 37 32 46 4 27 12 45 7 36 14 18 11 23 40 

Inst_Index:5345 	 City_Num:50 	 Concorde:5.692727 	 MCTS:5.692727 Improve:0.000000 	 Time:3.78 Seconds
Solution: 1 9 46 13 12 37 39 8 19 23 11 50 26 45 17 32 25 30 42 7 40 29 24 33 31 18 22 35 20 21 28 5 15 27 43 44 10 14 47 34 2 3 49 38 6 36 4 41 16 48 

Inst_Index:5346 	 City_Num:50 	 Concorde:5.538176 	 MCTS:5.536234 Improve:0.001943 	 Time:3.76 Seconds
Solution: 1 34 33 28 20 10 48 42 25 29 44 22 8 13 11 17 24 38 4 36 6 26 23 30 37 46 21 49 19 50 15 31 47 41 43 35 7 39 45 40 18 5 12 2 14 32 9 27 16 3 

Inst_Index:5347 	 City_Num:50 	 Concorde:5.618490 	 MCTS:5.618490 Improve:0.000000 	 Time:3.76 Seconds
Solution: 1 26 4 42 49 29 31 18 35 20 13 19 24 5 27 21 10 15 9 39 44 3 38 16 23 12 34 47 46 22 14 7 45 43 30 48 32 8 25 41 11 40 6 37 28 36 33 50 17 2 

Inst_Index:5348 	 City_Num:50 	 Concorde:5.510278 	 MCTS:5.510278 Improve:0.000000 	 Time:3.76 Seconds
Solution: 1 7 32 38 25 36 42 40 8 3 26 35 9 17 50 15 4 22 20 6 37 24 41 30 46 16 48 18 10 45 5 34 49 13 28 2 31 33 43 23 19 11 47 27 39 12 14 21 44 29 

Inst_Index:5349 	 City_Num:50 	 Concorde:5.568903 	 MCTS:5.568903 Improve:-0.000000 	 Time:3.75 Seconds
Solution: 1 17 20 41 6 49 10 23 48 18 13 3 2 12 16 39 27 22 5 47 25 24 45 50 35 9 31 42 44 37 30 11 38 36 19 34 46 40 29 8 14 4 32 43 33 21 26 15 28 7 

Inst_Index:5350 	 City_Num:50 	 Concorde:5.728101 	 MCTS:5.727894 Improve:0.000207 	 Time:3.76 Seconds
Solution: 1 13 29 39 36 31 50 9 37 38 41 46 17 42 45 8 22 40 49 28 6 34 19 5 20 23 21 25 26 14 27 35 15 12 2 16 4 33 44 47 24 30 32 43 3 10 7 18 11 48 

Inst_Index:5351 	 City_Num:50 	 Concorde:5.440969 	 MCTS:5.440969 Improve:0.000000 	 Time:3.75 Seconds
Solution: 1 39 24 30 32 36 49 10 41 47 42 48 45 13 6 37 18 38 46 2 34 22 20 9 28 12 35 7 11 33 19 31 17 4 8 26 25 43 21 40 23 5 27 50 3 14 29 15 44 16 

Inst_Index:5352 	 City_Num:50 	 Concorde:5.661207 	 MCTS:5.661207 Improve:-0.000000 	 Time:3.76 Seconds
Solution: 1 11 2 5 47 17 44 29 22 40 28 38 12 45 18 10 6 8 21 23 20 14 4 37 15 3 50 16 41 43 9 46 25 33 24 42 7 27 36 49 19 34 31 26 13 39 48 30 32 35 

Inst_Index:5353 	 City_Num:50 	 Concorde:5.360984 	 MCTS:5.359749 Improve:0.001235 	 Time:3.76 Seconds
Solution: 1 20 18 50 13 35 14 31 7 3 44 10 29 49 8 4 6 46 11 12 32 17 43 19 33 47 9 23 28 40 38 22 16 36 21 30 39 26 42 37 25 24 15 27 48 34 2 45 41 5 

Inst_Index:5354 	 City_Num:50 	 Concorde:6.113721 	 MCTS:6.112714 Improve:0.001007 	 Time:3.76 Seconds
Solution: 1 47 30 21 20 26 31 4 45 43 14 40 5 29 28 10 15 32 38 33 50 42 19 35 36 3 17 6 23 41 22 44 12 25 7 46 16 24 27 8 49 34 37 9 13 18 2 11 48 39 

Inst_Index:5355 	 City_Num:50 	 Concorde:5.762576 	 MCTS:5.753649 Improve:0.008926 	 Time:3.76 Seconds
Solution: 1 17 3 33 15 36 13 38 45 7 6 40 31 24 43 20 8 34 14 37 23 10 46 11 41 16 9 25 26 44 29 49 28 32 22 42 5 30 19 27 21 50 39 48 47 35 18 2 4 12 

Inst_Index:5356 	 City_Num:50 	 Concorde:5.649516 	 MCTS:5.649516 Improve:-0.000000 	 Time:3.78 Seconds
Solution: 1 19 5 13 12 26 18 10 22 29 40 6 31 38 43 23 8 47 24 27 50 2 34 7 42 48 4 46 25 36 11 33 9 21 44 15 35 49 37 30 16 39 32 45 14 3 20 41 17 28 

Inst_Index:5357 	 City_Num:50 	 Concorde:5.621767 	 MCTS:5.621767 Improve:0.000000 	 Time:3.75 Seconds
Solution: 1 39 18 47 10 32 11 2 38 30 8 15 4 14 7 23 41 24 50 31 37 27 45 34 42 17 19 25 44 35 43 16 6 12 20 36 28 29 46 22 33 48 3 40 5 49 13 9 21 26 

Inst_Index:5358 	 City_Num:50 	 Concorde:5.387099 	 MCTS:5.387099 Improve:0.000000 	 Time:3.75 Seconds
Solution: 1 5 24 13 15 36 20 29 45 16 44 43 14 50 4 39 47 30 28 18 42 11 8 35 23 25 49 19 33 26 22 32 38 7 9 6 37 17 3 40 2 21 46 34 41 12 10 31 27 48 

Inst_Index:5359 	 City_Num:50 	 Concorde:5.583538 	 MCTS:5.583538 Improve:-0.000000 	 Time:3.76 Seconds
Solution: 1 19 21 23 32 44 46 13 20 17 2 30 4 6 49 43 16 31 10 29 7 12 28 3 24 9 42 50 35 40 22 45 37 15 34 27 25 26 8 47 11 48 5 14 39 33 41 18 36 38 

Inst_Index:5360 	 City_Num:50 	 Concorde:5.949308 	 MCTS:5.949308 Improve:0.000000 	 Time:3.76 Seconds
Solution: 1 13 37 11 22 21 36 39 35 27 8 19 9 44 18 41 12 33 5 49 24 20 42 23 34 45 30 38 46 31 17 43 28 40 3 6 2 16 7 50 26 4 15 10 47 29 14 48 32 25 

Inst_Index:5361 	 City_Num:50 	 Concorde:5.583155 	 MCTS:5.583155 Improve:0.000000 	 Time:3.76 Seconds
Solution: 1 16 41 39 31 2 10 38 19 5 43 42 18 48 36 9 17 37 47 4 22 33 32 30 35 25 15 11 45 50 26 29 28 12 49 7 20 8 40 14 34 23 24 13 27 3 21 6 46 44 

Inst_Index:5362 	 City_Num:50 	 Concorde:5.533062 	 MCTS:5.533062 Improve:0.000000 	 Time:3.75 Seconds
Solution: 1 48 11 17 3 32 41 45 44 49 36 30 23 8 39 13 34 2 12 50 28 37 33 5 43 46 21 38 4 20 40 15 24 27 6 14 9 47 7 35 10 29 22 16 19 42 31 26 18 25 

Inst_Index:5363 	 City_Num:50 	 Concorde:5.188198 	 MCTS:5.188198 Improve:0.000000 	 Time:3.76 Seconds
Solution: 1 38 37 28 22 11 2 48 40 19 20 3 46 16 13 14 31 36 6 44 49 33 23 26 50 29 42 24 34 39 21 35 43 12 47 15 4 7 41 18 30 27 45 17 25 5 8 9 10 32 

Inst_Index:5364 	 City_Num:50 	 Concorde:5.500568 	 MCTS:5.500151 Improve:0.000417 	 Time:3.77 Seconds
Solution: 1 42 19 17 22 8 6 44 4 37 35 5 12 18 25 50 14 41 15 11 29 39 32 26 46 20 13 2 30 43 21 10 36 34 31 24 16 45 33 27 9 23 48 40 28 3 49 38 7 47 

Inst_Index:5365 	 City_Num:50 	 Concorde:5.531699 	 MCTS:5.528484 Improve:0.003214 	 Time:3.76 Seconds
Solution: 1 29 17 23 33 45 32 22 36 6 30 19 27 13 39 4 28 11 38 8 7 46 48 10 2 21 34 15 37 14 50 47 43 5 25 20 16 35 40 41 31 18 9 44 12 24 42 3 26 49 

Inst_Index:5366 	 City_Num:50 	 Concorde:5.477756 	 MCTS:5.476681 Improve:0.001075 	 Time:3.75 Seconds
Solution: 1 14 49 5 40 2 32 41 34 6 22 12 28 4 43 7 3 19 42 29 36 24 25 20 9 23 44 48 35 26 21 15 45 17 16 50 30 8 47 18 11 33 39 10 37 46 31 27 38 13 

Inst_Index:5367 	 City_Num:50 	 Concorde:5.554012 	 MCTS:5.554012 Improve:-0.000000 	 Time:3.75 Seconds
Solution: 1 45 44 9 20 18 46 48 29 39 23 15 21 33 32 17 3 16 8 30 14 41 25 24 12 4 26 27 50 36 13 28 37 2 35 34 31 43 22 42 19 5 49 6 40 11 10 7 47 38 

Inst_Index:5368 	 City_Num:50 	 Concorde:5.529210 	 MCTS:5.529210 Improve:0.000000 	 Time:3.76 Seconds
Solution: 1 13 17 21 25 50 4 46 27 8 19 42 29 14 31 36 41 22 18 40 12 30 28 47 44 33 45 24 34 15 39 6 5 32 49 37 20 7 2 9 35 16 26 38 43 3 48 10 23 11 

Inst_Index:5369 	 City_Num:50 	 Concorde:6.085456 	 MCTS:6.085456 Improve:-0.000000 	 Time:3.76 Seconds
Solution: 1 13 8 12 38 50 23 4 40 37 21 5 47 43 41 9 28 39 11 29 27 16 30 19 42 25 48 17 3 2 24 6 31 20 34 36 14 22 15 49 32 44 10 35 26 7 33 46 45 18 

Inst_Index:5370 	 City_Num:50 	 Concorde:5.946961 	 MCTS:5.946961 Improve:-0.000000 	 Time:3.78 Seconds
Solution: 1 22 35 8 18 21 42 36 32 25 16 26 45 17 15 30 46 20 44 19 28 39 50 34 29 24 49 48 9 2 11 6 27 23 47 7 10 13 33 37 5 4 38 43 3 40 12 14 31 41 

Inst_Index:5371 	 City_Num:50 	 Concorde:5.500113 	 MCTS:5.494497 Improve:0.005615 	 Time:3.77 Seconds
Solution: 1 45 26 6 13 43 7 9 32 44 20 42 27 30 2 5 22 24 49 48 46 4 19 31 25 16 10 35 50 15 8 3 39 21 11 29 17 41 47 14 18 12 28 40 36 33 38 37 23 34 

Inst_Index:5372 	 City_Num:50 	 Concorde:5.656794 	 MCTS:5.649201 Improve:0.007593 	 Time:3.75 Seconds
Solution: 1 28 41 5 46 6 43 21 23 14 7 40 49 19 47 22 50 18 36 2 45 44 15 42 17 37 31 24 26 8 34 16 13 20 3 35 38 32 10 29 30 9 11 25 4 27 12 39 33 48 

Inst_Index:5373 	 City_Num:50 	 Concorde:5.562605 	 MCTS:5.562605 Improve:0.000000 	 Time:3.76 Seconds
Solution: 1 31 35 41 15 39 19 3 13 43 27 46 4 50 9 22 7 8 47 42 44 48 34 26 30 24 16 45 2 23 10 17 38 11 12 21 5 20 49 14 29 18 25 32 37 36 33 6 28 40 

Inst_Index:5374 	 City_Num:50 	 Concorde:5.516660 	 MCTS:5.513107 Improve:0.003553 	 Time:3.76 Seconds
Solution: 1 43 46 27 18 20 2 19 15 39 44 48 22 12 42 7 49 8 23 40 6 31 33 5 9 10 30 37 3 16 14 38 13 4 47 29 26 35 45 21 28 34 11 41 50 36 17 25 32 24 

Inst_Index:5375 	 City_Num:50 	 Concorde:5.119439 	 MCTS:5.117384 Improve:0.002055 	 Time:3.75 Seconds
Solution: 1 29 28 34 2 43 40 7 11 35 6 10 12 24 16 46 39 33 13 25 15 20 41 3 5 23 44 22 17 9 26 42 8 18 37 49 21 14 36 27 47 30 19 48 32 45 50 38 4 31 

Inst_Index:5376 	 City_Num:50 	 Concorde:6.002709 	 MCTS:6.002709 Improve:0.000000 	 Time:3.77 Seconds
Solution: 1 17 30 18 44 35 43 6 11 45 8 20 34 24 33 10 37 48 46 27 13 40 26 38 5 50 3 2 22 14 19 28 32 7 39 29 4 23 49 9 15 25 31 36 42 47 21 41 16 12 

Inst_Index:5377 	 City_Num:50 	 Concorde:6.172921 	 MCTS:6.172921 Improve:-0.000000 	 Time:3.75 Seconds
Solution: 1 43 32 35 30 13 50 27 23 45 17 39 10 16 19 4 41 42 29 28 48 49 24 46 2 18 37 33 34 6 44 47 14 3 15 7 40 38 9 25 5 8 11 20 26 36 12 22 31 21 

Inst_Index:5378 	 City_Num:50 	 Concorde:5.960270 	 MCTS:5.959571 Improve:0.000699 	 Time:3.76 Seconds
Solution: 1 48 33 8 49 21 2 15 10 40 44 16 14 23 29 38 41 47 45 26 43 31 5 46 35 25 11 32 39 22 42 6 12 17 18 24 7 36 9 30 27 37 19 3 20 34 4 50 13 28 

Inst_Index:5379 	 City_Num:50 	 Concorde:5.534569 	 MCTS:5.534569 Improve:-0.000000 	 Time:3.78 Seconds
Solution: 1 22 49 5 33 9 34 4 38 36 25 23 27 42 40 18 28 47 10 8 39 16 11 12 21 17 30 35 20 45 14 24 29 3 2 26 37 32 50 31 13 43 46 7 48 44 15 19 41 6 

Inst_Index:5380 	 City_Num:50 	 Concorde:5.787450 	 MCTS:5.787450 Improve:-0.000000 	 Time:3.76 Seconds
Solution: 1 29 42 41 25 45 49 8 26 34 2 13 3 18 39 19 27 5 44 30 24 14 12 9 46 48 7 15 11 35 4 50 31 10 22 43 28 6 40 47 37 36 38 32 21 17 23 33 16 20 

Inst_Index:5381 	 City_Num:50 	 Concorde:5.277369 	 MCTS:5.277369 Improve:-0.000000 	 Time:3.77 Seconds
Solution: 1 9 8 2 20 29 7 19 16 32 23 33 25 11 13 12 49 6 48 27 22 3 30 10 42 45 38 17 18 15 28 46 24 4 5 14 44 31 35 43 36 47 26 50 40 41 34 21 39 37 

Inst_Index:5382 	 City_Num:50 	 Concorde:5.720879 	 MCTS:5.720879 Improve:-0.000000 	 Time:3.76 Seconds
Solution: 1 24 46 3 42 35 45 23 29 43 8 5 9 39 36 41 18 50 49 19 32 40 16 12 4 48 44 17 27 33 20 31 38 47 15 14 7 22 6 2 21 26 28 30 25 13 37 34 11 10 

Inst_Index:5383 	 City_Num:50 	 Concorde:5.484893 	 MCTS:5.484893 Improve:-0.000000 	 Time:3.76 Seconds
Solution: 1 22 13 4 12 26 17 16 24 45 28 23 11 18 8 39 31 6 33 40 35 29 49 41 34 5 2 21 14 10 15 50 27 3 38 37 25 46 36 47 20 42 30 19 32 9 7 43 48 44 

Inst_Index:5384 	 City_Num:50 	 Concorde:6.016367 	 MCTS:6.014111 Improve:0.002256 	 Time:3.77 Seconds
Solution: 1 34 16 17 13 22 14 5 7 10 38 46 19 20 47 37 44 11 29 28 9 2 45 33 12 40 3 50 30 15 43 39 26 6 8 27 24 48 23 21 32 18 42 35 49 25 41 36 4 31 

Inst_Index:5385 	 City_Num:50 	 Concorde:5.867510 	 MCTS:5.867510 Improve:0.000000 	 Time:3.76 Seconds
Solution: 1 29 27 44 16 11 33 34 25 49 36 13 19 17 8 24 28 43 48 38 40 47 31 39 35 6 14 2 5 50 21 46 20 12 32 4 3 37 7 10 9 41 22 18 26 23 45 30 42 15 

Inst_Index:5386 	 City_Num:50 	 Concorde:5.188963 	 MCTS:5.188963 Improve:0.000000 	 Time:3.76 Seconds
Solution: 1 23 48 47 21 3 31 34 41 6 36 9 5 30 49 46 13 33 7 15 29 24 27 2 18 35 44 20 50 11 19 28 32 22 45 43 39 8 14 4 38 17 12 26 25 10 37 40 42 16 

Inst_Index:5387 	 City_Num:50 	 Concorde:5.836215 	 MCTS:5.836215 Improve:0.000000 	 Time:3.75 Seconds
Solution: 1 25 27 4 28 6 40 12 36 19 2 20 17 21 31 24 34 9 8 43 48 50 16 46 39 15 18 42 13 30 45 37 33 44 7 11 29 5 14 23 35 41 26 32 47 10 3 22 38 49 

Inst_Index:5388 	 City_Num:50 	 Concorde:5.336809 	 MCTS:5.328917 Improve:0.007892 	 Time:3.76 Seconds
Solution: 1 31 46 6 25 33 30 44 18 40 37 2 34 17 4 8 32 11 14 9 22 5 39 23 13 12 28 7 29 42 20 36 43 45 47 24 21 49 35 10 15 27 48 19 16 50 26 38 3 41 

Inst_Index:5389 	 City_Num:50 	 Concorde:5.357251 	 MCTS:5.357251 Improve:-0.000000 	 Time:3.77 Seconds
Solution: 1 19 30 38 6 22 46 43 12 23 2 35 39 49 10 40 4 16 31 33 37 32 27 8 7 26 36 45 3 17 21 14 28 13 18 41 47 5 24 11 34 50 29 44 42 9 25 20 15 48 

Inst_Index:5390 	 City_Num:50 	 Concorde:5.879349 	 MCTS:5.879349 Improve:0.000000 	 Time:3.76 Seconds
Solution: 1 2 35 24 26 33 16 39 6 13 7 15 23 27 40 29 11 4 20 32 43 8 31 17 47 38 34 28 5 48 18 50 9 10 44 19 22 30 45 21 42 49 41 37 3 46 25 14 36 12 

Inst_Index:5391 	 City_Num:50 	 Concorde:5.222986 	 MCTS:5.222986 Improve:-0.000000 	 Time:3.76 Seconds
Solution: 1 2 11 5 24 45 27 38 12 7 28 19 40 47 32 8 13 44 30 29 21 31 16 46 4 35 26 18 50 33 14 48 25 49 37 10 34 39 43 17 6 42 20 41 15 22 23 9 3 36 

Inst_Index:5392 	 City_Num:50 	 Concorde:5.760691 	 MCTS:5.760691 Improve:-0.000000 	 Time:3.75 Seconds
Solution: 1 13 32 10 40 24 41 47 27 2 3 34 39 37 6 48 43 29 7 11 21 35 33 20 22 15 38 19 30 50 18 49 14 42 45 5 17 8 16 12 9 26 4 25 36 46 44 28 31 23 

Inst_Index:5393 	 City_Num:50 	 Concorde:5.598101 	 MCTS:5.598101 Improve:0.000000 	 Time:3.76 Seconds
Solution: 1 48 8 46 15 40 42 31 30 5 3 24 19 9 41 26 18 45 6 17 39 21 27 35 20 11 44 49 23 28 14 37 25 47 50 2 32 38 12 33 36 29 13 7 43 16 34 4 10 22 

Inst_Index:5394 	 City_Num:50 	 Concorde:5.648801 	 MCTS:5.640506 Improve:0.008296 	 Time:3.76 Seconds
Solution: 1 18 6 44 28 27 24 19 10 7 43 12 26 34 29 3 11 39 40 16 48 41 20 45 30 32 33 4 9 15 46 37 14 23 22 17 42 25 31 47 8 21 13 5 2 36 38 35 50 49 

Inst_Index:5395 	 City_Num:50 	 Concorde:5.649242 	 MCTS:5.645385 Improve:0.003856 	 Time:3.78 Seconds
Solution: 1 7 2 3 43 35 31 6 40 33 21 14 48 47 28 23 24 42 44 26 19 41 50 9 16 29 25 38 39 18 27 5 37 49 17 4 15 22 13 8 11 12 10 20 30 32 45 46 36 34 

Inst_Index:5396 	 City_Num:50 	 Concorde:4.921818 	 MCTS:4.916618 Improve:0.005200 	 Time:3.76 Seconds
Solution: 1 9 5 37 3 41 21 22 19 45 15 39 29 44 49 12 24 27 10 28 7 48 32 14 40 34 8 31 43 20 6 50 33 36 47 23 11 17 18 26 42 46 38 25 16 2 13 4 30 35 

Inst_Index:5397 	 City_Num:50 	 Concorde:5.268706 	 MCTS:5.268706 Improve:-0.000000 	 Time:3.77 Seconds
Solution: 1 31 14 16 17 36 2 42 44 6 25 7 5 41 3 32 34 45 43 50 21 11 4 24 33 40 49 9 19 12 30 20 13 18 15 37 39 29 22 35 10 26 46 27 23 38 28 47 8 48 

Inst_Index:5398 	 City_Num:50 	 Concorde:5.690991 	 MCTS:5.690991 Improve:0.000000 	 Time:3.76 Seconds
Solution: 1 5 30 27 3 35 46 12 22 16 6 20 14 36 11 13 43 31 29 17 8 40 10 18 33 26 24 37 9 42 41 7 32 47 15 49 34 23 50 25 28 38 4 2 19 39 21 44 48 45 

Inst_Index:5399 	 City_Num:50 	 Concorde:5.665089 	 MCTS:5.662552 Improve:0.002537 	 Time:3.76 Seconds
Solution: 1 38 25 43 46 45 11 31 37 40 47 19 41 18 5 42 39 9 2 8 48 50 35 10 26 21 20 28 7 17 15 49 4 33 27 24 3 14 12 6 22 44 16 34 13 23 29 32 36 30 

Inst_Index:5400 	 City_Num:50 	 Concorde:5.746683 	 MCTS:5.746683 Improve:0.000000 	 Time:3.77 Seconds
Solution: 1 41 12 20 19 34 13 4 15 10 40 25 22 35 21 44 7 36 32 49 14 28 29 30 26 11 33 37 47 23 50 9 48 45 18 46 8 17 6 27 2 24 5 31 16 42 43 39 38 3 

Inst_Index:5401 	 City_Num:50 	 Concorde:5.338328 	 MCTS:5.338328 Improve:0.000000 	 Time:3.75 Seconds
Solution: 1 5 6 34 19 13 29 7 30 37 26 23 45 39 15 35 48 21 47 42 24 20 10 41 36 2 50 28 9 4 16 8 11 40 18 3 14 33 27 46 32 49 44 31 25 17 12 43 38 22 

Inst_Index:5402 	 City_Num:50 	 Concorde:6.006234 	 MCTS:6.005528 Improve:0.000707 	 Time:3.76 Seconds
Solution: 1 50 28 32 33 49 15 31 48 19 47 3 12 16 29 44 39 17 18 24 35 34 8 7 9 13 23 41 36 22 27 6 42 38 26 37 14 5 2 10 25 45 11 20 21 40 30 4 43 46 

Inst_Index:5403 	 City_Num:50 	 Concorde:5.770398 	 MCTS:5.770398 Improve:0.000000 	 Time:3.76 Seconds
Solution: 1 32 40 8 41 45 18 11 9 36 42 46 7 34 3 6 21 37 43 19 39 12 2 44 4 17 14 25 15 26 31 10 16 13 28 33 38 30 5 27 50 47 29 35 20 22 49 23 24 48 

Inst_Index:5404 	 City_Num:50 	 Concorde:5.416703 	 MCTS:5.416703 Improve:-0.000000 	 Time:3.77 Seconds
Solution: 1 48 6 4 19 39 11 26 18 46 45 43 28 10 24 7 31 13 15 36 14 49 25 17 47 42 41 37 29 50 30 22 35 3 38 32 34 44 40 9 16 5 21 12 2 20 23 8 33 27 

Inst_Index:5405 	 City_Num:50 	 Concorde:5.679941 	 MCTS:5.679941 Improve:0.000000 	 Time:3.76 Seconds
Solution: 1 16 5 38 17 28 37 24 47 40 2 46 48 34 25 41 29 39 26 45 13 30 36 31 49 9 12 50 3 19 27 33 10 15 21 23 14 6 44 11 42 4 35 18 7 32 22 8 43 20 

Inst_Index:5406 	 City_Num:50 	 Concorde:5.935977 	 MCTS:5.935977 Improve:0.000000 	 Time:3.77 Seconds
Solution: 1 10 7 46 48 28 21 8 18 29 6 26 2 4 47 24 14 20 40 27 44 5 19 15 42 34 31 38 33 25 30 36 23 41 39 35 12 37 32 43 9 45 50 49 22 16 13 17 11 3 

Inst_Index:5407 	 City_Num:50 	 Concorde:5.601621 	 MCTS:5.601621 Improve:0.000000 	 Time:3.75 Seconds
Solution: 1 34 44 2 3 20 31 48 8 5 47 10 42 36 50 27 12 23 33 46 41 4 19 7 35 37 26 22 18 38 40 21 30 13 11 49 43 45 14 24 6 9 29 25 28 15 39 17 16 32 

Inst_Index:5408 	 City_Num:50 	 Concorde:5.646458 	 MCTS:5.640889 Improve:0.005568 	 Time:3.78 Seconds
Solution: 1 33 43 16 11 49 29 13 5 23 34 47 6 36 31 3 18 50 7 2 48 26 45 46 19 9 41 42 35 22 40 28 14 27 4 21 44 30 20 39 12 37 32 10 17 38 15 8 25 24 

Inst_Index:5409 	 City_Num:50 	 Concorde:5.617443 	 MCTS:5.617443 Improve:-0.000000 	 Time:3.76 Seconds
Solution: 1 33 21 16 17 40 20 9 48 43 31 15 38 35 24 11 28 50 7 47 41 8 6 44 5 27 29 13 25 4 49 10 3 2 12 37 22 42 45 46 30 26 36 19 18 32 14 39 23 34 

Inst_Index:5410 	 City_Num:50 	 Concorde:5.633235 	 MCTS:5.633235 Improve:0.000000 	 Time:3.77 Seconds
Solution: 1 46 12 10 48 38 47 9 45 15 21 19 14 35 29 3 37 11 34 49 41 16 5 22 2 26 13 28 6 8 31 40 7 27 32 30 33 50 39 36 24 20 44 4 17 25 43 23 18 42 

Inst_Index:5411 	 City_Num:50 	 Concorde:5.803407 	 MCTS:5.803407 Improve:0.000000 	 Time:3.76 Seconds
Solution: 1 18 32 33 46 4 3 11 22 29 49 8 25 36 31 30 6 7 16 50 15 2 26 5 14 17 21 13 38 45 42 27 20 24 48 47 37 41 34 12 23 35 40 9 39 43 44 10 28 19 

Inst_Index:5412 	 City_Num:50 	 Concorde:5.487118 	 MCTS:5.487118 Improve:-0.000000 	 Time:3.76 Seconds
Solution: 1 22 18 48 35 7 38 15 16 8 14 27 10 46 49 34 43 31 23 39 26 4 21 24 13 9 6 47 37 44 41 36 28 3 20 25 40 50 30 11 2 29 32 5 33 42 19 17 45 12 

Inst_Index:5413 	 City_Num:50 	 Concorde:5.985944 	 MCTS:5.985944 Improve:0.000000 	 Time:3.75 Seconds
Solution: 1 47 39 43 42 19 13 40 20 11 14 29 33 28 26 32 35 46 38 3 45 31 16 25 36 15 9 50 7 5 4 34 30 41 23 44 37 49 22 12 24 18 8 48 2 10 6 27 21 17 

Inst_Index:5414 	 City_Num:50 	 Concorde:5.679296 	 MCTS:5.679296 Improve:-0.000000 	 Time:3.75 Seconds
Solution: 1 48 40 16 13 43 18 11 37 28 14 3 5 21 24 32 38 8 35 15 10 33 44 41 12 9 19 39 17 29 26 25 46 34 23 49 20 30 27 31 2 45 36 6 22 50 7 4 42 47 

Inst_Index:5415 	 City_Num:50 	 Concorde:5.765206 	 MCTS:5.763610 Improve:0.001595 	 Time:3.77 Seconds
Solution: 1 39 3 4 38 37 50 11 41 43 17 9 46 5 44 15 13 48 45 22 33 36 49 28 2 26 32 27 29 23 12 16 6 21 18 19 35 34 31 24 25 14 8 10 42 20 30 7 40 47 

Inst_Index:5416 	 City_Num:50 	 Concorde:5.658573 	 MCTS:5.658573 Improve:-0.000000 	 Time:3.75 Seconds
Solution: 1 2 19 33 43 3 13 49 23 50 9 41 32 25 46 31 35 17 44 39 42 34 5 8 47 18 29 37 28 10 30 26 14 40 7 15 45 20 24 12 22 27 48 4 38 16 11 36 21 6 

Inst_Index:5417 	 City_Num:50 	 Concorde:5.836603 	 MCTS:5.836603 Improve:0.000000 	 Time:3.76 Seconds
Solution: 1 37 35 9 43 33 13 49 46 50 29 36 2 45 42 11 26 4 17 15 16 19 44 34 27 22 28 10 32 47 3 5 7 20 23 40 41 39 30 14 18 48 8 12 21 38 25 6 31 24 

Inst_Index:5418 	 City_Num:50 	 Concorde:5.545942 	 MCTS:5.545942 Improve:0.000000 	 Time:3.77 Seconds
Solution: 1 20 9 19 47 3 2 48 50 29 41 43 11 24 8 6 26 16 27 25 13 32 18 49 37 40 28 17 21 4 46 5 42 44 45 35 31 39 12 7 33 38 34 15 36 30 14 23 22 10 

Inst_Index:5419 	 City_Num:50 	 Concorde:5.832787 	 MCTS:5.830508 Improve:0.002280 	 Time:3.75 Seconds
Solution: 1 21 32 50 5 30 43 18 7 20 31 11 45 15 16 40 38 9 44 39 12 25 49 29 23 41 14 24 27 6 19 26 34 35 48 8 28 33 4 22 42 17 47 3 2 10 13 37 36 46 

Inst_Index:5420 	 City_Num:50 	 Concorde:6.200333 	 MCTS:6.198807 Improve:0.001526 	 Time:3.75 Seconds
Solution: 1 25 37 12 21 47 15 45 39 11 43 16 26 3 49 35 18 14 33 22 19 34 13 4 44 30 50 9 10 28 24 48 17 29 32 8 23 5 38 46 20 2 6 36 7 42 41 27 40 31 

Inst_Index:5421 	 City_Num:50 	 Concorde:5.642911 	 MCTS:5.641232 Improve:0.001679 	 Time:3.75 Seconds
Solution: 1 6 7 18 16 20 45 36 23 19 22 34 17 9 15 10 27 13 48 24 39 25 29 37 3 32 21 50 14 11 33 31 49 38 40 8 47 5 43 46 35 2 4 12 28 26 41 30 44 42 

Inst_Index:5422 	 City_Num:50 	 Concorde:5.742053 	 MCTS:5.740830 Improve:0.001223 	 Time:3.76 Seconds
Solution: 1 39 14 23 40 5 6 32 48 11 49 35 47 46 34 15 13 37 10 12 33 44 2 28 19 16 26 7 18 43 22 17 24 21 9 25 27 31 20 45 42 30 29 50 8 4 41 38 36 3 

Inst_Index:5423 	 City_Num:50 	 Concorde:6.066219 	 MCTS:6.066219 Improve:0.000000 	 Time:3.77 Seconds
Solution: 1 38 32 6 41 40 8 23 7 12 44 25 22 11 36 49 20 13 24 29 9 21 30 42 19 31 47 4 14 35 17 27 45 15 34 43 5 37 2 26 10 18 3 33 48 50 46 16 39 28 

Inst_Index:5424 	 City_Num:50 	 Concorde:5.601059 	 MCTS:5.601059 Improve:0.000000 	 Time:3.76 Seconds
Solution: 1 36 40 50 13 6 23 28 33 15 42 3 25 47 5 9 38 16 45 12 8 24 34 46 10 19 20 32 43 48 37 17 44 29 11 2 39 30 4 35 21 22 27 26 7 31 49 14 41 18 

Inst_Index:5425 	 City_Num:50 	 Concorde:5.694971 	 MCTS:5.694971 Improve:0.000000 	 Time:3.77 Seconds
Solution: 1 6 8 26 38 3 27 42 44 4 45 37 10 15 9 23 35 46 28 32 7 25 5 18 12 22 31 13 48 24 19 16 14 43 36 29 50 33 11 49 17 41 30 34 21 2 39 20 40 47 

Inst_Index:5426 	 City_Num:50 	 Concorde:6.128700 	 MCTS:6.124964 Improve:0.003736 	 Time:3.76 Seconds
Solution: 1 10 16 40 23 22 12 33 31 39 3 20 17 21 44 32 42 37 45 13 26 24 19 7 30 50 29 41 11 14 2 38 5 27 18 48 36 6 15 34 49 4 8 47 9 46 43 25 35 28 

Inst_Index:5427 	 City_Num:50 	 Concorde:5.633379 	 MCTS:5.633379 Improve:-0.000000 	 Time:3.77 Seconds
Solution: 1 11 7 9 44 13 35 30 2 40 34 8 50 45 24 22 21 38 18 5 15 20 33 32 14 36 19 17 12 49 48 26 23 39 3 6 28 10 42 37 43 47 25 41 27 16 4 31 46 29 

Inst_Index:5428 	 City_Num:50 	 Concorde:5.855673 	 MCTS:5.855673 Improve:0.000000 	 Time:3.76 Seconds
Solution: 1 10 9 48 44 18 39 21 12 17 13 32 5 28 41 36 31 4 27 7 29 33 47 25 49 2 40 22 46 16 3 8 14 24 15 38 42 20 11 23 34 37 26 35 45 50 6 43 30 19 

Inst_Index:5429 	 City_Num:50 	 Concorde:5.569790 	 MCTS:5.569790 Improve:-0.000000 	 Time:3.76 Seconds
Solution: 1 42 22 16 15 4 2 21 3 23 34 12 35 8 39 41 36 31 38 28 30 27 14 32 33 47 50 46 20 9 6 10 45 49 48 25 17 13 11 37 19 18 44 29 40 7 43 24 26 5 

Inst_Index:5430 	 City_Num:50 	 Concorde:5.790066 	 MCTS:5.790066 Improve:0.000000 	 Time:3.77 Seconds
Solution: 1 14 39 19 43 17 21 22 18 47 32 49 44 26 37 25 2 6 41 35 8 7 29 48 11 12 10 46 20 31 27 50 30 28 13 34 23 9 33 24 4 15 45 38 5 3 40 16 36 42 

Inst_Index:5431 	 City_Num:50 	 Concorde:5.920485 	 MCTS:5.910866 Improve:0.009618 	 Time:3.78 Seconds
Solution: 1 27 50 9 6 33 19 39 31 49 25 12 5 20 23 28 22 38 15 45 11 48 35 41 10 21 14 8 29 7 30 46 43 3 32 17 13 37 26 44 42 34 2 47 18 40 4 24 16 36 

Inst_Index:5432 	 City_Num:50 	 Concorde:5.442147 	 MCTS:5.439407 Improve:0.002740 	 Time:3.76 Seconds
Solution: 1 32 11 23 44 19 25 39 5 26 38 4 30 9 8 17 36 12 47 20 34 50 14 24 6 33 42 29 41 18 2 48 45 43 40 3 22 28 35 21 13 16 31 10 27 46 15 49 7 37 

Inst_Index:5433 	 City_Num:50 	 Concorde:5.899301 	 MCTS:5.899301 Improve:0.000000 	 Time:3.75 Seconds
Solution: 1 22 44 41 48 14 50 45 20 10 38 27 34 43 36 31 16 30 3 24 2 18 23 19 4 28 7 6 13 49 29 21 46 33 9 11 25 5 15 37 40 12 8 26 39 42 17 35 47 32 

Inst_Index:5434 	 City_Num:50 	 Concorde:5.802846 	 MCTS:5.802846 Improve:0.000000 	 Time:3.77 Seconds
Solution: 1 36 41 39 32 38 9 23 27 16 44 49 8 14 35 17 6 18 47 7 34 45 46 25 26 3 13 11 31 40 2 30 42 24 33 28 29 48 4 50 37 10 12 43 22 19 15 21 5 20 

Inst_Index:5435 	 City_Num:50 	 Concorde:5.923469 	 MCTS:5.923469 Improve:0.000000 	 Time:3.76 Seconds
Solution: 1 26 44 50 49 34 11 21 7 15 30 13 39 40 3 31 18 28 8 37 27 20 42 35 5 33 36 32 14 25 23 9 48 29 2 46 45 43 41 4 47 6 16 12 10 22 38 19 17 24 

Inst_Index:5436 	 City_Num:50 	 Concorde:5.781202 	 MCTS:5.781202 Improve:-0.000000 	 Time:3.76 Seconds
Solution: 1 49 6 12 22 48 27 41 50 16 45 26 11 13 40 4 46 30 5 15 14 35 39 23 25 29 8 24 3 37 17 38 10 2 44 28 36 32 18 34 43 31 19 42 20 33 21 47 7 9 

Inst_Index:5437 	 City_Num:50 	 Concorde:5.881961 	 MCTS:5.881961 Improve:-0.000000 	 Time:3.75 Seconds
Solution: 1 17 10 16 47 42 3 22 36 15 48 5 34 50 31 46 9 29 14 2 4 7 30 11 37 25 12 38 23 45 21 18 43 8 26 19 35 40 32 39 6 49 33 13 27 41 44 24 20 28 

Inst_Index:5438 	 City_Num:50 	 Concorde:5.931182 	 MCTS:5.926559 Improve:0.004622 	 Time:3.76 Seconds
Solution: 1 24 6 3 21 36 43 32 35 42 5 18 49 41 28 12 27 26 20 46 39 30 31 23 17 29 4 11 37 7 16 13 25 44 10 15 45 22 50 34 38 40 2 19 47 8 48 33 14 9 

Inst_Index:5439 	 City_Num:50 	 Concorde:6.219366 	 MCTS:6.219259 Improve:0.000107 	 Time:3.75 Seconds
Solution: 1 21 31 28 42 11 41 14 27 49 45 37 10 17 35 36 9 3 32 20 13 18 43 22 23 44 26 24 50 19 29 30 6 40 16 25 48 7 34 38 4 47 39 15 8 46 5 12 2 33 

Inst_Index:5440 	 City_Num:50 	 Concorde:5.485713 	 MCTS:5.475451 Improve:0.010263 	 Time:3.76 Seconds
Solution: 1 19 31 46 49 39 43 47 24 8 48 45 13 21 44 4 11 18 16 42 15 29 33 27 28 20 36 40 37 12 6 2 10 26 50 34 32 38 5 9 30 23 7 41 22 14 17 35 25 3 

Inst_Index:5441 	 City_Num:50 	 Concorde:5.862442 	 MCTS:5.862442 Improve:0.000000 	 Time:3.77 Seconds
Solution: 1 22 13 14 11 30 41 10 50 24 4 2 43 34 19 15 47 27 12 49 33 42 38 16 3 48 46 32 8 35 20 45 39 28 21 44 40 26 17 31 5 9 18 29 7 37 6 23 25 36 

Inst_Index:5442 	 City_Num:50 	 Concorde:5.639876 	 MCTS:5.635377 Improve:0.004499 	 Time:3.75 Seconds
Solution: 1 22 47 23 36 39 32 37 9 41 49 5 33 46 42 45 10 18 21 48 25 35 28 6 26 40 20 34 16 14 7 13 12 24 31 15 17 43 27 50 38 2 4 11 3 30 19 44 8 29 

Inst_Index:5443 	 City_Num:50 	 Concorde:5.697273 	 MCTS:5.697273 Improve:0.000000 	 Time:3.76 Seconds
Solution: 1 17 49 39 36 5 38 15 22 8 31 37 45 3 14 20 7 25 18 50 28 2 29 48 46 27 41 10 32 21 26 35 19 13 42 6 4 44 12 24 11 33 23 40 16 34 47 43 9 30 

Inst_Index:5444 	 City_Num:50 	 Concorde:5.710252 	 MCTS:5.710252 Improve:-0.000000 	 Time:3.76 Seconds
Solution: 1 23 30 49 33 2 40 29 42 44 31 15 13 17 41 43 48 11 47 21 20 4 35 38 46 22 45 50 6 8 37 18 12 36 32 27 28 3 5 16 7 39 9 24 25 34 19 26 14 10 

Inst_Index:5445 	 City_Num:50 	 Concorde:5.590750 	 MCTS:5.588652 Improve:0.002098 	 Time:3.75 Seconds
Solution: 1 3 6 48 44 15 24 7 8 49 13 36 29 12 5 18 14 43 40 11 47 9 31 20 32 34 50 25 35 10 17 30 39 28 2 22 16 46 37 4 45 38 42 26 41 19 33 27 23 21 

Inst_Index:5446 	 City_Num:50 	 Concorde:5.338577 	 MCTS:5.338577 Improve:0.000000 	 Time:3.75 Seconds
Solution: 1 20 50 9 26 14 41 24 3 36 11 47 10 46 15 25 8 42 45 39 38 2 40 28 12 16 23 49 35 29 4 17 27 33 32 31 43 7 48 22 6 18 21 30 5 13 44 19 34 37 

Inst_Index:5447 	 City_Num:50 	 Concorde:5.413606 	 MCTS:5.413606 Improve:0.000000 	 Time:3.75 Seconds
Solution: 1 37 13 27 42 7 22 39 48 38 40 25 15 19 23 14 30 50 33 11 29 6 41 3 36 31 10 2 34 47 5 44 45 17 20 16 21 18 12 4 43 28 46 9 26 8 32 35 24 49 

Inst_Index:5448 	 City_Num:50 	 Concorde:5.742737 	 MCTS:5.742737 Improve:0.000000 	 Time:3.77 Seconds
Solution: 1 33 40 23 47 16 46 49 43 45 31 14 12 6 9 10 48 44 37 13 21 32 28 30 50 39 19 17 22 38 41 42 3 7 5 36 15 20 4 26 25 18 27 11 2 34 35 29 24 8 

Inst_Index:5449 	 City_Num:50 	 Concorde:5.596148 	 MCTS:5.592528 Improve:0.003620 	 Time:3.76 Seconds
Solution: 1 3 12 50 47 32 38 30 33 10 6 29 28 20 2 42 27 13 31 18 46 23 9 14 17 22 4 16 40 8 41 43 5 24 45 34 21 48 49 26 25 19 7 37 44 15 36 35 39 11 

Inst_Index:5450 	 City_Num:50 	 Concorde:5.766915 	 MCTS:5.762673 Improve:0.004242 	 Time:3.76 Seconds
Solution: 1 34 22 33 32 29 24 45 26 4 3 13 15 35 46 41 12 9 20 47 40 27 23 18 49 6 14 37 8 36 39 7 10 28 42 48 19 21 16 38 25 2 43 30 44 5 17 50 31 11 

Inst_Index:5451 	 City_Num:50 	 Concorde:6.202198 	 MCTS:6.202198 Improve:0.000000 	 Time:3.75 Seconds
Solution: 1 14 39 33 23 27 13 36 19 20 15 45 6 48 41 2 5 21 43 32 11 38 35 46 8 30 40 9 22 44 24 26 50 16 18 34 12 29 49 28 47 31 17 42 4 10 7 3 25 37 

Inst_Index:5452 	 City_Num:50 	 Concorde:5.982390 	 MCTS:5.982390 Improve:0.000000 	 Time:3.77 Seconds
Solution: 1 18 6 42 33 26 12 13 22 3 19 40 23 16 27 47 49 10 2 29 50 28 34 20 9 35 37 25 36 44 15 45 21 46 8 43 17 5 32 30 38 39 4 31 14 11 7 24 48 41 

Inst_Index:5453 	 City_Num:50 	 Concorde:5.866291 	 MCTS:5.866291 Improve:0.000000 	 Time:3.76 Seconds
Solution: 1 26 47 50 43 45 13 7 19 8 36 30 41 25 22 15 12 2 17 33 16 49 23 10 5 6 29 27 48 9 39 20 42 4 18 37 40 3 11 14 31 32 21 35 28 24 46 44 38 34 

Inst_Index:5454 	 City_Num:50 	 Concorde:5.883033 	 MCTS:5.883033 Improve:-0.000000 	 Time:3.77 Seconds
Solution: 1 23 47 49 19 27 40 34 25 21 14 26 36 24 48 35 6 12 38 43 3 31 8 11 16 9 42 22 7 18 39 32 50 41 45 28 10 33 17 46 20 13 5 44 37 4 15 30 2 29 

Inst_Index:5455 	 City_Num:50 	 Concorde:5.446925 	 MCTS:5.446925 Improve:0.000000 	 Time:3.76 Seconds
Solution: 1 2 3 18 9 47 44 34 45 11 13 39 31 10 37 14 29 46 4 22 16 15 28 7 32 43 5 49 27 19 48 8 20 6 50 25 24 33 12 26 30 41 17 23 42 35 21 38 40 36 

Inst_Index:5456 	 City_Num:50 	 Concorde:5.380402 	 MCTS:5.380402 Improve:0.000000 	 Time:3.75 Seconds
Solution: 1 18 34 36 20 29 16 33 39 14 13 41 45 47 7 42 8 27 48 22 43 28 30 44 32 17 6 11 4 9 25 35 19 49 26 5 21 12 3 23 40 50 38 10 15 31 2 37 24 46 

Inst_Index:5457 	 City_Num:50 	 Concorde:5.967683 	 MCTS:5.967683 Improve:-0.000000 	 Time:3.75 Seconds
Solution: 1 43 38 41 3 36 16 2 9 26 5 48 15 35 29 12 46 4 7 39 17 8 22 23 50 47 18 30 28 25 37 13 44 34 27 32 33 6 10 14 21 11 42 31 49 20 40 45 24 19 

Inst_Index:5458 	 City_Num:50 	 Concorde:5.445521 	 MCTS:5.442462 Improve:0.003060 	 Time:3.76 Seconds
Solution: 1 12 24 49 7 16 26 4 40 3 13 2 43 28 38 31 45 17 25 18 23 9 35 36 21 29 27 48 32 6 8 34 5 20 10 47 19 37 33 44 15 39 42 14 50 22 41 11 30 46 

Inst_Index:5459 	 City_Num:50 	 Concorde:5.749867 	 MCTS:5.744640 Improve:0.005227 	 Time:3.76 Seconds
Solution: 1 27 2 3 50 31 25 47 4 37 46 20 16 15 30 23 6 44 5 28 35 38 11 43 40 21 10 26 29 13 24 33 34 12 17 8 49 42 22 45 14 36 39 32 9 18 41 48 19 7 

Inst_Index:5460 	 City_Num:50 	 Concorde:6.180884 	 MCTS:6.180884 Improve:0.000000 	 Time:3.76 Seconds
Solution: 1 31 30 2 6 37 33 16 21 12 50 48 24 47 19 18 11 44 32 29 7 41 22 38 20 40 15 9 13 26 36 17 34 43 42 3 25 49 35 39 23 46 14 45 28 10 4 8 5 27 

Inst_Index:5461 	 City_Num:50 	 Concorde:5.420641 	 MCTS:5.420641 Improve:0.000000 	 Time:3.76 Seconds
Solution: 1 48 33 24 34 18 13 16 37 22 5 10 20 46 35 27 12 6 21 15 38 9 47 23 14 41 30 17 40 3 2 32 4 39 50 45 43 26 28 25 49 36 7 29 31 19 42 8 44 11 

Inst_Index:5462 	 City_Num:50 	 Concorde:5.659721 	 MCTS:5.659721 Improve:-0.000000 	 Time:3.75 Seconds
Solution: 1 25 5 10 3 35 9 33 8 40 24 2 26 21 32 16 38 50 37 4 6 12 13 42 15 45 48 7 30 47 18 20 17 29 39 34 41 49 43 19 31 23 27 11 44 28 14 22 46 36 

Inst_Index:5463 	 City_Num:50 	 Concorde:5.392525 	 MCTS:5.389623 Improve:0.002902 	 Time:3.77 Seconds
Solution: 1 37 19 2 44 26 40 43 31 42 39 48 35 23 47 41 12 32 8 18 25 17 28 7 6 27 33 20 11 9 13 50 38 21 14 5 15 24 30 3 45 22 10 36 16 29 4 49 46 34 

Inst_Index:5464 	 City_Num:50 	 Concorde:5.370154 	 MCTS:5.366725 Improve:0.003429 	 Time:3.77 Seconds
Solution: 1 18 23 6 33 2 45 7 39 28 30 9 13 43 21 20 42 3 34 24 48 50 8 12 29 5 16 37 31 44 49 35 38 14 32 10 4 46 26 25 22 47 17 27 40 36 19 11 41 15 

Inst_Index:5465 	 City_Num:50 	 Concorde:5.647777 	 MCTS:5.644980 Improve:0.002797 	 Time:3.77 Seconds
Solution: 1 50 8 5 11 15 42 14 36 3 7 32 44 38 45 9 23 10 18 46 41 22 30 34 6 29 2 17 20 39 48 19 35 25 16 13 12 43 47 21 28 49 33 27 4 26 37 40 24 31 

Inst_Index:5466 	 City_Num:50 	 Concorde:5.509642 	 MCTS:5.509642 Improve:-0.000000 	 Time:3.78 Seconds
Solution: 1 8 49 30 17 21 3 43 29 46 40 28 50 7 25 27 20 42 39 38 33 14 34 32 31 47 22 45 41 4 5 9 44 18 11 48 15 16 35 2 24 10 19 37 6 36 12 23 26 13 

Inst_Index:5467 	 City_Num:50 	 Concorde:5.898146 	 MCTS:5.889149 Improve:0.008997 	 Time:3.76 Seconds
Solution: 1 48 32 6 42 25 14 34 46 17 40 38 24 7 9 4 8 39 29 30 3 47 36 26 37 33 45 41 10 18 22 21 16 49 35 5 43 19 23 50 28 11 27 15 13 2 31 12 20 44 

Inst_Index:5468 	 City_Num:50 	 Concorde:5.911020 	 MCTS:5.911020 Improve:0.000000 	 Time:3.76 Seconds
Solution: 1 43 35 17 7 30 23 20 24 31 34 46 29 25 27 8 5 50 4 47 22 6 3 2 41 21 32 28 26 10 14 42 49 40 48 13 39 33 36 44 38 11 19 45 9 16 18 15 37 12 

Inst_Index:5469 	 City_Num:50 	 Concorde:5.920501 	 MCTS:5.920501 Improve:-0.000000 	 Time:3.75 Seconds
Solution: 1 43 24 35 38 21 40 19 33 50 46 41 49 31 20 16 13 8 15 30 45 29 32 42 28 5 3 23 12 26 4 36 39 10 27 7 14 47 18 11 6 17 37 44 22 2 34 25 9 48 

Inst_Index:5470 	 City_Num:50 	 Concorde:5.639840 	 MCTS:5.639840 Improve:0.000000 	 Time:3.76 Seconds
Solution: 1 40 45 13 5 34 14 26 48 18 33 32 9 7 25 37 38 2 20 21 4 10 23 19 47 30 31 15 16 3 11 6 39 24 43 46 28 27 35 12 22 44 17 36 29 42 50 8 41 49 

Inst_Index:5471 	 City_Num:50 	 Concorde:5.812014 	 MCTS:5.812014 Improve:-0.000000 	 Time:3.76 Seconds
Solution: 1 47 40 41 19 43 7 20 18 42 8 14 33 24 2 26 45 10 11 13 35 21 22 38 6 39 48 23 32 28 37 50 5 3 30 9 34 15 25 49 4 16 44 31 36 17 29 12 27 46 

Inst_Index:5472 	 City_Num:50 	 Concorde:5.935304 	 MCTS:5.935304 Improve:0.000000 	 Time:3.76 Seconds
Solution: 1 23 14 11 49 45 12 32 3 5 36 47 15 35 34 10 29 48 24 39 9 20 31 28 21 33 46 19 43 42 4 30 26 25 18 37 27 13 16 7 40 44 22 8 6 38 17 2 50 41 

Inst_Index:5473 	 City_Num:50 	 Concorde:6.279995 	 MCTS:6.278751 Improve:0.001245 	 Time:3.76 Seconds
Solution: 1 50 48 2 7 33 42 32 27 29 30 17 11 49 37 23 46 16 34 44 19 20 43 18 13 10 38 6 25 15 26 39 40 24 8 28 22 41 35 14 12 45 21 47 4 31 36 5 9 3 

Inst_Index:5474 	 City_Num:50 	 Concorde:5.860928 	 MCTS:5.859694 Improve:0.001234 	 Time:3.76 Seconds
Solution: 1 17 4 40 24 28 13 22 27 25 6 33 39 12 14 3 5 16 48 46 41 30 42 21 10 35 44 32 45 11 49 34 18 7 15 47 20 50 19 31 38 37 36 26 2 29 9 8 23 43 

Inst_Index:5475 	 City_Num:50 	 Concorde:6.175722 	 MCTS:6.175722 Improve:-0.000000 	 Time:3.77 Seconds
Solution: 1 16 49 20 28 45 35 7 23 22 2 4 12 21 18 11 29 25 10 36 30 37 8 24 6 26 9 50 34 32 46 48 13 19 3 38 17 27 33 15 47 5 39 43 40 44 14 31 41 42 

Inst_Index:5476 	 City_Num:50 	 Concorde:5.966758 	 MCTS:5.966758 Improve:-0.000000 	 Time:3.77 Seconds
Solution: 1 48 43 24 35 7 30 20 41 12 4 16 11 40 2 32 27 25 45 28 23 5 22 19 21 17 6 39 42 10 26 15 34 37 31 13 14 3 46 9 49 38 50 36 8 33 18 29 47 44 

Inst_Index:5477 	 City_Num:50 	 Concorde:5.788866 	 MCTS:5.788866 Improve:0.000000 	 Time:3.75 Seconds
Solution: 1 16 4 2 32 29 3 44 20 6 28 26 31 47 39 42 25 13 50 43 37 38 21 9 33 7 40 45 35 18 8 11 34 23 19 46 36 15 49 22 24 30 5 48 41 12 10 27 17 14 

Inst_Index:5478 	 City_Num:50 	 Concorde:5.498529 	 MCTS:5.498529 Improve:-0.000000 	 Time:3.76 Seconds
Solution: 1 38 3 41 29 39 5 48 43 37 42 24 22 23 4 19 25 44 40 13 47 26 27 35 28 16 2 6 18 34 15 33 11 20 7 9 31 50 36 46 10 45 30 12 32 49 21 14 17 8 

Inst_Index:5479 	 City_Num:50 	 Concorde:5.495780 	 MCTS:5.495780 Improve:-0.000000 	 Time:3.76 Seconds
Solution: 1 33 26 44 15 4 38 48 10 49 16 36 12 42 29 47 50 31 41 6 2 28 25 46 11 30 20 9 40 34 3 24 22 18 17 19 43 14 27 37 35 7 45 13 5 32 39 23 8 21 

Inst_Index:5480 	 City_Num:50 	 Concorde:5.516049 	 MCTS:5.516049 Improve:0.000000 	 Time:3.75 Seconds
Solution: 1 38 49 21 36 46 30 14 43 10 5 7 34 12 24 26 8 40 32 16 50 35 11 37 9 17 19 31 41 39 22 15 18 13 2 44 23 48 28 29 33 6 27 4 42 20 25 47 3 45 

Inst_Index:5481 	 City_Num:50 	 Concorde:5.515327 	 MCTS:5.515327 Improve:0.000000 	 Time:3.76 Seconds
Solution: 1 46 32 12 44 42 18 17 21 10 2 9 43 5 35 38 19 26 34 22 41 27 4 39 45 24 33 7 16 37 11 20 25 14 31 13 30 47 29 6 36 48 15 50 49 28 3 23 8 40 

Inst_Index:5482 	 City_Num:50 	 Concorde:6.243701 	 MCTS:6.243412 Improve:0.000289 	 Time:3.76 Seconds
Solution: 1 35 12 23 24 36 26 19 17 46 40 30 47 7 34 41 44 45 39 29 10 18 43 50 48 2 3 21 11 8 25 49 9 33 31 5 20 28 22 38 13 4 37 14 16 32 6 27 15 42 

Inst_Index:5483 	 City_Num:50 	 Concorde:6.197874 	 MCTS:6.190401 Improve:0.007473 	 Time:3.77 Seconds
Solution: 1 37 34 30 33 41 6 10 13 16 35 17 23 40 21 8 44 3 26 18 22 25 4 36 27 19 14 42 45 47 50 39 43 11 5 31 7 32 48 20 46 28 49 12 2 29 15 9 24 38 

Inst_Index:5484 	 City_Num:50 	 Concorde:5.913156 	 MCTS:5.913156 Improve:0.000000 	 Time:3.75 Seconds
Solution: 1 34 8 20 15 47 37 30 48 46 35 49 45 28 4 26 16 44 3 10 19 9 12 24 13 23 32 29 21 39 33 17 31 50 14 27 22 25 42 36 5 41 40 11 7 2 38 18 43 6 

Inst_Index:5485 	 City_Num:50 	 Concorde:5.484361 	 MCTS:5.478988 Improve:0.005373 	 Time:3.75 Seconds
Solution: 1 4 8 23 45 6 34 31 26 41 49 22 32 11 40 3 25 17 42 39 10 38 2 24 29 33 18 27 21 30 15 37 50 9 20 47 14 46 7 13 35 48 19 12 43 16 36 5 28 44 

Inst_Index:5486 	 City_Num:50 	 Concorde:5.519967 	 MCTS:5.519967 Improve:0.000000 	 Time:3.76 Seconds
Solution: 1 34 48 27 6 19 2 21 36 38 16 8 30 44 22 23 33 42 7 15 45 13 46 32 11 43 14 29 25 41 17 9 40 26 35 49 4 24 39 47 12 37 3 10 28 31 5 50 20 18 

Inst_Index:5487 	 City_Num:50 	 Concorde:6.066879 	 MCTS:6.066879 Improve:-0.000000 	 Time:3.75 Seconds
Solution: 1 17 14 20 4 34 15 6 28 31 7 27 30 48 8 40 22 10 44 26 5 25 24 16 50 43 45 38 18 39 46 33 35 9 21 47 36 37 23 49 32 19 13 42 29 12 2 3 41 11 

Inst_Index:5488 	 City_Num:50 	 Concorde:5.941071 	 MCTS:5.941071 Improve:0.000000 	 Time:3.77 Seconds
Solution: 1 4 20 39 3 46 44 23 22 12 45 14 49 32 40 26 9 29 2 15 6 35 11 47 42 43 21 10 50 37 17 16 5 30 18 8 33 24 25 28 41 13 48 36 34 31 19 27 7 38 

Inst_Index:5489 	 City_Num:50 	 Concorde:5.502600 	 MCTS:5.502600 Improve:0.000000 	 Time:3.76 Seconds
Solution: 1 10 30 2 11 23 27 16 15 37 6 24 32 25 48 19 8 12 31 14 28 21 20 34 50 26 39 17 46 33 22 41 3 5 40 29 45 44 42 4 35 9 18 49 7 47 13 43 38 36 

Inst_Index:5490 	 City_Num:50 	 Concorde:5.478890 	 MCTS:5.478890 Improve:-0.000000 	 Time:3.76 Seconds
Solution: 1 50 38 12 39 26 43 16 22 11 5 49 17 9 3 21 36 33 40 44 20 35 41 30 14 18 47 6 10 24 4 48 31 32 29 37 28 25 34 23 27 46 19 13 7 2 15 45 8 42 

Inst_Index:5491 	 City_Num:50 	 Concorde:6.042155 	 MCTS:6.042155 Improve:-0.000000 	 Time:3.77 Seconds
Solution: 1 38 21 24 17 8 39 22 50 40 4 41 31 33 36 32 37 2 43 28 29 26 13 34 19 47 44 20 11 12 49 6 5 27 30 23 14 25 45 9 46 16 48 3 7 15 18 10 42 35 

Inst_Index:5492 	 City_Num:50 	 Concorde:5.753954 	 MCTS:5.753954 Improve:0.000000 	 Time:3.77 Seconds
Solution: 1 42 36 47 8 15 10 25 39 35 9 26 34 23 11 27 17 5 14 13 49 4 20 37 18 29 41 38 32 3 19 30 44 46 48 28 43 6 12 2 45 21 50 22 31 24 7 33 40 16 

Inst_Index:5493 	 City_Num:50 	 Concorde:5.444098 	 MCTS:5.444098 Improve:0.000000 	 Time:3.77 Seconds
Solution: 1 43 37 4 23 6 13 21 18 40 17 29 16 49 7 24 36 30 41 39 48 35 47 8 19 34 33 3 45 9 20 2 44 42 12 22 11 14 32 46 38 50 26 28 10 25 5 15 31 27 

Inst_Index:5494 	 City_Num:50 	 Concorde:5.672472 	 MCTS:5.672472 Improve:0.000000 	 Time:3.76 Seconds
Solution: 1 10 26 18 39 50 4 30 12 32 46 21 35 45 23 29 22 19 24 27 11 28 3 44 15 25 41 33 40 37 6 42 16 43 13 17 2 31 49 14 8 38 48 20 7 5 47 9 36 34 

Inst_Index:5495 	 City_Num:50 	 Concorde:5.879336 	 MCTS:5.879336 Improve:0.000000 	 Time:3.76 Seconds
Solution: 1 44 25 46 17 35 18 11 47 49 37 22 42 31 34 3 28 36 19 39 16 8 2 27 14 29 10 7 12 21 50 45 30 6 33 5 40 15 48 24 38 32 20 23 4 9 41 13 26 43 

Inst_Index:5496 	 City_Num:50 	 Concorde:5.845495 	 MCTS:5.845495 Improve:0.000000 	 Time:3.76 Seconds
Solution: 1 33 36 43 41 10 19 15 27 9 42 24 31 30 2 44 12 32 5 3 17 23 16 49 35 6 29 4 28 47 50 34 13 39 26 20 38 21 7 11 14 22 45 25 37 8 46 18 48 40 

Inst_Index:5497 	 City_Num:50 	 Concorde:6.109615 	 MCTS:6.109615 Improve:0.000000 	 Time:3.76 Seconds
Solution: 1 41 9 24 33 47 15 22 50 49 3 31 42 14 46 11 5 23 40 43 2 8 44 13 27 25 28 10 4 21 7 45 16 29 19 34 17 6 20 30 18 26 32 36 48 12 37 35 38 39 

Inst_Index:5498 	 City_Num:50 	 Concorde:5.552625 	 MCTS:5.552625 Improve:-0.000000 	 Time:3.76 Seconds
Solution: 1 8 45 42 48 35 19 23 11 33 13 46 3 28 18 27 16 40 39 32 37 43 36 29 41 22 5 20 2 21 24 12 30 34 49 50 38 31 17 44 47 9 25 15 14 4 7 26 10 6 

Inst_Index:5499 	 City_Num:50 	 Concorde:5.585494 	 MCTS:5.585494 Improve:0.000000 	 Time:3.77 Seconds
Solution: 1 12 19 3 42 46 32 23 15 30 41 38 33 9 22 39 37 45 10 16 28 27 2 17 4 49 24 29 44 50 43 40 36 18 14 11 21 31 25 20 35 6 5 8 7 48 13 26 47 34 

Inst_Index:5500 	 City_Num:50 	 Concorde:5.805178 	 MCTS:5.805178 Improve:-0.000000 	 Time:3.77 Seconds
Solution: 1 44 48 29 45 5 7 12 42 26 22 49 6 25 33 38 41 46 37 4 40 10 18 50 34 47 27 31 2 30 36 13 20 35 23 43 14 15 32 8 21 16 11 3 39 9 28 19 24 17 

Inst_Index:5501 	 City_Num:50 	 Concorde:5.676075 	 MCTS:5.676075 Improve:-0.000000 	 Time:3.76 Seconds
Solution: 1 15 25 37 17 46 14 38 40 4 32 26 35 28 39 13 47 19 18 49 20 21 41 42 6 34 5 12 48 31 45 16 30 43 29 9 50 11 8 44 27 33 10 3 2 24 7 36 22 23 

Inst_Index:5502 	 City_Num:50 	 Concorde:5.970936 	 MCTS:5.970936 Improve:0.000000 	 Time:3.76 Seconds
Solution: 1 24 3 21 38 20 34 48 26 44 31 2 16 47 32 17 8 29 45 23 36 19 41 27 25 14 28 12 37 15 50 11 40 35 13 22 33 9 46 10 49 4 30 39 5 7 18 6 43 42 

Inst_Index:5503 	 City_Num:50 	 Concorde:5.679395 	 MCTS:5.675854 Improve:0.003541 	 Time:3.76 Seconds
Solution: 1 41 36 21 16 2 20 35 18 40 49 25 31 14 29 5 42 48 4 30 8 12 46 47 15 43 39 3 17 10 19 28 22 34 38 50 7 32 6 24 9 11 33 27 45 23 26 13 44 37 

Inst_Index:5504 	 City_Num:50 	 Concorde:5.862555 	 MCTS:5.862555 Improve:-0.000000 	 Time:3.77 Seconds
Solution: 1 34 32 44 50 45 8 49 46 17 40 31 47 42 6 41 22 38 16 26 7 30 29 33 25 43 37 27 28 3 10 5 18 21 4 24 23 15 39 48 36 19 11 14 12 9 2 35 20 13 

Inst_Index:5505 	 City_Num:50 	 Concorde:5.927812 	 MCTS:5.921699 Improve:0.006113 	 Time:3.76 Seconds
Solution: 1 24 17 29 50 13 20 21 33 46 18 45 41 22 47 36 23 6 4 37 16 35 15 38 7 40 5 43 39 11 9 42 49 28 10 14 26 25 34 8 3 31 44 2 30 12 32 48 27 19 

Inst_Index:5506 	 City_Num:50 	 Concorde:5.080226 	 MCTS:5.080226 Improve:0.000000 	 Time:3.76 Seconds
Solution: 1 3 9 32 43 34 37 25 38 7 28 31 46 22 40 10 21 18 33 20 15 8 19 6 35 13 4 11 2 49 26 48 16 29 45 12 27 47 39 50 44 17 42 41 5 23 36 14 24 30 

Inst_Index:5507 	 City_Num:50 	 Concorde:5.524602 	 MCTS:5.522219 Improve:0.002384 	 Time:3.75 Seconds
Solution: 1 9 30 34 11 12 36 35 37 31 27 14 13 3 8 46 16 18 49 15 26 28 6 24 17 38 33 41 40 29 32 44 21 23 7 10 43 2 48 4 47 45 39 20 25 22 50 42 5 19 

Inst_Index:5508 	 City_Num:50 	 Concorde:5.821956 	 MCTS:5.821956 Improve:0.000000 	 Time:3.76 Seconds
Solution: 1 37 41 9 24 47 19 28 46 5 18 3 23 45 2 39 42 25 17 34 14 48 11 33 10 30 50 6 35 22 8 27 20 29 31 13 12 36 32 15 21 26 49 43 4 38 44 16 7 40 

Inst_Index:5509 	 City_Num:50 	 Concorde:5.816404 	 MCTS:5.816404 Improve:-0.000000 	 Time:3.75 Seconds
Solution: 1 2 40 4 30 26 33 32 41 6 25 42 15 21 39 16 5 8 22 43 18 17 27 50 12 9 23 44 10 45 49 38 19 31 34 20 47 3 24 48 11 46 36 35 29 14 13 28 7 37 

Inst_Index:5510 	 City_Num:50 	 Concorde:5.719192 	 MCTS:5.719192 Improve:-0.000000 	 Time:3.76 Seconds
Solution: 1 33 47 10 26 35 27 24 20 39 48 12 29 34 23 40 6 17 25 2 37 22 5 18 13 36 30 49 50 44 15 16 42 28 3 9 21 32 43 45 46 8 11 31 14 19 7 41 38 4 

Inst_Index:5511 	 City_Num:50 	 Concorde:5.645513 	 MCTS:5.638793 Improve:0.006720 	 Time:3.77 Seconds
Solution: 1 12 35 50 14 26 13 46 10 39 29 37 18 45 23 40 6 8 36 33 38 48 31 3 7 30 28 20 19 49 42 17 2 24 4 34 16 32 41 47 27 9 25 11 22 21 43 5 44 15 

Inst_Index:5512 	 City_Num:50 	 Concorde:5.330827 	 MCTS:5.330827 Improve:0.000000 	 Time:3.76 Seconds
Solution: 1 45 36 30 31 40 19 6 16 7 39 8 48 44 24 42 13 26 12 25 4 21 20 33 47 43 29 9 49 50 34 11 41 28 38 18 37 46 27 22 15 2 3 14 10 17 5 32 35 23 

Inst_Index:5513 	 City_Num:50 	 Concorde:6.010385 	 MCTS:6.003982 Improve:0.006403 	 Time:3.76 Seconds
Solution: 1 23 24 50 47 40 25 34 43 6 31 41 28 18 12 33 29 17 5 3 38 19 8 20 35 11 16 13 48 27 14 7 22 15 49 39 21 42 9 26 46 37 30 36 44 4 45 2 10 32 

Inst_Index:5514 	 City_Num:50 	 Concorde:5.886973 	 MCTS:5.874422 Improve:0.012551 	 Time:3.77 Seconds
Solution: 1 2 25 34 31 36 32 24 28 15 44 35 20 7 22 45 48 18 16 13 14 42 38 21 19 40 26 6 8 30 29 43 9 4 3 17 33 23 5 10 37 49 41 46 39 12 27 47 11 50 

Inst_Index:5515 	 City_Num:50 	 Concorde:5.598581 	 MCTS:5.592469 Improve:0.006112 	 Time:3.76 Seconds
Solution: 1 25 14 13 38 5 10 7 45 42 47 12 49 15 6 44 23 41 39 3 22 19 37 16 50 18 48 33 2 28 31 36 29 4 24 35 32 34 17 40 9 8 27 30 26 46 43 20 11 21 

Inst_Index:5516 	 City_Num:50 	 Concorde:6.223249 	 MCTS:6.223249 Improve:0.000000 	 Time:3.76 Seconds
Solution: 1 34 24 16 38 20 43 10 48 28 13 29 45 17 35 11 18 41 32 26 47 22 5 30 50 21 36 19 40 33 4 9 2 42 6 37 31 15 3 12 44 46 23 8 39 27 25 7 49 14 

Inst_Index:5517 	 City_Num:50 	 Concorde:5.738302 	 MCTS:5.736364 Improve:0.001938 	 Time:3.76 Seconds
Solution: 1 26 36 14 20 40 21 30 42 9 6 32 24 22 45 17 37 44 28 4 3 11 27 46 38 7 15 10 31 16 43 41 34 29 35 48 33 18 19 2 47 5 49 12 13 8 50 23 39 25 

Inst_Index:5518 	 City_Num:50 	 Concorde:4.933069 	 MCTS:4.933069 Improve:0.000000 	 Time:3.76 Seconds
Solution: 1 41 9 26 38 17 12 45 14 47 25 44 22 20 15 23 2 33 13 40 28 32 5 10 11 36 27 21 8 30 31 7 42 18 4 16 24 34 37 39 3 49 35 6 50 48 46 29 43 19 

Inst_Index:5519 	 City_Num:50 	 Concorde:5.571373 	 MCTS:5.571373 Improve:0.000000 	 Time:3.76 Seconds
Solution: 1 24 22 31 39 50 25 2 49 21 6 4 38 5 15 46 30 17 3 20 34 42 14 26 9 43 32 48 11 36 13 41 7 10 47 8 27 16 45 29 35 33 44 37 28 19 12 40 23 18 

Inst_Index:5520 	 City_Num:50 	 Concorde:6.096493 	 MCTS:6.096493 Improve:-0.000000 	 Time:3.76 Seconds
Solution: 1 49 2 48 34 22 15 29 30 11 39 14 13 17 38 21 24 3 50 40 8 12 19 46 35 23 41 44 7 27 36 33 5 32 4 6 26 10 43 20 45 37 9 18 16 47 42 28 31 25 

Inst_Index:5521 	 City_Num:50 	 Concorde:6.094097 	 MCTS:6.090657 Improve:0.003440 	 Time:3.77 Seconds
Solution: 1 48 19 40 15 14 35 37 30 21 27 32 22 20 9 29 24 3 49 46 4 47 10 12 50 44 36 17 7 11 5 2 39 6 23 42 26 25 38 45 16 33 41 34 31 28 43 18 8 13 

Inst_Index:5522 	 City_Num:50 	 Concorde:5.801449 	 MCTS:5.801449 Improve:0.000000 	 Time:3.75 Seconds
Solution: 1 46 2 24 33 7 5 12 6 48 11 50 31 43 28 30 41 16 29 18 14 8 45 49 19 25 32 27 44 42 38 37 17 15 47 39 21 22 10 34 20 9 3 23 36 4 26 40 13 35 

Inst_Index:5523 	 City_Num:50 	 Concorde:5.848644 	 MCTS:5.848644 Improve:-0.000000 	 Time:3.76 Seconds
Solution: 1 4 3 6 12 11 33 32 8 30 48 26 36 27 23 42 13 46 9 41 45 50 19 31 40 7 28 16 18 17 35 34 20 25 22 21 5 49 39 24 38 47 43 37 15 2 29 10 44 14 

Inst_Index:5524 	 City_Num:50 	 Concorde:6.323924 	 MCTS:6.323924 Improve:-0.000000 	 Time:3.77 Seconds
Solution: 1 28 4 20 2 27 43 40 39 9 25 17 47 24 5 34 26 18 15 12 44 35 33 16 30 13 31 3 42 6 37 46 48 22 7 8 50 23 10 11 49 32 21 29 38 14 36 41 19 45 

Inst_Index:5525 	 City_Num:50 	 Concorde:6.083709 	 MCTS:6.083709 Improve:0.000000 	 Time:3.76 Seconds
Solution: 1 5 33 47 42 9 22 28 8 45 2 20 43 24 25 21 16 40 34 6 19 23 31 35 49 37 3 30 44 17 41 18 7 46 50 11 10 12 39 36 29 26 4 27 48 38 14 32 13 15 

Inst_Index:5526 	 City_Num:50 	 Concorde:5.465969 	 MCTS:5.465969 Improve:-0.000000 	 Time:3.75 Seconds
Solution: 1 21 44 33 15 11 26 37 24 32 47 41 25 10 40 12 38 18 7 6 14 17 23 22 19 39 49 9 5 48 4 27 3 46 45 16 36 20 35 2 50 31 29 13 8 34 42 30 28 43 

Inst_Index:5527 	 City_Num:50 	 Concorde:5.687091 	 MCTS:5.687091 Improve:0.000000 	 Time:3.75 Seconds
Solution: 1 44 6 22 19 30 25 40 31 15 7 17 27 4 23 37 18 12 11 8 39 20 3 9 2 43 32 16 41 29 35 21 42 5 10 49 47 46 33 36 34 26 38 24 45 50 14 13 28 48 

Inst_Index:5528 	 City_Num:50 	 Concorde:5.538546 	 MCTS:5.537429 Improve:0.001118 	 Time:3.75 Seconds
Solution: 1 43 11 40 24 20 36 39 19 18 44 8 49 30 17 6 35 27 15 46 41 31 26 22 25 2 47 42 37 29 33 28 38 50 34 45 12 32 48 23 10 13 16 7 5 3 14 4 9 21 

Inst_Index:5529 	 City_Num:50 	 Concorde:5.735442 	 MCTS:5.731409 Improve:0.004033 	 Time:3.76 Seconds
Solution: 1 18 39 25 11 42 14 22 9 37 12 46 32 33 47 3 45 15 50 38 36 28 24 17 35 4 44 6 19 8 31 43 2 49 7 48 10 21 13 5 30 40 16 26 34 23 29 41 20 27 

Inst_Index:5530 	 City_Num:50 	 Concorde:6.033512 	 MCTS:6.029696 Improve:0.003816 	 Time:3.75 Seconds
Solution: 1 46 16 2 19 8 43 50 20 26 25 49 17 30 15 40 24 4 32 7 39 44 9 10 3 21 29 34 35 48 5 33 47 14 37 11 45 36 28 23 6 42 12 38 31 27 13 18 22 41 

Inst_Index:5531 	 City_Num:50 	 Concorde:5.560348 	 MCTS:5.560348 Improve:0.000000 	 Time:3.76 Seconds
Solution: 1 22 6 49 17 47 14 32 19 33 31 42 50 30 11 43 15 36 48 12 2 28 25 38 3 35 18 23 34 27 13 26 41 29 20 40 37 10 21 8 46 39 45 4 24 9 44 16 7 5 

Inst_Index:5532 	 City_Num:50 	 Concorde:5.667356 	 MCTS:5.667356 Improve:0.000000 	 Time:3.76 Seconds
Solution: 1 4 35 9 20 15 29 41 22 18 8 7 45 40 24 49 38 31 16 36 5 30 28 14 21 13 10 27 46 2 25 48 6 37 42 11 26 12 23 39 34 3 17 33 32 47 44 43 19 50 

Inst_Index:5533 	 City_Num:50 	 Concorde:5.830794 	 MCTS:5.830794 Improve:-0.000000 	 Time:3.77 Seconds
Solution: 1 22 30 33 20 10 12 42 16 50 48 38 44 5 49 35 29 17 40 23 13 25 43 4 37 18 31 19 39 26 45 3 8 6 11 14 46 36 47 15 7 28 32 34 21 24 9 2 27 41 

Inst_Index:5534 	 City_Num:50 	 Concorde:5.769379 	 MCTS:5.769379 Improve:0.000000 	 Time:3.75 Seconds
Solution: 1 36 38 23 13 30 19 32 11 3 28 45 33 21 27 35 5 17 6 47 44 24 41 37 18 14 48 22 2 12 26 46 40 50 39 29 25 34 43 15 9 42 20 49 4 16 10 8 31 7 

Inst_Index:5535 	 City_Num:50 	 Concorde:5.741649 	 MCTS:5.741416 Improve:0.000233 	 Time:3.75 Seconds
Solution: 1 43 39 8 19 35 45 44 37 16 50 24 49 20 12 31 30 10 32 23 14 28 27 21 18 13 36 11 25 47 34 40 5 29 4 6 41 17 33 46 7 26 3 2 9 15 48 38 22 42 

Inst_Index:5536 	 City_Num:50 	 Concorde:5.886983 	 MCTS:5.886983 Improve:0.000000 	 Time:3.76 Seconds
Solution: 1 25 47 7 32 12 23 42 34 43 49 26 31 44 22 24 38 33 8 39 19 37 21 41 18 3 11 2 46 29 16 50 5 4 36 40 48 27 6 14 45 30 13 35 10 9 17 20 28 15 

Inst_Index:5537 	 City_Num:50 	 Concorde:5.892016 	 MCTS:5.892016 Improve:-0.000000 	 Time:3.76 Seconds
Solution: 1 46 41 48 44 50 13 21 33 24 9 47 5 27 49 10 40 8 45 26 37 14 35 31 22 15 19 39 17 23 20 28 6 12 4 36 43 25 32 30 7 42 38 16 2 29 3 34 18 11 

Inst_Index:5538 	 City_Num:50 	 Concorde:5.540817 	 MCTS:5.540817 Improve:-0.000000 	 Time:3.75 Seconds
Solution: 1 4 23 46 6 48 50 14 39 9 25 37 33 21 12 18 8 30 40 42 35 24 27 41 36 22 44 16 34 28 43 45 26 32 31 20 2 17 38 11 49 29 19 3 13 15 47 10 5 7 

Inst_Index:5539 	 City_Num:50 	 Concorde:5.929428 	 MCTS:5.929428 Improve:-0.000000 	 Time:3.78 Seconds
Solution: 1 36 44 7 8 38 20 24 13 33 27 47 23 16 39 15 43 26 30 49 11 17 6 25 28 19 45 10 37 34 35 31 29 5 18 46 12 9 40 14 50 22 21 41 48 42 2 32 3 4 

Inst_Index:5540 	 City_Num:50 	 Concorde:5.725016 	 MCTS:5.724428 Improve:0.000587 	 Time:3.75 Seconds
Solution: 1 14 41 43 10 33 36 27 46 24 31 6 3 26 49 38 34 11 28 8 19 13 16 50 15 23 42 48 17 30 47 37 7 2 18 29 21 40 35 32 4 12 44 5 9 45 39 25 22 20 

Inst_Index:5541 	 City_Num:50 	 Concorde:5.944166 	 MCTS:5.936601 Improve:0.007565 	 Time:3.76 Seconds
Solution: 1 45 40 34 22 26 46 2 27 31 48 19 33 30 3 44 10 28 17 37 15 42 49 6 9 5 47 20 8 29 41 36 24 18 14 38 13 11 50 35 7 23 21 4 32 43 25 12 16 39 

Inst_Index:5542 	 City_Num:50 	 Concorde:5.678038 	 MCTS:5.678038 Improve:-0.000000 	 Time:3.76 Seconds
Solution: 1 7 27 44 15 36 12 31 9 42 49 21 4 13 24 46 16 2 18 14 35 23 45 38 47 19 25 17 40 41 10 22 29 3 43 34 8 37 28 20 50 48 26 30 11 39 32 6 5 33 

Inst_Index:5543 	 City_Num:50 	 Concorde:5.524440 	 MCTS:5.524440 Improve:-0.000000 	 Time:3.76 Seconds
Solution: 1 21 4 10 9 2 47 44 34 38 12 45 39 37 36 48 35 31 20 23 8 43 3 18 42 22 30 13 26 28 14 11 16 40 19 50 15 25 7 41 33 49 46 5 29 24 27 32 17 6 

Inst_Index:5544 	 City_Num:50 	 Concorde:5.419058 	 MCTS:5.413159 Improve:0.005898 	 Time:3.75 Seconds
Solution: 1 43 16 12 21 23 25 27 47 36 9 48 10 18 28 37 11 19 22 49 44 7 45 13 32 17 5 40 2 31 33 15 35 14 20 39 34 8 4 6 24 29 46 26 3 42 38 41 50 30 

Inst_Index:5545 	 City_Num:50 	 Concorde:5.317449 	 MCTS:5.317449 Improve:0.000000 	 Time:3.77 Seconds
Solution: 1 37 23 7 12 44 43 42 41 35 47 20 22 8 3 19 40 29 5 50 31 15 36 6 32 11 4 17 16 33 48 49 45 13 25 39 9 46 28 10 18 21 2 34 38 24 14 26 30 27 

Inst_Index:5546 	 City_Num:50 	 Concorde:5.605378 	 MCTS:5.604345 Improve:0.001033 	 Time:3.75 Seconds
Solution: 1 32 11 40 41 21 49 8 22 30 17 28 39 33 37 38 44 16 15 34 24 26 10 29 25 42 46 2 27 35 31 45 12 6 36 7 43 5 23 47 19 4 20 50 48 13 18 9 3 14 

Inst_Index:5547 	 City_Num:50 	 Concorde:5.561307 	 MCTS:5.561307 Improve:-0.000000 	 Time:3.78 Seconds
Solution: 1 42 18 41 48 25 22 50 9 7 35 36 21 8 14 12 24 31 49 17 10 43 11 45 19 46 2 28 3 27 37 6 16 33 32 47 39 15 29 38 30 40 4 13 26 34 23 44 20 5 

Inst_Index:5548 	 City_Num:50 	 Concorde:5.397466 	 MCTS:5.397466 Improve:0.000000 	 Time:3.76 Seconds
Solution: 1 15 38 27 6 49 42 10 33 25 28 35 43 2 14 34 17 39 30 22 40 9 24 48 31 21 32 20 18 8 50 19 23 29 7 12 16 3 37 13 11 41 46 44 45 4 5 47 36 26 

Inst_Index:5549 	 City_Num:50 	 Concorde:5.963043 	 MCTS:5.963043 Improve:-0.000000 	 Time:3.78 Seconds
Solution: 1 22 35 47 9 11 40 3 31 46 30 20 49 50 23 8 10 41 14 44 42 25 6 36 2 18 27 33 5 45 21 4 17 29 39 32 13 28 48 24 15 43 19 7 26 37 38 12 34 16 

Inst_Index:5550 	 City_Num:50 	 Concorde:5.651807 	 MCTS:5.646816 Improve:0.004992 	 Time:3.77 Seconds
Solution: 1 24 4 15 42 9 12 27 32 16 28 11 34 22 45 8 25 48 26 43 2 19 50 3 6 36 31 33 20 23 41 21 7 17 37 46 14 49 38 13 29 5 44 35 47 39 30 40 18 10 

Inst_Index:5551 	 City_Num:50 	 Concorde:5.859520 	 MCTS:5.859520 Improve:0.000000 	 Time:3.77 Seconds
Solution: 1 27 29 44 43 34 30 42 7 25 20 17 16 2 21 23 36 41 33 35 48 22 46 5 45 37 50 10 12 28 24 11 4 18 19 49 8 38 40 6 47 9 14 3 13 15 26 32 39 31 

Inst_Index:5552 	 City_Num:50 	 Concorde:5.893968 	 MCTS:5.893968 Improve:-0.000000 	 Time:3.77 Seconds
Solution: 1 44 45 6 27 5 17 43 7 16 42 22 39 46 47 40 50 26 34 48 20 21 25 8 18 35 49 41 10 31 33 32 9 13 14 29 2 11 3 28 24 23 12 37 19 15 30 4 36 38 

Inst_Index:5553 	 City_Num:50 	 Concorde:5.449245 	 MCTS:5.449245 Improve:0.000000 	 Time:3.75 Seconds
Solution: 1 35 11 46 42 3 30 28 31 50 9 45 23 36 37 16 27 29 4 21 18 25 5 40 2 39 38 17 26 6 43 49 14 7 47 44 19 20 15 32 41 34 13 33 10 24 12 22 48 8 

Inst_Index:5554 	 City_Num:50 	 Concorde:5.479348 	 MCTS:5.477213 Improve:0.002135 	 Time:3.76 Seconds
Solution: 1 49 48 4 47 24 3 32 12 15 19 28 40 27 29 46 16 42 22 23 7 37 44 34 31 41 9 8 36 5 21 17 39 50 20 30 33 25 2 11 43 45 10 35 18 26 6 38 13 14 

Inst_Index:5555 	 City_Num:50 	 Concorde:5.454160 	 MCTS:5.454160 Improve:-0.000000 	 Time:3.75 Seconds
Solution: 1 7 49 25 17 12 16 40 3 14 24 19 5 33 22 38 15 8 32 41 27 39 46 23 4 18 50 34 44 2 26 45 13 11 31 36 28 20 43 9 30 6 10 29 48 47 42 37 35 21 

Inst_Index:5556 	 City_Num:50 	 Concorde:5.876952 	 MCTS:5.873566 Improve:0.003386 	 Time:3.76 Seconds
Solution: 1 25 14 2 50 17 20 12 38 13 37 16 15 28 24 31 49 21 7 8 46 9 26 33 29 11 41 32 36 10 40 3 19 42 5 30 22 43 39 44 34 18 27 45 48 35 6 47 4 23 

Inst_Index:5557 	 City_Num:50 	 Concorde:5.298972 	 MCTS:5.298972 Improve:0.000000 	 Time:3.76 Seconds
Solution: 1 20 35 4 13 5 19 42 44 46 30 26 25 6 45 47 37 11 2 39 29 23 22 31 8 38 41 33 17 21 3 40 50 34 9 7 43 24 36 49 16 10 32 15 18 12 27 28 14 48 

Inst_Index:5558 	 City_Num:50 	 Concorde:5.793730 	 MCTS:5.792099 Improve:0.001630 	 Time:3.76 Seconds
Solution: 1 2 21 20 40 19 35 13 29 43 26 15 5 34 45 17 32 49 48 33 37 50 42 28 30 31 27 7 46 8 39 14 23 3 24 47 41 11 38 22 36 44 4 6 10 9 18 25 16 12 

Inst_Index:5559 	 City_Num:50 	 Concorde:5.824207 	 MCTS:5.824207 Improve:0.000000 	 Time:3.76 Seconds
Solution: 1 5 38 20 25 26 32 21 15 30 43 24 42 18 14 45 41 44 46 7 31 19 40 22 11 48 29 4 33 28 16 35 27 10 3 47 39 34 36 6 50 8 2 9 13 37 23 12 17 49 

Inst_Index:5560 	 City_Num:50 	 Concorde:5.766709 	 MCTS:5.766709 Improve:0.000000 	 Time:3.75 Seconds
Solution: 1 34 28 31 47 46 3 41 12 8 6 48 22 9 40 17 21 24 27 36 16 42 26 29 20 45 19 23 5 18 49 50 39 4 37 11 38 30 44 10 25 43 14 32 7 2 15 13 35 33 

Inst_Index:5561 	 City_Num:50 	 Concorde:5.537882 	 MCTS:5.537882 Improve:0.000000 	 Time:3.75 Seconds
Solution: 1 19 14 39 20 41 12 24 26 35 21 17 11 30 2 15 49 13 27 46 38 4 47 40 16 10 3 32 45 50 33 44 34 28 22 7 18 48 37 25 9 8 36 29 31 43 5 23 6 42 

Inst_Index:5562 	 City_Num:50 	 Concorde:5.733206 	 MCTS:5.733206 Improve:0.000000 	 Time:3.76 Seconds
Solution: 1 28 35 8 44 13 37 11 12 9 40 29 50 30 25 43 6 32 26 16 38 36 48 22 46 19 23 42 20 47 49 3 45 18 39 15 27 24 31 21 10 41 7 34 17 33 4 14 2 5 

Inst_Index:5563 	 City_Num:50 	 Concorde:5.704194 	 MCTS:5.698336 Improve:0.005858 	 Time:3.75 Seconds
Solution: 1 42 49 17 29 43 13 45 6 10 27 31 21 35 26 44 28 5 11 4 7 37 38 47 34 12 41 48 39 2 36 8 24 40 3 20 50 18 33 22 19 32 23 15 25 30 9 46 16 14 

Inst_Index:5564 	 City_Num:50 	 Concorde:5.269722 	 MCTS:5.268536 Improve:0.001186 	 Time:3.76 Seconds
Solution: 1 46 30 20 31 32 40 11 45 21 13 36 43 17 24 19 29 41 44 42 37 10 12 39 2 7 50 27 9 3 47 23 4 38 8 15 6 14 33 25 16 28 26 5 48 18 34 35 22 49 

Inst_Index:5565 	 City_Num:50 	 Concorde:5.659110 	 MCTS:5.656937 Improve:0.002172 	 Time:3.78 Seconds
Solution: 1 50 3 20 32 18 14 23 19 16 34 42 37 28 12 15 24 26 8 22 44 4 21 41 43 48 35 30 46 13 25 36 33 9 2 39 27 45 29 31 38 7 10 11 49 47 5 40 17 6 

Inst_Index:5566 	 City_Num:50 	 Concorde:5.552386 	 MCTS:5.552386 Improve:0.000000 	 Time:3.76 Seconds
Solution: 1 45 43 40 42 49 50 33 35 22 13 23 41 36 30 24 46 25 44 11 21 48 27 19 12 16 6 38 32 47 17 34 31 28 10 29 7 4 14 37 3 20 18 5 9 15 8 39 2 26 

Inst_Index:5567 	 City_Num:50 	 Concorde:5.513078 	 MCTS:5.513078 Improve:0.000000 	 Time:3.75 Seconds
Solution: 1 50 5 30 10 49 20 36 29 7 15 9 2 23 47 42 11 32 27 28 48 14 31 6 46 4 39 45 38 21 40 34 44 33 17 41 13 19 3 25 18 12 35 24 16 43 8 26 22 37 

Inst_Index:5568 	 City_Num:50 	 Concorde:5.611295 	 MCTS:5.611295 Improve:0.000000 	 Time:3.75 Seconds
Solution: 1 35 2 42 33 27 48 45 29 13 43 14 31 28 39 24 17 11 9 15 19 5 49 18 30 38 26 4 8 32 16 22 44 12 25 10 34 36 41 46 40 7 50 6 37 23 20 47 21 3 

Inst_Index:5569 	 City_Num:50 	 Concorde:5.590248 	 MCTS:5.586828 Improve:0.003419 	 Time:3.75 Seconds
Solution: 1 50 7 39 32 40 44 28 20 16 24 13 49 27 2 47 8 15 41 4 22 31 46 29 11 30 42 23 48 21 5 12 34 10 14 18 9 36 17 6 38 26 43 33 37 19 45 35 3 25 

Inst_Index:5570 	 City_Num:50 	 Concorde:5.997722 	 MCTS:5.997722 Improve:0.000000 	 Time:3.76 Seconds
Solution: 1 23 6 27 17 24 20 14 43 49 3 45 38 28 34 44 19 30 41 16 31 26 7 33 13 32 48 22 4 11 12 25 36 5 18 39 42 35 9 47 37 21 8 50 2 46 10 40 29 15 

Inst_Index:5571 	 City_Num:50 	 Concorde:5.872117 	 MCTS:5.872117 Improve:0.000000 	 Time:3.76 Seconds
Solution: 1 2 4 13 6 12 45 50 38 36 23 37 44 18 27 17 43 8 40 29 32 3 33 20 11 47 9 5 15 10 34 14 46 30 26 31 35 19 22 39 24 25 7 28 49 21 48 42 16 41 

Inst_Index:5572 	 City_Num:50 	 Concorde:5.696642 	 MCTS:5.696642 Improve:0.000000 	 Time:3.79 Seconds
Solution: 1 9 48 27 6 16 21 50 49 38 23 40 34 26 20 10 7 11 31 14 43 37 47 35 33 2 42 45 24 39 8 28 15 36 3 4 17 5 44 32 41 30 18 29 22 12 46 19 13 25 

Inst_Index:5573 	 City_Num:50 	 Concorde:4.851833 	 MCTS:4.851833 Improve:0.000000 	 Time:3.76 Seconds
Solution: 1 34 11 39 28 37 27 16 23 45 7 4 21 36 33 14 46 10 30 49 19 25 12 6 17 29 44 47 35 38 13 32 15 26 22 20 2 18 41 8 48 3 5 9 42 43 24 50 40 31 

Inst_Index:5574 	 City_Num:50 	 Concorde:5.523540 	 MCTS:5.523540 Improve:-0.000000 	 Time:3.75 Seconds
Solution: 1 12 50 10 36 48 27 13 15 2 11 25 47 30 4 43 8 32 42 46 34 35 16 9 45 21 18 23 40 5 49 3 17 24 22 26 19 31 38 39 44 37 6 7 28 14 33 41 29 20 

Inst_Index:5575 	 City_Num:50 	 Concorde:5.055649 	 MCTS:5.055649 Improve:0.000000 	 Time:3.78 Seconds
Solution: 1 31 49 12 20 27 18 50 48 39 45 2 23 26 34 21 7 22 29 43 42 47 17 8 11 10 19 24 40 5 25 44 32 36 3 9 6 14 37 30 35 28 33 41 46 38 4 15 13 16 

Inst_Index:5576 	 City_Num:50 	 Concorde:5.627093 	 MCTS:5.625686 Improve:0.001407 	 Time:3.77 Seconds
Solution: 1 43 15 48 45 19 33 9 40 21 29 39 35 20 31 6 32 44 7 24 34 12 14 41 3 18 11 28 2 47 50 22 8 23 27 4 5 17 13 25 10 30 38 46 16 49 42 36 37 26 

Inst_Index:5577 	 City_Num:50 	 Concorde:5.417063 	 MCTS:5.417063 Improve:-0.000000 	 Time:3.77 Seconds
Solution: 1 45 10 32 27 22 42 41 23 50 47 18 19 15 20 26 11 16 34 31 39 8 30 4 14 21 40 33 6 28 43 3 29 25 35 17 38 44 12 36 7 13 24 2 37 48 5 46 9 49 

Inst_Index:5578 	 City_Num:50 	 Concorde:6.420547 	 MCTS:6.415870 Improve:0.004677 	 Time:3.75 Seconds
Solution: 1 39 18 31 48 9 41 49 5 15 22 42 43 47 44 46 28 40 45 17 38 13 7 33 3 27 29 6 21 10 11 35 36 19 25 32 20 37 4 50 16 34 24 23 14 12 30 8 26 2 

Inst_Index:5579 	 City_Num:50 	 Concorde:5.652023 	 MCTS:5.652023 Improve:0.000000 	 Time:3.75 Seconds
Solution: 1 4 13 18 35 11 24 44 15 30 16 34 33 41 21 20 23 8 5 48 19 38 17 22 26 9 36 7 46 47 6 29 49 10 25 3 37 39 2 45 31 40 43 32 28 42 27 14 50 12 

Inst_Index:5580 	 City_Num:50 	 Concorde:5.822828 	 MCTS:5.822828 Improve:0.000000 	 Time:3.76 Seconds
Solution: 1 15 32 17 16 24 48 46 49 30 11 8 41 47 40 2 42 6 3 25 7 12 29 26 38 13 34 14 43 5 4 45 31 27 50 23 20 36 18 37 22 44 9 10 21 35 19 28 39 33 

Inst_Index:5581 	 City_Num:50 	 Concorde:5.922491 	 MCTS:5.922491 Improve:0.000000 	 Time:3.78 Seconds
Solution: 1 33 12 6 25 5 26 48 4 11 49 36 40 46 30 45 7 17 21 50 31 35 44 37 18 27 16 9 41 13 10 20 34 47 15 14 22 3 38 19 32 39 8 23 42 2 24 28 29 43 

Inst_Index:5582 	 City_Num:50 	 Concorde:6.009265 	 MCTS:6.009265 Improve:0.000000 	 Time:3.75 Seconds
Solution: 1 32 27 16 49 18 10 24 19 37 39 47 12 46 41 4 3 31 29 17 35 28 34 13 45 48 36 6 42 25 2 50 11 8 30 43 20 40 26 21 15 5 7 38 44 14 33 22 23 9 

Inst_Index:5583 	 City_Num:50 	 Concorde:5.721803 	 MCTS:5.720953 Improve:0.000850 	 Time:3.75 Seconds
Solution: 1 27 34 49 16 38 45 33 10 17 35 9 37 20 21 32 3 40 14 31 19 24 13 43 28 29 4 6 26 44 41 36 2 42 7 50 47 12 48 22 46 8 30 23 11 5 18 15 39 25 

Inst_Index:5584 	 City_Num:50 	 Concorde:5.675282 	 MCTS:5.673752 Improve:0.001530 	 Time:3.75 Seconds
Solution: 1 36 7 5 40 47 48 24 33 28 14 38 29 3 37 43 19 32 41 6 44 20 46 27 15 4 12 26 23 35 9 8 11 25 22 21 17 18 49 30 13 10 45 2 39 31 50 42 34 16 

Inst_Index:5585 	 City_Num:50 	 Concorde:5.277412 	 MCTS:5.277412 Improve:-0.000000 	 Time:3.76 Seconds
Solution: 1 21 34 7 12 4 23 43 48 44 42 30 15 31 14 3 18 29 26 9 13 27 32 47 25 50 35 24 6 28 5 49 33 45 11 38 36 10 8 46 17 20 37 2 40 41 19 22 39 16 

Inst_Index:5586 	 City_Num:50 	 Concorde:5.651276 	 MCTS:5.650629 Improve:0.000647 	 Time:3.76 Seconds
Solution: 1 33 42 17 5 23 41 40 16 28 34 9 45 39 4 8 10 37 20 46 29 6 31 2 30 50 15 35 19 44 21 13 7 3 12 24 48 38 11 49 18 25 27 32 22 26 47 14 43 36 

Inst_Index:5587 	 City_Num:50 	 Concorde:5.521307 	 MCTS:5.518566 Improve:0.002741 	 Time:3.76 Seconds
Solution: 1 50 32 46 22 17 29 41 49 33 45 36 19 26 18 34 2 12 7 47 10 11 20 31 38 30 25 39 42 43 16 8 44 27 13 4 21 28 23 48 9 35 14 24 40 6 3 37 5 15 

Inst_Index:5588 	 City_Num:50 	 Concorde:5.669525 	 MCTS:5.668194 Improve:0.001331 	 Time:3.76 Seconds
Solution: 1 42 46 44 4 13 29 25 32 33 30 48 2 17 11 19 41 3 16 14 15 20 5 23 8 40 24 10 39 35 36 37 6 45 9 38 47 27 50 28 21 43 34 12 22 26 18 31 7 49 

Inst_Index:5589 	 City_Num:50 	 Concorde:5.532601 	 MCTS:5.532601 Improve:0.000000 	 Time:3.77 Seconds
Solution: 1 12 29 39 36 42 9 23 35 11 18 26 19 32 43 45 5 16 22 4 33 30 49 27 2 28 38 24 41 48 10 8 50 7 3 46 14 31 15 44 47 13 25 37 20 17 34 21 40 6 

Inst_Index:5590 	 City_Num:50 	 Concorde:5.924406 	 MCTS:5.922783 Improve:0.001623 	 Time:3.75 Seconds
Solution: 1 11 8 4 38 2 24 22 5 34 10 29 48 14 16 50 9 45 15 42 40 39 20 19 12 28 7 35 30 36 33 23 17 27 49 18 21 46 32 43 6 3 44 31 13 26 47 37 25 41 

Inst_Index:5591 	 City_Num:50 	 Concorde:5.771048 	 MCTS:5.767974 Improve:0.003074 	 Time:3.76 Seconds
Solution: 1 10 31 22 36 7 19 47 29 12 24 48 44 2 8 14 6 46 21 32 38 18 30 45 42 34 27 15 23 39 43 33 17 40 11 9 28 41 26 5 50 4 25 49 3 13 16 35 20 37 

Inst_Index:5592 	 City_Num:50 	 Concorde:5.927348 	 MCTS:5.927348 Improve:-0.000000 	 Time:3.75 Seconds
Solution: 1 6 4 46 8 43 47 44 2 26 48 25 21 33 34 10 9 23 17 15 28 32 42 5 39 41 18 27 20 35 3 13 7 14 38 16 22 31 50 30 36 40 12 24 29 49 45 11 19 37 

Inst_Index:5593 	 City_Num:50 	 Concorde:5.908952 	 MCTS:5.908952 Improve:0.000000 	 Time:3.75 Seconds
Solution: 1 49 20 8 36 10 21 50 14 23 18 33 39 32 2 27 7 5 25 17 44 29 3 31 42 15 45 13 40 12 4 46 38 11 48 26 37 24 28 35 41 47 19 34 43 22 9 16 6 30 

Inst_Index:5594 	 City_Num:50 	 Concorde:5.775013 	 MCTS:5.775013 Improve:0.000000 	 Time:3.76 Seconds
Solution: 1 37 15 32 17 45 49 39 30 13 44 24 18 22 48 26 14 35 16 29 12 27 50 19 11 36 25 7 41 40 3 21 43 5 4 38 8 9 42 23 31 20 10 6 28 47 2 46 34 33 

Inst_Index:5595 	 City_Num:50 	 Concorde:5.590671 	 MCTS:5.590339 Improve:0.000332 	 Time:3.75 Seconds
Solution: 1 4 3 39 5 38 10 50 45 30 36 26 6 31 27 44 25 23 28 35 7 29 16 17 15 41 33 2 34 49 43 12 18 46 37 21 14 19 24 11 42 20 8 48 47 22 9 13 40 32 

Inst_Index:5596 	 City_Num:50 	 Concorde:5.457408 	 MCTS:5.456352 Improve:0.001055 	 Time:3.77 Seconds
Solution: 1 45 2 20 37 22 29 35 7 17 16 30 8 10 13 9 38 5 4 11 49 39 33 19 12 28 27 34 46 6 18 44 42 41 43 36 23 32 26 25 15 21 50 48 24 3 14 31 40 47 

Inst_Index:5597 	 City_Num:50 	 Concorde:5.530020 	 MCTS:5.530020 Improve:0.000000 	 Time:3.77 Seconds
Solution: 1 11 22 38 43 30 42 40 44 20 10 28 31 15 26 5 39 23 47 29 17 32 18 50 41 34 9 24 49 14 46 2 48 13 33 6 36 37 45 27 12 16 21 4 35 25 3 8 7 19 

Inst_Index:5598 	 City_Num:50 	 Concorde:5.973005 	 MCTS:5.970235 Improve:0.002769 	 Time:3.75 Seconds
Solution: 1 38 9 24 14 5 22 30 8 4 15 35 6 7 27 28 3 18 13 47 50 42 31 2 48 39 21 37 25 41 44 32 49 20 29 45 26 34 10 40 11 23 17 33 12 43 19 36 46 16 

Inst_Index:5599 	 City_Num:50 	 Concorde:5.594639 	 MCTS:5.593911 Improve:0.000728 	 Time:3.76 Seconds
Solution: 1 22 43 33 15 29 30 5 16 48 24 35 45 3 28 18 47 39 42 46 40 27 14 44 20 25 34 9 38 13 4 17 8 7 50 49 23 32 36 21 11 19 31 12 41 37 6 26 2 10 

Inst_Index:5600 	 City_Num:50 	 Concorde:5.958832 	 MCTS:5.958832 Improve:0.000000 	 Time:3.76 Seconds
Solution: 1 22 48 27 5 39 2 47 28 17 8 46 42 36 31 20 38 12 24 15 19 23 49 10 33 50 40 13 6 44 21 30 37 32 9 16 25 3 35 11 4 45 29 43 41 7 18 26 34 14 

Inst_Index:5601 	 City_Num:50 	 Concorde:5.692207 	 MCTS:5.692207 Improve:0.000000 	 Time:3.75 Seconds
Solution: 1 46 45 13 29 37 39 11 24 47 23 34 12 3 5 41 30 17 18 22 15 33 49 35 21 32 28 8 9 20 25 42 40 48 6 27 31 44 38 4 2 26 7 10 43 36 50 16 19 14 

Inst_Index:5602 	 City_Num:50 	 Concorde:5.511786 	 MCTS:5.511786 Improve:0.000000 	 Time:3.77 Seconds
Solution: 1 45 30 3 44 12 50 25 23 49 15 27 6 29 37 14 40 13 42 17 33 36 2 22 7 20 26 9 46 5 4 47 32 28 43 18 31 39 16 8 21 34 48 41 11 24 35 19 10 38 

Inst_Index:5603 	 City_Num:50 	 Concorde:5.415695 	 MCTS:5.411605 Improve:0.004090 	 Time:3.77 Seconds
Solution: 1 20 23 8 12 42 6 48 47 26 17 36 28 24 11 29 14 40 10 46 3 4 43 2 44 9 35 41 33 21 38 18 49 7 25 45 50 5 32 27 22 13 15 34 19 30 39 37 16 31 

Inst_Index:5604 	 City_Num:50 	 Concorde:5.482597 	 MCTS:5.482597 Improve:-0.000000 	 Time:3.76 Seconds
Solution: 1 43 6 44 10 36 42 45 50 48 35 7 16 22 5 34 2 13 30 25 9 40 38 29 19 46 4 47 33 23 3 21 12 8 49 24 28 37 27 39 14 26 32 18 11 41 17 31 15 20 

Inst_Index:5605 	 City_Num:50 	 Concorde:5.610012 	 MCTS:5.610012 Improve:0.000000 	 Time:3.75 Seconds
Solution: 1 19 15 18 48 34 42 21 32 45 39 44 23 49 30 14 22 28 37 47 41 17 16 36 9 13 6 43 7 25 35 29 33 3 10 20 40 5 11 26 38 8 50 12 27 46 4 24 2 31 

Inst_Index:5606 	 City_Num:50 	 Concorde:5.949136 	 MCTS:5.949136 Improve:0.000000 	 Time:3.75 Seconds
Solution: 1 29 9 36 28 46 2 16 15 18 17 14 42 7 38 24 10 27 43 12 45 25 8 48 34 22 11 33 13 26 50 37 41 5 23 3 44 32 6 21 47 31 35 19 30 4 20 49 40 39 

Inst_Index:5607 	 City_Num:50 	 Concorde:5.755816 	 MCTS:5.755816 Improve:0.000000 	 Time:3.77 Seconds
Solution: 1 11 47 24 34 25 27 37 13 19 43 46 20 29 6 28 2 12 14 18 15 33 9 23 8 41 38 22 3 50 40 16 10 7 17 36 5 21 30 39 44 49 31 26 42 35 45 4 48 32 

Inst_Index:5608 	 City_Num:50 	 Concorde:5.373724 	 MCTS:5.373724 Improve:-0.000000 	 Time:3.76 Seconds
Solution: 1 20 27 48 24 19 49 43 46 21 2 3 40 34 15 47 35 37 45 7 9 42 36 17 38 32 16 50 6 10 39 41 29 12 44 4 33 18 28 13 30 5 25 8 26 31 11 22 14 23 

Inst_Index:5609 	 City_Num:50 	 Concorde:5.362014 	 MCTS:5.362014 Improve:0.000000 	 Time:3.77 Seconds
Solution: 1 31 34 29 44 28 42 43 20 19 4 10 35 37 5 3 2 40 33 8 13 39 30 47 12 9 46 17 36 41 24 16 45 15 18 11 14 50 48 23 27 38 21 6 22 25 32 49 26 7 

Inst_Index:5610 	 City_Num:50 	 Concorde:5.888381 	 MCTS:5.888381 Improve:0.000000 	 Time:3.76 Seconds
Solution: 1 45 2 42 15 28 46 36 33 22 32 49 16 18 8 44 9 34 43 5 14 26 21 27 6 11 47 13 37 38 41 31 40 3 50 23 10 35 17 25 20 29 4 39 48 24 19 7 12 30 

Inst_Index:5611 	 City_Num:50 	 Concorde:5.391736 	 MCTS:5.391736 Improve:-0.000000 	 Time:3.76 Seconds
Solution: 1 42 30 8 38 25 49 34 39 23 45 5 17 15 37 11 31 12 13 10 18 2 32 24 29 19 9 50 16 48 41 44 40 33 27 43 28 14 46 22 7 21 35 26 47 36 20 4 3 6 

Inst_Index:5612 	 City_Num:50 	 Concorde:5.712269 	 MCTS:5.712269 Improve:-0.000000 	 Time:3.76 Seconds
Solution: 1 12 32 9 8 15 50 30 13 3 5 29 10 31 41 7 21 36 6 33 48 18 49 19 38 27 43 2 28 42 40 24 26 25 45 35 4 34 11 14 37 22 16 46 44 23 39 17 20 47 

Inst_Index:5613 	 City_Num:50 	 Concorde:5.996564 	 MCTS:5.996564 Improve:0.000000 	 Time:3.76 Seconds
Solution: 1 8 33 29 38 50 11 13 44 14 32 6 4 45 12 28 16 35 5 21 9 47 20 49 31 30 36 34 18 3 19 26 7 25 10 23 37 15 2 39 17 48 41 43 27 42 40 46 24 22 

Inst_Index:5614 	 City_Num:50 	 Concorde:6.055456 	 MCTS:6.054434 Improve:0.001022 	 Time:3.77 Seconds
Solution: 1 8 17 10 6 31 12 19 23 21 5 28 2 16 25 3 33 24 27 26 49 9 35 20 44 13 36 18 4 41 50 38 7 42 48 34 40 46 15 32 47 43 45 22 14 37 29 11 30 39 

Inst_Index:5615 	 City_Num:50 	 Concorde:5.449546 	 MCTS:5.446692 Improve:0.002854 	 Time:3.76 Seconds
Solution: 1 38 42 41 9 40 5 47 25 22 10 12 29 15 14 35 6 39 8 3 48 7 4 2 18 30 28 43 23 20 44 26 27 21 31 24 36 32 49 50 17 33 45 34 37 16 11 13 19 46 

Inst_Index:5616 	 City_Num:50 	 Concorde:5.883348 	 MCTS:5.880612 Improve:0.002736 	 Time:3.76 Seconds
Solution: 1 26 13 16 21 39 42 6 49 14 44 2 10 25 32 24 4 8 15 18 34 27 43 35 5 41 36 12 45 19 46 7 37 23 30 3 40 9 17 31 38 28 47 20 11 22 33 29 50 48 

Inst_Index:5617 	 City_Num:50 	 Concorde:6.177452 	 MCTS:6.175173 Improve:0.002279 	 Time:3.76 Seconds
Solution: 1 49 41 5 44 36 19 31 28 7 35 38 42 8 39 40 24 10 43 18 4 23 13 9 15 33 12 30 27 21 29 47 48 20 46 45 37 25 14 32 50 34 22 6 11 17 3 2 16 26 

Inst_Index:5618 	 City_Num:50 	 Concorde:5.994203 	 MCTS:5.994203 Improve:0.000000 	 Time:3.75 Seconds
Solution: 1 32 12 14 30 46 13 42 35 31 41 45 10 21 25 27 22 17 36 47 23 29 4 28 15 8 20 7 38 49 44 48 18 6 9 43 39 24 26 2 33 19 11 5 3 40 16 37 50 34 

Inst_Index:5619 	 City_Num:50 	 Concorde:5.537754 	 MCTS:5.537754 Improve:0.000000 	 Time:3.77 Seconds
Solution: 1 26 9 3 42 49 27 46 43 44 24 32 40 11 17 19 12 36 34 7 45 14 4 21 25 18 29 31 28 15 48 50 35 33 23 10 47 20 13 5 6 16 37 22 30 2 39 38 41 8 

Inst_Index:5620 	 City_Num:50 	 Concorde:5.071843 	 MCTS:5.071843 Improve:-0.000000 	 Time:3.76 Seconds
Solution: 1 19 22 9 37 11 33 35 47 16 3 12 36 5 28 21 14 20 7 43 30 48 2 24 41 39 27 38 42 45 44 50 25 26 31 17 32 34 40 49 23 15 10 4 8 46 6 18 29 13 

Inst_Index:5621 	 City_Num:50 	 Concorde:5.805999 	 MCTS:5.805999 Improve:0.000000 	 Time:3.77 Seconds
Solution: 1 2 7 33 13 35 46 3 21 38 20 8 25 4 29 47 17 14 34 30 31 43 40 23 5 6 27 42 22 41 50 12 15 9 24 37 48 18 45 49 32 28 36 44 19 10 11 39 26 16 

Inst_Index:5622 	 City_Num:50 	 Concorde:5.705364 	 MCTS:5.700477 Improve:0.004887 	 Time:3.76 Seconds
Solution: 1 49 21 40 46 9 13 32 11 41 26 39 45 17 8 29 38 19 16 5 10 12 44 23 27 31 43 4 14 35 42 47 15 7 6 48 2 37 50 36 28 30 3 20 33 18 34 25 22 24 

Inst_Index:5623 	 City_Num:50 	 Concorde:5.983191 	 MCTS:5.979437 Improve:0.003755 	 Time:3.76 Seconds
Solution: 1 15 42 4 11 27 47 31 14 25 35 24 23 40 18 50 19 49 13 8 36 3 43 44 38 45 48 6 7 39 21 9 29 5 22 33 12 30 17 26 32 37 34 41 46 2 20 28 10 16 

Inst_Index:5624 	 City_Num:50 	 Concorde:5.709349 	 MCTS:5.709349 Improve:0.000000 	 Time:3.76 Seconds
Solution: 1 20 45 46 43 49 34 23 28 18 24 13 6 31 19 30 33 16 21 5 4 2 15 50 47 11 44 48 37 26 8 42 22 14 27 3 25 29 7 40 32 38 39 35 10 41 9 36 17 12 

Inst_Index:5625 	 City_Num:50 	 Concorde:6.063831 	 MCTS:6.063831 Improve:-0.000000 	 Time:3.77 Seconds
Solution: 1 26 22 9 20 19 4 42 29 34 2 24 10 46 23 16 47 15 25 48 40 17 28 50 21 27 36 45 43 5 31 3 11 7 12 32 6 41 18 8 13 37 30 39 49 33 35 44 14 38 

Inst_Index:5626 	 City_Num:50 	 Concorde:5.697998 	 MCTS:5.697771 Improve:0.000227 	 Time:3.75 Seconds
Solution: 1 15 34 16 30 11 37 42 7 29 32 9 45 43 18 3 25 5 40 22 6 46 2 17 33 38 28 39 47 23 48 49 31 27 24 44 12 50 10 35 8 36 41 19 4 21 26 14 20 13 

Inst_Index:5627 	 City_Num:50 	 Concorde:5.689266 	 MCTS:5.689266 Improve:0.000000 	 Time:3.76 Seconds
Solution: 1 29 22 16 41 23 3 7 47 4 8 48 20 35 43 21 24 33 11 17 31 25 37 32 15 42 50 44 28 45 5 36 38 2 18 34 19 6 14 12 27 49 9 13 46 40 26 30 10 39 

Inst_Index:5628 	 City_Num:50 	 Concorde:5.876433 	 MCTS:5.874024 Improve:0.002410 	 Time:3.76 Seconds
Solution: 1 34 16 25 47 46 45 43 13 33 21 17 18 9 12 27 8 20 37 26 29 19 42 5 49 3 44 6 10 41 36 2 48 40 50 32 7 11 23 22 35 38 15 28 14 31 24 39 30 4 

Inst_Index:5629 	 City_Num:50 	 Concorde:5.690065 	 MCTS:5.690065 Improve:0.000000 	 Time:3.75 Seconds
Solution: 1 34 25 19 33 10 49 13 26 24 9 40 7 41 17 15 8 6 36 4 20 38 21 12 35 2 27 46 42 14 47 29 5 50 30 18 28 31 39 22 3 43 16 23 11 45 48 37 32 44 

Inst_Index:5630 	 City_Num:50 	 Concorde:5.420642 	 MCTS:5.420642 Improve:0.000000 	 Time:3.77 Seconds
Solution: 1 34 31 19 39 23 8 45 43 6 15 21 44 36 22 11 35 20 48 25 50 12 17 37 18 46 32 29 13 9 24 5 38 4 7 26 49 33 16 42 14 41 28 27 2 47 30 3 40 10 

Inst_Index:5631 	 City_Num:50 	 Concorde:5.127209 	 MCTS:5.121655 Improve:0.005554 	 Time:3.76 Seconds
Solution: 1 48 28 3 17 26 8 19 18 12 20 32 16 38 10 27 50 31 25 42 33 41 45 23 14 6 44 35 30 49 2 13 21 22 37 43 11 29 47 39 5 24 4 9 34 40 7 15 36 46 

Inst_Index:5632 	 City_Num:50 	 Concorde:5.853642 	 MCTS:5.846468 Improve:0.007174 	 Time:3.76 Seconds
Solution: 1 18 42 4 8 35 15 47 19 36 23 34 29 43 20 13 28 3 6 10 22 11 12 25 40 45 7 9 5 50 27 14 16 44 26 39 37 46 32 38 2 41 49 24 21 48 17 33 31 30 

Inst_Index:5633 	 City_Num:50 	 Concorde:5.700484 	 MCTS:5.700484 Improve:0.000000 	 Time:3.76 Seconds
Solution: 1 47 30 38 11 32 46 39 3 22 49 35 4 50 33 48 27 21 13 18 9 19 42 8 40 45 5 25 7 37 26 10 43 12 44 2 16 17 31 29 36 6 28 41 34 20 15 14 23 24 

Inst_Index:5634 	 City_Num:50 	 Concorde:5.226019 	 MCTS:5.226019 Improve:0.000000 	 Time:3.75 Seconds
Solution: 1 45 46 32 33 14 48 23 26 27 44 17 10 13 8 7 2 29 21 42 19 12 6 30 25 9 47 35 43 50 31 16 34 41 37 36 4 15 49 22 18 39 11 40 5 20 38 24 3 28 


Avg_Concorde_Distance: 5.690027 Avg_MCTS_Distance: 5.688870 Avg_Gap: -0.000204 Total_Time: 1178.15 Seconds 
 Beat_Best_Known_Times: 103 Match_Best_Known_Times: 210 Miss_Best_Known_Times: 0 
