Number_of_Instances_In_Current_Batch: 313

Inst_Index:4696 	 City_Num:50 	 Concorde:5.726827 	 MCTS:5.726827 Improve:0.000000 	 Time:3.75 Seconds
Solution: 1 16 26 2 43 23 30 27 3 10 41 20 5 15 28 25 38 29 47 18 36 12 44 8 6 32 17 31 13 7 14 11 46 48 19 42 4 39 34 21 50 49 24 45 9 37 35 40 22 33 

Inst_Index:4697 	 City_Num:50 	 Concorde:5.858503 	 MCTS:5.858503 Improve:-0.000000 	 Time:3.75 Seconds
Solution: 1 25 8 27 48 19 33 3 10 38 35 24 43 40 31 14 12 32 2 13 49 39 37 42 29 44 36 6 50 4 9 17 23 34 46 7 18 5 30 16 28 11 26 45 15 21 41 22 20 47 

Inst_Index:4698 	 City_Num:50 	 Concorde:5.598424 	 MCTS:5.598424 Improve:0.000000 	 Time:3.77 Seconds
Solution: 1 45 37 11 47 40 4 5 35 16 46 39 36 29 2 31 9 27 23 18 30 33 20 38 21 43 13 24 25 42 44 26 34 41 10 32 8 7 15 19 28 49 22 17 6 3 12 50 14 48 

Inst_Index:4699 	 City_Num:50 	 Concorde:5.583664 	 MCTS:5.561118 Improve:0.022546 	 Time:3.77 Seconds
Solution: 1 39 2 46 28 36 33 6 11 48 15 5 16 4 43 7 3 50 20 49 17 37 10 42 21 22 47 32 12 14 24 13 41 18 25 19 27 30 26 29 40 8 31 34 23 45 44 9 35 38 

Inst_Index:4700 	 City_Num:50 	 Concorde:5.715054 	 MCTS:5.715054 Improve:0.000000 	 Time:3.77 Seconds
Solution: 1 39 34 27 21 31 32 47 11 36 40 48 20 8 41 46 7 6 28 14 10 23 25 30 43 17 49 9 38 50 35 45 5 12 16 4 15 18 24 26 33 3 2 42 22 29 44 19 37 13 

Inst_Index:4701 	 City_Num:50 	 Concorde:6.008817 	 MCTS:6.005431 Improve:0.003386 	 Time:3.78 Seconds
Solution: 1 27 10 41 2 45 31 44 49 22 43 11 46 20 32 14 47 12 5 16 7 25 35 33 30 28 38 26 36 18 21 34 29 37 3 23 8 50 48 42 39 4 13 40 15 19 17 6 9 24 

Inst_Index:4702 	 City_Num:50 	 Concorde:5.600452 	 MCTS:5.599196 Improve:0.001256 	 Time:3.77 Seconds
Solution: 1 25 7 47 36 23 40 46 33 28 34 10 43 16 44 13 14 50 45 3 6 22 24 35 38 48 37 2 31 18 42 21 27 9 29 8 4 20 12 11 30 15 32 26 19 39 17 5 49 41 

Inst_Index:4703 	 City_Num:50 	 Concorde:5.725583 	 MCTS:5.725583 Improve:-0.000000 	 Time:3.75 Seconds
Solution: 1 9 27 8 43 39 19 15 29 25 6 30 33 20 48 34 47 21 49 14 13 16 3 4 31 28 26 11 12 5 32 41 24 10 2 46 50 17 7 36 42 35 37 38 23 45 44 18 40 22 

Inst_Index:4704 	 City_Num:50 	 Concorde:5.829051 	 MCTS:5.829051 Improve:0.000000 	 Time:3.76 Seconds
Solution: 1 7 19 31 25 29 48 24 47 40 43 10 45 23 32 9 4 26 6 11 41 20 50 37 30 14 12 13 39 35 44 33 36 49 27 22 2 42 38 5 46 21 34 17 16 8 15 18 28 3 

Inst_Index:4705 	 City_Num:50 	 Concorde:5.466092 	 MCTS:5.464583 Improve:0.001508 	 Time:3.76 Seconds
Solution: 1 8 42 36 21 23 45 19 43 6 37 5 32 48 31 47 50 39 24 38 27 34 7 9 29 33 2 35 12 3 4 28 22 17 11 15 49 10 25 44 41 40 26 13 18 14 16 46 30 20 

Inst_Index:4706 	 City_Num:50 	 Concorde:5.132060 	 MCTS:5.129189 Improve:0.002871 	 Time:3.75 Seconds
Solution: 1 32 6 49 22 13 20 14 26 24 8 5 31 17 21 47 2 7 4 10 12 15 9 23 28 36 30 19 45 37 16 44 48 38 33 41 29 50 18 27 42 40 11 35 39 25 43 46 34 3 

Inst_Index:4707 	 City_Num:50 	 Concorde:6.103388 	 MCTS:6.103388 Improve:0.000000 	 Time:3.76 Seconds
Solution: 1 39 16 42 48 25 47 7 35 34 17 29 50 40 27 3 41 11 31 13 19 6 36 21 20 12 37 10 14 30 28 18 32 43 26 8 15 49 46 24 2 44 38 22 9 4 23 33 45 5 

Inst_Index:4708 	 City_Num:50 	 Concorde:5.669565 	 MCTS:5.669565 Improve:0.000000 	 Time:3.75 Seconds
Solution: 1 38 29 33 11 31 39 19 13 21 10 8 37 14 3 26 4 2 23 50 42 20 24 27 15 17 30 49 34 5 46 25 45 43 48 12 32 18 40 16 47 41 6 35 22 7 28 44 9 36 

Inst_Index:4709 	 City_Num:50 	 Concorde:5.641778 	 MCTS:5.636038 Improve:0.005740 	 Time:3.76 Seconds
Solution: 1 8 5 19 49 42 6 17 38 15 32 18 11 24 31 7 22 21 4 35 44 10 29 27 13 43 36 16 14 48 12 39 33 46 41 30 9 50 3 40 34 2 20 25 23 47 37 45 26 28 

Inst_Index:4710 	 City_Num:50 	 Concorde:5.426384 	 MCTS:5.426384 Improve:-0.000000 	 Time:3.76 Seconds
Solution: 1 9 20 13 8 28 22 44 3 19 39 14 50 29 49 43 7 40 25 16 11 34 23 37 42 12 6 41 46 30 36 32 24 18 21 35 38 15 47 33 5 27 17 10 26 2 4 31 45 48 

Inst_Index:4711 	 City_Num:50 	 Concorde:5.562449 	 MCTS:5.562449 Improve:0.000000 	 Time:3.77 Seconds
Solution: 1 32 50 27 46 13 36 18 43 37 7 19 22 20 29 5 25 48 3 9 26 24 31 16 39 10 17 12 2 35 21 41 8 34 11 49 44 42 4 15 38 6 33 23 47 40 28 14 45 30 

Inst_Index:4712 	 City_Num:50 	 Concorde:5.992384 	 MCTS:5.988803 Improve:0.003581 	 Time:3.76 Seconds
Solution: 1 31 43 48 50 39 24 13 44 36 20 16 6 26 28 3 49 7 21 40 9 42 27 41 19 33 37 38 22 29 25 12 35 2 10 14 34 47 32 5 18 46 23 17 45 11 8 15 4 30 

Inst_Index:4713 	 City_Num:50 	 Concorde:5.359918 	 MCTS:5.357830 Improve:0.002088 	 Time:3.76 Seconds
Solution: 1 7 41 10 11 21 37 5 31 47 39 6 22 35 29 34 17 48 20 44 30 38 36 18 8 14 25 16 15 13 19 24 32 46 45 49 33 42 23 26 3 43 9 28 40 27 12 2 4 50 

Inst_Index:4714 	 City_Num:50 	 Concorde:5.844223 	 MCTS:5.844223 Improve:0.000000 	 Time:3.77 Seconds
Solution: 1 3 11 32 12 13 29 37 49 35 34 6 7 26 27 25 43 23 41 18 2 45 20 9 8 33 16 31 48 30 17 42 24 38 39 36 19 14 22 4 44 40 21 5 10 46 28 47 50 15 

Inst_Index:4715 	 City_Num:50 	 Concorde:5.574045 	 MCTS:5.574045 Improve:0.000000 	 Time:3.76 Seconds
Solution: 1 33 4 23 40 15 3 28 5 31 21 22 37 6 42 45 2 48 10 16 44 46 20 29 49 36 43 24 34 27 17 11 14 39 50 47 35 41 7 12 9 13 25 8 26 38 32 18 19 30 

Inst_Index:4716 	 City_Num:50 	 Concorde:5.410196 	 MCTS:5.410196 Improve:-0.000000 	 Time:3.76 Seconds
Solution: 1 28 34 9 6 23 14 12 44 13 37 32 15 2 20 7 41 43 27 16 31 29 48 8 19 25 17 22 38 30 49 45 46 36 47 35 5 4 18 24 26 50 42 21 33 11 40 3 10 39 

Inst_Index:4717 	 City_Num:50 	 Concorde:5.845066 	 MCTS:5.843217 Improve:0.001849 	 Time:3.77 Seconds
Solution: 1 11 31 38 17 19 9 15 36 23 45 24 41 34 50 6 18 8 49 48 26 12 47 28 21 7 46 43 44 32 2 14 4 29 5 27 39 35 37 33 25 40 20 3 13 10 42 22 30 16 

Inst_Index:4718 	 City_Num:50 	 Concorde:5.577052 	 MCTS:5.570723 Improve:0.006329 	 Time:3.76 Seconds
Solution: 1 50 28 8 42 45 15 17 4 3 27 2 31 49 38 9 36 48 34 37 11 32 39 30 19 33 43 20 13 24 44 26 21 25 46 18 47 16 29 6 10 5 14 41 22 12 7 23 40 35 

Inst_Index:4719 	 City_Num:50 	 Concorde:5.405097 	 MCTS:5.405097 Improve:-0.000000 	 Time:3.75 Seconds
Solution: 1 26 36 27 47 49 9 22 16 25 29 23 43 19 46 37 24 8 42 17 38 7 35 4 31 14 2 5 28 34 44 20 11 45 30 39 13 50 3 21 32 41 10 48 15 40 6 18 33 12 

Inst_Index:4720 	 City_Num:50 	 Concorde:5.590221 	 MCTS:5.590221 Improve:-0.000000 	 Time:3.77 Seconds
Solution: 1 31 32 37 35 19 20 2 11 7 27 48 3 8 45 17 50 33 25 5 16 22 26 18 46 14 28 12 13 38 24 10 43 23 6 47 39 42 9 40 15 21 4 30 29 44 49 36 34 41 

Inst_Index:4721 	 City_Num:50 	 Concorde:5.392547 	 MCTS:5.385601 Improve:0.006947 	 Time:3.76 Seconds
Solution: 1 6 10 50 49 41 34 37 44 32 20 38 46 26 3 25 11 36 24 31 17 39 8 13 33 45 27 47 43 7 29 40 35 30 16 23 22 42 21 28 19 14 4 18 2 9 15 5 48 12 

Inst_Index:4722 	 City_Num:50 	 Concorde:5.917227 	 MCTS:5.911823 Improve:0.005405 	 Time:3.78 Seconds
Solution: 1 26 24 8 34 4 31 40 50 25 36 41 19 39 32 12 23 5 11 30 45 7 35 29 44 17 48 47 43 46 9 10 27 28 15 20 16 21 42 49 14 38 37 3 22 13 6 18 2 33 

Inst_Index:4723 	 City_Num:50 	 Concorde:6.056244 	 MCTS:6.056244 Improve:0.000000 	 Time:3.77 Seconds
Solution: 1 12 36 18 20 42 47 2 43 50 38 44 8 48 22 39 37 30 29 24 21 32 46 40 26 41 13 4 14 16 7 19 33 27 9 15 31 5 11 25 23 35 34 49 17 28 3 10 6 45 

Inst_Index:4724 	 City_Num:50 	 Concorde:6.045209 	 MCTS:6.045209 Improve:0.000000 	 Time:3.77 Seconds
Solution: 1 7 22 12 3 46 50 25 17 29 45 13 49 28 48 41 33 23 44 47 14 38 6 42 19 30 4 31 20 39 34 16 15 36 10 2 32 5 37 18 8 26 35 43 9 11 24 27 40 21 

Inst_Index:4725 	 City_Num:50 	 Concorde:5.853411 	 MCTS:5.850587 Improve:0.002824 	 Time:3.76 Seconds
Solution: 1 46 9 32 25 12 39 33 40 42 37 14 7 28 11 18 34 10 21 35 15 4 16 31 29 27 26 3 22 45 49 20 24 8 47 13 38 48 41 30 5 50 43 6 2 36 44 17 19 23 

Inst_Index:4726 	 City_Num:50 	 Concorde:5.947917 	 MCTS:5.944777 Improve:0.003140 	 Time:3.77 Seconds
Solution: 1 36 3 2 9 14 47 4 8 35 33 34 38 6 30 27 39 13 42 17 40 10 15 18 49 24 46 21 19 23 41 11 50 12 29 16 22 31 5 7 32 48 45 44 20 43 26 28 37 25 

Inst_Index:4727 	 City_Num:50 	 Concorde:5.748940 	 MCTS:5.748940 Improve:-0.000000 	 Time:3.76 Seconds
Solution: 1 24 26 19 10 3 13 22 27 33 20 38 49 8 31 6 37 16 7 43 50 46 39 34 48 28 41 5 29 32 44 47 25 21 36 23 12 30 35 11 17 9 18 4 45 15 40 42 14 2 

Inst_Index:4728 	 City_Num:50 	 Concorde:5.800813 	 MCTS:5.800813 Improve:0.000000 	 Time:3.76 Seconds
Solution: 1 13 6 4 15 10 35 32 9 44 25 49 34 31 47 46 42 3 50 18 16 43 2 39 37 20 40 33 30 21 22 29 27 8 38 12 11 24 19 17 23 36 41 7 5 14 28 45 48 26 

Inst_Index:4729 	 City_Num:50 	 Concorde:5.721320 	 MCTS:5.721320 Improve:0.000000 	 Time:3.76 Seconds
Solution: 1 45 20 30 24 43 15 21 22 7 31 34 32 36 41 10 13 48 47 6 18 27 35 50 17 46 38 42 16 33 40 11 9 44 5 19 37 49 28 4 39 3 14 2 25 8 23 26 12 29 

Inst_Index:4730 	 City_Num:50 	 Concorde:5.465092 	 MCTS:5.465092 Improve:0.000000 	 Time:3.77 Seconds
Solution: 1 12 47 22 13 10 16 46 38 20 7 29 5 40 6 27 30 9 17 39 23 15 19 28 24 33 31 42 26 25 11 48 41 36 18 35 8 21 3 4 50 34 37 2 43 32 44 45 14 49 

Inst_Index:4731 	 City_Num:50 	 Concorde:5.649193 	 MCTS:5.649193 Improve:0.000000 	 Time:3.75 Seconds
Solution: 1 13 28 34 48 6 9 20 17 18 5 23 26 24 46 50 47 37 30 29 39 45 36 43 25 2 27 38 44 11 19 14 41 15 21 40 22 7 42 35 8 31 49 16 32 33 4 3 12 10 

Inst_Index:4732 	 City_Num:50 	 Concorde:5.929167 	 MCTS:5.926745 Improve:0.002422 	 Time:3.78 Seconds
Solution: 1 27 41 31 49 20 29 42 21 12 3 45 10 30 34 32 38 40 17 43 23 9 2 6 44 46 18 14 33 48 22 8 39 28 37 25 35 11 7 5 13 15 4 50 36 19 26 47 16 24 

Inst_Index:4733 	 City_Num:50 	 Concorde:5.413460 	 MCTS:5.413460 Improve:-0.000000 	 Time:3.77 Seconds
Solution: 1 49 10 34 23 39 29 11 9 26 25 21 30 8 48 14 37 38 19 6 33 13 50 45 17 32 28 24 44 22 20 7 36 16 15 2 5 43 12 27 42 4 40 41 47 18 46 31 3 35 

Inst_Index:4734 	 City_Num:50 	 Concorde:5.955254 	 MCTS:5.955254 Improve:0.000000 	 Time:3.76 Seconds
Solution: 1 10 22 6 33 44 16 29 9 48 35 40 8 5 39 49 17 19 41 15 12 14 13 43 30 47 26 46 42 24 25 50 38 28 20 36 7 2 32 11 3 18 23 4 45 37 31 34 21 27 

Inst_Index:4735 	 City_Num:50 	 Concorde:5.910845 	 MCTS:5.910845 Improve:0.000000 	 Time:3.77 Seconds
Solution: 1 41 13 7 14 11 43 45 49 8 17 44 40 21 26 5 27 48 4 16 35 6 2 9 25 42 29 10 32 20 37 23 47 46 36 34 24 3 18 15 12 30 50 33 19 22 31 39 38 28 

Inst_Index:4736 	 City_Num:50 	 Concorde:5.643972 	 MCTS:5.643147 Improve:0.000824 	 Time:3.77 Seconds
Solution: 1 35 31 39 12 50 2 5 14 6 3 33 4 10 32 20 42 21 7 43 25 16 15 17 46 48 41 28 26 9 19 18 34 22 38 27 8 30 36 23 37 45 44 40 49 29 24 13 47 11 

Inst_Index:4737 	 City_Num:50 	 Concorde:5.388898 	 MCTS:5.388898 Improve:0.000000 	 Time:3.76 Seconds
Solution: 1 40 24 44 41 47 29 46 8 16 25 49 3 7 36 15 26 14 19 11 48 37 50 39 32 30 38 31 13 34 28 45 20 5 17 4 12 6 2 21 43 33 18 27 35 23 42 22 10 9 

Inst_Index:4738 	 City_Num:50 	 Concorde:5.845326 	 MCTS:5.845326 Improve:0.000000 	 Time:3.76 Seconds
Solution: 1 42 23 15 50 12 44 6 41 11 4 46 24 34 43 47 8 20 48 26 36 28 21 31 16 33 19 45 22 5 25 39 10 32 9 27 14 30 37 13 29 49 3 2 40 17 38 7 35 18 

Inst_Index:4739 	 City_Num:50 	 Concorde:5.584928 	 MCTS:5.584928 Improve:0.000000 	 Time:3.77 Seconds
Solution: 1 38 27 20 37 42 24 9 50 28 47 25 29 21 23 41 44 16 31 17 43 3 5 14 40 26 11 33 19 6 30 10 39 13 12 46 2 49 45 18 15 48 4 7 32 34 22 36 8 35 

Inst_Index:4740 	 City_Num:50 	 Concorde:5.282530 	 MCTS:5.277011 Improve:0.005519 	 Time:3.76 Seconds
Solution: 1 28 12 24 16 23 9 44 5 46 15 22 38 36 49 17 47 7 31 3 32 11 39 45 26 27 41 6 33 34 42 20 10 21 48 4 35 19 43 18 37 13 14 8 25 40 50 2 29 30 

Inst_Index:4741 	 City_Num:50 	 Concorde:5.544901 	 MCTS:5.544901 Improve:-0.000000 	 Time:3.76 Seconds
Solution: 1 28 9 16 41 31 45 46 20 23 6 37 12 35 36 50 38 4 18 42 33 43 44 5 47 14 30 19 17 26 3 34 2 21 10 27 22 15 48 7 24 13 8 29 25 40 39 49 32 11 

Inst_Index:4742 	 City_Num:50 	 Concorde:5.715178 	 MCTS:5.714648 Improve:0.000530 	 Time:3.76 Seconds
Solution: 1 45 10 19 15 35 8 40 47 11 39 43 48 13 9 22 46 38 44 6 50 32 4 33 28 42 23 41 36 5 27 14 24 12 18 16 49 34 29 37 17 26 30 3 25 7 20 31 2 21 

Inst_Index:4743 	 City_Num:50 	 Concorde:5.274005 	 MCTS:5.270239 Improve:0.003766 	 Time:3.76 Seconds
Solution: 1 26 10 4 38 50 7 5 14 29 45 39 49 36 12 19 43 48 25 18 40 20 24 21 16 35 2 30 42 22 9 17 23 8 47 11 37 3 33 34 46 13 28 6 15 31 41 44 27 32 

Inst_Index:4744 	 City_Num:50 	 Concorde:5.579548 	 MCTS:5.579193 Improve:0.000355 	 Time:3.76 Seconds
Solution: 1 7 3 31 48 8 13 5 9 33 17 6 29 19 34 43 36 22 49 47 27 35 11 20 12 42 4 10 32 37 15 2 50 44 18 40 23 41 45 28 30 26 39 14 46 38 16 25 21 24 

Inst_Index:4745 	 City_Num:50 	 Concorde:5.974546 	 MCTS:5.970084 Improve:0.004463 	 Time:3.77 Seconds
Solution: 1 13 38 36 16 15 49 17 10 25 23 29 22 7 21 30 46 41 11 19 47 24 44 6 34 28 27 9 43 45 5 12 4 20 8 40 18 48 42 26 37 32 3 50 33 14 2 35 31 39 

Inst_Index:4746 	 City_Num:50 	 Concorde:5.585089 	 MCTS:5.585089 Improve:0.000000 	 Time:3.75 Seconds
Solution: 1 41 19 39 7 25 49 10 9 11 24 44 34 38 22 45 3 18 43 29 27 17 30 13 5 26 12 21 47 2 42 28 14 32 4 50 23 20 33 31 8 40 15 36 16 37 46 35 48 6 

Inst_Index:4747 	 City_Num:50 	 Concorde:5.570436 	 MCTS:5.570436 Improve:0.000000 	 Time:3.76 Seconds
Solution: 1 11 31 25 13 47 3 34 46 6 19 4 27 32 48 21 33 44 43 26 17 2 8 10 15 22 29 35 7 12 40 9 45 28 14 50 30 18 49 41 16 42 24 23 39 36 20 38 5 37 

Inst_Index:4748 	 City_Num:50 	 Concorde:5.873768 	 MCTS:5.873768 Improve:0.000000 	 Time:3.76 Seconds
Solution: 1 36 21 28 48 34 20 14 4 49 27 12 23 7 8 30 43 26 40 13 45 11 42 29 15 32 35 50 18 24 6 46 31 9 10 41 44 47 5 38 2 22 16 25 17 33 3 39 37 19 

Inst_Index:4749 	 City_Num:50 	 Concorde:5.828804 	 MCTS:5.828804 Improve:0.000000 	 Time:3.76 Seconds
Solution: 1 44 48 6 27 13 5 20 47 40 23 16 36 33 34 19 42 46 14 45 25 8 15 7 12 43 4 29 18 10 41 37 21 49 24 30 38 2 32 9 50 31 22 11 39 3 26 17 28 35 

Inst_Index:4750 	 City_Num:50 	 Concorde:5.822990 	 MCTS:5.822990 Improve:0.000000 	 Time:3.75 Seconds
Solution: 1 8 22 42 17 27 14 23 33 30 25 41 35 28 2 6 40 44 45 5 9 20 3 10 24 39 29 21 38 4 43 16 48 37 31 47 50 46 36 49 18 26 7 12 11 15 34 19 32 13 

Inst_Index:4751 	 City_Num:50 	 Concorde:5.242688 	 MCTS:5.242688 Improve:0.000000 	 Time:3.75 Seconds
Solution: 1 3 35 46 36 33 10 24 47 11 38 7 27 31 41 6 2 48 26 23 15 25 4 21 9 8 44 5 20 39 50 43 16 29 28 40 30 42 19 49 32 37 13 18 17 45 34 14 22 12 

Inst_Index:4752 	 City_Num:50 	 Concorde:5.663222 	 MCTS:5.663222 Improve:-0.000000 	 Time:3.76 Seconds
Solution: 1 36 27 10 35 40 18 3 22 33 39 16 5 7 8 26 19 9 13 45 38 47 44 30 41 49 20 23 46 17 2 12 42 31 15 14 6 32 25 34 24 21 48 37 4 43 28 11 50 29 

Inst_Index:4753 	 City_Num:50 	 Concorde:6.125578 	 MCTS:6.125578 Improve:0.000000 	 Time:3.77 Seconds
Solution: 1 23 39 49 32 24 5 11 40 12 10 13 8 46 4 2 3 6 38 21 44 22 41 17 20 15 7 14 50 33 43 25 9 28 35 19 45 47 34 27 16 30 48 31 42 36 37 29 18 26 

Inst_Index:4754 	 City_Num:50 	 Concorde:5.778453 	 MCTS:5.778453 Improve:0.000000 	 Time:3.76 Seconds
Solution: 1 29 9 10 25 17 44 23 27 3 36 18 14 16 49 31 4 28 21 26 48 8 32 41 6 50 12 34 40 45 7 5 43 39 35 37 19 15 38 13 47 24 42 20 46 2 22 33 11 30 

Inst_Index:4755 	 City_Num:50 	 Concorde:5.833779 	 MCTS:5.833445 Improve:0.000333 	 Time:3.75 Seconds
Solution: 1 14 10 33 29 16 44 32 15 25 42 45 40 11 38 49 20 4 2 37 13 23 27 36 12 46 28 26 7 8 24 34 39 50 6 19 48 3 41 18 22 43 21 35 30 31 9 5 17 47 

Inst_Index:4756 	 City_Num:50 	 Concorde:5.438428 	 MCTS:5.438428 Improve:-0.000000 	 Time:3.77 Seconds
Solution: 1 41 30 29 7 42 17 28 22 25 38 45 4 21 20 36 31 46 23 33 44 6 19 13 15 40 11 14 18 16 10 8 47 12 32 3 34 9 43 39 2 48 27 5 24 37 49 35 50 26 

Inst_Index:4757 	 City_Num:50 	 Concorde:4.927837 	 MCTS:4.927837 Improve:0.000000 	 Time:3.75 Seconds
Solution: 1 27 29 45 46 3 40 37 8 47 9 14 28 25 48 42 10 6 26 44 18 31 49 50 4 12 22 15 41 39 13 43 38 33 20 30 36 19 5 24 11 2 21 7 23 34 32 16 35 17 

Inst_Index:4758 	 City_Num:50 	 Concorde:5.410795 	 MCTS:5.410795 Improve:-0.000000 	 Time:3.76 Seconds
Solution: 1 33 21 12 17 9 31 5 29 8 28 44 48 4 46 47 24 38 45 11 39 6 14 32 36 34 3 23 7 50 16 37 25 10 22 18 13 2 15 35 30 40 27 43 41 26 20 49 19 42 

Inst_Index:4759 	 City_Num:50 	 Concorde:5.496620 	 MCTS:5.496620 Improve:-0.000000 	 Time:3.75 Seconds
Solution: 1 6 41 49 24 16 35 28 27 23 15 11 50 9 30 34 19 4 40 33 10 45 32 12 2 46 13 22 47 14 18 38 36 20 25 37 39 5 8 29 26 7 31 44 17 43 21 42 3 48 

Inst_Index:4760 	 City_Num:50 	 Concorde:6.224958 	 MCTS:6.221405 Improve:0.003553 	 Time:3.76 Seconds
Solution: 1 23 41 37 26 9 40 12 22 32 7 35 39 48 47 10 8 30 18 34 31 14 11 17 6 25 16 4 46 50 19 45 21 20 49 43 13 33 3 42 15 24 27 28 2 36 5 38 44 29 

Inst_Index:4761 	 City_Num:50 	 Concorde:5.820267 	 MCTS:5.820267 Improve:0.000000 	 Time:3.75 Seconds
Solution: 1 17 37 32 20 3 23 4 38 19 29 49 28 12 31 21 5 9 46 42 43 11 2 47 6 27 39 26 16 30 41 8 33 14 15 40 50 22 44 24 18 10 7 36 35 45 48 25 13 34 

Inst_Index:4762 	 City_Num:50 	 Concorde:5.588195 	 MCTS:5.588195 Improve:0.000000 	 Time:3.75 Seconds
Solution: 1 14 11 35 32 3 15 40 31 49 30 26 34 18 42 25 46 20 12 33 39 23 37 38 16 17 5 24 47 27 10 44 4 13 28 21 48 29 2 41 22 6 7 50 9 8 45 43 36 19 

Inst_Index:4763 	 City_Num:50 	 Concorde:5.423842 	 MCTS:5.423842 Improve:0.000000 	 Time:3.76 Seconds
Solution: 1 42 26 13 4 29 35 11 22 37 39 45 23 2 34 24 40 33 31 12 10 38 20 6 27 21 3 41 50 25 36 14 17 5 46 15 19 48 28 47 32 8 44 16 9 7 30 49 18 43 

Inst_Index:4764 	 City_Num:50 	 Concorde:5.673900 	 MCTS:5.672754 Improve:0.001146 	 Time:3.78 Seconds
Solution: 1 12 5 20 4 39 37 9 8 11 10 30 19 17 33 22 26 45 50 14 38 13 15 46 42 31 21 43 27 18 23 16 32 49 28 7 36 44 24 3 35 48 6 47 34 40 2 25 41 29 

Inst_Index:4765 	 City_Num:50 	 Concorde:5.706624 	 MCTS:5.706624 Improve:-0.000000 	 Time:3.76 Seconds
Solution: 1 3 24 33 26 8 4 27 35 19 7 18 15 25 42 23 45 17 5 36 28 50 21 49 46 20 32 40 6 30 37 22 12 34 29 10 16 39 47 44 48 31 13 43 14 41 11 38 9 2 

Inst_Index:4766 	 City_Num:50 	 Concorde:5.430868 	 MCTS:5.430001 Improve:0.000868 	 Time:3.77 Seconds
Solution: 1 50 21 34 46 14 44 38 39 25 22 28 15 30 10 48 18 29 23 6 9 49 43 27 16 5 2 35 40 11 13 47 19 32 31 45 24 12 4 33 17 42 36 8 41 26 37 20 3 7 

Inst_Index:4767 	 City_Num:50 	 Concorde:5.365835 	 MCTS:5.363580 Improve:0.002255 	 Time:3.76 Seconds
Solution: 1 34 11 26 21 50 10 37 27 33 23 38 8 15 24 44 49 18 12 13 17 36 48 9 4 41 39 46 19 5 3 31 43 22 20 45 35 42 2 30 32 7 14 40 28 47 6 25 29 16 

Inst_Index:4768 	 City_Num:50 	 Concorde:6.200989 	 MCTS:6.200989 Improve:0.000000 	 Time:3.76 Seconds
Solution: 1 23 41 27 50 6 22 33 25 37 7 5 3 38 35 44 46 45 30 9 8 21 32 43 28 31 15 13 14 29 2 12 47 39 24 20 40 18 36 4 26 16 48 10 34 19 17 42 11 49 

Inst_Index:4769 	 City_Num:50 	 Concorde:5.958958 	 MCTS:5.958958 Improve:0.000000 	 Time:3.75 Seconds
Solution: 1 30 18 27 15 19 24 48 26 41 28 4 35 45 6 50 29 47 16 11 10 31 43 5 14 37 32 13 49 3 12 25 42 23 17 36 20 46 21 7 39 22 38 34 9 44 40 33 2 8 

Inst_Index:4770 	 City_Num:50 	 Concorde:5.691674 	 MCTS:5.691674 Improve:-0.000000 	 Time:3.76 Seconds
Solution: 1 20 17 42 37 38 12 11 25 46 10 43 6 32 39 16 9 5 31 27 24 35 19 49 7 3 36 48 29 21 41 15 18 40 8 47 2 28 4 45 23 44 30 26 22 33 14 13 34 50 

Inst_Index:4771 	 City_Num:50 	 Concorde:5.787074 	 MCTS:5.784723 Improve:0.002351 	 Time:3.76 Seconds
Solution: 1 50 32 15 17 35 43 27 18 21 49 42 33 46 12 8 38 10 2 20 24 37 26 41 30 25 45 23 28 3 19 13 48 16 29 11 14 5 34 31 40 6 7 4 44 47 39 22 9 36 

Inst_Index:4772 	 City_Num:50 	 Concorde:5.782831 	 MCTS:5.781049 Improve:0.001782 	 Time:3.76 Seconds
Solution: 1 7 37 15 40 14 41 19 13 3 12 21 22 48 6 20 42 27 9 8 34 26 39 49 31 24 10 29 2 16 4 11 25 46 28 43 23 36 33 30 45 18 47 50 35 5 38 44 32 17 

Inst_Index:4773 	 City_Num:50 	 Concorde:5.768654 	 MCTS:5.768654 Improve:0.000000 	 Time:3.77 Seconds
Solution: 1 20 34 40 38 45 11 37 15 26 2 33 18 30 21 28 3 47 29 17 23 19 46 32 5 8 39 13 31 41 49 27 50 44 24 7 35 22 25 4 14 9 10 43 12 42 16 48 36 6 

Inst_Index:4774 	 City_Num:50 	 Concorde:5.298612 	 MCTS:5.298612 Improve:0.000000 	 Time:3.76 Seconds
Solution: 1 15 36 50 6 41 37 21 25 23 9 7 47 5 42 40 18 16 49 24 10 29 34 27 13 46 14 4 30 32 19 22 33 38 31 35 3 11 2 28 26 39 8 12 44 45 48 43 17 20 

Inst_Index:4775 	 City_Num:50 	 Concorde:5.418397 	 MCTS:5.418397 Improve:0.000000 	 Time:3.75 Seconds
Solution: 1 19 40 42 5 33 44 43 22 11 48 25 16 9 8 12 23 26 49 20 7 46 41 10 39 4 18 13 6 2 14 32 47 28 29 37 34 50 35 17 30 31 36 21 3 27 15 45 38 24 

Inst_Index:4776 	 City_Num:50 	 Concorde:5.648865 	 MCTS:5.648865 Improve:0.000000 	 Time:3.76 Seconds
Solution: 1 22 50 28 30 18 37 24 7 40 12 10 47 48 39 44 15 49 6 42 29 17 27 32 4 14 33 23 20 19 8 11 13 35 21 25 26 36 41 9 16 5 2 43 34 46 45 3 31 38 

Inst_Index:4777 	 City_Num:50 	 Concorde:5.970919 	 MCTS:5.970919 Improve:0.000000 	 Time:3.75 Seconds
Solution: 1 44 33 4 8 7 36 31 16 34 15 32 6 18 17 9 21 12 45 47 23 10 49 48 5 19 43 26 3 30 41 40 37 50 38 22 11 35 28 13 20 42 27 39 46 29 2 24 25 14 

Inst_Index:4778 	 City_Num:50 	 Concorde:5.143436 	 MCTS:5.140970 Improve:0.002466 	 Time:3.75 Seconds
Solution: 1 9 34 21 19 32 46 25 35 33 29 5 48 2 28 10 20 16 22 24 7 31 23 3 15 4 49 8 17 50 40 44 43 39 27 30 11 38 14 13 12 18 36 6 42 37 47 26 41 45 

Inst_Index:4779 	 City_Num:50 	 Concorde:5.677561 	 MCTS:5.672058 Improve:0.005503 	 Time:3.76 Seconds
Solution: 1 12 9 43 26 42 44 3 47 22 46 18 7 17 5 38 37 33 16 45 4 29 27 10 30 34 14 32 20 28 36 21 31 35 24 39 25 15 11 40 2 49 8 23 41 13 6 50 19 48 

Inst_Index:4780 	 City_Num:50 	 Concorde:5.305851 	 MCTS:5.305851 Improve:0.000000 	 Time:3.76 Seconds
Solution: 1 39 3 23 21 17 12 41 11 25 29 4 38 15 43 28 6 45 20 22 30 44 5 26 42 49 48 40 2 35 33 7 18 32 24 13 31 50 16 10 9 46 14 8 37 19 47 27 34 36 

Inst_Index:4781 	 City_Num:50 	 Concorde:6.031257 	 MCTS:6.025282 Improve:0.005975 	 Time:3.76 Seconds
Solution: 1 12 46 48 25 5 3 49 15 23 19 42 7 20 2 47 44 31 41 29 4 45 35 14 17 21 9 28 24 16 6 22 18 8 13 32 50 33 11 26 38 27 10 43 40 34 39 36 37 30 

Inst_Index:4782 	 City_Num:50 	 Concorde:5.689627 	 MCTS:5.689627 Improve:-0.000000 	 Time:3.75 Seconds
Solution: 1 18 45 43 2 38 24 29 36 30 9 15 42 22 37 35 48 49 44 50 47 7 5 10 46 6 17 41 16 11 8 32 28 21 12 20 13 4 26 34 3 40 25 23 39 31 19 27 14 33 

Inst_Index:4783 	 City_Num:50 	 Concorde:5.715557 	 MCTS:5.715557 Improve:0.000000 	 Time:3.77 Seconds
Solution: 1 33 7 21 14 39 2 50 42 35 15 6 22 44 5 17 11 34 48 9 3 16 40 23 45 26 47 29 19 24 31 32 25 4 49 13 36 38 10 8 18 27 43 37 28 41 20 30 46 12 

Inst_Index:4784 	 City_Num:50 	 Concorde:5.780889 	 MCTS:5.780889 Improve:-0.000000 	 Time:3.75 Seconds
Solution: 1 17 20 45 37 21 42 36 14 34 15 9 5 43 47 39 11 38 28 27 33 13 30 22 32 16 19 35 40 29 24 8 2 44 25 31 26 4 10 6 41 18 12 48 3 7 50 23 46 49 

Inst_Index:4785 	 City_Num:50 	 Concorde:5.536981 	 MCTS:5.536981 Improve:0.000000 	 Time:3.77 Seconds
Solution: 1 10 43 45 18 44 13 5 15 29 14 32 17 35 8 19 49 50 28 40 38 11 36 7 37 16 4 22 21 30 47 46 41 23 20 6 34 2 3 31 27 26 39 12 42 25 48 24 9 33 

Inst_Index:4786 	 City_Num:50 	 Concorde:5.414246 	 MCTS:5.407265 Improve:0.006981 	 Time:3.76 Seconds
Solution: 1 14 27 28 15 24 38 9 49 10 17 12 33 43 45 42 6 48 4 20 35 50 26 44 25 41 19 22 29 46 16 18 7 30 36 11 32 8 2 34 21 5 40 3 23 47 37 13 39 31 

Inst_Index:4787 	 City_Num:50 	 Concorde:5.497183 	 MCTS:5.497183 Improve:-0.000000 	 Time:3.76 Seconds
Solution: 1 5 9 41 22 43 19 24 2 3 50 34 27 31 20 6 46 26 40 33 47 30 12 35 25 32 4 28 15 38 44 45 39 18 48 13 7 36 49 17 16 8 11 23 21 42 29 10 14 37 

Inst_Index:4788 	 City_Num:50 	 Concorde:5.828530 	 MCTS:5.825277 Improve:0.003253 	 Time:3.76 Seconds
Solution: 1 37 7 27 23 49 45 14 24 25 11 22 4 10 46 44 8 16 13 19 6 40 36 30 28 48 20 34 12 3 39 47 18 41 42 26 35 38 5 31 43 17 2 21 33 9 15 32 50 29 

Inst_Index:4789 	 City_Num:50 	 Concorde:5.855635 	 MCTS:5.855635 Improve:-0.000000 	 Time:3.76 Seconds
Solution: 1 6 34 49 30 35 15 9 16 42 50 28 22 38 4 13 18 46 10 33 17 14 36 12 23 48 39 5 27 7 26 43 21 25 31 11 3 20 45 8 19 44 29 41 32 37 40 24 2 47 

Inst_Index:4790 	 City_Num:50 	 Concorde:5.697568 	 MCTS:5.696285 Improve:0.001283 	 Time:3.76 Seconds
Solution: 1 14 23 4 10 31 36 46 42 34 6 15 35 22 40 5 16 27 26 49 39 37 38 50 3 8 11 44 24 29 30 7 28 43 13 2 48 41 45 12 32 47 9 18 17 33 19 21 25 20 

Inst_Index:4791 	 City_Num:50 	 Concorde:5.700919 	 MCTS:5.700919 Improve:-0.000000 	 Time:3.75 Seconds
Solution: 1 2 37 30 3 39 29 7 44 9 26 5 22 4 20 45 15 14 12 8 47 41 6 25 43 50 40 17 31 42 13 16 24 18 28 35 49 10 11 36 38 21 34 23 27 19 46 48 33 32 

Inst_Index:4792 	 City_Num:50 	 Concorde:5.842057 	 MCTS:5.842057 Improve:0.000000 	 Time:3.77 Seconds
Solution: 1 20 21 11 40 39 27 13 8 29 15 43 5 45 47 35 26 9 50 28 42 19 36 10 33 38 46 44 37 41 23 14 48 18 2 17 3 32 31 16 12 30 34 25 24 7 49 6 4 22 

Inst_Index:4793 	 City_Num:50 	 Concorde:5.699632 	 MCTS:5.697615 Improve:0.002017 	 Time:3.75 Seconds
Solution: 1 31 37 16 18 28 2 32 11 3 23 22 46 48 36 49 29 43 4 35 39 14 27 5 13 40 21 19 25 8 33 15 24 20 17 45 44 9 12 50 7 6 10 26 34 42 38 41 47 30 

Inst_Index:4794 	 City_Num:50 	 Concorde:5.561523 	 MCTS:5.561523 Improve:0.000000 	 Time:3.77 Seconds
Solution: 1 17 19 9 21 45 11 46 44 8 25 26 39 29 3 6 7 50 14 23 28 49 10 38 12 22 30 42 37 13 32 40 20 27 24 36 16 43 34 2 41 15 4 18 48 31 47 5 33 35 

Inst_Index:4795 	 City_Num:50 	 Concorde:5.914825 	 MCTS:5.914825 Improve:-0.000000 	 Time:3.76 Seconds
Solution: 1 42 33 32 38 46 10 29 3 50 40 21 27 37 22 36 19 41 26 2 4 47 15 49 9 6 12 7 31 18 11 35 24 8 43 14 39 16 30 5 28 34 44 45 23 20 17 48 25 13 

Inst_Index:4796 	 City_Num:50 	 Concorde:5.958364 	 MCTS:5.958364 Improve:-0.000000 	 Time:3.77 Seconds
Solution: 1 34 30 20 43 24 35 45 12 18 5 27 44 25 4 7 3 6 36 17 46 16 38 15 21 48 8 32 9 2 29 50 14 41 40 39 28 10 47 11 42 37 23 26 22 49 33 13 19 31 

Inst_Index:4797 	 City_Num:50 	 Concorde:6.093586 	 MCTS:6.088185 Improve:0.005401 	 Time:3.76 Seconds
Solution: 1 50 32 14 45 16 25 7 11 49 6 19 38 31 39 43 23 48 34 26 24 10 46 5 30 33 4 3 40 18 42 36 9 2 28 17 41 13 37 12 47 20 27 35 21 8 44 29 22 15 

Inst_Index:4798 	 City_Num:50 	 Concorde:6.086514 	 MCTS:6.086514 Improve:-0.000000 	 Time:3.77 Seconds
Solution: 1 27 20 46 50 8 15 35 7 41 11 40 29 21 30 36 23 19 33 14 25 17 3 43 6 37 2 24 4 12 42 49 38 13 10 32 48 45 34 5 18 31 22 26 9 39 44 47 16 28 

Inst_Index:4799 	 City_Num:50 	 Concorde:5.649048 	 MCTS:5.648309 Improve:0.000740 	 Time:3.76 Seconds
Solution: 1 47 25 13 41 32 49 15 42 40 17 19 35 23 8 37 9 20 10 34 3 27 31 36 46 2 48 50 11 33 28 4 38 16 44 39 6 14 21 5 22 18 30 29 7 45 43 12 24 26 

Inst_Index:4800 	 City_Num:50 	 Concorde:5.678878 	 MCTS:5.678878 Improve:0.000000 	 Time:3.76 Seconds
Solution: 1 44 26 50 20 38 29 25 16 48 14 28 24 32 37 42 21 3 10 9 31 19 7 27 13 35 22 34 8 46 45 23 4 17 15 39 36 2 40 6 49 18 47 30 5 12 41 43 11 33 

Inst_Index:4801 	 City_Num:50 	 Concorde:5.413789 	 MCTS:5.413789 Improve:0.000000 	 Time:3.77 Seconds
Solution: 1 5 35 43 7 12 17 45 14 13 29 3 49 28 37 24 32 2 42 15 44 25 6 10 20 18 26 36 23 16 47 39 30 22 4 31 8 40 50 9 33 41 46 11 21 48 19 38 27 34 

Inst_Index:4802 	 City_Num:50 	 Concorde:5.845644 	 MCTS:5.845644 Improve:0.000000 	 Time:3.77 Seconds
Solution: 1 5 22 20 43 23 4 7 13 48 50 29 38 12 3 30 18 28 6 9 11 14 49 46 2 35 44 32 8 36 19 16 26 45 40 41 25 42 10 39 24 33 21 37 34 15 47 17 31 27 

Inst_Index:4803 	 City_Num:50 	 Concorde:5.786160 	 MCTS:5.781645 Improve:0.004516 	 Time:3.77 Seconds
Solution: 1 6 8 42 45 29 33 11 15 30 5 16 13 38 17 41 36 25 44 3 50 26 12 4 34 22 24 46 27 40 49 23 9 2 31 14 10 7 43 39 32 28 48 19 18 37 35 20 21 47 

Inst_Index:4804 	 City_Num:50 	 Concorde:5.436972 	 MCTS:5.436972 Improve:0.000000 	 Time:3.75 Seconds
Solution: 1 22 29 45 8 41 23 43 6 25 7 19 24 37 39 38 9 44 12 36 50 27 17 30 28 14 11 20 40 46 4 33 16 3 21 31 34 13 48 32 47 49 35 26 15 2 42 18 10 5 

Inst_Index:4805 	 City_Num:50 	 Concorde:5.535957 	 MCTS:5.535957 Improve:0.000000 	 Time:3.77 Seconds
Solution: 1 34 17 27 19 11 20 43 45 9 8 50 44 26 39 30 6 37 33 28 29 40 16 3 46 31 2 48 13 15 35 38 47 4 42 14 25 5 21 12 24 23 49 10 36 18 22 32 41 7 

Inst_Index:4806 	 City_Num:50 	 Concorde:6.093754 	 MCTS:6.093754 Improve:0.000000 	 Time:3.76 Seconds
Solution: 1 18 24 49 42 28 45 35 23 7 14 9 43 40 19 13 26 27 17 12 36 21 20 29 47 6 34 11 37 10 30 4 5 3 41 15 25 50 48 44 33 32 22 16 38 39 46 8 2 31 

Inst_Index:4807 	 City_Num:50 	 Concorde:5.629836 	 MCTS:5.629836 Improve:-0.000000 	 Time:3.76 Seconds
Solution: 1 22 8 16 10 26 21 41 49 15 20 31 47 13 28 34 24 9 29 6 42 17 18 23 44 50 46 12 33 14 38 45 2 4 5 7 25 36 32 19 11 3 48 43 35 27 40 30 39 37 

Inst_Index:4808 	 City_Num:50 	 Concorde:5.679057 	 MCTS:5.676157 Improve:0.002900 	 Time:3.76 Seconds
Solution: 1 32 49 44 6 36 29 47 4 9 40 45 10 34 27 41 43 38 39 19 13 2 35 12 48 31 26 33 28 18 30 16 37 14 5 8 50 11 46 25 7 22 20 3 15 17 42 24 23 21 

Inst_Index:4809 	 City_Num:50 	 Concorde:5.785564 	 MCTS:5.780119 Improve:0.005446 	 Time:3.75 Seconds
Solution: 1 46 8 17 33 36 22 24 32 47 44 12 18 2 3 29 21 15 19 50 14 48 13 28 31 16 39 42 37 30 5 26 40 38 20 35 45 7 9 11 4 43 49 25 41 10 34 23 6 27 

Inst_Index:4810 	 City_Num:50 	 Concorde:5.946564 	 MCTS:5.946550 Improve:0.000014 	 Time:3.75 Seconds
Solution: 1 37 17 12 9 45 13 2 32 41 27 42 15 34 3 16 39 24 21 10 29 23 46 22 11 28 44 26 36 49 31 48 47 5 18 25 6 4 43 7 40 8 19 14 50 30 33 38 35 20 

Inst_Index:4811 	 City_Num:50 	 Concorde:5.547641 	 MCTS:5.547641 Improve:0.000000 	 Time:3.75 Seconds
Solution: 1 50 47 28 36 22 26 20 38 8 10 33 19 46 30 35 15 21 25 48 5 3 7 40 14 16 11 49 27 12 23 44 42 32 6 29 37 24 17 2 45 31 41 13 4 39 43 9 18 34 

Inst_Index:4812 	 City_Num:50 	 Concorde:6.077878 	 MCTS:6.077878 Improve:0.000000 	 Time:3.76 Seconds
Solution: 1 48 41 34 28 16 23 21 17 3 12 33 42 7 29 25 31 4 18 36 45 27 38 13 35 40 6 46 43 30 9 11 19 39 26 20 37 14 15 22 8 49 44 50 24 32 10 2 47 5 

Inst_Index:4813 	 City_Num:50 	 Concorde:5.411249 	 MCTS:5.408270 Improve:0.002978 	 Time:3.75 Seconds
Solution: 1 7 46 47 42 17 21 8 3 13 28 18 20 26 48 5 23 29 16 15 37 2 30 19 14 44 43 41 35 34 39 45 12 6 25 40 24 50 4 38 31 33 49 10 32 36 22 27 9 11 

Inst_Index:4814 	 City_Num:50 	 Concorde:5.966386 	 MCTS:5.966386 Improve:-0.000000 	 Time:3.76 Seconds
Solution: 1 7 40 32 37 3 11 30 29 36 23 46 12 50 22 9 8 16 33 27 49 17 31 13 6 38 42 26 43 44 2 41 15 5 34 21 24 4 39 28 18 45 47 14 19 48 35 25 10 20 

Inst_Index:4815 	 City_Num:50 	 Concorde:5.624562 	 MCTS:5.624562 Improve:0.000000 	 Time:3.76 Seconds
Solution: 1 37 17 30 11 42 6 4 27 22 50 33 13 7 10 23 9 21 47 40 8 46 16 25 48 26 32 44 29 35 24 36 31 43 15 45 19 49 2 28 12 34 41 18 38 39 3 14 20 5 

Inst_Index:4816 	 City_Num:50 	 Concorde:5.483848 	 MCTS:5.478772 Improve:0.005075 	 Time:3.76 Seconds
Solution: 1 46 22 17 49 3 10 47 40 42 19 43 37 23 45 34 29 31 9 26 35 28 18 12 39 11 8 15 38 30 21 16 50 13 32 41 27 7 14 5 33 4 24 2 20 25 36 48 6 44 

Inst_Index:4817 	 City_Num:50 	 Concorde:6.059709 	 MCTS:6.051972 Improve:0.007737 	 Time:3.76 Seconds
Solution: 1 25 19 2 44 18 31 24 41 46 30 26 47 28 15 21 12 49 9 16 13 23 20 7 27 10 34 37 8 32 5 45 4 22 17 33 40 11 6 29 3 48 14 39 35 50 42 36 43 38 

Inst_Index:4818 	 City_Num:50 	 Concorde:5.963005 	 MCTS:5.962587 Improve:0.000418 	 Time:3.76 Seconds
Solution: 1 8 3 39 30 42 49 13 48 50 12 27 4 5 26 29 19 31 32 21 47 14 40 37 36 28 33 24 23 20 16 46 9 17 6 22 44 35 43 15 10 34 11 45 18 41 2 38 7 25 

Inst_Index:4819 	 City_Num:50 	 Concorde:5.563898 	 MCTS:5.560168 Improve:0.003730 	 Time:3.77 Seconds
Solution: 1 44 9 2 32 36 18 16 3 21 47 34 19 38 40 35 10 24 12 15 46 11 7 23 30 48 29 31 43 27 45 22 8 49 5 26 28 33 25 13 4 50 37 39 6 14 42 20 41 17 

Inst_Index:4820 	 City_Num:50 	 Concorde:5.902665 	 MCTS:5.900550 Improve:0.002115 	 Time:3.77 Seconds
Solution: 1 41 23 30 18 7 44 20 11 32 4 15 28 8 17 24 13 16 38 19 29 14 34 35 3 25 47 5 33 42 12 50 48 37 6 10 46 22 26 36 2 43 40 45 31 21 27 39 49 9 

Inst_Index:4821 	 City_Num:50 	 Concorde:5.558082 	 MCTS:5.555575 Improve:0.002507 	 Time:3.76 Seconds
Solution: 1 35 32 18 11 49 28 39 45 3 30 34 42 40 43 37 15 48 19 17 23 47 46 21 5 31 12 24 29 36 10 50 8 33 44 2 13 9 22 25 4 20 16 14 6 41 38 7 27 26 

Inst_Index:4822 	 City_Num:50 	 Concorde:5.605539 	 MCTS:5.600441 Improve:0.005098 	 Time:3.75 Seconds
Solution: 1 34 14 45 42 32 7 26 3 47 22 4 10 46 27 41 28 48 16 6 19 17 35 5 20 37 31 15 9 39 21 25 33 8 40 36 43 44 29 18 24 23 50 30 38 2 11 49 12 13 

Inst_Index:4823 	 City_Num:50 	 Concorde:5.305242 	 MCTS:5.303608 Improve:0.001635 	 Time:3.75 Seconds
Solution: 1 18 42 25 9 22 35 28 48 37 7 12 33 10 32 24 41 43 16 44 30 27 5 40 23 21 17 4 2 38 49 31 15 45 20 29 14 46 13 39 3 36 11 8 6 26 34 47 19 50 

Inst_Index:4824 	 City_Num:50 	 Concorde:5.773036 	 MCTS:5.772317 Improve:0.000719 	 Time:3.77 Seconds
Solution: 1 26 19 22 36 31 8 21 48 43 12 20 2 50 11 30 39 13 18 9 17 16 35 28 44 25 47 14 49 42 33 27 24 3 38 15 23 32 34 5 40 41 6 7 29 10 45 46 4 37 

Inst_Index:4825 	 City_Num:50 	 Concorde:5.857131 	 MCTS:5.857131 Improve:0.000000 	 Time:3.76 Seconds
Solution: 1 27 17 20 9 15 2 47 19 14 36 8 30 5 29 23 31 28 33 13 48 21 43 49 18 25 4 34 50 44 39 32 38 11 6 12 16 40 3 41 22 26 7 46 45 42 37 35 10 24 

Inst_Index:4826 	 City_Num:50 	 Concorde:5.530514 	 MCTS:5.529679 Improve:0.000835 	 Time:3.78 Seconds
Solution: 1 30 37 31 6 14 2 40 41 9 27 16 11 45 32 7 38 12 20 15 29 48 22 28 39 34 25 26 47 13 23 19 18 10 4 36 46 21 5 49 35 33 44 3 8 17 24 43 42 50 

Inst_Index:4827 	 City_Num:50 	 Concorde:5.620623 	 MCTS:5.619925 Improve:0.000698 	 Time:3.77 Seconds
Solution: 1 37 36 48 33 23 28 39 46 12 10 20 18 6 2 17 25 24 16 45 3 27 7 11 34 44 29 40 21 38 31 5 32 47 26 8 9 15 22 35 42 43 4 14 50 13 30 19 41 49 

Inst_Index:4828 	 City_Num:50 	 Concorde:5.471113 	 MCTS:5.468650 Improve:0.002463 	 Time:3.77 Seconds
Solution: 1 5 48 45 16 26 19 27 18 38 39 40 17 22 29 20 34 14 21 10 3 30 35 32 28 2 37 4 15 36 43 9 23 8 12 13 11 24 49 31 47 41 33 44 6 7 50 46 42 25 

Inst_Index:4829 	 City_Num:50 	 Concorde:5.570583 	 MCTS:5.570583 Improve:0.000000 	 Time:3.76 Seconds
Solution: 1 14 20 33 29 12 16 50 10 32 13 4 43 42 28 40 34 9 23 25 45 37 5 27 7 38 49 8 24 46 26 19 6 17 44 21 39 35 36 11 31 18 3 15 48 22 30 41 2 47 

Inst_Index:4830 	 City_Num:50 	 Concorde:6.206866 	 MCTS:6.206866 Improve:0.000000 	 Time:3.77 Seconds
Solution: 1 46 20 33 6 24 14 21 47 43 13 28 38 25 4 42 32 2 17 36 45 31 16 48 19 27 12 11 9 18 35 37 23 50 34 10 3 41 30 7 26 49 44 22 15 40 8 39 5 29 

Inst_Index:4831 	 City_Num:50 	 Concorde:5.353772 	 MCTS:5.353772 Improve:-0.000000 	 Time:3.77 Seconds
Solution: 1 8 29 49 38 48 11 43 12 36 23 42 30 13 16 6 31 46 17 40 21 34 45 10 5 7 14 4 37 20 35 19 22 39 26 2 28 9 24 15 18 32 41 25 27 3 44 33 47 50 

Inst_Index:4832 	 City_Num:50 	 Concorde:5.314154 	 MCTS:5.314154 Improve:0.000000 	 Time:3.76 Seconds
Solution: 1 41 22 12 48 38 17 35 11 15 43 28 9 42 16 30 40 14 39 20 5 44 37 13 46 27 31 7 10 47 26 33 50 24 19 45 8 49 25 29 36 6 18 2 4 34 3 32 21 23 

Inst_Index:4833 	 City_Num:50 	 Concorde:6.205722 	 MCTS:6.205722 Improve:-0.000000 	 Time:3.75 Seconds
Solution: 1 26 16 20 36 44 35 11 15 42 9 13 34 49 31 41 32 40 3 48 25 8 33 23 12 46 29 27 39 47 21 22 24 30 5 43 10 50 28 38 14 4 18 19 17 37 7 2 6 45 

Inst_Index:4834 	 City_Num:50 	 Concorde:5.212857 	 MCTS:5.212857 Improve:0.000000 	 Time:3.76 Seconds
Solution: 1 47 40 19 38 42 29 17 8 23 15 10 31 13 43 44 28 7 45 50 48 34 2 21 11 5 22 27 26 25 14 4 32 46 12 41 18 9 6 33 36 3 20 30 49 24 35 37 16 39 

Inst_Index:4835 	 City_Num:50 	 Concorde:5.674140 	 MCTS:5.674140 Improve:0.000000 	 Time:3.76 Seconds
Solution: 1 35 3 38 40 43 17 20 22 14 13 25 2 6 24 50 47 34 16 46 28 12 10 8 19 31 48 26 27 36 32 21 4 33 7 18 41 5 39 37 15 9 29 30 49 44 11 42 45 23 

Inst_Index:4836 	 City_Num:50 	 Concorde:5.112841 	 MCTS:5.112841 Improve:0.000000 	 Time:3.75 Seconds
Solution: 1 29 41 16 33 22 35 28 26 15 34 37 39 45 23 9 4 7 11 5 13 19 36 17 14 3 40 48 12 44 25 43 30 46 50 32 2 49 6 8 38 31 20 24 10 18 21 47 42 27 

Inst_Index:4837 	 City_Num:50 	 Concorde:6.021647 	 MCTS:6.021647 Improve:-0.000000 	 Time:3.77 Seconds
Solution: 1 19 23 48 38 35 49 34 11 10 17 20 29 12 50 2 31 40 14 43 42 13 33 24 37 30 47 18 26 9 44 5 3 6 21 41 22 7 27 45 4 46 39 32 16 15 25 8 28 36 

Inst_Index:4838 	 City_Num:50 	 Concorde:5.567241 	 MCTS:5.567241 Improve:0.000000 	 Time:3.75 Seconds
Solution: 1 13 15 20 45 3 17 9 30 33 25 11 22 46 40 10 47 4 38 48 43 18 8 27 29 35 21 32 42 39 14 16 49 44 36 24 2 37 26 5 7 28 50 34 41 6 23 31 19 12 

Inst_Index:4839 	 City_Num:50 	 Concorde:6.268465 	 MCTS:6.268465 Improve:0.000000 	 Time:3.76 Seconds
Solution: 1 42 12 29 49 27 7 21 46 8 39 28 13 15 11 45 32 26 34 6 25 23 19 5 18 50 33 41 44 36 47 14 3 31 20 9 48 37 10 38 24 43 4 30 35 16 22 2 17 40 

Inst_Index:4840 	 City_Num:50 	 Concorde:5.166116 	 MCTS:5.165227 Improve:0.000889 	 Time:3.76 Seconds
Solution: 1 36 8 35 31 7 17 16 14 33 21 18 22 15 12 24 9 30 3 19 50 25 46 4 32 20 45 49 44 34 48 11 42 38 39 40 27 37 43 13 23 2 29 5 6 41 47 26 10 28 

Inst_Index:4841 	 City_Num:50 	 Concorde:5.746581 	 MCTS:5.746581 Improve:-0.000000 	 Time:3.75 Seconds
Solution: 1 14 2 21 43 3 9 31 13 37 34 4 16 7 15 24 30 41 8 36 12 23 19 27 49 47 42 38 11 32 29 22 18 20 28 33 50 40 6 26 10 48 5 25 35 45 17 39 44 46 

Inst_Index:4842 	 City_Num:50 	 Concorde:5.491225 	 MCTS:5.491225 Improve:0.000000 	 Time:3.76 Seconds
Solution: 1 13 19 4 12 17 25 45 37 39 6 11 47 30 21 31 10 43 46 8 2 27 38 50 34 20 5 22 28 23 44 14 16 7 9 40 15 24 33 42 3 49 36 41 48 18 35 32 26 29 

Inst_Index:4843 	 City_Num:50 	 Concorde:5.908848 	 MCTS:5.908848 Improve:-0.000000 	 Time:3.75 Seconds
Solution: 1 12 41 3 23 36 24 21 9 32 30 2 16 43 5 15 20 7 49 44 34 17 46 19 18 38 39 14 35 6 45 13 37 26 47 31 48 40 29 33 11 25 28 4 27 42 22 10 50 8 

Inst_Index:4844 	 City_Num:50 	 Concorde:5.399801 	 MCTS:5.397755 Improve:0.002046 	 Time:3.76 Seconds
Solution: 1 19 16 32 50 48 26 45 27 25 18 42 17 47 7 15 49 2 5 28 24 29 3 35 8 30 14 10 31 12 4 23 38 6 39 40 22 46 21 34 13 36 9 11 44 41 43 20 33 37 

Inst_Index:4845 	 City_Num:50 	 Concorde:6.115155 	 MCTS:6.115155 Improve:-0.000000 	 Time:3.76 Seconds
Solution: 1 22 45 48 37 49 25 23 40 32 26 6 10 44 24 42 8 41 7 3 29 15 18 19 5 28 13 36 20 27 21 50 14 34 16 33 2 43 35 30 11 38 39 4 12 9 47 46 31 17 

Inst_Index:4846 	 City_Num:50 	 Concorde:5.291923 	 MCTS:5.291923 Improve:0.000000 	 Time:3.75 Seconds
Solution: 1 24 40 23 12 10 11 18 37 13 42 21 30 39 28 45 15 27 29 34 3 38 31 25 6 36 32 8 48 44 47 49 7 5 43 41 26 9 16 35 14 33 22 2 50 4 46 19 17 20 

Inst_Index:4847 	 City_Num:50 	 Concorde:6.215480 	 MCTS:6.215480 Improve:-0.000000 	 Time:3.76 Seconds
Solution: 1 38 5 45 42 37 3 17 27 20 23 7 46 4 29 18 34 11 44 47 9 19 40 41 6 31 14 50 39 26 48 2 12 32 43 25 22 24 30 28 21 10 16 15 13 49 36 35 8 33 

Inst_Index:4848 	 City_Num:50 	 Concorde:6.145424 	 MCTS:6.142533 Improve:0.002891 	 Time:3.77 Seconds
Solution: 1 50 48 11 44 36 35 49 17 23 5 32 28 3 46 13 9 47 39 26 15 34 8 14 21 6 10 43 2 38 19 4 22 24 27 37 25 29 12 7 45 16 30 41 40 20 42 18 31 33 

Inst_Index:4849 	 City_Num:50 	 Concorde:5.736818 	 MCTS:5.736818 Improve:0.000000 	 Time:3.75 Seconds
Solution: 1 3 34 24 41 16 50 18 17 49 40 46 21 37 15 47 28 31 32 43 25 45 30 2 22 13 39 20 5 29 6 11 38 48 42 23 26 8 36 14 33 7 19 35 44 10 9 12 27 4 

Inst_Index:4850 	 City_Num:50 	 Concorde:6.162477 	 MCTS:6.160430 Improve:0.002047 	 Time:3.76 Seconds
Solution: 1 25 19 50 7 49 2 27 36 30 20 17 41 23 16 44 29 40 38 3 24 26 31 48 5 47 11 45 9 18 4 8 14 35 28 34 33 10 12 21 42 43 22 13 39 37 6 15 46 32 

Inst_Index:4851 	 City_Num:50 	 Concorde:5.806306 	 MCTS:5.805750 Improve:0.000556 	 Time:3.77 Seconds
Solution: 1 50 39 9 8 47 45 11 46 4 27 41 48 38 7 26 18 49 40 35 6 19 14 31 30 24 2 37 32 36 13 33 22 23 44 16 43 17 21 20 29 34 42 28 5 12 3 15 10 25 

Inst_Index:4852 	 City_Num:50 	 Concorde:5.348298 	 MCTS:5.340205 Improve:0.008093 	 Time:3.77 Seconds
Solution: 1 4 22 7 37 17 2 23 30 27 41 47 13 25 36 5 40 38 42 20 33 21 45 9 31 11 49 14 26 6 15 35 50 3 48 44 16 43 32 34 28 12 18 19 8 10 24 46 39 29 

Inst_Index:4853 	 City_Num:50 	 Concorde:5.576399 	 MCTS:5.576399 Improve:-0.000000 	 Time:3.75 Seconds
Solution: 1 18 50 39 29 31 27 48 10 4 49 42 3 8 7 13 36 30 38 17 28 16 40 12 2 6 33 20 47 25 44 23 5 24 34 35 43 26 9 14 32 22 41 46 11 37 21 19 45 15 

Inst_Index:4854 	 City_Num:50 	 Concorde:5.753981 	 MCTS:5.753981 Improve:-0.000000 	 Time:3.76 Seconds
Solution: 1 37 30 2 25 47 43 4 26 27 39 3 34 46 40 29 9 14 6 18 41 7 33 31 19 8 17 5 20 15 38 13 32 28 48 44 36 10 12 49 24 23 35 42 45 11 50 22 21 16 

Inst_Index:4855 	 City_Num:50 	 Concorde:5.598584 	 MCTS:5.598584 Improve:0.000000 	 Time:3.76 Seconds
Solution: 1 30 31 18 16 41 17 45 40 7 5 20 28 50 8 22 9 49 10 38 12 48 6 13 27 11 44 46 21 4 33 35 39 29 36 25 34 24 23 37 14 43 19 15 32 47 42 3 26 2 

Inst_Index:4856 	 City_Num:50 	 Concorde:5.566973 	 MCTS:5.566973 Improve:0.000000 	 Time:3.76 Seconds
Solution: 1 32 34 22 10 38 11 37 20 7 43 5 45 35 27 12 33 24 2 30 29 50 23 47 3 42 46 28 14 9 39 49 19 40 36 16 4 26 44 13 15 48 6 25 17 31 21 18 41 8 

Inst_Index:4857 	 City_Num:50 	 Concorde:5.388703 	 MCTS:5.382532 Improve:0.006171 	 Time:3.76 Seconds
Solution: 1 28 38 22 19 5 33 3 21 18 31 27 20 46 40 42 4 49 41 23 13 10 24 44 45 12 35 39 9 11 17 7 16 50 47 48 43 25 34 6 8 2 30 26 36 15 29 37 14 32 

Inst_Index:4858 	 City_Num:50 	 Concorde:6.024638 	 MCTS:6.024638 Improve:0.000000 	 Time:3.76 Seconds
Solution: 1 36 45 34 30 44 7 35 33 8 43 10 24 46 50 25 28 18 11 16 6 32 39 48 13 23 15 42 9 29 27 17 21 3 20 37 22 40 41 31 26 19 38 14 2 4 49 47 12 5 

Inst_Index:4859 	 City_Num:50 	 Concorde:5.935078 	 MCTS:5.935078 Improve:0.000000 	 Time:3.75 Seconds
Solution: 1 49 37 15 18 40 32 36 28 33 6 19 4 13 38 20 12 10 27 34 42 17 35 30 23 7 41 11 8 24 44 2 5 25 26 16 45 39 3 43 14 31 47 46 21 22 48 9 29 50 

Inst_Index:4860 	 City_Num:50 	 Concorde:5.886386 	 MCTS:5.886386 Improve:0.000000 	 Time:3.76 Seconds
Solution: 1 14 23 33 6 27 48 15 36 3 44 50 26 37 19 41 38 46 28 42 29 49 39 20 8 43 45 17 11 18 16 7 4 12 5 31 35 9 2 10 21 24 30 40 22 13 25 47 34 32 

Inst_Index:4861 	 City_Num:50 	 Concorde:5.227611 	 MCTS:5.219412 Improve:0.008199 	 Time:3.76 Seconds
Solution: 1 40 48 46 4 29 45 50 22 30 44 36 25 7 47 28 34 37 31 9 33 32 38 14 2 43 27 13 3 6 17 15 35 11 10 41 23 16 26 39 49 20 8 19 21 5 18 12 42 24 

Inst_Index:4862 	 City_Num:50 	 Concorde:5.722896 	 MCTS:5.719132 Improve:0.003765 	 Time:3.76 Seconds
Solution: 1 30 36 33 35 40 42 28 44 41 49 50 16 37 7 25 34 29 48 6 3 11 24 31 12 43 5 18 13 47 4 17 8 23 21 19 45 22 15 32 39 14 2 27 26 20 9 38 46 10 

Inst_Index:4863 	 City_Num:50 	 Concorde:5.094207 	 MCTS:5.091655 Improve:0.002553 	 Time:3.77 Seconds
Solution: 1 39 14 23 32 31 25 33 6 15 27 50 49 5 35 7 44 12 13 45 24 10 17 34 48 4 16 22 47 9 36 41 46 40 11 3 42 26 21 18 38 28 8 37 43 30 19 29 20 2 

Inst_Index:4864 	 City_Num:50 	 Concorde:6.008165 	 MCTS:6.007007 Improve:0.001158 	 Time:3.77 Seconds
Solution: 1 7 23 20 22 38 31 12 24 9 45 30 50 5 35 18 16 26 48 36 3 34 19 37 13 14 8 44 27 46 39 6 43 17 2 25 28 42 41 49 11 47 10 21 29 32 4 33 40 15 

Inst_Index:4865 	 City_Num:50 	 Concorde:5.436287 	 MCTS:5.436287 Improve:-0.000000 	 Time:3.76 Seconds
Solution: 1 21 8 29 23 44 30 6 32 16 45 46 31 33 12 50 11 15 14 17 18 39 25 41 40 24 47 43 9 35 36 20 2 27 19 42 34 7 49 22 3 5 4 10 48 13 37 26 38 28 

Inst_Index:4866 	 City_Num:50 	 Concorde:5.573029 	 MCTS:5.573029 Improve:0.000000 	 Time:3.77 Seconds
Solution: 1 4 5 10 44 34 7 50 12 20 49 39 14 17 30 24 37 11 38 41 18 8 25 27 33 45 19 36 13 42 32 22 47 26 48 46 2 29 15 16 3 35 40 31 21 6 28 9 23 43 

Inst_Index:4867 	 City_Num:50 	 Concorde:5.623526 	 MCTS:5.619689 Improve:0.003838 	 Time:3.76 Seconds
Solution: 1 23 20 9 36 11 7 30 8 17 38 35 41 13 16 28 4 37 5 2 34 15 10 26 22 44 6 48 31 39 49 32 19 40 12 50 45 46 3 24 25 27 47 14 43 18 29 21 33 42 

Inst_Index:4868 	 City_Num:50 	 Concorde:5.809257 	 MCTS:5.809257 Improve:0.000000 	 Time:3.75 Seconds
Solution: 1 12 13 40 6 19 24 5 49 29 22 36 21 47 7 26 3 9 27 34 25 37 16 28 2 42 46 44 23 18 50 10 45 20 8 32 35 41 39 31 43 15 17 30 11 38 48 14 33 4 

Inst_Index:4869 	 City_Num:50 	 Concorde:5.774851 	 MCTS:5.774851 Improve:0.000000 	 Time:3.76 Seconds
Solution: 1 48 8 45 26 25 10 32 24 29 35 7 40 19 9 2 37 12 33 47 28 16 3 46 21 42 18 30 23 22 5 31 27 36 13 34 14 41 44 39 20 4 6 50 17 38 43 15 49 11 

Inst_Index:4870 	 City_Num:50 	 Concorde:5.398240 	 MCTS:5.397702 Improve:0.000538 	 Time:3.75 Seconds
Solution: 1 20 32 42 9 31 40 26 23 4 17 37 5 12 19 45 30 46 15 34 3 13 48 43 16 39 47 24 22 25 6 8 7 44 35 29 2 50 18 28 41 11 33 10 38 14 49 21 27 36 

Inst_Index:4871 	 City_Num:50 	 Concorde:5.667617 	 MCTS:5.667617 Improve:0.000000 	 Time:3.75 Seconds
Solution: 1 7 25 24 6 19 20 3 10 23 38 40 22 33 5 15 21 16 49 41 48 28 46 36 37 13 45 9 34 42 35 39 43 32 11 17 30 14 31 26 29 27 47 44 50 4 2 8 12 18 

Inst_Index:4872 	 City_Num:50 	 Concorde:5.081677 	 MCTS:5.081677 Improve:0.000000 	 Time:3.77 Seconds
Solution: 1 37 50 21 29 14 49 4 47 19 41 6 26 3 40 17 43 27 31 48 23 36 28 11 9 10 18 13 33 12 7 15 35 44 45 5 32 2 39 46 20 25 38 34 16 42 22 8 24 30 

Inst_Index:4873 	 City_Num:50 	 Concorde:5.638705 	 MCTS:5.638705 Improve:-0.000000 	 Time:3.76 Seconds
Solution: 1 12 32 14 48 35 20 18 9 7 34 37 38 4 6 24 21 33 27 40 17 23 2 44 36 3 26 47 25 29 41 49 22 50 13 39 42 5 30 15 10 16 45 8 43 11 19 46 28 31 

Inst_Index:4874 	 City_Num:50 	 Concorde:5.675995 	 MCTS:5.675995 Improve:0.000000 	 Time:3.77 Seconds
Solution: 1 11 21 8 36 28 25 41 24 9 43 14 13 35 15 7 22 5 30 49 34 40 32 42 26 38 10 12 44 2 48 46 18 50 3 16 6 37 39 27 47 29 19 33 45 17 20 23 31 4 

Inst_Index:4875 	 City_Num:50 	 Concorde:6.149983 	 MCTS:6.147213 Improve:0.002770 	 Time:3.77 Seconds
Solution: 1 23 28 38 13 44 40 39 12 27 34 22 43 10 14 35 16 18 49 24 9 48 21 20 25 45 19 50 15 6 26 11 41 47 42 29 2 5 30 8 17 37 46 4 32 7 3 33 31 36 

Inst_Index:4876 	 City_Num:50 	 Concorde:5.450680 	 MCTS:5.444880 Improve:0.005800 	 Time:3.76 Seconds
Solution: 1 20 32 34 39 14 33 2 19 26 38 22 49 18 25 42 12 6 48 11 13 16 7 28 30 46 47 50 45 10 4 8 41 35 21 29 9 17 37 27 24 36 44 5 15 23 43 31 40 3 

Inst_Index:4877 	 City_Num:50 	 Concorde:5.623514 	 MCTS:5.623514 Improve:0.000000 	 Time:3.77 Seconds
Solution: 1 19 45 4 11 37 22 8 25 21 39 6 5 50 48 32 9 34 15 28 29 33 49 30 31 26 24 44 36 18 23 41 12 47 16 35 27 10 14 20 3 2 43 38 42 40 17 7 13 46 

Inst_Index:4878 	 City_Num:50 	 Concorde:5.927049 	 MCTS:5.927049 Improve:-0.000000 	 Time:3.76 Seconds
Solution: 1 31 29 50 2 35 36 30 37 18 42 43 28 49 4 32 38 46 14 48 22 47 13 11 34 44 7 8 40 6 27 25 17 10 21 45 24 9 33 26 19 41 39 23 12 16 20 15 5 3 

Inst_Index:4879 	 City_Num:50 	 Concorde:5.291756 	 MCTS:5.291756 Improve:-0.000000 	 Time:3.76 Seconds
Solution: 1 47 10 49 23 43 44 45 3 16 14 41 26 30 13 6 37 35 40 50 8 2 25 17 33 20 42 32 5 18 21 4 22 29 24 31 15 12 19 11 9 27 7 38 34 36 48 39 28 46 

Inst_Index:4880 	 City_Num:50 	 Concorde:5.178169 	 MCTS:5.178169 Improve:0.000000 	 Time:3.75 Seconds
Solution: 1 42 21 50 26 18 45 38 44 36 31 17 46 20 3 15 14 12 28 37 9 11 49 35 30 23 39 19 13 25 24 16 43 7 40 41 34 22 33 10 4 6 29 5 2 32 27 8 47 48 

Inst_Index:4881 	 City_Num:50 	 Concorde:6.013016 	 MCTS:6.012465 Improve:0.000551 	 Time:3.78 Seconds
Solution: 1 37 49 29 22 30 47 9 2 8 41 17 14 38 23 48 25 26 3 21 13 5 44 27 12 50 6 7 32 36 10 18 28 35 31 39 19 24 4 40 45 33 11 20 43 16 42 34 46 15 

Inst_Index:4882 	 City_Num:50 	 Concorde:5.350236 	 MCTS:5.350236 Improve:-0.000000 	 Time:3.75 Seconds
Solution: 1 11 45 16 21 18 33 3 37 28 9 22 50 4 30 13 2 38 31 36 7 40 23 48 27 12 46 29 6 41 44 15 49 20 8 43 14 5 19 10 26 34 24 25 39 47 32 42 35 17 

Inst_Index:4883 	 City_Num:50 	 Concorde:5.554500 	 MCTS:5.553380 Improve:0.001119 	 Time:3.75 Seconds
Solution: 1 22 42 25 7 12 40 39 30 17 6 19 9 48 21 5 47 24 49 13 46 43 8 34 36 44 31 14 3 26 16 11 18 37 10 32 20 23 4 50 27 28 41 38 2 29 35 33 15 45 

Inst_Index:4884 	 City_Num:50 	 Concorde:5.321180 	 MCTS:5.316909 Improve:0.004270 	 Time:3.76 Seconds
Solution: 1 21 4 45 33 24 34 35 18 40 46 12 11 3 29 50 19 44 23 42 47 20 43 49 36 6 2 41 27 37 16 38 10 26 39 30 5 32 8 22 48 28 9 31 13 17 7 25 15 14 

Inst_Index:4885 	 City_Num:50 	 Concorde:5.645405 	 MCTS:5.638776 Improve:0.006629 	 Time:3.75 Seconds
Solution: 1 15 8 22 5 2 16 23 42 18 4 13 50 10 3 32 36 28 24 43 39 40 19 48 35 26 11 20 7 25 38 21 37 41 45 17 9 6 31 27 14 46 12 34 30 29 44 33 49 47 

Inst_Index:4886 	 City_Num:50 	 Concorde:5.663662 	 MCTS:5.663662 Improve:-0.000000 	 Time:3.77 Seconds
Solution: 1 3 2 13 12 4 14 38 36 7 30 43 35 9 28 45 6 8 31 18 46 10 40 16 50 26 20 33 49 17 47 23 29 32 39 22 19 27 5 34 48 25 15 37 24 44 21 42 11 41 

Inst_Index:4887 	 City_Num:50 	 Concorde:5.632711 	 MCTS:5.632711 Improve:0.000000 	 Time:3.76 Seconds
Solution: 1 24 41 30 6 32 33 17 21 20 8 31 10 36 29 45 13 12 50 9 28 5 43 46 27 22 26 35 2 37 16 42 39 18 48 15 49 47 4 3 38 11 14 7 25 19 40 34 23 44 

Inst_Index:4888 	 City_Num:50 	 Concorde:5.874717 	 MCTS:5.874717 Improve:-0.000000 	 Time:3.75 Seconds
Solution: 1 39 47 18 31 32 8 29 27 46 30 3 38 11 22 7 10 13 43 49 14 48 6 21 4 26 44 42 28 37 5 2 33 25 24 40 9 16 36 15 45 50 17 12 41 19 20 23 35 34 

Inst_Index:4889 	 City_Num:50 	 Concorde:5.766169 	 MCTS:5.766169 Improve:-0.000000 	 Time:3.75 Seconds
Solution: 1 32 18 13 44 14 39 34 16 19 35 17 3 45 26 42 15 33 20 24 4 8 37 21 11 27 7 22 6 30 43 28 29 31 38 48 49 9 41 12 50 40 47 10 5 36 46 23 2 25 

Inst_Index:4890 	 City_Num:50 	 Concorde:5.882755 	 MCTS:5.880008 Improve:0.002746 	 Time:3.76 Seconds
Solution: 1 24 18 44 36 2 12 29 35 32 4 14 5 38 33 6 48 16 13 15 30 22 37 17 41 25 19 47 3 49 42 21 34 8 39 46 26 27 23 40 20 28 10 45 9 11 50 31 7 43 

Inst_Index:4891 	 City_Num:50 	 Concorde:6.111241 	 MCTS:6.111241 Improve:0.000000 	 Time:3.76 Seconds
Solution: 1 47 37 8 48 28 21 18 30 5 50 6 3 32 26 19 42 15 13 45 12 24 34 36 23 44 11 27 35 9 46 16 22 4 43 49 7 20 33 40 17 31 10 29 38 39 14 2 41 25 

Inst_Index:4892 	 City_Num:50 	 Concorde:5.978113 	 MCTS:5.978113 Improve:0.000000 	 Time:3.77 Seconds
Solution: 1 14 4 7 16 12 24 43 30 38 50 6 9 41 37 49 48 22 27 11 13 39 28 23 17 20 25 40 26 19 3 10 21 32 2 36 29 18 45 8 34 5 31 47 15 35 46 44 42 33 

Inst_Index:4893 	 City_Num:50 	 Concorde:5.867785 	 MCTS:5.865252 Improve:0.002533 	 Time:3.76 Seconds
Solution: 1 13 37 22 40 34 18 8 23 24 29 16 21 49 30 17 14 11 38 36 7 45 3 12 15 43 31 39 48 50 26 44 33 10 32 42 47 27 20 28 6 41 46 25 5 19 9 4 2 35 

Inst_Index:4894 	 City_Num:50 	 Concorde:5.960026 	 MCTS:5.958366 Improve:0.001660 	 Time:3.77 Seconds
Solution: 1 3 30 24 50 47 22 28 27 10 29 44 46 17 45 41 37 23 34 40 8 21 20 26 39 33 4 49 36 12 31 48 18 13 7 2 42 19 38 6 25 43 16 9 5 32 14 35 11 15 

Inst_Index:4895 	 City_Num:50 	 Concorde:5.821677 	 MCTS:5.821677 Improve:-0.000000 	 Time:3.76 Seconds
Solution: 1 4 47 48 17 49 34 8 32 10 42 35 45 22 20 27 16 19 39 38 30 15 31 50 3 12 13 23 26 7 11 28 41 36 18 40 24 25 5 9 37 46 33 2 29 6 44 43 14 21 

Inst_Index:4896 	 City_Num:50 	 Concorde:5.797759 	 MCTS:5.797759 Improve:0.000000 	 Time:3.76 Seconds
Solution: 1 30 44 24 9 22 20 2 14 25 36 47 45 5 40 39 46 26 3 13 49 27 42 32 12 19 15 41 38 21 11 29 37 23 7 10 35 33 17 28 34 16 43 48 4 31 6 50 8 18 

Inst_Index:4897 	 City_Num:50 	 Concorde:5.695632 	 MCTS:5.695632 Improve:0.000000 	 Time:3.76 Seconds
Solution: 1 30 49 12 48 21 5 31 28 47 37 17 10 41 32 2 13 27 34 16 44 18 42 45 11 26 39 20 4 24 22 25 9 29 14 46 19 38 33 8 3 36 50 15 43 6 35 7 23 40 

Inst_Index:4898 	 City_Num:50 	 Concorde:6.120549 	 MCTS:6.117124 Improve:0.003425 	 Time:3.77 Seconds
Solution: 1 4 26 40 22 14 15 33 25 39 29 41 42 44 17 37 2 32 47 30 28 16 5 46 34 21 43 48 49 3 7 18 13 38 19 31 23 45 10 9 11 12 20 8 6 24 27 50 36 35 

Inst_Index:4899 	 City_Num:50 	 Concorde:5.208656 	 MCTS:5.208656 Improve:-0.000000 	 Time:3.75 Seconds
Solution: 1 22 17 35 7 45 23 42 5 37 28 48 32 24 39 8 31 14 11 26 18 29 36 43 25 34 12 6 40 19 38 33 49 20 21 4 15 27 3 41 30 44 46 50 10 16 2 9 13 47 

Inst_Index:4900 	 City_Num:50 	 Concorde:5.576436 	 MCTS:5.576436 Improve:-0.000000 	 Time:3.75 Seconds
Solution: 1 22 7 36 34 40 26 42 32 2 15 3 37 38 29 8 33 45 18 31 24 14 16 9 10 48 17 44 6 50 12 4 11 49 25 30 47 27 28 19 23 13 21 5 39 20 35 41 43 46 

Inst_Index:4901 	 City_Num:50 	 Concorde:5.671819 	 MCTS:5.671819 Improve:-0.000000 	 Time:3.76 Seconds
Solution: 1 22 16 5 27 33 35 44 45 10 25 24 40 36 37 14 9 26 21 3 23 28 38 39 42 11 18 13 43 46 47 17 2 7 15 34 12 8 49 20 29 19 30 32 4 31 41 48 50 6 

Inst_Index:4902 	 City_Num:50 	 Concorde:6.018533 	 MCTS:6.018533 Improve:-0.000000 	 Time:3.77 Seconds
Solution: 1 21 13 42 38 41 9 16 4 22 7 3 32 37 25 48 19 10 5 17 45 18 6 12 11 36 20 34 44 43 47 29 23 15 31 8 46 27 14 24 39 49 2 26 50 40 33 35 30 28 

Inst_Index:4903 	 City_Num:50 	 Concorde:5.472507 	 MCTS:5.472507 Improve:0.000000 	 Time:3.76 Seconds
Solution: 1 5 43 12 22 38 9 45 4 48 30 10 50 13 37 39 15 2 20 26 19 36 18 21 23 14 29 16 47 40 25 11 27 42 41 35 34 31 24 8 32 44 6 7 49 28 33 17 46 3 

Inst_Index:4904 	 City_Num:50 	 Concorde:5.566592 	 MCTS:5.566592 Improve:0.000000 	 Time:3.76 Seconds
Solution: 1 40 34 33 11 6 20 50 21 19 35 12 41 36 46 45 18 42 47 24 5 48 27 10 25 37 14 49 13 23 22 39 15 28 9 38 30 43 44 16 3 2 32 29 31 8 17 7 26 4 

Inst_Index:4905 	 City_Num:50 	 Concorde:6.078434 	 MCTS:6.074680 Improve:0.003755 	 Time:3.76 Seconds
Solution: 1 24 28 20 25 19 8 23 27 11 46 47 14 15 12 39 45 16 30 31 44 18 34 2 33 37 42 22 21 13 36 48 41 43 50 6 5 7 29 3 40 9 35 10 26 17 49 4 32 38 

Inst_Index:4906 	 City_Num:50 	 Concorde:6.163507 	 MCTS:6.158263 Improve:0.005243 	 Time:3.75 Seconds
Solution: 1 35 27 4 25 21 2 47 43 36 5 40 17 29 46 37 10 20 23 39 12 18 13 30 14 49 45 26 48 32 15 41 7 19 50 38 16 3 34 28 6 22 11 44 42 8 9 24 33 31 

Inst_Index:4907 	 City_Num:50 	 Concorde:6.014740 	 MCTS:6.014740 Improve:0.000000 	 Time:3.76 Seconds
Solution: 1 33 5 18 24 46 31 32 4 21 43 41 16 48 36 12 50 37 42 8 10 47 49 19 15 38 30 40 39 11 34 35 45 14 23 6 22 9 17 20 13 26 29 28 7 44 27 25 3 2 

Inst_Index:4908 	 City_Num:50 	 Concorde:5.492801 	 MCTS:5.492801 Improve:-0.000000 	 Time:3.76 Seconds
Solution: 1 28 39 30 18 44 11 2 16 25 8 13 48 17 22 19 41 23 42 35 34 38 37 29 3 15 24 32 26 7 36 10 45 33 27 31 5 21 43 49 46 9 4 14 40 50 20 47 6 12 

Inst_Index:4909 	 City_Num:50 	 Concorde:5.493576 	 MCTS:5.493576 Improve:0.000000 	 Time:3.77 Seconds
Solution: 1 6 48 45 3 22 18 50 2 19 49 38 37 44 25 40 13 15 14 29 41 33 16 30 24 8 31 21 11 42 28 23 5 36 26 27 7 9 47 35 34 10 12 39 20 32 46 43 4 17 

Inst_Index:4910 	 City_Num:50 	 Concorde:5.982369 	 MCTS:5.982369 Improve:-0.000000 	 Time:3.77 Seconds
Solution: 1 41 19 23 9 15 7 27 16 35 8 36 4 21 48 34 38 2 49 18 45 33 20 44 25 24 26 6 30 22 37 14 46 29 5 50 40 42 13 32 12 17 47 3 11 39 10 31 28 43 

Inst_Index:4911 	 City_Num:50 	 Concorde:5.602663 	 MCTS:5.602663 Improve:0.000000 	 Time:3.76 Seconds
Solution: 1 45 21 10 42 34 2 35 29 41 12 3 50 26 14 49 31 7 23 6 30 36 33 43 4 17 27 16 25 9 24 39 28 47 20 11 18 46 19 15 22 37 8 32 13 48 40 38 44 5 

Inst_Index:4912 	 City_Num:50 	 Concorde:5.749349 	 MCTS:5.749349 Improve:-0.000000 	 Time:3.76 Seconds
Solution: 1 14 12 27 21 30 7 17 34 5 23 38 8 20 24 3 33 35 44 2 37 28 16 46 48 32 22 10 6 45 49 41 40 15 43 19 13 50 18 47 42 26 36 29 11 31 4 9 25 39 

Inst_Index:4913 	 City_Num:50 	 Concorde:5.949360 	 MCTS:5.949360 Improve:0.000000 	 Time:3.76 Seconds
Solution: 1 35 50 25 9 14 22 31 39 19 3 18 28 40 26 6 36 8 16 41 24 48 27 12 4 13 38 10 11 46 45 21 20 33 44 43 5 15 49 2 37 7 29 34 17 47 32 30 23 42 

Inst_Index:4914 	 City_Num:50 	 Concorde:5.933412 	 MCTS:5.933412 Improve:-0.000000 	 Time:3.76 Seconds
Solution: 1 5 43 40 20 10 31 28 17 44 34 27 49 37 50 23 6 15 36 38 18 41 8 12 48 30 32 22 9 42 39 19 25 4 45 35 13 3 7 21 46 14 26 2 24 16 47 29 33 11 

Inst_Index:4915 	 City_Num:50 	 Concorde:5.669790 	 MCTS:5.668932 Improve:0.000858 	 Time:3.76 Seconds
Solution: 1 42 28 20 34 16 2 32 43 7 13 45 5 6 36 37 48 9 12 23 19 50 30 33 29 35 25 8 49 46 11 40 27 21 22 10 39 44 4 17 31 14 24 26 18 47 3 15 38 41 

Inst_Index:4916 	 City_Num:50 	 Concorde:5.684614 	 MCTS:5.684614 Improve:0.000000 	 Time:3.75 Seconds
Solution: 1 11 33 32 6 13 26 35 10 21 17 20 7 49 34 12 41 39 22 40 3 14 9 24 50 31 37 18 2 16 30 29 4 27 19 46 25 5 23 8 47 15 43 38 28 45 44 48 36 42 

Inst_Index:4917 	 City_Num:50 	 Concorde:6.039355 	 MCTS:6.039355 Improve:0.000000 	 Time:3.76 Seconds
Solution: 1 16 47 20 46 21 42 36 49 26 6 41 34 27 35 29 22 19 45 11 33 4 18 17 2 3 24 7 32 15 30 13 8 10 44 50 43 38 39 25 48 23 40 5 14 31 9 37 12 28 

Inst_Index:4918 	 City_Num:50 	 Concorde:5.581928 	 MCTS:5.581928 Improve:-0.000000 	 Time:3.75 Seconds
Solution: 1 18 34 50 23 30 45 41 15 25 49 29 11 35 17 39 24 16 9 43 28 22 27 37 10 26 3 6 5 32 12 7 31 44 42 40 14 38 8 2 20 47 19 4 33 46 13 48 36 21 

Inst_Index:4919 	 City_Num:50 	 Concorde:5.948276 	 MCTS:5.948276 Improve:0.000000 	 Time:3.76 Seconds
Solution: 1 35 4 24 40 20 14 31 17 37 28 9 2 7 19 8 5 13 50 29 42 25 26 27 41 22 11 47 30 44 6 18 49 38 15 3 10 32 23 39 12 16 21 43 45 34 36 33 46 48 

Inst_Index:4920 	 City_Num:50 	 Concorde:5.736828 	 MCTS:5.736828 Improve:0.000000 	 Time:3.77 Seconds
Solution: 1 26 11 43 22 39 7 18 49 20 28 30 21 32 50 24 13 16 10 34 6 40 27 17 25 3 38 2 35 5 8 37 36 4 19 14 42 45 15 23 41 29 46 12 31 48 44 33 9 47 

Inst_Index:4921 	 City_Num:50 	 Concorde:5.690056 	 MCTS:5.690056 Improve:0.000000 	 Time:3.76 Seconds
Solution: 1 24 7 32 12 31 21 29 13 22 34 8 46 19 45 6 18 33 27 30 26 10 25 42 40 17 20 41 3 50 23 28 39 48 36 44 35 49 37 47 11 15 4 2 9 43 16 14 38 5 

Inst_Index:4922 	 City_Num:50 	 Concorde:5.759768 	 MCTS:5.759768 Improve:0.000000 	 Time:3.77 Seconds
Solution: 1 8 4 14 15 25 21 37 29 36 7 44 39 48 18 33 11 16 2 12 49 28 26 9 50 46 34 10 19 6 13 30 38 22 35 42 27 24 32 43 40 47 41 20 17 45 23 31 3 5 

Inst_Index:4923 	 City_Num:50 	 Concorde:5.993747 	 MCTS:5.988796 Improve:0.004951 	 Time:3.77 Seconds
Solution: 1 29 5 32 42 22 18 20 7 43 36 17 40 37 2 49 21 35 38 44 50 47 30 9 8 45 3 23 39 27 48 25 28 6 31 19 15 13 16 12 41 26 46 24 4 33 10 11 14 34 

Inst_Index:4924 	 City_Num:50 	 Concorde:5.936772 	 MCTS:5.936772 Improve:0.000000 	 Time:3.77 Seconds
Solution: 1 24 38 21 17 3 9 12 6 41 15 8 47 49 39 20 18 10 26 48 36 19 2 11 27 13 45 16 14 50 43 33 44 22 34 35 42 40 25 29 23 28 31 37 32 5 46 7 4 30 

Inst_Index:4925 	 City_Num:50 	 Concorde:6.238276 	 MCTS:6.238276 Improve:0.000000 	 Time:3.77 Seconds
Solution: 1 27 19 4 50 41 37 28 47 38 18 20 2 43 11 7 23 42 14 6 49 21 46 30 31 45 3 16 40 10 34 33 39 44 35 25 12 36 26 5 29 8 32 24 22 15 48 17 13 9 

Inst_Index:4926 	 City_Num:50 	 Concorde:5.786339 	 MCTS:5.786339 Improve:0.000000 	 Time:3.75 Seconds
Solution: 1 19 38 29 12 35 4 42 25 16 47 20 30 18 14 33 9 24 8 27 50 41 17 36 6 5 10 48 23 28 21 34 15 39 31 11 2 37 7 45 46 44 3 43 13 26 40 32 22 49 

Inst_Index:4927 	 City_Num:50 	 Concorde:5.588568 	 MCTS:5.588568 Improve:0.000000 	 Time:3.75 Seconds
Solution: 1 29 24 28 26 33 42 16 18 32 41 15 45 14 44 38 20 4 11 30 48 27 3 19 46 47 10 49 31 8 43 39 35 36 50 7 40 13 34 12 6 23 21 2 9 17 5 37 22 25 

Inst_Index:4928 	 City_Num:50 	 Concorde:5.663448 	 MCTS:5.660015 Improve:0.003433 	 Time:3.77 Seconds
Solution: 1 33 21 18 17 48 38 15 41 20 3 5 39 28 50 24 35 31 37 42 49 9 32 14 10 16 36 26 11 13 19 44 23 8 4 7 22 2 45 40 27 6 34 47 43 46 30 12 29 25 

Inst_Index:4929 	 City_Num:50 	 Concorde:5.671934 	 MCTS:5.669434 Improve:0.002500 	 Time:3.76 Seconds
Solution: 1 32 16 13 18 11 45 8 14 27 10 29 36 26 25 24 19 9 31 30 22 7 44 43 6 46 20 41 39 38 5 35 17 42 15 40 23 33 48 49 28 37 47 2 34 12 21 4 50 3 

Inst_Index:4930 	 City_Num:50 	 Concorde:5.402924 	 MCTS:5.402924 Improve:-0.000000 	 Time:3.76 Seconds
Solution: 1 37 24 16 30 13 38 25 26 10 17 3 19 7 42 36 4 9 5 12 41 27 29 33 43 39 48 35 22 46 20 34 2 23 47 45 31 50 49 8 6 14 21 11 32 40 15 44 18 28 

Inst_Index:4931 	 City_Num:50 	 Concorde:6.088780 	 MCTS:6.088780 Improve:0.000000 	 Time:3.75 Seconds
Solution: 1 8 15 22 35 16 21 45 38 40 23 28 12 17 25 48 24 44 33 41 11 30 37 26 6 50 18 13 46 34 19 7 49 29 20 2 4 5 14 42 32 27 39 9 3 47 36 31 43 10 

Inst_Index:4932 	 City_Num:50 	 Concorde:5.425476 	 MCTS:5.425476 Improve:0.000000 	 Time:3.76 Seconds
Solution: 1 48 11 35 22 20 23 43 50 4 34 26 15 37 36 38 21 42 40 12 16 33 25 13 39 31 6 28 9 5 2 8 47 27 18 19 44 24 3 32 10 49 30 29 41 46 45 7 14 17 

Inst_Index:4933 	 City_Num:50 	 Concorde:5.933546 	 MCTS:5.933546 Improve:0.000000 	 Time:3.75 Seconds
Solution: 1 4 39 22 44 3 30 16 24 45 17 41 49 27 25 19 46 43 50 38 7 11 26 6 2 37 5 18 9 15 12 33 31 47 13 14 10 35 23 40 32 29 34 21 8 42 36 28 20 48 

Inst_Index:4934 	 City_Num:50 	 Concorde:5.469593 	 MCTS:5.469593 Improve:-0.000000 	 Time:3.78 Seconds
Solution: 1 50 30 15 46 37 18 14 39 23 22 9 12 11 33 35 5 41 17 47 2 24 6 4 26 44 8 34 20 48 7 43 27 3 16 31 10 21 40 38 45 19 25 29 13 42 49 28 36 32 

Inst_Index:4935 	 City_Num:50 	 Concorde:5.510652 	 MCTS:5.509501 Improve:0.001151 	 Time:3.76 Seconds
Solution: 1 17 43 25 45 16 11 30 38 34 33 8 50 23 21 10 49 46 15 28 37 35 9 36 4 20 48 2 26 6 31 14 44 19 12 22 3 32 29 24 7 18 42 39 47 13 41 27 40 5 

Inst_Index:4936 	 City_Num:50 	 Concorde:6.048792 	 MCTS:6.046071 Improve:0.002722 	 Time:3.76 Seconds
Solution: 1 28 18 5 27 10 22 12 43 41 31 16 23 33 25 30 46 34 42 2 14 6 21 7 4 3 17 39 45 49 9 47 50 36 32 48 37 13 44 40 26 38 29 8 20 35 15 19 24 11 

Inst_Index:4937 	 City_Num:50 	 Concorde:5.699942 	 MCTS:5.696955 Improve:0.002987 	 Time:3.76 Seconds
Solution: 1 45 42 26 7 41 39 30 47 46 3 4 34 19 15 21 40 50 25 43 11 22 27 5 48 36 9 18 10 32 2 24 31 8 37 16 38 14 33 12 29 6 28 49 13 17 44 35 20 23 

Inst_Index:4938 	 City_Num:50 	 Concorde:5.644882 	 MCTS:5.641449 Improve:0.003432 	 Time:3.77 Seconds
Solution: 1 18 16 2 11 35 39 40 6 47 21 3 36 7 33 49 25 10 8 22 34 29 42 13 5 48 26 12 32 14 17 24 19 45 28 9 4 30 50 20 44 46 41 15 31 27 38 43 23 37 

Inst_Index:4939 	 City_Num:50 	 Concorde:5.241298 	 MCTS:5.241298 Improve:0.000000 	 Time:3.76 Seconds
Solution: 1 4 32 17 34 42 20 50 16 13 23 45 41 36 14 25 27 44 10 43 3 12 39 46 40 31 28 29 11 8 48 38 30 18 35 2 49 19 15 47 37 21 7 5 24 26 22 6 33 9 

Inst_Index:4940 	 City_Num:50 	 Concorde:5.995333 	 MCTS:5.990769 Improve:0.004563 	 Time:3.76 Seconds
Solution: 1 33 36 12 28 35 50 27 6 23 46 2 24 44 43 41 29 37 10 19 47 14 40 45 32 21 18 16 11 13 49 31 38 48 42 39 15 9 5 30 4 17 8 26 22 25 34 20 7 3 

Inst_Index:4941 	 City_Num:50 	 Concorde:5.913301 	 MCTS:5.907791 Improve:0.005510 	 Time:3.77 Seconds
Solution: 1 14 26 48 9 25 24 28 4 20 21 32 12 40 31 15 13 29 38 44 5 30 10 18 50 49 35 43 3 19 23 16 7 22 45 34 8 46 39 11 41 36 6 37 27 33 47 42 2 17 

Inst_Index:4942 	 City_Num:50 	 Concorde:5.768541 	 MCTS:5.768541 Improve:-0.000000 	 Time:3.77 Seconds
Solution: 1 18 7 11 28 13 20 26 6 15 44 3 8 23 42 5 19 4 48 43 36 17 30 25 31 21 12 40 14 50 27 22 49 2 24 29 39 10 41 45 34 37 33 46 38 9 35 32 47 16 

Inst_Index:4943 	 City_Num:50 	 Concorde:5.887528 	 MCTS:5.887379 Improve:0.000149 	 Time:3.76 Seconds
Solution: 1 10 14 36 20 47 37 40 11 17 45 23 38 25 4 41 19 32 33 46 21 30 15 39 3 26 24 2 34 43 6 42 8 48 12 44 7 18 27 49 28 16 5 22 13 9 50 35 29 31 

Inst_Index:4944 	 City_Num:50 	 Concorde:5.157594 	 MCTS:5.157594 Improve:0.000000 	 Time:3.76 Seconds
Solution: 1 24 45 5 10 33 30 49 37 25 18 13 48 31 15 50 20 47 22 19 35 23 2 4 29 46 26 9 12 7 14 11 40 17 27 3 8 43 44 38 28 41 16 39 42 34 6 32 21 36 

Inst_Index:4945 	 City_Num:50 	 Concorde:5.739952 	 MCTS:5.738536 Improve:0.001416 	 Time:3.76 Seconds
Solution: 1 18 26 23 6 40 32 28 15 27 35 7 25 48 19 21 11 22 34 9 4 10 50 39 20 17 16 44 29 14 2 30 36 41 24 33 8 45 5 49 31 43 38 3 13 42 47 12 37 46 

Inst_Index:4946 	 City_Num:50 	 Concorde:5.339885 	 MCTS:5.334150 Improve:0.005736 	 Time:3.76 Seconds
Solution: 1 10 14 47 34 19 12 20 50 21 32 33 44 40 36 27 8 18 45 46 42 16 9 23 22 49 3 48 39 31 37 11 41 4 13 5 29 24 35 2 7 25 43 30 28 6 38 26 17 15 

Inst_Index:4947 	 City_Num:50 	 Concorde:5.835509 	 MCTS:5.833224 Improve:0.002285 	 Time:3.77 Seconds
Solution: 1 21 46 6 38 41 19 27 22 47 14 26 15 9 4 28 37 45 7 24 32 3 12 23 25 8 18 40 30 20 36 10 29 35 34 11 39 49 31 44 5 43 16 42 33 13 48 2 17 50 

Inst_Index:4948 	 City_Num:50 	 Concorde:6.009207 	 MCTS:6.008536 Improve:0.000671 	 Time:3.77 Seconds
Solution: 1 47 32 25 22 19 33 14 30 6 11 41 43 40 45 26 37 3 16 13 50 21 48 17 7 38 36 18 8 42 29 31 4 15 5 27 20 44 12 46 34 23 24 9 49 39 2 10 28 35 

Inst_Index:4949 	 City_Num:50 	 Concorde:5.895419 	 MCTS:5.894322 Improve:0.001097 	 Time:3.78 Seconds
Solution: 1 33 28 47 40 44 46 31 6 13 15 37 23 48 2 4 38 10 9 43 22 18 20 50 39 11 24 32 45 30 17 19 25 26 49 35 3 36 7 12 27 16 29 14 41 34 21 8 5 42 

Inst_Index:4950 	 City_Num:50 	 Concorde:5.495302 	 MCTS:5.493206 Improve:0.002096 	 Time:3.77 Seconds
Solution: 1 6 24 47 21 16 38 49 44 7 17 45 32 4 12 34 35 2 29 11 18 25 33 15 39 40 10 20 46 43 26 31 41 42 5 8 3 30 22 9 50 14 19 37 27 13 23 48 28 36 

Inst_Index:4951 	 City_Num:50 	 Concorde:5.393368 	 MCTS:5.391711 Improve:0.001657 	 Time:3.76 Seconds
Solution: 1 9 6 26 23 21 37 47 32 16 22 29 12 11 3 15 49 20 35 2 19 41 42 33 17 7 8 36 46 10 31 4 40 27 38 48 18 30 43 5 25 28 39 34 14 24 44 50 45 13 

Inst_Index:4952 	 City_Num:50 	 Concorde:6.085290 	 MCTS:6.079699 Improve:0.005591 	 Time:3.77 Seconds
Solution: 1 27 5 26 48 37 36 14 50 32 19 22 28 4 12 8 47 38 9 33 40 3 45 6 44 16 15 35 49 17 31 43 2 24 7 11 10 39 18 13 30 42 41 29 25 23 20 46 34 21 

Inst_Index:4953 	 City_Num:50 	 Concorde:5.687537 	 MCTS:5.687537 Improve:-0.000000 	 Time:3.76 Seconds
Solution: 1 39 33 22 17 32 5 31 25 26 48 12 7 46 28 13 23 27 36 43 47 8 10 4 41 20 9 38 35 45 34 15 49 6 18 2 50 16 14 3 44 29 42 24 21 19 11 40 30 37 

Inst_Index:4954 	 City_Num:50 	 Concorde:5.908965 	 MCTS:5.901016 Improve:0.007949 	 Time:3.76 Seconds
Solution: 1 46 41 25 28 13 45 44 47 26 30 3 20 33 23 42 6 16 22 39 49 4 5 50 21 31 38 7 14 10 9 24 17 34 12 32 43 36 37 8 15 48 35 11 27 19 2 18 40 29 

Inst_Index:4955 	 City_Num:50 	 Concorde:5.417208 	 MCTS:5.413138 Improve:0.004070 	 Time:3.76 Seconds
Solution: 1 16 36 50 29 21 26 32 39 49 9 34 31 35 19 5 38 13 46 28 6 33 44 8 12 41 24 7 17 15 11 48 30 3 18 43 47 20 4 22 45 10 40 42 23 14 27 25 2 37 

Inst_Index:4956 	 City_Num:50 	 Concorde:5.896690 	 MCTS:5.896690 Improve:-0.000000 	 Time:3.75 Seconds
Solution: 1 16 20 4 30 46 40 19 50 3 21 32 49 27 12 44 43 38 25 7 45 37 24 14 41 17 28 10 5 48 26 42 18 36 11 2 35 15 33 22 31 13 9 47 34 23 6 29 39 8 

Inst_Index:4957 	 City_Num:50 	 Concorde:5.781324 	 MCTS:5.781324 Improve:0.000000 	 Time:3.76 Seconds
Solution: 1 20 32 43 6 33 14 34 18 46 27 38 5 41 30 8 37 4 21 42 22 35 44 48 40 11 45 39 25 28 10 12 36 16 9 19 15 31 47 50 26 24 49 7 29 13 17 23 3 2 

Inst_Index:4958 	 City_Num:50 	 Concorde:5.677152 	 MCTS:5.677152 Improve:0.000000 	 Time:3.76 Seconds
Solution: 1 13 46 18 47 38 17 48 9 32 6 15 12 41 35 42 10 34 4 28 44 14 33 26 30 45 8 39 25 23 3 16 2 22 5 24 43 27 31 50 19 29 40 7 36 21 49 11 37 20 

Inst_Index:4959 	 City_Num:50 	 Concorde:5.793266 	 MCTS:5.793266 Improve:0.000000 	 Time:3.75 Seconds
Solution: 1 33 20 45 21 10 17 2 50 23 48 44 6 15 12 42 7 8 27 35 30 9 39 19 32 22 31 26 47 25 40 49 24 13 11 41 36 16 18 29 38 43 14 46 4 3 5 34 28 37 

Inst_Index:4960 	 City_Num:50 	 Concorde:5.828319 	 MCTS:5.826843 Improve:0.001476 	 Time:3.76 Seconds
Solution: 1 32 20 4 25 11 39 3 6 9 45 21 14 28 26 44 37 22 36 10 50 33 13 18 15 29 17 46 27 41 40 48 24 8 7 19 30 47 35 23 12 38 49 5 16 31 2 42 34 43 

Inst_Index:4961 	 City_Num:50 	 Concorde:6.182716 	 MCTS:6.182716 Improve:0.000000 	 Time:3.76 Seconds
Solution: 1 33 30 12 23 32 27 20 10 8 40 14 19 38 13 41 29 34 9 35 44 37 2 48 49 7 36 4 46 25 50 21 5 43 3 17 11 42 47 6 16 22 45 31 24 39 26 28 15 18 

Inst_Index:4962 	 City_Num:50 	 Concorde:5.931647 	 MCTS:5.931647 Improve:0.000000 	 Time:3.75 Seconds
Solution: 1 48 4 49 12 45 16 29 36 50 30 21 14 19 38 8 11 10 7 35 18 23 25 6 3 20 39 42 32 34 15 17 26 43 27 28 37 33 13 24 44 40 31 22 5 46 47 41 2 9 

Inst_Index:4963 	 City_Num:50 	 Concorde:5.578324 	 MCTS:5.578324 Improve:0.000000 	 Time:3.75 Seconds
Solution: 1 28 3 18 44 19 20 32 10 45 12 7 11 39 23 15 38 25 43 6 13 37 14 35 17 24 36 22 30 2 33 48 5 50 47 4 42 34 31 8 40 16 41 46 21 49 27 29 26 9 

Inst_Index:4964 	 City_Num:50 	 Concorde:5.587904 	 MCTS:5.587904 Improve:-0.000000 	 Time:3.76 Seconds
Solution: 1 8 39 43 22 49 19 33 21 12 16 36 26 13 4 20 9 18 3 44 47 14 48 35 5 32 40 31 11 2 50 15 25 27 17 24 45 30 38 46 41 10 29 34 28 23 42 37 6 7 

Inst_Index:4965 	 City_Num:50 	 Concorde:5.790084 	 MCTS:5.787937 Improve:0.002147 	 Time:3.76 Seconds
Solution: 1 42 5 29 18 2 15 47 28 4 10 36 22 19 23 50 38 20 6 43 39 44 17 16 21 32 49 25 41 33 14 8 31 26 35 46 45 12 27 3 9 37 40 11 7 24 34 48 30 13 

Inst_Index:4966 	 City_Num:50 	 Concorde:5.851672 	 MCTS:5.849116 Improve:0.002556 	 Time:3.76 Seconds
Solution: 1 50 7 40 47 19 42 24 32 37 11 20 25 33 48 10 21 8 26 49 2 31 4 30 5 28 18 9 29 23 3 17 41 12 22 14 35 15 43 45 27 46 38 6 36 13 34 39 16 44 

Inst_Index:4967 	 City_Num:50 	 Concorde:5.563468 	 MCTS:5.563468 Improve:0.000000 	 Time:3.76 Seconds
Solution: 1 5 39 9 21 30 35 7 12 27 15 13 2 44 23 34 42 22 32 38 25 3 45 14 4 26 41 17 31 10 16 43 49 24 48 18 33 29 28 8 46 47 37 36 6 40 50 11 20 19 

Inst_Index:4968 	 City_Num:50 	 Concorde:6.022735 	 MCTS:6.022735 Improve:0.000000 	 Time:3.76 Seconds
Solution: 1 12 13 24 38 4 49 25 22 33 18 35 29 40 14 50 3 5 47 30 9 32 28 41 34 37 36 46 6 26 19 20 11 7 17 48 44 43 10 23 39 31 2 16 8 45 21 15 27 42 

Inst_Index:4969 	 City_Num:50 	 Concorde:5.566555 	 MCTS:5.564638 Improve:0.001917 	 Time:3.76 Seconds
Solution: 1 21 7 36 48 19 22 44 18 2 14 37 12 50 4 32 3 6 11 43 34 23 33 40 16 42 38 24 47 28 30 26 13 31 46 8 39 5 20 10 25 15 35 9 27 49 29 45 17 41 

Inst_Index:4970 	 City_Num:50 	 Concorde:5.205251 	 MCTS:5.203879 Improve:0.001373 	 Time:3.76 Seconds
Solution: 1 48 7 13 2 37 3 30 11 15 20 19 50 18 34 47 46 31 39 35 23 6 4 27 16 21 33 41 36 26 43 28 22 32 10 12 24 45 38 14 9 8 44 40 49 42 25 17 29 5 

Inst_Index:4971 	 City_Num:50 	 Concorde:5.438920 	 MCTS:5.432104 Improve:0.006816 	 Time:3.76 Seconds
Solution: 1 2 8 22 45 15 19 18 30 29 40 16 49 26 3 41 13 14 31 11 33 25 17 39 48 21 28 44 5 47 35 34 32 43 9 27 24 20 38 23 4 37 42 36 50 7 6 46 10 12 

Inst_Index:4972 	 City_Num:50 	 Concorde:5.716741 	 MCTS:5.716741 Improve:0.000000 	 Time:3.76 Seconds
Solution: 1 40 12 7 16 3 18 42 24 10 35 27 46 37 29 5 9 44 36 38 28 22 17 25 26 19 32 34 8 4 41 39 33 43 23 48 47 15 21 6 31 13 11 30 2 45 49 20 14 50 

Inst_Index:4973 	 City_Num:50 	 Concorde:5.514049 	 MCTS:5.511448 Improve:0.002601 	 Time:3.77 Seconds
Solution: 1 29 25 5 49 19 30 4 38 33 36 22 8 23 6 34 2 44 10 9 40 12 17 28 35 31 41 27 47 13 39 37 50 3 21 16 14 32 15 46 26 42 24 48 45 7 18 43 20 11 

Inst_Index:4974 	 City_Num:50 	 Concorde:5.675891 	 MCTS:5.675891 Improve:0.000000 	 Time:3.76 Seconds
Solution: 1 33 29 34 23 21 22 16 8 13 9 20 12 7 5 36 19 6 41 47 42 2 26 10 18 44 38 3 48 35 24 32 49 40 27 14 28 4 30 17 37 46 43 25 50 11 31 39 15 45 

Inst_Index:4975 	 City_Num:50 	 Concorde:5.640421 	 MCTS:5.640421 Improve:0.000000 	 Time:3.76 Seconds
Solution: 1 42 22 4 19 7 12 24 16 50 27 26 49 40 29 33 28 44 10 13 20 41 32 47 43 45 11 17 25 14 39 34 18 37 3 23 35 38 36 8 46 31 5 2 6 9 21 48 15 30 

Inst_Index:4976 	 City_Num:50 	 Concorde:5.600162 	 MCTS:5.600162 Improve:-0.000000 	 Time:3.78 Seconds
Solution: 1 37 19 44 31 48 18 40 25 14 2 32 3 21 45 24 20 16 26 36 42 28 27 38 41 17 11 46 33 23 30 13 47 22 5 8 35 12 9 34 10 49 39 6 4 50 43 15 7 29 

Inst_Index:4977 	 City_Num:50 	 Concorde:5.368679 	 MCTS:5.362874 Improve:0.005804 	 Time:3.75 Seconds
Solution: 1 4 40 41 7 32 26 25 16 22 34 21 46 18 35 44 23 28 19 42 5 38 20 9 49 36 33 30 12 43 27 6 37 15 48 24 39 14 11 2 13 29 31 17 50 3 47 8 45 10 

Inst_Index:4978 	 City_Num:50 	 Concorde:5.398653 	 MCTS:5.397385 Improve:0.001268 	 Time:3.78 Seconds
Solution: 1 41 17 42 47 15 27 44 19 18 4 32 48 24 16 14 3 25 49 13 7 46 11 50 35 26 40 28 23 33 10 2 30 22 9 37 8 34 29 12 43 21 45 38 39 20 6 31 36 5 

Inst_Index:4979 	 City_Num:50 	 Concorde:5.675846 	 MCTS:5.674404 Improve:0.001442 	 Time:3.77 Seconds
Solution: 1 9 27 6 20 39 46 35 37 31 38 16 41 32 28 3 13 49 34 44 18 2 29 7 19 26 50 48 42 23 4 12 47 43 22 33 10 45 24 14 11 21 5 30 8 17 25 36 40 15 

Inst_Index:4980 	 City_Num:50 	 Concorde:6.141468 	 MCTS:6.141468 Improve:0.000000 	 Time:3.77 Seconds
Solution: 1 38 14 23 8 42 49 20 28 22 40 2 26 30 31 3 43 7 29 21 33 16 18 44 47 9 45 4 24 5 39 46 37 6 15 34 35 48 17 50 12 25 10 32 41 36 13 19 11 27 

Inst_Index:4981 	 City_Num:50 	 Concorde:5.640946 	 MCTS:5.640946 Improve:0.000000 	 Time:3.77 Seconds
Solution: 1 29 49 27 22 8 38 47 14 20 46 44 32 2 11 19 15 31 48 7 39 12 9 33 18 37 42 34 4 10 35 3 26 28 21 30 16 50 41 24 43 36 6 40 23 5 45 13 25 17 

Inst_Index:4982 	 City_Num:50 	 Concorde:5.571094 	 MCTS:5.571094 Improve:0.000000 	 Time:3.77 Seconds
Solution: 1 38 28 25 11 33 43 9 4 8 44 13 37 7 48 29 5 36 19 40 49 45 18 2 10 41 6 50 14 23 21 15 34 17 32 42 3 20 22 12 39 46 16 30 26 27 35 47 31 24 

Inst_Index:4983 	 City_Num:50 	 Concorde:5.391606 	 MCTS:5.391606 Improve:-0.000000 	 Time:3.75 Seconds
Solution: 1 30 7 38 13 22 31 11 49 41 39 26 14 50 32 46 25 15 16 42 34 36 23 33 2 40 8 24 10 47 9 17 48 43 19 21 3 35 20 4 12 6 37 18 5 27 29 28 44 45 

Inst_Index:4984 	 City_Num:50 	 Concorde:6.051537 	 MCTS:6.051537 Improve:0.000000 	 Time:3.75 Seconds
Solution: 1 2 37 47 22 29 19 31 7 35 41 13 21 45 3 25 49 24 32 39 48 17 50 26 36 9 33 27 8 20 10 43 11 12 6 44 34 18 46 38 23 15 30 4 14 16 42 40 28 5 

Inst_Index:4985 	 City_Num:50 	 Concorde:6.003269 	 MCTS:6.000546 Improve:0.002723 	 Time:3.77 Seconds
Solution: 1 46 45 22 29 30 28 43 24 26 9 40 37 36 19 41 17 27 44 49 25 50 32 33 35 6 20 34 16 39 7 13 48 15 8 18 3 5 14 12 21 2 11 42 10 31 38 47 23 4 

Inst_Index:4986 	 City_Num:50 	 Concorde:5.702463 	 MCTS:5.702463 Improve:0.000000 	 Time:3.75 Seconds
Solution: 1 40 36 14 15 21 6 4 27 7 46 41 9 5 35 8 13 10 22 39 26 49 20 34 47 12 2 32 29 25 19 50 37 23 33 30 11 48 28 17 16 3 31 43 42 44 38 24 18 45 

Inst_Index:4987 	 City_Num:50 	 Concorde:5.600266 	 MCTS:5.590191 Improve:0.010075 	 Time:3.76 Seconds
Solution: 1 37 38 16 47 13 18 41 46 43 11 48 10 7 34 17 19 23 50 12 2 42 21 35 36 3 49 20 22 26 33 14 8 4 40 45 24 44 27 31 6 30 28 9 29 32 5 15 39 25 

Inst_Index:4988 	 City_Num:50 	 Concorde:5.754821 	 MCTS:5.754821 Improve:0.000000 	 Time:3.76 Seconds
Solution: 1 35 48 25 34 16 6 20 8 38 39 47 18 19 23 10 46 40 29 28 32 36 15 4 27 3 11 50 41 42 12 21 22 17 31 9 43 14 24 33 26 45 13 7 30 2 37 49 5 44 

Inst_Index:4989 	 City_Num:50 	 Concorde:6.099419 	 MCTS:6.096218 Improve:0.003201 	 Time:3.76 Seconds
Solution: 1 26 39 15 49 3 31 14 37 5 27 25 4 24 40 38 46 41 16 10 42 30 7 29 50 32 36 34 18 17 8 12 19 45 44 47 23 6 33 13 48 28 9 43 21 22 11 20 35 2 

Inst_Index:4990 	 City_Num:50 	 Concorde:5.986936 	 MCTS:5.986936 Improve:0.000000 	 Time:3.75 Seconds
Solution: 1 9 30 32 31 39 40 45 23 50 36 29 11 47 10 38 14 34 28 49 35 12 22 7 37 42 6 48 15 27 13 41 2 43 4 25 33 17 16 8 3 46 19 5 20 44 21 18 24 26 

Inst_Index:4991 	 City_Num:50 	 Concorde:5.945598 	 MCTS:5.945598 Improve:0.000000 	 Time:3.77 Seconds
Solution: 1 28 4 32 23 2 50 29 13 5 34 27 20 33 18 10 37 16 3 11 43 45 44 39 46 31 22 14 7 19 40 24 49 12 17 21 48 26 41 38 35 6 42 9 8 47 15 36 25 30 

Inst_Index:4992 	 City_Num:50 	 Concorde:5.933310 	 MCTS:5.930348 Improve:0.002962 	 Time:3.75 Seconds
Solution: 1 5 17 22 19 27 44 3 35 36 42 21 43 40 30 50 39 49 15 16 46 47 33 18 13 8 31 37 24 32 48 25 28 9 20 10 7 45 38 4 26 29 14 11 41 34 6 12 2 23 

Inst_Index:4993 	 City_Num:50 	 Concorde:5.424018 	 MCTS:5.424018 Improve:0.000000 	 Time:3.76 Seconds
Solution: 1 34 17 39 30 37 50 38 24 36 19 15 43 42 47 48 29 21 22 18 20 35 5 11 12 14 6 44 16 7 9 33 23 41 46 31 40 13 28 49 3 45 4 32 27 2 10 8 25 26 

Inst_Index:4994 	 City_Num:50 	 Concorde:5.634989 	 MCTS:5.634989 Improve:0.000000 	 Time:3.76 Seconds
Solution: 1 44 40 22 43 9 24 30 45 18 48 17 32 12 19 28 50 6 10 14 23 15 46 7 36 35 49 20 25 11 42 34 5 47 3 29 41 21 2 31 13 26 39 16 33 27 4 8 37 38 

Inst_Index:4995 	 City_Num:50 	 Concorde:5.550310 	 MCTS:5.547000 Improve:0.003310 	 Time:3.77 Seconds
Solution: 1 33 35 47 13 12 22 17 7 5 21 19 6 34 36 15 20 39 40 8 27 28 37 42 10 3 14 31 24 45 43 29 44 4 9 30 41 48 16 2 25 49 38 18 32 26 11 50 46 23 

Inst_Index:4996 	 City_Num:50 	 Concorde:5.205735 	 MCTS:5.197914 Improve:0.007821 	 Time:3.78 Seconds
Solution: 1 45 32 24 36 31 3 12 27 5 44 4 10 8 33 49 19 11 14 16 18 47 41 25 9 39 42 40 2 20 38 35 30 6 15 37 26 50 29 17 43 7 46 23 48 34 13 22 21 28 

Inst_Index:4997 	 City_Num:50 	 Concorde:5.878074 	 MCTS:5.878074 Improve:-0.000000 	 Time:3.75 Seconds
Solution: 1 43 44 32 15 6 49 31 27 21 26 20 29 11 16 47 33 30 12 24 5 13 38 14 36 28 17 8 4 10 45 19 18 46 34 22 7 2 9 23 42 41 48 37 35 50 25 39 3 40 

Inst_Index:4998 	 City_Num:50 	 Concorde:5.869761 	 MCTS:5.869119 Improve:0.000642 	 Time:3.76 Seconds
Solution: 1 14 16 40 2 23 3 29 25 24 5 22 13 35 17 39 44 15 4 49 6 11 32 38 18 7 41 8 36 47 21 43 48 20 9 34 42 28 31 50 30 37 12 26 33 10 45 27 19 46 

Inst_Index:4999 	 City_Num:50 	 Concorde:6.315246 	 MCTS:6.315246 Improve:0.000000 	 Time:3.77 Seconds
Solution: 1 3 33 24 50 11 30 28 34 31 38 8 40 12 16 25 49 2 41 9 22 48 26 27 5 7 19 47 35 20 6 15 39 14 4 21 32 18 45 10 43 37 17 46 42 23 44 29 13 36 

Inst_Index:5000 	 City_Num:50 	 Concorde:6.160744 	 MCTS:6.160744 Improve:0.000000 	 Time:3.76 Seconds
Solution: 1 18 25 16 48 13 28 4 46 12 39 20 22 33 35 37 50 14 27 11 36 30 3 29 7 6 45 42 23 31 43 26 47 10 9 38 15 5 21 49 19 41 34 2 8 32 40 24 17 44 

Inst_Index:5001 	 City_Num:50 	 Concorde:5.539466 	 MCTS:5.528406 Improve:0.011060 	 Time:3.76 Seconds
Solution: 1 47 36 18 33 21 7 42 40 48 28 17 6 32 37 22 14 44 49 9 19 46 8 11 13 50 31 3 38 20 12 43 29 30 16 35 34 2 45 5 39 26 41 10 24 4 15 27 23 25 

Inst_Index:5002 	 City_Num:50 	 Concorde:5.821152 	 MCTS:5.821152 Improve:-0.000000 	 Time:3.76 Seconds
Solution: 1 47 32 50 40 33 4 13 44 20 35 43 10 38 39 15 19 23 49 18 24 12 9 21 25 28 11 2 34 36 27 46 30 45 16 5 6 48 42 26 7 41 14 3 37 31 29 8 17 22 

Inst_Index:5003 	 City_Num:50 	 Concorde:5.575056 	 MCTS:5.575056 Improve:0.000000 	 Time:3.75 Seconds
Solution: 1 21 48 38 39 18 15 40 26 19 47 12 2 29 5 41 43 4 23 46 14 31 7 34 27 6 13 10 44 17 9 25 37 3 16 8 49 11 20 22 36 30 45 24 32 33 35 42 50 28 

Inst_Index:5004 	 City_Num:50 	 Concorde:5.733989 	 MCTS:5.730311 Improve:0.003678 	 Time:3.77 Seconds
Solution: 1 31 11 50 28 23 46 16 18 4 44 6 49 24 37 30 3 8 43 26 39 36 25 5 20 34 9 21 40 47 27 12 41 32 29 35 14 45 2 17 10 42 22 13 19 33 15 7 38 48 

Inst_Index:5005 	 City_Num:50 	 Concorde:5.587567 	 MCTS:5.587567 Improve:-0.000000 	 Time:3.76 Seconds
Solution: 1 42 14 46 4 20 40 29 31 18 3 38 50 19 25 24 21 43 33 34 32 27 45 28 47 35 44 9 26 37 10 5 12 7 30 36 17 8 41 22 16 6 49 48 15 39 11 13 23 2 

Inst_Index:5006 	 City_Num:50 	 Concorde:5.624352 	 MCTS:5.623888 Improve:0.000464 	 Time:3.76 Seconds
Solution: 1 3 38 8 11 16 15 45 42 43 22 48 30 20 24 47 36 23 31 7 6 40 4 5 49 26 46 41 35 10 18 29 25 28 39 37 34 17 13 32 12 2 44 19 9 27 33 50 14 21 

Inst_Index:5007 	 City_Num:50 	 Concorde:5.605695 	 MCTS:5.601102 Improve:0.004594 	 Time:3.77 Seconds
Solution: 1 39 45 28 22 34 6 46 21 27 33 2 37 20 4 29 13 48 14 49 9 38 50 5 41 47 10 25 35 40 8 32 18 24 17 36 44 11 23 12 3 16 19 7 15 26 31 42 43 30 

Inst_Index:5008 	 City_Num:50 	 Concorde:5.616398 	 MCTS:5.616398 Improve:0.000000 	 Time:3.75 Seconds
Solution: 1 4 36 15 8 11 24 44 25 30 31 2 26 5 50 32 47 17 42 45 21 35 13 28 27 3 38 19 33 7 40 37 39 10 18 9 14 23 16 20 12 6 41 43 46 34 22 29 48 49 


Avg_Concorde_Distance: 5.701207 Avg_MCTS_Distance: 5.699903 Avg_Gap: -0.000231 Total_Time: 1178.35 Seconds 
 Beat_Best_Known_Times: 121 Match_Best_Known_Times: 192 Miss_Best_Known_Times: 0 
