Number_of_Instances_In_Current_Batch: 313

Inst_Index:3131 	 City_Num:50 	 Concorde:5.710587 	 MCTS:5.710587 Improve:-0.000000 	 Time:3.75 Seconds
Solution: 1 32 22 44 6 8 23 11 29 50 31 36 26 47 24 5 30 14 9 42 33 49 35 39 37 21 13 46 45 34 3 10 25 38 7 18 19 16 4 12 15 43 27 20 48 2 41 28 17 40 

Inst_Index:3132 	 City_Num:50 	 Concorde:5.983589 	 MCTS:5.983589 Improve:0.000000 	 Time:3.75 Seconds
Solution: 1 27 50 6 18 34 2 32 33 28 44 26 24 8 4 3 36 41 25 46 31 39 35 14 45 17 9 48 11 30 19 23 42 7 15 16 47 49 10 5 40 22 13 20 43 12 38 37 29 21 

Inst_Index:3133 	 City_Num:50 	 Concorde:5.681108 	 MCTS:5.681108 Improve:0.000000 	 Time:3.76 Seconds
Solution: 1 8 42 39 30 29 26 19 41 7 22 4 32 14 18 44 12 36 34 48 31 10 38 45 5 25 6 17 46 33 40 35 49 3 16 50 23 43 9 27 11 13 2 28 37 24 20 15 21 47 

Inst_Index:3134 	 City_Num:50 	 Concorde:5.718333 	 MCTS:5.718333 Improve:0.000000 	 Time:3.76 Seconds
Solution: 1 27 40 29 42 18 44 50 36 11 26 19 30 22 24 23 13 21 6 45 48 2 38 9 32 7 20 46 43 39 49 31 3 47 8 34 17 33 37 41 4 10 5 28 35 15 25 16 14 12 

Inst_Index:3135 	 City_Num:50 	 Concorde:5.991115 	 MCTS:5.985575 Improve:0.005540 	 Time:3.75 Seconds
Solution: 1 23 37 29 11 18 20 50 16 26 43 41 36 39 10 38 5 17 42 30 7 8 28 49 24 33 45 9 25 19 15 22 46 27 12 2 44 6 35 13 48 3 34 31 14 4 32 40 47 21 

Inst_Index:3136 	 City_Num:50 	 Concorde:5.533168 	 MCTS:5.533168 Improve:-0.000000 	 Time:3.77 Seconds
Solution: 1 44 49 38 35 28 36 34 3 16 45 50 20 17 24 18 37 43 7 46 8 11 31 40 42 23 2 12 21 30 27 4 10 13 25 6 19 47 39 9 15 41 29 48 32 5 26 22 14 33 

Inst_Index:3137 	 City_Num:50 	 Concorde:5.455147 	 MCTS:5.455147 Improve:-0.000000 	 Time:3.76 Seconds
Solution: 1 27 33 30 10 39 31 24 32 3 22 9 40 37 50 48 8 44 14 49 20 7 28 26 38 35 25 47 11 19 18 23 5 6 13 34 42 12 29 15 45 16 46 36 43 41 21 2 4 17 

Inst_Index:3138 	 City_Num:50 	 Concorde:5.682302 	 MCTS:5.681139 Improve:0.001163 	 Time:3.77 Seconds
Solution: 1 36 44 5 24 30 34 47 10 41 48 15 39 9 43 28 4 14 50 8 29 18 35 40 38 16 31 2 21 26 25 11 3 23 20 45 7 46 13 33 27 17 6 19 42 49 22 12 37 32 

Inst_Index:3139 	 City_Num:50 	 Concorde:5.893400 	 MCTS:5.893400 Improve:-0.000000 	 Time:3.76 Seconds
Solution: 1 36 2 12 42 15 50 20 23 46 21 3 24 34 35 43 5 27 39 19 28 16 32 4 33 31 9 45 49 8 18 40 11 30 44 6 38 17 22 25 10 7 47 26 29 13 48 14 41 37 

Inst_Index:3140 	 City_Num:50 	 Concorde:6.041353 	 MCTS:6.041353 Improve:0.000000 	 Time:3.75 Seconds
Solution: 1 20 18 5 17 31 33 14 50 47 10 37 8 15 21 43 30 46 27 48 39 26 41 22 44 3 24 11 49 2 42 35 32 45 34 16 7 23 19 12 40 4 25 28 29 38 13 6 9 36 

Inst_Index:3141 	 City_Num:50 	 Concorde:5.781665 	 MCTS:5.779667 Improve:0.001998 	 Time:3.76 Seconds
Solution: 1 10 30 11 2 23 47 22 45 31 4 36 32 6 24 35 14 27 8 3 7 44 41 50 13 20 26 9 43 42 16 40 46 29 28 15 49 5 48 21 38 12 19 39 37 18 33 34 25 17 

Inst_Index:3142 	 City_Num:50 	 Concorde:5.785478 	 MCTS:5.785478 Improve:-0.000000 	 Time:3.75 Seconds
Solution: 1 4 9 25 26 7 14 42 40 17 11 50 8 16 45 44 43 10 48 23 38 47 37 3 32 15 13 46 34 39 22 21 2 12 19 18 24 30 31 6 35 5 28 36 41 49 20 33 29 27 

Inst_Index:3143 	 City_Num:50 	 Concorde:5.532651 	 MCTS:5.532651 Improve:0.000000 	 Time:3.76 Seconds
Solution: 1 25 40 32 24 50 4 48 15 41 14 18 36 38 8 43 21 31 12 28 5 26 35 23 29 44 46 37 16 27 13 33 19 34 39 9 30 45 42 10 6 11 49 20 7 3 17 22 47 2 

Inst_Index:3144 	 City_Num:50 	 Concorde:5.524319 	 MCTS:5.516290 Improve:0.008029 	 Time:3.76 Seconds
Solution: 1 50 23 41 12 44 10 48 6 22 28 8 38 32 43 5 7 33 45 29 49 42 19 20 18 46 34 15 13 39 36 40 17 9 4 25 3 47 24 16 11 14 37 21 26 35 31 27 30 2 

Inst_Index:3145 	 City_Num:50 	 Concorde:6.142669 	 MCTS:6.142621 Improve:0.000048 	 Time:3.75 Seconds
Solution: 1 48 20 40 37 14 31 30 9 33 7 3 43 4 36 16 29 21 47 24 27 32 12 44 49 35 26 6 19 22 2 5 34 8 41 13 28 42 25 11 10 39 46 50 23 18 17 45 15 38 

Inst_Index:3146 	 City_Num:50 	 Concorde:5.944882 	 MCTS:5.944882 Improve:0.000000 	 Time:3.76 Seconds
Solution: 1 19 27 43 15 30 16 37 26 12 5 41 21 23 34 35 13 44 7 6 17 39 3 50 2 38 9 31 8 14 36 22 18 28 33 32 40 49 24 46 42 10 11 20 47 48 29 25 4 45 

Inst_Index:3147 	 City_Num:50 	 Concorde:5.221517 	 MCTS:5.221517 Improve:0.000000 	 Time:3.76 Seconds
Solution: 1 8 30 29 23 42 14 12 26 7 4 21 27 6 24 15 11 41 46 34 44 10 32 37 25 40 22 19 17 50 35 38 28 18 20 13 33 31 16 43 36 49 45 9 39 5 47 48 3 2 

Inst_Index:3148 	 City_Num:50 	 Concorde:5.572723 	 MCTS:5.572723 Improve:0.000000 	 Time:3.75 Seconds
Solution: 1 34 18 5 2 33 37 25 24 22 30 45 44 29 42 23 12 41 16 13 46 15 43 21 50 20 3 38 49 7 36 40 31 48 10 19 14 9 26 47 8 39 4 32 6 35 17 11 27 28 

Inst_Index:3149 	 City_Num:50 	 Concorde:5.624991 	 MCTS:5.624991 Improve:0.000000 	 Time:3.76 Seconds
Solution: 1 4 31 2 18 10 43 20 35 3 19 40 48 39 7 8 6 28 16 17 13 37 15 46 49 24 14 21 22 42 27 29 11 23 44 30 33 38 12 26 45 47 34 9 5 36 25 32 41 50 

Inst_Index:3150 	 City_Num:50 	 Concorde:5.925400 	 MCTS:5.918199 Improve:0.007201 	 Time:3.75 Seconds
Solution: 1 5 41 45 42 43 11 29 50 28 21 16 6 13 35 40 15 48 19 10 20 38 3 7 17 32 46 33 24 31 27 47 49 36 4 26 22 30 44 12 9 39 34 37 25 18 23 8 2 14 

Inst_Index:3151 	 City_Num:50 	 Concorde:5.593056 	 MCTS:5.593056 Improve:-0.000000 	 Time:3.76 Seconds
Solution: 1 3 18 31 44 43 15 5 28 8 6 38 35 33 12 9 2 41 23 29 19 50 22 16 24 32 17 14 49 4 11 20 27 26 42 7 47 48 40 34 13 45 39 30 36 10 37 21 46 25 

Inst_Index:3152 	 City_Num:50 	 Concorde:6.034733 	 MCTS:6.034076 Improve:0.000657 	 Time:3.78 Seconds
Solution: 1 33 28 44 23 39 48 24 16 37 15 18 25 3 8 4 30 17 40 47 41 29 2 46 20 42 32 6 11 50 34 12 31 43 22 26 49 10 21 9 36 13 35 14 38 5 45 19 27 7 

Inst_Index:3153 	 City_Num:50 	 Concorde:5.848047 	 MCTS:5.848047 Improve:0.000000 	 Time:3.75 Seconds
Solution: 1 4 28 10 47 31 34 33 3 45 40 25 19 17 16 21 13 26 43 15 12 50 5 29 11 14 41 36 38 32 46 8 24 49 37 35 20 9 18 42 22 44 27 39 23 48 30 7 2 6 

Inst_Index:3154 	 City_Num:50 	 Concorde:5.717295 	 MCTS:5.716120 Improve:0.001175 	 Time:3.77 Seconds
Solution: 1 13 30 12 20 42 49 5 40 15 17 41 23 18 22 10 9 7 6 3 35 31 39 36 16 27 8 29 19 11 24 38 44 25 46 28 2 32 14 4 43 48 21 26 37 47 34 33 50 45 

Inst_Index:3155 	 City_Num:50 	 Concorde:5.598717 	 MCTS:5.597773 Improve:0.000943 	 Time:3.75 Seconds
Solution: 1 30 6 47 46 44 40 15 25 17 27 49 34 35 4 39 45 42 19 26 3 29 11 5 2 22 12 38 7 24 16 18 37 33 32 28 31 50 48 10 41 9 43 21 8 13 36 14 23 20 

Inst_Index:3156 	 City_Num:50 	 Concorde:6.181759 	 MCTS:6.176718 Improve:0.005042 	 Time:3.76 Seconds
Solution: 1 48 9 7 47 34 20 3 26 17 23 12 15 31 29 33 13 14 8 50 25 49 38 6 32 10 16 19 18 45 24 46 37 43 11 5 4 39 28 42 44 40 35 30 22 2 27 41 21 36 

Inst_Index:3157 	 City_Num:50 	 Concorde:5.830681 	 MCTS:5.830449 Improve:0.000233 	 Time:3.76 Seconds
Solution: 1 37 45 39 44 36 49 3 14 24 6 7 28 15 5 30 47 40 26 31 33 9 18 20 34 11 22 23 38 10 42 12 21 13 48 35 4 16 17 43 19 41 32 8 2 50 25 29 46 27 

Inst_Index:3158 	 City_Num:50 	 Concorde:5.743799 	 MCTS:5.733727 Improve:0.010072 	 Time:3.75 Seconds
Solution: 1 8 3 20 36 39 17 6 26 41 37 47 16 7 33 21 34 42 38 30 5 50 45 31 48 10 11 2 49 13 40 27 18 25 9 24 29 22 12 14 46 28 43 4 15 23 19 32 35 44 

Inst_Index:3159 	 City_Num:50 	 Concorde:5.756829 	 MCTS:5.756829 Improve:-0.000000 	 Time:3.76 Seconds
Solution: 1 7 27 32 18 45 14 6 35 4 47 50 38 31 25 40 44 19 17 22 29 34 36 48 2 39 13 42 43 12 49 24 30 20 11 28 33 9 37 16 5 15 46 21 23 3 41 26 8 10 

Inst_Index:3160 	 City_Num:50 	 Concorde:5.903338 	 MCTS:5.903338 Improve:-0.000000 	 Time:3.77 Seconds
Solution: 1 7 9 11 47 8 43 26 33 15 41 25 3 29 19 39 45 4 23 46 50 30 42 20 40 28 17 13 5 18 6 32 35 22 16 14 31 37 44 48 10 34 2 24 36 38 21 12 27 49 

Inst_Index:3161 	 City_Num:50 	 Concorde:5.157628 	 MCTS:5.153761 Improve:0.003867 	 Time:3.77 Seconds
Solution: 1 40 46 21 37 25 33 13 12 7 49 48 17 19 5 31 2 23 41 44 45 28 15 47 27 6 8 3 18 11 22 43 39 38 26 34 42 20 36 14 10 30 35 4 9 29 16 50 32 24 

Inst_Index:3162 	 City_Num:50 	 Concorde:5.796826 	 MCTS:5.791734 Improve:0.005092 	 Time:3.76 Seconds
Solution: 1 39 18 24 20 41 50 8 13 12 48 21 27 32 33 11 23 35 37 29 42 28 44 49 38 5 9 17 47 31 6 10 36 30 43 16 26 15 7 14 46 3 2 4 25 22 34 40 45 19 

Inst_Index:3163 	 City_Num:50 	 Concorde:5.932281 	 MCTS:5.925372 Improve:0.006908 	 Time:3.75 Seconds
Solution: 1 49 27 6 39 17 43 25 26 18 13 40 29 8 36 30 9 10 7 44 2 12 41 42 22 32 24 35 38 31 37 50 46 5 48 19 45 16 47 14 3 21 28 23 34 15 4 33 20 11 

Inst_Index:3164 	 City_Num:50 	 Concorde:5.701896 	 MCTS:5.701896 Improve:0.000000 	 Time:3.75 Seconds
Solution: 1 9 42 30 39 18 24 4 8 17 33 16 25 27 34 3 45 50 22 15 41 49 46 2 19 36 38 31 26 47 20 11 40 6 23 10 43 32 37 21 13 48 44 29 5 7 12 14 35 28 

Inst_Index:3165 	 City_Num:50 	 Concorde:5.311606 	 MCTS:5.311606 Improve:-0.000000 	 Time:3.77 Seconds
Solution: 1 45 4 17 25 48 29 15 32 33 30 7 38 39 13 27 43 9 16 8 47 22 26 37 36 18 19 5 41 49 14 44 35 6 40 20 3 42 2 23 46 12 28 34 10 50 24 21 31 11 

Inst_Index:3166 	 City_Num:50 	 Concorde:5.849308 	 MCTS:5.849308 Improve:0.000000 	 Time:3.75 Seconds
Solution: 1 23 32 42 28 24 7 14 39 43 34 6 26 41 44 8 49 50 40 5 47 36 13 2 4 29 37 27 12 33 18 11 48 3 45 10 15 30 25 31 16 20 35 22 38 46 9 21 19 17 

Inst_Index:3167 	 City_Num:50 	 Concorde:5.802616 	 MCTS:5.802616 Improve:-0.000000 	 Time:3.76 Seconds
Solution: 1 2 44 49 23 12 34 17 32 36 24 50 13 6 20 46 38 28 16 7 21 15 29 30 48 42 18 3 14 39 22 45 10 26 4 9 33 37 11 35 40 31 25 5 8 43 47 19 41 27 

Inst_Index:3168 	 City_Num:50 	 Concorde:5.803766 	 MCTS:5.803766 Improve:0.000000 	 Time:3.76 Seconds
Solution: 1 15 42 5 7 38 3 48 33 12 6 23 10 20 24 25 37 32 49 17 2 31 18 27 41 47 11 36 26 46 34 28 50 29 35 14 16 40 30 45 22 4 39 8 43 19 21 9 44 13 

Inst_Index:3169 	 City_Num:50 	 Concorde:5.849218 	 MCTS:5.849218 Improve:0.000000 	 Time:3.75 Seconds
Solution: 1 29 8 30 50 9 39 41 10 13 23 28 32 25 5 20 33 38 4 19 40 11 12 21 22 2 35 15 36 42 17 3 45 43 31 37 44 48 26 34 24 6 18 47 27 14 46 49 16 7 

Inst_Index:3170 	 City_Num:50 	 Concorde:5.439515 	 MCTS:5.439515 Improve:0.000000 	 Time:3.77 Seconds
Solution: 1 13 39 27 43 48 44 3 10 8 29 25 33 14 7 17 31 42 37 16 6 26 32 40 36 21 22 50 12 2 35 9 15 45 49 20 41 34 47 24 38 18 23 46 30 19 28 11 4 5 

Inst_Index:3171 	 City_Num:50 	 Concorde:5.361696 	 MCTS:5.357128 Improve:0.004568 	 Time:3.75 Seconds
Solution: 1 39 16 7 17 34 13 46 15 32 14 43 45 29 23 6 42 48 47 22 5 38 36 9 4 50 33 49 11 41 3 44 31 20 2 27 40 30 8 19 18 24 12 25 10 37 21 35 28 26 

Inst_Index:3172 	 City_Num:50 	 Concorde:5.499879 	 MCTS:5.499879 Improve:0.000000 	 Time:3.76 Seconds
Solution: 1 50 15 49 19 7 8 18 35 42 22 30 27 25 20 37 43 36 5 48 26 10 6 29 16 2 28 38 24 9 40 14 31 41 44 33 13 17 4 11 45 46 34 23 12 32 3 21 47 39 

Inst_Index:3173 	 City_Num:50 	 Concorde:6.086919 	 MCTS:6.086919 Improve:0.000000 	 Time:3.78 Seconds
Solution: 1 13 22 49 34 5 18 31 11 29 8 15 23 21 12 30 32 25 24 33 17 37 2 48 38 19 43 47 39 42 20 41 36 3 7 45 6 40 4 26 27 44 16 10 46 35 28 9 50 14 

Inst_Index:3174 	 City_Num:50 	 Concorde:6.066487 	 MCTS:6.066487 Improve:0.000000 	 Time:3.78 Seconds
Solution: 1 42 21 3 40 11 43 38 44 20 41 8 48 9 32 22 13 6 31 46 45 17 28 36 12 33 25 4 34 50 35 15 5 2 16 24 26 30 18 14 10 37 23 47 49 7 27 39 29 19 

Inst_Index:3175 	 City_Num:50 	 Concorde:6.038674 	 MCTS:6.034675 Improve:0.003999 	 Time:3.75 Seconds
Solution: 1 9 29 32 20 37 35 12 13 23 5 43 18 49 33 2 48 4 8 36 50 21 6 28 30 11 16 15 3 7 44 47 38 31 17 41 40 34 26 14 25 22 27 24 42 39 46 19 10 45 

Inst_Index:3176 	 City_Num:50 	 Concorde:6.023882 	 MCTS:6.023882 Improve:-0.000000 	 Time:3.77 Seconds
Solution: 1 14 29 2 43 12 42 7 11 47 23 3 50 5 27 20 22 25 28 24 8 45 17 34 4 13 16 38 37 6 30 10 41 32 19 33 49 26 40 35 31 9 36 21 18 15 48 44 39 46 

Inst_Index:3177 	 City_Num:50 	 Concorde:5.713839 	 MCTS:5.711186 Improve:0.002653 	 Time:3.76 Seconds
Solution: 1 46 14 9 41 36 5 33 23 25 32 22 39 2 13 19 12 16 31 34 4 45 30 3 29 38 20 44 18 17 50 10 24 8 26 6 21 43 27 47 28 42 48 7 11 35 15 49 40 37 

Inst_Index:3178 	 City_Num:50 	 Concorde:5.992435 	 MCTS:5.988133 Improve:0.004302 	 Time:3.75 Seconds
Solution: 1 19 15 8 5 34 50 7 39 3 25 29 45 12 40 31 41 17 26 16 14 18 13 47 20 24 38 28 46 23 30 22 43 27 4 10 21 11 37 44 36 33 48 9 6 42 2 35 32 49 

Inst_Index:3179 	 City_Num:50 	 Concorde:5.274719 	 MCTS:5.274719 Improve:0.000000 	 Time:3.75 Seconds
Solution: 1 9 36 8 17 10 28 21 2 37 12 5 14 16 49 33 15 4 50 18 41 22 30 35 26 29 25 39 20 47 43 42 46 32 6 11 23 13 48 31 7 19 34 24 40 3 27 44 38 45 

Inst_Index:3180 	 City_Num:50 	 Concorde:5.823255 	 MCTS:5.823255 Improve:0.000000 	 Time:3.76 Seconds
Solution: 1 25 43 48 18 45 47 8 21 27 19 4 49 16 36 50 41 32 42 37 35 38 28 5 30 23 39 46 13 9 31 10 40 15 2 7 3 44 12 20 29 24 26 33 6 34 17 14 22 11 

Inst_Index:3181 	 City_Num:50 	 Concorde:5.697782 	 MCTS:5.697782 Improve:-0.000000 	 Time:3.75 Seconds
Solution: 1 9 44 45 11 48 21 31 50 27 38 25 14 42 46 7 24 12 17 15 13 39 49 26 28 23 37 5 33 6 20 16 10 32 3 4 41 30 22 34 43 40 18 35 36 2 8 29 19 47 

Inst_Index:3182 	 City_Num:50 	 Concorde:5.597937 	 MCTS:5.597937 Improve:-0.000000 	 Time:3.77 Seconds
Solution: 1 31 39 49 43 16 18 14 3 9 40 47 28 26 11 32 6 29 13 21 48 24 4 44 15 50 17 36 20 42 5 45 22 19 37 30 25 23 46 12 10 27 7 33 2 35 34 8 41 38 

Inst_Index:3183 	 City_Num:50 	 Concorde:5.826129 	 MCTS:5.826129 Improve:0.000000 	 Time:3.77 Seconds
Solution: 1 12 47 46 27 43 4 49 32 9 3 16 34 2 26 24 11 10 25 39 8 5 15 50 42 13 19 29 20 45 31 28 44 36 7 40 30 41 6 22 17 33 38 21 23 14 48 37 18 35 

Inst_Index:3184 	 City_Num:50 	 Concorde:5.877781 	 MCTS:5.877781 Improve:0.000000 	 Time:3.76 Seconds
Solution: 1 49 36 35 9 28 44 27 15 11 17 25 5 23 8 42 34 10 31 32 12 13 30 29 26 7 50 41 45 37 38 4 22 14 18 43 24 33 16 46 3 48 2 40 6 47 20 39 19 21 

Inst_Index:3185 	 City_Num:50 	 Concorde:6.105163 	 MCTS:6.105163 Improve:0.000000 	 Time:3.76 Seconds
Solution: 1 41 34 16 50 26 40 11 49 6 29 35 12 48 8 5 9 25 45 19 24 17 13 4 38 37 3 31 36 23 10 44 39 42 22 2 43 7 20 27 46 30 18 47 14 21 15 33 28 32 

Inst_Index:3186 	 City_Num:50 	 Concorde:6.102649 	 MCTS:6.102649 Improve:0.000000 	 Time:3.77 Seconds
Solution: 1 50 27 44 8 12 11 48 39 23 14 38 19 17 9 25 4 24 33 40 43 35 37 7 5 36 29 3 47 21 16 45 10 15 26 6 41 34 20 42 31 2 49 13 30 28 46 32 22 18 

Inst_Index:3187 	 City_Num:50 	 Concorde:5.446103 	 MCTS:5.438999 Improve:0.007104 	 Time:3.75 Seconds
Solution: 1 50 23 4 38 31 36 35 33 11 41 14 21 8 34 27 32 20 7 42 18 24 6 40 12 29 46 5 43 10 45 30 13 47 2 28 26 39 16 15 49 25 48 22 3 9 17 37 19 44 

Inst_Index:3188 	 City_Num:50 	 Concorde:5.640933 	 MCTS:5.640933 Improve:-0.000000 	 Time:3.76 Seconds
Solution: 1 10 22 14 39 48 3 4 25 33 19 43 18 13 46 12 11 27 31 23 32 21 50 9 41 40 2 38 26 37 49 47 42 35 17 36 16 6 34 29 15 45 24 5 30 8 7 28 44 20 

Inst_Index:3189 	 City_Num:50 	 Concorde:5.909004 	 MCTS:5.909004 Improve:-0.000000 	 Time:3.76 Seconds
Solution: 1 13 43 12 10 3 25 48 29 19 31 45 22 20 46 30 28 47 49 39 8 21 9 18 6 32 11 16 27 5 33 24 42 35 40 37 2 38 36 41 23 4 26 17 15 14 50 34 7 44 

Inst_Index:3190 	 City_Num:50 	 Concorde:5.777937 	 MCTS:5.777937 Improve:-0.000000 	 Time:3.75 Seconds
Solution: 1 35 15 50 49 10 36 39 29 42 46 34 25 12 20 13 23 18 5 47 3 9 45 22 17 19 14 31 16 6 21 4 48 27 44 28 7 43 40 26 8 33 30 24 41 11 2 37 38 32 

Inst_Index:3191 	 City_Num:50 	 Concorde:6.039319 	 MCTS:6.039319 Improve:0.000000 	 Time:3.78 Seconds
Solution: 1 37 17 11 33 7 9 23 16 39 3 32 13 35 43 50 31 10 27 41 21 6 30 8 4 5 25 42 29 14 26 46 20 44 40 22 24 12 47 18 38 19 28 48 49 15 34 36 2 45 

Inst_Index:3192 	 City_Num:50 	 Concorde:5.532759 	 MCTS:5.530344 Improve:0.002416 	 Time:3.76 Seconds
Solution: 1 40 10 6 2 41 8 4 12 36 50 9 43 31 45 46 48 25 5 21 37 26 17 33 34 35 29 16 49 24 22 19 18 27 42 13 47 14 11 32 39 15 44 7 20 30 23 3 28 38 

Inst_Index:3193 	 City_Num:50 	 Concorde:5.720679 	 MCTS:5.720679 Improve:-0.000000 	 Time:3.76 Seconds
Solution: 1 42 10 43 48 9 21 37 26 50 32 31 25 13 39 46 15 16 29 47 22 40 19 30 4 7 41 24 18 45 6 34 44 23 8 14 2 11 17 20 33 28 36 38 49 5 3 12 27 35 

Inst_Index:3194 	 City_Num:50 	 Concorde:5.673859 	 MCTS:5.671313 Improve:0.002546 	 Time:3.75 Seconds
Solution: 1 44 16 40 41 3 18 38 36 30 24 33 47 17 28 11 49 31 46 26 2 21 35 48 8 14 4 6 45 13 37 50 15 25 32 22 23 5 39 29 43 7 10 9 20 27 42 34 12 19 

Inst_Index:3195 	 City_Num:50 	 Concorde:5.180838 	 MCTS:5.179900 Improve:0.000937 	 Time:3.75 Seconds
Solution: 1 15 21 8 5 23 13 22 50 36 30 40 19 7 18 48 2 10 3 33 31 34 16 28 9 46 14 32 49 24 39 41 37 11 27 25 42 29 6 35 44 45 20 4 38 47 43 12 17 26 

Inst_Index:3196 	 City_Num:50 	 Concorde:5.567699 	 MCTS:5.567699 Improve:0.000000 	 Time:3.76 Seconds
Solution: 1 46 19 30 26 31 39 3 17 24 34 16 25 11 22 49 35 10 27 36 4 38 12 21 41 14 47 50 44 13 15 37 29 48 5 28 45 32 8 40 7 18 33 23 42 43 2 20 6 9 

Inst_Index:3197 	 City_Num:50 	 Concorde:5.783393 	 MCTS:5.780054 Improve:0.003339 	 Time:3.76 Seconds
Solution: 1 41 50 10 32 21 7 5 16 28 6 22 49 31 24 20 29 38 35 40 19 9 3 15 39 42 36 34 13 27 33 37 23 8 2 17 45 14 43 11 44 4 12 47 26 25 18 46 48 30 

Inst_Index:3198 	 City_Num:50 	 Concorde:5.653172 	 MCTS:5.653172 Improve:0.000000 	 Time:3.76 Seconds
Solution: 1 27 47 43 7 25 10 42 31 33 24 19 38 3 28 37 20 36 12 48 46 16 2 49 13 30 34 5 22 17 9 32 23 15 40 21 41 6 50 45 35 4 26 14 29 44 39 18 11 8 

Inst_Index:3199 	 City_Num:50 	 Concorde:5.652681 	 MCTS:5.652597 Improve:0.000084 	 Time:3.76 Seconds
Solution: 1 35 46 15 42 2 11 13 23 20 36 12 3 41 34 14 32 45 49 33 48 22 17 6 24 29 39 9 4 47 37 40 7 31 44 30 19 50 25 28 27 18 5 8 43 26 16 10 21 38 

Inst_Index:3200 	 City_Num:50 	 Concorde:5.484767 	 MCTS:5.484767 Improve:-0.000000 	 Time:3.76 Seconds
Solution: 1 23 41 12 44 15 38 3 47 24 6 5 39 40 33 28 13 46 32 26 36 49 9 37 2 19 30 22 21 10 16 42 11 7 8 31 18 27 25 4 17 50 29 48 43 34 14 35 45 20 

Inst_Index:3201 	 City_Num:50 	 Concorde:5.787586 	 MCTS:5.787586 Improve:-0.000000 	 Time:3.77 Seconds
Solution: 1 11 36 4 43 30 2 13 15 8 38 26 19 6 35 14 20 22 5 49 12 46 42 48 31 25 40 10 32 44 21 41 24 47 27 45 37 28 33 9 18 23 50 34 7 16 17 3 29 39 

Inst_Index:3202 	 City_Num:50 	 Concorde:5.816235 	 MCTS:5.816235 Improve:0.000000 	 Time:3.76 Seconds
Solution: 1 14 45 32 25 29 36 26 27 10 5 2 19 11 4 49 15 28 22 24 3 43 44 38 21 41 9 42 34 35 31 18 7 46 17 6 47 40 23 13 16 12 50 48 20 8 37 39 33 30 

Inst_Index:3203 	 City_Num:50 	 Concorde:5.955011 	 MCTS:5.955011 Improve:0.000000 	 Time:3.77 Seconds
Solution: 1 17 24 23 6 44 15 41 4 2 32 26 43 36 40 22 12 38 28 27 7 10 45 29 34 42 18 50 49 5 11 33 20 39 21 37 3 25 19 16 8 9 47 13 35 14 30 31 46 48 

Inst_Index:3204 	 City_Num:50 	 Concorde:5.557113 	 MCTS:5.553376 Improve:0.003737 	 Time:3.76 Seconds
Solution: 1 31 33 12 38 7 49 46 18 29 50 23 14 39 47 17 30 36 11 21 9 40 22 34 8 4 6 37 27 13 15 3 5 45 20 32 24 28 25 35 26 19 41 2 43 16 48 10 44 42 

Inst_Index:3205 	 City_Num:50 	 Concorde:5.505166 	 MCTS:5.498505 Improve:0.006660 	 Time:3.77 Seconds
Solution: 1 4 29 5 37 6 45 11 12 7 43 21 48 41 42 50 47 27 2 10 15 26 20 17 25 9 44 32 23 22 39 24 36 16 19 34 46 18 33 28 31 40 35 14 3 8 38 13 30 49 

Inst_Index:3206 	 City_Num:50 	 Concorde:6.022282 	 MCTS:6.022282 Improve:0.000000 	 Time:3.75 Seconds
Solution: 1 26 3 21 6 44 36 29 35 46 20 30 11 25 27 14 15 31 10 47 2 13 34 4 23 50 37 16 42 49 7 8 18 12 39 38 48 45 28 24 40 41 43 32 9 33 22 19 5 17 

Inst_Index:3207 	 City_Num:50 	 Concorde:6.234669 	 MCTS:6.234669 Improve:0.000000 	 Time:3.77 Seconds
Solution: 1 11 12 3 36 20 28 6 30 8 49 50 40 29 34 18 19 27 43 48 22 14 33 41 4 2 47 44 46 13 15 25 31 37 5 32 26 38 39 21 9 16 23 24 17 35 10 7 45 42 

Inst_Index:3208 	 City_Num:50 	 Concorde:6.005831 	 MCTS:6.005831 Improve:0.000000 	 Time:3.77 Seconds
Solution: 1 42 32 17 39 43 16 47 2 48 28 45 7 26 18 23 14 27 37 24 3 19 6 4 20 49 29 40 11 8 30 38 10 31 15 21 5 36 13 50 35 12 25 22 33 41 46 9 44 34 

Inst_Index:3209 	 City_Num:50 	 Concorde:5.411753 	 MCTS:5.411753 Improve:-0.000000 	 Time:3.76 Seconds
Solution: 1 49 45 43 6 19 5 47 12 24 17 50 8 29 40 38 11 48 3 21 42 7 33 22 15 25 37 4 10 39 28 32 26 44 13 27 36 35 20 23 41 31 16 30 18 34 46 9 2 14 

Inst_Index:3210 	 City_Num:50 	 Concorde:5.670146 	 MCTS:5.670146 Improve:0.000000 	 Time:3.75 Seconds
Solution: 1 36 23 10 37 20 29 49 9 13 12 40 25 27 41 34 35 45 42 26 14 6 39 15 21 46 33 18 48 5 31 8 19 7 17 38 2 32 22 43 24 4 3 30 28 47 16 11 50 44 

Inst_Index:3211 	 City_Num:50 	 Concorde:6.093250 	 MCTS:6.090386 Improve:0.002864 	 Time:3.77 Seconds
Solution: 1 41 46 49 44 34 13 43 21 30 39 31 7 2 42 27 19 18 28 37 14 33 17 32 24 23 16 20 50 45 25 5 12 11 48 8 35 26 9 22 47 6 4 38 36 10 15 29 40 3 

Inst_Index:3212 	 City_Num:50 	 Concorde:5.471834 	 MCTS:5.465014 Improve:0.006820 	 Time:3.76 Seconds
Solution: 1 7 19 10 32 8 49 9 21 23 42 4 12 50 13 27 18 34 17 29 35 16 39 3 14 33 47 15 30 37 46 45 44 40 36 20 6 38 41 22 24 25 2 43 26 5 48 11 28 31 

Inst_Index:3213 	 City_Num:50 	 Concorde:5.620968 	 MCTS:5.620968 Improve:0.000000 	 Time:3.77 Seconds
Solution: 1 32 44 4 48 11 17 40 24 16 15 12 26 23 33 7 37 13 45 49 21 9 31 39 2 42 46 25 27 34 19 5 50 35 36 47 20 22 38 8 30 43 28 18 14 3 29 10 6 41 

Inst_Index:3214 	 City_Num:50 	 Concorde:5.497968 	 MCTS:5.497968 Improve:-0.000000 	 Time:3.75 Seconds
Solution: 1 11 39 21 22 44 14 5 45 15 47 17 12 50 3 36 28 30 32 25 10 24 8 42 48 20 6 13 19 43 31 2 35 41 37 16 18 40 34 27 4 7 33 49 38 29 46 9 23 26 

Inst_Index:3215 	 City_Num:50 	 Concorde:5.604856 	 MCTS:5.603428 Improve:0.001428 	 Time:3.75 Seconds
Solution: 1 22 8 26 16 43 15 9 28 47 13 14 12 4 18 20 25 39 45 42 36 6 50 49 24 29 48 37 34 46 21 35 19 32 44 5 11 2 31 40 33 41 7 17 23 30 10 27 3 38 

Inst_Index:3216 	 City_Num:50 	 Concorde:5.790807 	 MCTS:5.788550 Improve:0.002257 	 Time:3.75 Seconds
Solution: 1 12 25 23 36 38 17 14 21 8 5 40 50 10 16 41 33 6 45 31 28 46 2 3 13 19 44 30 9 15 34 4 18 7 26 20 29 47 35 37 27 24 22 39 49 48 43 11 32 42 

Inst_Index:3217 	 City_Num:50 	 Concorde:5.456117 	 MCTS:5.449880 Improve:0.006237 	 Time:3.76 Seconds
Solution: 1 13 46 44 24 39 45 20 28 15 47 32 31 3 8 10 41 16 49 18 34 50 7 35 22 12 37 25 5 21 30 23 38 6 4 14 11 17 36 42 9 26 48 19 33 40 2 43 29 27 

Inst_Index:3218 	 City_Num:50 	 Concorde:5.925086 	 MCTS:5.925086 Improve:0.000000 	 Time:3.75 Seconds
Solution: 1 6 21 8 15 44 7 48 46 4 30 2 24 29 14 12 22 33 42 37 41 18 16 38 32 31 23 13 26 17 40 3 39 5 9 50 25 10 49 19 36 28 27 11 47 35 43 34 20 45 

Inst_Index:3219 	 City_Num:50 	 Concorde:5.657580 	 MCTS:5.657580 Improve:0.000000 	 Time:3.76 Seconds
Solution: 1 18 17 36 20 24 38 33 42 2 23 43 4 30 50 8 32 44 19 9 5 10 26 3 48 25 6 27 34 49 15 39 7 46 16 21 12 28 29 14 41 40 22 31 45 35 11 47 37 13 

Inst_Index:3220 	 City_Num:50 	 Concorde:5.333732 	 MCTS:5.333732 Improve:0.000000 	 Time:3.76 Seconds
Solution: 1 34 12 17 26 27 44 2 50 6 43 3 33 48 20 4 30 49 38 28 22 36 40 24 25 15 46 11 10 45 42 32 18 23 5 8 21 37 31 9 39 41 14 16 19 29 35 47 13 7 

Inst_Index:3221 	 City_Num:50 	 Concorde:5.550238 	 MCTS:5.546374 Improve:0.003863 	 Time:3.75 Seconds
Solution: 1 40 15 3 27 29 38 33 5 9 2 23 43 11 17 20 48 41 13 34 12 19 4 8 44 49 30 22 39 6 25 36 42 28 35 32 16 24 31 47 26 46 37 18 7 10 45 21 14 50 

Inst_Index:3222 	 City_Num:50 	 Concorde:6.089085 	 MCTS:6.089085 Improve:-0.000000 	 Time:3.76 Seconds
Solution: 1 45 28 42 49 39 14 26 38 12 19 13 24 6 30 43 50 22 33 8 18 11 46 41 34 35 21 44 48 16 15 5 40 2 17 25 32 31 27 7 20 3 47 36 37 29 9 4 23 10 

Inst_Index:3223 	 City_Num:50 	 Concorde:5.897846 	 MCTS:5.897846 Improve:0.000000 	 Time:3.76 Seconds
Solution: 1 40 38 25 5 44 33 23 4 7 12 29 41 8 14 30 17 47 35 42 36 9 22 31 50 45 26 2 20 24 18 49 28 48 21 43 34 6 10 19 39 16 32 15 27 11 13 37 46 3 

Inst_Index:3224 	 City_Num:50 	 Concorde:5.856040 	 MCTS:5.851039 Improve:0.005000 	 Time:3.75 Seconds
Solution: 1 25 39 29 40 5 42 45 11 4 41 27 30 21 7 2 17 44 49 24 50 16 8 19 47 35 46 23 22 18 28 13 15 37 3 10 12 36 48 43 32 31 20 26 9 33 34 38 6 14 

Inst_Index:3225 	 City_Num:50 	 Concorde:5.657797 	 MCTS:5.657797 Improve:-0.000000 	 Time:3.75 Seconds
Solution: 1 25 35 3 45 31 40 49 37 17 24 6 39 9 10 29 12 42 22 14 18 32 28 26 30 47 21 8 41 4 50 23 7 44 11 33 34 36 46 2 38 48 5 27 20 15 13 16 19 43 

Inst_Index:3226 	 City_Num:50 	 Concorde:6.125628 	 MCTS:6.125628 Improve:0.000000 	 Time:3.76 Seconds
Solution: 1 39 43 2 49 34 22 40 17 11 35 5 20 9 32 33 42 26 25 36 44 28 18 10 37 3 24 48 7 38 50 4 31 21 19 14 30 27 45 13 47 6 12 46 8 41 29 15 23 16 

Inst_Index:3227 	 City_Num:50 	 Concorde:5.769979 	 MCTS:5.769979 Improve:-0.000000 	 Time:3.76 Seconds
Solution: 1 42 10 47 39 12 50 48 25 21 9 34 14 36 31 16 5 23 26 41 17 32 6 8 2 46 24 15 27 30 44 29 19 13 38 18 28 37 43 35 3 33 49 40 11 20 7 45 4 22 

Inst_Index:3228 	 City_Num:50 	 Concorde:5.273721 	 MCTS:5.270834 Improve:0.002887 	 Time:3.76 Seconds
Solution: 1 35 40 41 46 19 6 26 43 37 33 8 24 13 23 14 34 9 32 17 45 36 18 42 38 5 31 4 22 11 21 2 30 12 7 27 39 20 3 15 29 49 47 50 28 48 44 10 16 25 

Inst_Index:3229 	 City_Num:50 	 Concorde:5.199437 	 MCTS:5.197489 Improve:0.001948 	 Time:3.75 Seconds
Solution: 1 50 6 41 43 37 45 34 33 35 18 47 30 46 17 25 14 21 3 13 27 9 15 7 5 29 19 40 26 11 48 24 23 20 10 39 22 8 31 16 49 12 32 42 38 2 28 44 4 36 

Inst_Index:3230 	 City_Num:50 	 Concorde:5.441585 	 MCTS:5.436725 Improve:0.004860 	 Time:3.76 Seconds
Solution: 1 41 15 43 48 46 13 26 45 47 36 18 32 38 49 44 23 11 22 10 30 7 5 16 8 14 34 12 24 50 40 20 17 25 31 33 19 2 27 35 21 3 4 42 29 9 37 6 28 39 

Inst_Index:3231 	 City_Num:50 	 Concorde:5.905537 	 MCTS:5.905537 Improve:-0.000000 	 Time:3.77 Seconds
Solution: 1 14 3 37 21 26 43 31 39 50 10 33 48 32 12 6 17 46 15 41 20 28 9 44 7 35 16 47 38 19 49 13 30 40 22 25 8 5 4 2 29 27 36 23 11 34 42 24 45 18 

Inst_Index:3232 	 City_Num:50 	 Concorde:5.594275 	 MCTS:5.591528 Improve:0.002748 	 Time:3.76 Seconds
Solution: 1 16 14 22 4 21 12 23 41 32 36 6 43 8 17 47 19 2 15 44 24 45 7 20 11 9 35 46 29 33 13 3 5 49 18 28 39 34 26 31 48 37 38 27 25 30 40 42 10 50 

Inst_Index:3233 	 City_Num:50 	 Concorde:5.668829 	 MCTS:5.664914 Improve:0.003915 	 Time:3.75 Seconds
Solution: 1 31 33 15 17 49 5 13 26 47 12 4 16 9 42 14 27 19 2 46 11 30 44 21 28 48 39 32 40 34 24 41 37 25 36 7 10 35 20 22 8 38 3 45 43 29 6 18 50 23 

Inst_Index:3234 	 City_Num:50 	 Concorde:5.743353 	 MCTS:5.742301 Improve:0.001052 	 Time:3.77 Seconds
Solution: 1 19 34 47 2 13 3 49 43 42 8 50 45 38 37 33 26 22 41 21 20 25 4 31 11 35 6 30 7 10 48 5 44 29 39 16 24 15 12 23 9 36 14 28 27 40 17 46 18 32 

Inst_Index:3235 	 City_Num:50 	 Concorde:5.676211 	 MCTS:5.676211 Improve:-0.000000 	 Time:3.76 Seconds
Solution: 1 26 28 39 32 42 21 20 34 10 49 6 43 41 2 14 8 44 29 30 33 47 38 36 5 27 22 46 7 3 40 12 19 15 37 25 13 50 48 23 16 11 18 45 4 9 24 35 17 31 

Inst_Index:3236 	 City_Num:50 	 Concorde:5.729430 	 MCTS:5.726764 Improve:0.002666 	 Time:3.75 Seconds
Solution: 1 40 9 31 33 22 45 35 5 39 41 32 24 28 15 46 42 14 47 8 49 4 11 6 17 48 50 10 18 27 19 21 43 16 13 25 26 34 38 36 2 23 20 30 44 3 7 29 37 12 

Inst_Index:3237 	 City_Num:50 	 Concorde:6.042919 	 MCTS:6.042919 Improve:-0.000000 	 Time:3.75 Seconds
Solution: 1 12 37 39 6 43 23 8 21 2 7 5 46 29 3 38 32 22 42 27 36 9 18 49 14 24 48 30 16 26 33 40 34 11 31 19 20 41 25 13 50 15 10 4 35 17 44 47 28 45 

Inst_Index:3238 	 City_Num:50 	 Concorde:5.428707 	 MCTS:5.428707 Improve:0.000000 	 Time:3.75 Seconds
Solution: 1 36 9 45 28 11 47 50 43 39 19 21 20 37 35 32 42 17 30 25 34 2 49 48 6 38 33 44 23 7 3 4 26 12 46 31 22 18 24 27 13 29 14 40 41 16 10 15 8 5 

Inst_Index:3239 	 City_Num:50 	 Concorde:5.728350 	 MCTS:5.727984 Improve:0.000366 	 Time:3.77 Seconds
Solution: 1 12 37 36 3 29 9 11 45 42 2 6 32 35 7 17 50 49 19 16 46 23 10 40 14 20 5 33 28 13 30 8 31 44 38 26 4 27 24 39 18 47 34 15 22 48 41 25 21 43 

Inst_Index:3240 	 City_Num:50 	 Concorde:5.753448 	 MCTS:5.751788 Improve:0.001660 	 Time:3.78 Seconds
Solution: 1 41 17 50 47 37 5 13 15 26 42 19 28 27 24 7 38 45 33 20 39 6 18 22 4 29 34 9 31 12 30 11 14 36 32 49 43 8 23 25 35 40 10 21 16 48 3 44 2 46 

Inst_Index:3241 	 City_Num:50 	 Concorde:5.030081 	 MCTS:5.030081 Improve:-0.000000 	 Time:3.75 Seconds
Solution: 1 36 45 7 31 47 11 33 20 35 10 2 26 38 12 44 41 3 29 43 34 46 21 16 25 39 22 40 4 24 48 42 13 8 37 14 32 28 23 9 5 30 27 15 49 18 50 6 17 19 

Inst_Index:3242 	 City_Num:50 	 Concorde:5.634836 	 MCTS:5.634836 Improve:0.000000 	 Time:3.76 Seconds
Solution: 1 3 44 30 4 31 37 12 21 32 8 15 10 7 16 9 49 35 22 28 23 41 50 36 19 20 48 34 24 33 5 25 14 18 46 43 45 47 39 29 38 2 6 13 17 11 27 40 42 26 

Inst_Index:3243 	 City_Num:50 	 Concorde:6.058488 	 MCTS:6.058488 Improve:0.000000 	 Time:3.76 Seconds
Solution: 1 8 2 31 37 23 11 10 7 26 30 27 40 39 28 36 16 4 3 5 46 24 35 9 15 34 45 14 18 17 13 44 29 12 20 21 22 48 50 6 43 41 49 42 25 38 33 19 32 47 

Inst_Index:3244 	 City_Num:50 	 Concorde:5.413488 	 MCTS:5.407297 Improve:0.006191 	 Time:3.76 Seconds
Solution: 1 20 43 14 8 15 46 41 24 32 31 48 40 28 34 7 35 38 3 39 17 13 30 27 19 36 49 29 16 6 11 18 44 23 4 21 2 50 45 37 5 42 9 12 33 26 10 25 47 22 

Inst_Index:3245 	 City_Num:50 	 Concorde:5.786761 	 MCTS:5.784902 Improve:0.001859 	 Time:3.77 Seconds
Solution: 1 30 39 36 40 14 6 15 16 24 43 29 44 22 9 23 19 25 3 50 42 20 47 31 46 17 11 32 37 35 41 26 28 2 5 38 33 18 10 48 12 4 49 21 8 27 7 45 34 13 

Inst_Index:3246 	 City_Num:50 	 Concorde:5.884725 	 MCTS:5.878158 Improve:0.006568 	 Time:3.76 Seconds
Solution: 1 13 27 33 35 23 32 37 22 9 46 17 7 6 15 10 11 50 28 25 5 21 30 47 18 41 12 29 26 19 14 36 34 45 39 24 2 20 44 40 31 4 3 8 42 38 16 43 48 49 

Inst_Index:3247 	 City_Num:50 	 Concorde:5.520237 	 MCTS:5.520237 Improve:0.000000 	 Time:3.76 Seconds
Solution: 1 16 38 13 27 24 41 20 50 3 45 34 25 4 17 36 8 32 37 43 26 10 47 21 14 9 28 40 6 44 29 12 22 5 2 39 33 46 35 49 48 15 23 18 7 11 42 31 19 30 

Inst_Index:3248 	 City_Num:50 	 Concorde:5.523728 	 MCTS:5.523728 Improve:0.000000 	 Time:3.77 Seconds
Solution: 1 13 33 21 8 26 27 29 18 14 42 39 6 15 30 46 4 50 32 36 31 28 17 23 11 25 35 43 20 10 40 3 45 44 37 41 47 12 5 49 24 16 2 19 22 9 34 7 48 38 

Inst_Index:3249 	 City_Num:50 	 Concorde:5.677407 	 MCTS:5.677407 Improve:0.000000 	 Time:3.77 Seconds
Solution: 1 4 49 36 21 7 15 16 23 22 47 10 19 31 18 43 39 20 37 14 17 3 5 32 24 28 44 26 12 11 33 45 40 13 27 25 41 30 50 46 9 8 6 2 42 34 29 48 35 38 

Inst_Index:3250 	 City_Num:50 	 Concorde:5.782006 	 MCTS:5.781720 Improve:0.000285 	 Time:3.76 Seconds
Solution: 1 13 25 12 16 2 27 39 30 26 11 38 18 46 15 34 33 50 43 17 36 19 10 3 41 32 49 37 35 42 23 5 22 44 21 7 4 20 48 6 24 28 29 47 40 31 8 14 45 9 

Inst_Index:3251 	 City_Num:50 	 Concorde:5.895223 	 MCTS:5.892920 Improve:0.002303 	 Time:3.76 Seconds
Solution: 1 47 27 30 36 35 43 6 38 34 11 25 45 46 3 40 41 22 7 20 23 13 32 31 2 26 24 44 50 4 42 29 48 9 19 10 28 21 18 37 12 39 5 33 49 15 14 17 16 8 

Inst_Index:3252 	 City_Num:50 	 Concorde:5.353383 	 MCTS:5.353383 Improve:-0.000000 	 Time:3.75 Seconds
Solution: 1 33 29 45 20 19 35 38 50 25 14 49 18 5 10 13 30 23 41 31 4 16 7 21 22 46 36 40 17 15 12 9 26 32 37 47 34 3 24 27 48 42 2 11 8 39 6 28 43 44 

Inst_Index:3253 	 City_Num:50 	 Concorde:5.097888 	 MCTS:5.097853 Improve:0.000035 	 Time:3.77 Seconds
Solution: 1 22 20 33 44 23 42 29 14 36 5 43 35 45 25 37 8 6 34 41 9 24 17 31 40 30 27 16 19 4 3 47 10 15 13 39 7 28 18 12 26 49 32 50 11 38 2 21 46 48 

Inst_Index:3254 	 City_Num:50 	 Concorde:5.889136 	 MCTS:5.889136 Improve:0.000000 	 Time:3.76 Seconds
Solution: 1 11 44 33 8 38 12 41 24 9 49 2 29 32 13 39 19 31 20 34 21 26 16 42 14 17 10 50 25 23 35 6 48 47 4 7 36 22 28 43 18 15 27 3 37 45 30 5 46 40 

Inst_Index:3255 	 City_Num:50 	 Concorde:6.021294 	 MCTS:6.021294 Improve:-0.000000 	 Time:3.76 Seconds
Solution: 1 26 43 38 46 27 28 39 44 16 22 34 23 24 13 14 19 5 6 50 29 11 7 35 31 48 21 37 49 17 18 47 36 3 25 40 42 10 20 15 4 41 12 8 32 33 9 2 45 30 

Inst_Index:3256 	 City_Num:50 	 Concorde:5.630265 	 MCTS:5.630265 Improve:0.000000 	 Time:3.75 Seconds
Solution: 1 14 29 23 24 47 50 44 49 22 27 39 32 11 25 9 46 7 20 18 45 33 3 4 21 12 26 30 2 19 6 41 17 31 13 42 5 35 15 43 28 40 48 10 37 34 36 8 16 38 

Inst_Index:3257 	 City_Num:50 	 Concorde:5.458675 	 MCTS:5.458675 Improve:0.000000 	 Time:3.75 Seconds
Solution: 1 40 22 45 42 48 44 10 23 18 46 5 30 36 38 49 3 26 39 34 19 20 14 12 2 17 4 21 16 50 8 43 47 35 31 41 27 24 32 11 28 33 29 13 15 9 25 37 7 6 

Inst_Index:3258 	 City_Num:50 	 Concorde:5.914052 	 MCTS:5.914052 Improve:0.000000 	 Time:3.75 Seconds
Solution: 1 41 15 12 4 34 20 8 40 31 21 30 27 42 3 7 24 22 29 17 2 14 47 16 44 19 48 39 13 23 32 45 49 9 37 43 26 36 28 10 50 18 38 6 5 35 25 46 33 11 

Inst_Index:3259 	 City_Num:50 	 Concorde:5.692107 	 MCTS:5.687862 Improve:0.004246 	 Time:3.76 Seconds
Solution: 1 26 34 25 45 22 33 11 27 9 8 12 15 24 19 50 13 20 49 32 4 31 21 28 39 38 14 47 10 2 35 42 18 16 37 40 36 23 7 41 48 5 44 17 46 30 3 6 29 43 

Inst_Index:3260 	 City_Num:50 	 Concorde:5.605589 	 MCTS:5.605119 Improve:0.000470 	 Time:3.76 Seconds
Solution: 1 13 32 2 22 9 34 19 6 26 7 4 42 20 3 43 48 11 46 39 23 30 37 31 49 44 28 15 27 40 25 17 41 33 29 16 45 36 21 12 8 50 35 18 5 24 14 47 38 10 

Inst_Index:3261 	 City_Num:50 	 Concorde:5.970274 	 MCTS:5.970274 Improve:0.000000 	 Time:3.76 Seconds
Solution: 1 27 41 30 33 24 28 38 36 4 46 25 2 12 50 34 40 42 16 17 6 10 35 31 32 37 13 18 15 19 11 48 14 21 22 5 23 9 3 47 45 39 44 43 49 26 29 7 20 8 

Inst_Index:3262 	 City_Num:50 	 Concorde:5.837581 	 MCTS:5.837581 Improve:-0.000000 	 Time:3.76 Seconds
Solution: 1 30 41 2 18 8 12 37 22 19 23 33 47 6 32 9 21 13 46 44 26 50 11 15 43 16 10 31 24 14 35 17 42 28 48 3 27 20 34 49 39 4 29 5 38 40 36 7 25 45 

Inst_Index:3263 	 City_Num:50 	 Concorde:5.657050 	 MCTS:5.657050 Improve:0.000000 	 Time:3.76 Seconds
Solution: 1 49 47 38 12 18 34 14 44 26 40 8 11 20 46 37 36 17 43 41 32 22 23 45 35 33 13 29 39 24 10 19 42 9 30 16 2 3 15 31 25 50 6 27 7 4 5 48 21 28 

Inst_Index:3264 	 City_Num:50 	 Concorde:5.714950 	 MCTS:5.714950 Improve:-0.000000 	 Time:3.76 Seconds
Solution: 1 43 45 4 11 10 5 19 34 49 18 42 48 7 37 28 3 13 15 17 50 30 44 33 16 47 14 32 27 41 24 38 8 6 29 21 20 36 12 40 25 22 39 9 2 23 26 35 46 31 

Inst_Index:3265 	 City_Num:50 	 Concorde:5.915148 	 MCTS:5.915148 Improve:0.000000 	 Time:3.77 Seconds
Solution: 1 29 25 3 43 34 8 37 15 28 9 33 30 13 40 26 44 32 5 14 42 35 2 38 16 49 21 36 41 47 46 48 19 23 6 10 11 12 17 45 24 27 18 31 50 7 20 39 4 22 

Inst_Index:3266 	 City_Num:50 	 Concorde:5.295914 	 MCTS:5.295914 Improve:0.000000 	 Time:3.77 Seconds
Solution: 1 17 34 44 12 19 15 3 6 31 32 7 14 20 28 36 11 13 46 35 18 42 23 40 29 41 10 5 2 50 47 43 37 48 24 39 33 22 45 30 21 49 16 26 27 8 38 9 4 25 

Inst_Index:3267 	 City_Num:50 	 Concorde:5.740447 	 MCTS:5.739460 Improve:0.000988 	 Time:3.76 Seconds
Solution: 1 16 29 32 20 11 40 43 42 8 38 47 28 17 26 44 36 50 30 46 5 25 37 41 23 2 6 24 15 22 9 45 34 12 33 13 10 35 4 14 3 7 21 48 27 39 49 18 31 19 

Inst_Index:3268 	 City_Num:50 	 Concorde:5.183900 	 MCTS:5.183900 Improve:0.000000 	 Time:3.77 Seconds
Solution: 1 27 11 7 35 4 25 12 42 20 29 40 39 9 23 26 48 3 14 10 36 37 17 43 50 16 46 18 8 38 32 22 5 47 45 30 19 13 15 44 33 21 31 49 24 41 2 6 34 28 

Inst_Index:3269 	 City_Num:50 	 Concorde:5.272585 	 MCTS:5.272414 Improve:0.000171 	 Time:3.76 Seconds
Solution: 1 16 2 29 38 5 27 26 15 18 41 21 7 23 49 9 50 35 42 14 19 12 30 13 8 36 39 46 3 22 37 33 6 11 10 17 28 45 25 48 43 4 24 44 47 31 40 34 20 32 

Inst_Index:3270 	 City_Num:50 	 Concorde:5.990787 	 MCTS:5.990787 Improve:0.000000 	 Time:3.77 Seconds
Solution: 1 47 49 16 17 13 28 36 45 32 11 15 2 30 23 9 37 22 31 18 7 48 44 34 41 20 43 24 19 38 35 5 29 14 3 12 6 40 4 10 46 50 33 39 8 42 21 25 26 27 

Inst_Index:3271 	 City_Num:50 	 Concorde:5.955538 	 MCTS:5.955442 Improve:0.000096 	 Time:3.76 Seconds
Solution: 1 5 41 24 48 40 29 39 33 45 32 21 43 3 7 12 44 37 35 9 6 27 17 28 2 42 30 11 16 23 14 46 18 49 25 38 22 47 31 19 8 15 26 4 13 36 34 50 20 10 

Inst_Index:3272 	 City_Num:50 	 Concorde:5.419854 	 MCTS:5.417516 Improve:0.002338 	 Time:3.75 Seconds
Solution: 1 11 21 48 25 19 5 3 10 17 45 7 32 35 13 29 28 34 18 43 33 36 44 14 20 50 42 46 15 4 47 22 16 31 26 9 30 39 37 24 6 2 38 23 27 8 41 12 40 49 

Inst_Index:3273 	 City_Num:50 	 Concorde:5.579821 	 MCTS:5.579821 Improve:0.000000 	 Time:3.77 Seconds
Solution: 1 22 30 17 26 3 16 35 40 45 50 19 31 43 12 10 36 6 33 39 11 8 37 44 38 48 14 46 21 42 18 49 13 4 7 41 5 27 20 23 15 34 25 29 28 9 47 2 32 24 

Inst_Index:3274 	 City_Num:50 	 Concorde:5.619990 	 MCTS:5.619990 Improve:0.000000 	 Time:3.76 Seconds
Solution: 1 36 44 18 19 21 16 11 29 3 22 49 9 6 35 10 13 43 30 23 5 37 45 12 50 46 40 47 4 48 28 8 14 25 2 42 27 41 31 38 24 7 32 20 17 34 15 26 33 39 

Inst_Index:3275 	 City_Num:50 	 Concorde:5.995070 	 MCTS:5.990177 Improve:0.004893 	 Time:3.77 Seconds
Solution: 1 43 21 6 28 9 45 7 46 5 38 3 8 42 22 19 13 32 39 35 40 50 2 4 33 23 44 29 15 24 47 16 27 26 14 36 12 25 10 49 41 34 31 37 17 18 20 30 48 11 

Inst_Index:3276 	 City_Num:50 	 Concorde:5.926651 	 MCTS:5.926651 Improve:-0.000000 	 Time:3.76 Seconds
Solution: 1 18 15 5 28 29 3 12 47 10 33 46 42 36 34 31 24 16 38 9 35 48 19 7 40 26 14 20 43 41 11 45 44 23 49 8 2 13 6 17 30 25 37 27 21 39 4 50 32 22 

Inst_Index:3277 	 City_Num:50 	 Concorde:5.494005 	 MCTS:5.493992 Improve:0.000013 	 Time:3.75 Seconds
Solution: 1 27 45 40 15 43 6 49 42 23 20 28 3 11 34 46 36 31 16 50 44 30 48 24 41 12 37 32 47 29 33 25 8 26 14 7 39 13 35 38 21 22 19 18 5 9 4 2 17 10 

Inst_Index:3278 	 City_Num:50 	 Concorde:5.475008 	 MCTS:5.475008 Improve:0.000000 	 Time:3.76 Seconds
Solution: 1 20 12 3 23 35 37 48 21 49 42 9 24 16 22 36 45 2 8 15 47 19 29 11 40 33 18 7 41 50 14 26 27 34 6 31 28 44 13 5 30 46 4 10 25 39 43 38 17 32 

Inst_Index:3279 	 City_Num:50 	 Concorde:5.882810 	 MCTS:5.877377 Improve:0.005433 	 Time:3.76 Seconds
Solution: 1 22 26 18 44 14 43 41 25 40 17 39 46 16 5 15 9 24 20 10 34 35 19 27 4 6 7 29 33 2 28 38 50 32 13 37 23 11 3 42 8 30 36 45 49 12 31 48 21 47 

Inst_Index:3280 	 City_Num:50 	 Concorde:5.487947 	 MCTS:5.482533 Improve:0.005414 	 Time:3.76 Seconds
Solution: 1 28 50 20 9 12 5 29 44 33 49 4 24 6 31 11 35 2 25 39 14 10 23 46 43 30 18 34 38 41 36 15 48 7 27 17 22 47 21 8 32 16 40 3 13 19 37 26 42 45 

Inst_Index:3281 	 City_Num:50 	 Concorde:5.585480 	 MCTS:5.583087 Improve:0.002392 	 Time:3.75 Seconds
Solution: 1 3 15 7 38 2 43 21 29 26 30 8 39 45 24 41 37 48 14 5 18 46 17 9 47 10 16 32 6 4 25 34 13 20 12 19 23 36 40 50 42 11 22 28 44 33 27 35 31 49 

Inst_Index:3282 	 City_Num:50 	 Concorde:5.417237 	 MCTS:5.414570 Improve:0.002667 	 Time:3.76 Seconds
Solution: 1 8 12 29 19 26 2 38 44 36 25 45 27 43 28 17 35 42 40 30 20 34 4 48 23 46 49 47 14 50 11 3 21 37 5 31 24 33 7 9 6 15 39 10 13 22 18 41 16 32 

Inst_Index:3283 	 City_Num:50 	 Concorde:5.877520 	 MCTS:5.877520 Improve:-0.000000 	 Time:3.76 Seconds
Solution: 1 11 19 18 15 34 32 50 35 41 6 21 40 29 28 30 44 20 2 12 5 22 17 25 36 33 23 26 42 13 48 47 4 45 37 43 8 3 38 10 14 16 27 7 24 39 9 46 31 49 

Inst_Index:3284 	 City_Num:50 	 Concorde:5.650638 	 MCTS:5.649754 Improve:0.000884 	 Time:3.78 Seconds
Solution: 1 41 7 46 5 43 44 39 33 38 45 9 32 22 36 4 27 18 28 31 2 37 6 29 14 11 50 12 34 3 47 40 17 21 8 23 25 42 19 24 20 15 35 49 10 16 13 26 48 30 

Inst_Index:3285 	 City_Num:50 	 Concorde:5.582604 	 MCTS:5.582604 Improve:0.000000 	 Time:3.76 Seconds
Solution: 1 36 20 29 42 44 41 23 27 6 3 48 12 43 17 19 7 9 33 10 38 18 16 40 25 37 28 24 2 31 50 26 34 39 15 14 22 47 45 8 21 49 30 35 32 5 4 13 11 46 

Inst_Index:3286 	 City_Num:50 	 Concorde:5.998467 	 MCTS:5.996153 Improve:0.002314 	 Time:3.76 Seconds
Solution: 1 36 23 45 11 31 8 27 40 18 19 33 2 44 6 49 22 32 10 12 43 3 47 37 42 39 28 34 14 30 48 4 21 46 50 13 29 7 16 26 20 35 9 38 24 17 5 41 15 25 

Inst_Index:3287 	 City_Num:50 	 Concorde:5.698154 	 MCTS:5.696761 Improve:0.001393 	 Time:3.76 Seconds
Solution: 1 26 29 46 41 37 22 6 45 2 5 40 14 7 44 13 36 47 21 27 10 12 17 42 35 9 19 38 15 49 32 34 16 43 3 11 28 33 8 4 30 20 23 31 25 18 50 24 48 39 

Inst_Index:3288 	 City_Num:50 	 Concorde:5.865168 	 MCTS:5.865168 Improve:0.000000 	 Time:3.76 Seconds
Solution: 1 29 46 16 48 26 37 44 7 39 45 22 17 12 15 21 42 49 32 18 47 28 8 38 11 2 30 23 36 33 6 35 9 41 10 13 5 4 34 27 14 20 50 24 25 3 40 43 19 31 

Inst_Index:3289 	 City_Num:50 	 Concorde:5.884799 	 MCTS:5.884799 Improve:-0.000000 	 Time:3.78 Seconds
Solution: 1 11 17 28 39 8 2 9 45 48 35 32 23 36 4 29 14 33 46 30 3 26 50 31 47 41 24 49 38 16 19 10 6 25 42 18 22 34 20 43 40 5 13 27 12 21 37 7 44 15 

Inst_Index:3290 	 City_Num:50 	 Concorde:5.749977 	 MCTS:5.749977 Improve:0.000000 	 Time:3.75 Seconds
Solution: 1 23 8 24 50 25 6 9 7 21 48 26 42 34 3 36 5 45 19 13 27 41 12 4 44 14 49 43 31 39 22 40 18 30 16 28 32 37 29 15 35 47 20 38 33 11 17 2 10 46 

Inst_Index:3291 	 City_Num:50 	 Concorde:5.471797 	 MCTS:5.471797 Improve:0.000000 	 Time:3.75 Seconds
Solution: 1 37 10 48 23 40 12 33 21 38 45 36 9 16 29 27 20 42 15 19 25 47 39 7 49 22 2 44 4 31 35 3 41 17 30 46 14 11 32 28 13 34 43 26 50 5 24 18 6 8 

Inst_Index:3292 	 City_Num:50 	 Concorde:5.343398 	 MCTS:5.343398 Improve:-0.000000 	 Time:3.76 Seconds
Solution: 1 3 15 6 17 41 11 42 45 12 39 43 24 31 32 50 38 10 22 16 30 9 44 35 19 47 29 25 21 33 20 4 26 5 49 27 7 13 37 48 8 18 46 34 36 2 40 23 14 28 

Inst_Index:3293 	 City_Num:50 	 Concorde:5.809258 	 MCTS:5.809258 Improve:-0.000000 	 Time:3.76 Seconds
Solution: 1 49 18 39 26 22 16 48 27 9 36 13 21 2 4 19 20 15 33 30 29 25 7 14 44 41 42 8 34 43 10 50 24 6 47 35 46 37 17 31 12 5 32 45 38 28 3 11 40 23 

Inst_Index:3294 	 City_Num:50 	 Concorde:5.691859 	 MCTS:5.681000 Improve:0.010858 	 Time:3.77 Seconds
Solution: 1 47 45 15 21 25 12 49 34 36 9 16 39 26 18 30 4 33 44 13 27 38 23 24 10 41 2 50 17 19 8 6 14 7 22 20 3 37 5 29 48 31 35 40 11 42 28 43 32 46 

Inst_Index:3295 	 City_Num:50 	 Concorde:5.546985 	 MCTS:5.541899 Improve:0.005085 	 Time:3.76 Seconds
Solution: 1 31 44 3 20 19 25 50 47 7 17 28 36 6 34 48 2 33 5 4 24 9 43 22 13 15 14 26 32 38 29 21 35 16 49 8 12 23 11 40 18 30 27 10 37 39 42 45 46 41 

Inst_Index:3296 	 City_Num:50 	 Concorde:5.734478 	 MCTS:5.730490 Improve:0.003988 	 Time:3.76 Seconds
Solution: 1 12 28 36 45 2 34 19 39 46 4 42 49 47 41 5 11 17 33 40 7 31 25 13 6 43 9 10 20 38 44 18 14 16 29 8 35 48 15 30 50 37 3 23 24 21 27 32 22 26 

Inst_Index:3297 	 City_Num:50 	 Concorde:6.036195 	 MCTS:6.036195 Improve:-0.000000 	 Time:3.77 Seconds
Solution: 1 11 22 21 42 27 20 41 39 34 14 35 6 23 9 46 47 50 16 15 4 18 30 29 8 32 36 3 44 43 19 5 33 28 40 24 49 2 17 10 13 31 38 25 26 12 7 37 45 48 

Inst_Index:3298 	 City_Num:50 	 Concorde:5.958224 	 MCTS:5.956922 Improve:0.001302 	 Time:3.75 Seconds
Solution: 1 29 18 4 13 31 12 23 46 11 9 50 14 39 6 2 10 38 8 26 37 7 27 49 41 22 40 47 35 34 5 44 48 15 20 24 42 43 17 19 30 3 28 33 32 36 16 21 45 25 

Inst_Index:3299 	 City_Num:50 	 Concorde:5.514922 	 MCTS:5.514922 Improve:0.000000 	 Time:3.76 Seconds
Solution: 1 43 14 4 41 18 7 29 13 5 2 34 47 26 48 6 12 49 23 24 16 8 40 36 31 9 30 28 45 50 15 46 35 21 42 11 39 38 10 27 37 19 22 25 3 17 44 20 32 33 

Inst_Index:3300 	 City_Num:50 	 Concorde:5.816815 	 MCTS:5.816815 Improve:-0.000000 	 Time:3.76 Seconds
Solution: 1 14 45 17 46 36 47 48 35 18 2 6 9 24 29 11 15 20 34 23 39 40 38 26 31 33 30 12 4 10 42 22 43 44 37 5 19 28 27 50 8 21 3 49 13 41 32 25 16 7 

Inst_Index:3301 	 City_Num:50 	 Concorde:5.659966 	 MCTS:5.658122 Improve:0.001843 	 Time:3.80 Seconds
Solution: 1 14 12 6 3 49 44 18 43 40 32 37 47 30 21 39 41 28 29 20 27 19 16 45 8 48 10 9 15 7 4 2 17 22 36 5 34 24 46 25 35 33 38 23 26 50 42 13 31 11 

Inst_Index:3302 	 City_Num:50 	 Concorde:5.405224 	 MCTS:5.399085 Improve:0.006138 	 Time:3.77 Seconds
Solution: 1 36 41 11 31 28 16 4 40 18 21 27 19 17 47 45 23 25 49 5 44 43 32 7 8 2 14 12 34 10 48 35 9 50 6 22 26 37 15 20 24 13 30 39 29 42 38 33 3 46 

Inst_Index:3303 	 City_Num:50 	 Concorde:5.707041 	 MCTS:5.702661 Improve:0.004380 	 Time:3.76 Seconds
Solution: 1 46 28 47 3 22 26 42 31 27 33 8 38 4 20 5 41 30 9 17 21 36 16 13 23 29 19 14 35 18 2 45 48 24 25 50 32 44 37 15 6 49 43 11 10 39 34 12 7 40 

Inst_Index:3304 	 City_Num:50 	 Concorde:5.920227 	 MCTS:5.920227 Improve:0.000000 	 Time:3.77 Seconds
Solution: 1 29 50 41 10 4 37 5 8 2 23 46 42 16 39 3 22 9 38 40 33 49 13 24 26 35 48 43 21 19 32 12 47 15 18 25 31 11 44 6 36 28 27 20 7 14 45 17 30 34 

Inst_Index:3305 	 City_Num:50 	 Concorde:5.164266 	 MCTS:5.164266 Improve:0.000000 	 Time:3.76 Seconds
Solution: 1 16 50 33 11 17 38 29 47 7 46 39 20 22 34 15 9 27 28 18 4 36 26 42 31 12 32 23 2 45 30 21 43 19 35 6 3 10 14 24 13 40 25 48 41 49 5 8 44 37 

Inst_Index:3306 	 City_Num:50 	 Concorde:5.575213 	 MCTS:5.575213 Improve:0.000000 	 Time:3.78 Seconds
Solution: 1 21 50 44 47 24 14 31 20 13 19 17 45 3 28 43 8 49 42 34 11 37 7 30 29 35 4 38 27 39 25 6 32 41 5 9 33 22 2 15 23 36 12 46 40 16 10 26 18 48 

Inst_Index:3307 	 City_Num:50 	 Concorde:5.233506 	 MCTS:5.233506 Improve:0.000000 	 Time:3.76 Seconds
Solution: 1 40 27 29 46 25 34 5 9 37 19 14 31 24 16 17 18 32 13 20 12 36 38 15 41 4 2 35 23 21 6 8 30 42 26 10 43 44 45 7 33 50 39 48 11 22 47 49 28 3 

Inst_Index:3308 	 City_Num:50 	 Concorde:5.617271 	 MCTS:5.615764 Improve:0.001507 	 Time:3.77 Seconds
Solution: 1 6 46 16 19 26 32 49 31 17 48 27 11 36 22 25 38 47 28 50 23 42 29 15 4 3 35 41 45 2 30 7 24 20 10 40 12 9 13 34 21 33 39 43 5 44 37 8 14 18 

Inst_Index:3309 	 City_Num:50 	 Concorde:5.564665 	 MCTS:5.564665 Improve:-0.000000 	 Time:3.76 Seconds
Solution: 1 26 19 4 25 20 2 45 10 33 14 36 46 39 13 30 23 27 24 8 38 28 16 21 9 49 40 31 37 6 34 43 17 29 15 7 48 35 50 41 18 3 32 44 12 42 5 22 47 11 

Inst_Index:3310 	 City_Num:50 	 Concorde:5.935414 	 MCTS:5.935414 Improve:-0.000000 	 Time:3.75 Seconds
Solution: 1 19 20 37 32 22 4 27 46 48 30 43 34 26 38 14 40 21 11 23 44 17 28 24 12 9 33 6 18 10 47 5 16 3 8 7 29 39 13 49 35 2 31 42 15 25 36 41 50 45 

Inst_Index:3311 	 City_Num:50 	 Concorde:5.665704 	 MCTS:5.665551 Improve:0.000153 	 Time:3.75 Seconds
Solution: 1 12 42 43 50 48 28 11 10 16 21 4 44 7 2 22 24 30 34 32 20 33 49 40 6 36 47 3 27 15 19 18 9 41 38 35 26 14 5 17 29 23 46 8 13 37 45 25 31 39 

Inst_Index:3312 	 City_Num:50 	 Concorde:5.768593 	 MCTS:5.768493 Improve:0.000100 	 Time:3.75 Seconds
Solution: 1 10 29 22 2 21 24 44 4 35 30 34 11 27 23 20 50 14 48 47 49 13 42 45 3 46 7 9 37 19 16 6 18 36 39 17 38 26 40 28 32 15 33 41 43 25 12 31 8 5 

Inst_Index:3313 	 City_Num:50 	 Concorde:5.841372 	 MCTS:5.841372 Improve:-0.000000 	 Time:3.77 Seconds
Solution: 1 28 3 14 11 2 15 5 4 9 23 22 35 32 41 30 49 8 48 26 31 29 43 33 47 25 40 27 13 12 18 38 17 45 7 6 16 46 10 21 39 34 19 37 36 24 20 50 44 42 

Inst_Index:3314 	 City_Num:50 	 Concorde:5.160569 	 MCTS:5.156969 Improve:0.003601 	 Time:3.76 Seconds
Solution: 1 8 29 32 13 6 42 31 40 27 43 50 25 19 35 3 34 5 22 4 37 12 38 30 39 46 28 16 23 10 11 24 7 17 14 48 49 45 9 20 15 36 18 2 44 47 33 26 21 41 

Inst_Index:3315 	 City_Num:50 	 Concorde:5.553324 	 MCTS:5.553324 Improve:0.000000 	 Time:3.76 Seconds
Solution: 1 33 36 45 50 22 4 42 29 19 28 27 24 43 46 31 20 44 40 30 26 11 48 39 9 7 47 8 32 25 3 17 41 15 10 21 49 23 18 38 5 2 6 14 35 13 16 12 34 37 

Inst_Index:3316 	 City_Num:50 	 Concorde:5.860389 	 MCTS:5.856573 Improve:0.003816 	 Time:3.76 Seconds
Solution: 1 12 35 26 48 40 6 24 25 3 13 20 41 2 29 42 18 44 39 10 14 45 15 31 19 17 33 4 11 50 46 21 38 43 8 5 16 23 49 9 7 30 47 32 36 27 28 37 22 34 

Inst_Index:3317 	 City_Num:50 	 Concorde:5.263184 	 MCTS:5.263184 Improve:-0.000000 	 Time:3.76 Seconds
Solution: 1 8 37 34 5 47 45 2 24 41 6 9 33 19 46 25 13 27 12 36 40 28 11 15 48 16 18 14 39 20 29 10 26 44 7 3 43 4 35 32 22 31 17 23 42 30 21 38 50 49 

Inst_Index:3318 	 City_Num:50 	 Concorde:5.586581 	 MCTS:5.586581 Improve:-0.000000 	 Time:3.76 Seconds
Solution: 1 11 50 49 33 5 12 7 13 16 14 31 2 21 43 40 3 19 38 44 48 18 28 6 41 22 17 9 15 8 25 30 27 37 26 47 46 32 36 39 4 35 20 34 42 10 23 24 45 29 

Inst_Index:3319 	 City_Num:50 	 Concorde:5.641199 	 MCTS:5.641199 Improve:-0.000000 	 Time:3.75 Seconds
Solution: 1 24 25 29 36 6 28 21 19 39 16 32 33 49 17 13 46 10 12 34 20 18 3 31 45 43 2 8 38 15 4 42 22 44 30 26 35 47 11 48 37 14 7 41 50 9 40 5 23 27 

Inst_Index:3320 	 City_Num:50 	 Concorde:5.089163 	 MCTS:5.088014 Improve:0.001149 	 Time:3.76 Seconds
Solution: 1 21 38 49 44 17 4 7 26 29 28 27 48 50 18 46 24 14 9 32 37 36 43 8 12 33 10 39 31 2 42 34 30 6 23 15 11 20 47 16 25 45 19 13 35 3 40 41 5 22 

Inst_Index:3321 	 City_Num:50 	 Concorde:5.594371 	 MCTS:5.589505 Improve:0.004866 	 Time:3.75 Seconds
Solution: 1 50 19 14 31 37 42 17 24 15 21 32 45 13 6 34 12 30 29 25 16 48 18 28 8 40 5 47 43 4 39 46 27 35 41 11 44 2 38 33 20 9 23 26 49 3 7 22 10 36 

Inst_Index:3322 	 City_Num:50 	 Concorde:5.574320 	 MCTS:5.574320 Improve:0.000000 	 Time:3.75 Seconds
Solution: 1 22 38 29 16 11 41 32 9 27 26 23 2 49 25 6 42 35 43 48 37 20 10 12 34 31 13 19 4 36 28 18 15 47 3 39 21 44 7 14 8 46 33 24 50 45 40 17 30 5 

Inst_Index:3323 	 City_Num:50 	 Concorde:5.478959 	 MCTS:5.478394 Improve:0.000565 	 Time:3.77 Seconds
Solution: 1 30 14 41 48 28 17 3 8 6 42 11 40 9 33 36 4 31 50 44 15 20 2 24 26 38 27 22 19 29 46 35 49 45 7 21 5 39 13 34 37 10 32 18 23 43 12 47 25 16 

Inst_Index:3324 	 City_Num:50 	 Concorde:6.025406 	 MCTS:6.025406 Improve:0.000000 	 Time:3.76 Seconds
Solution: 1 2 18 49 38 33 42 26 37 6 15 36 32 43 25 20 46 34 41 19 40 39 10 23 24 4 8 31 17 28 50 35 11 27 48 13 14 7 44 47 21 30 3 12 22 45 9 16 5 29 

Inst_Index:3325 	 City_Num:50 	 Concorde:5.541068 	 MCTS:5.533063 Improve:0.008005 	 Time:3.76 Seconds
Solution: 1 44 46 11 27 22 5 40 2 15 28 7 25 17 47 3 26 30 16 20 12 29 39 8 37 43 48 41 21 32 31 18 19 42 10 13 34 38 24 35 49 9 45 14 50 23 33 4 36 6 

Inst_Index:3326 	 City_Num:50 	 Concorde:5.147821 	 MCTS:5.146078 Improve:0.001743 	 Time:3.76 Seconds
Solution: 1 40 2 50 46 25 13 31 7 20 21 3 37 44 11 18 47 35 38 39 26 48 5 4 42 15 22 8 12 30 28 32 45 17 27 6 49 9 16 24 19 36 14 23 34 29 43 33 10 41 

Inst_Index:3327 	 City_Num:50 	 Concorde:5.976425 	 MCTS:5.975819 Improve:0.000607 	 Time:3.75 Seconds
Solution: 1 42 32 26 16 44 23 12 33 4 17 49 18 5 3 22 2 7 37 14 50 35 29 47 36 48 13 15 34 24 41 43 19 25 21 45 30 38 8 28 9 40 20 31 11 46 10 6 39 27 

Inst_Index:3328 	 City_Num:50 	 Concorde:5.433009 	 MCTS:5.433009 Improve:0.000000 	 Time:3.77 Seconds
Solution: 1 47 33 24 12 31 19 26 15 23 48 20 13 41 25 34 5 7 14 35 2 9 4 46 21 29 30 6 11 10 38 43 16 3 39 27 44 32 28 42 17 40 22 45 18 49 8 50 36 37 

Inst_Index:3329 	 City_Num:50 	 Concorde:5.722665 	 MCTS:5.722665 Improve:0.000000 	 Time:3.75 Seconds
Solution: 1 33 30 32 35 40 21 26 2 47 17 22 19 24 36 13 38 18 37 8 41 7 4 3 34 48 14 23 5 44 15 43 42 9 45 29 6 10 39 12 25 28 27 16 20 11 46 50 49 31 

Inst_Index:3330 	 City_Num:50 	 Concorde:5.632317 	 MCTS:5.632317 Improve:-0.000000 	 Time:3.76 Seconds
Solution: 1 24 18 26 23 32 48 8 49 14 4 16 45 11 9 34 3 13 17 47 50 10 21 33 27 35 6 37 39 2 41 25 46 44 12 29 36 38 7 40 19 28 42 20 5 43 31 22 30 15 

Inst_Index:3331 	 City_Num:50 	 Concorde:5.486410 	 MCTS:5.486410 Improve:0.000000 	 Time:3.76 Seconds
Solution: 1 2 50 7 13 41 20 22 17 12 18 39 38 25 4 44 5 14 21 30 42 24 3 49 26 23 47 10 34 35 9 36 6 11 37 31 8 29 16 28 32 46 48 40 15 43 45 33 27 19 

Inst_Index:3332 	 City_Num:50 	 Concorde:5.487721 	 MCTS:5.487721 Improve:0.000000 	 Time:3.75 Seconds
Solution: 1 14 49 7 13 33 29 22 40 30 19 6 4 35 34 12 31 21 17 37 10 24 8 27 32 48 46 25 39 41 23 5 15 42 44 43 3 18 36 26 20 11 28 16 38 2 9 45 47 50 

Inst_Index:3333 	 City_Num:50 	 Concorde:5.424572 	 MCTS:5.424572 Improve:0.000000 	 Time:3.76 Seconds
Solution: 1 3 42 11 9 17 10 6 26 47 23 7 24 39 20 32 49 19 30 37 40 27 12 31 21 2 13 36 50 8 25 48 34 18 41 29 38 43 46 45 33 5 15 22 16 4 44 28 35 14 

Inst_Index:3334 	 City_Num:50 	 Concorde:5.676077 	 MCTS:5.676077 Improve:-0.000000 	 Time:3.76 Seconds
Solution: 1 29 17 12 32 49 47 10 41 46 44 45 26 24 9 14 11 27 28 21 35 43 13 18 39 38 2 37 7 42 5 19 15 20 6 50 4 31 25 33 23 48 36 16 3 34 30 40 8 22 

Inst_Index:3335 	 City_Num:50 	 Concorde:5.776749 	 MCTS:5.776749 Improve:0.000000 	 Time:3.75 Seconds
Solution: 1 11 28 42 26 12 41 29 30 13 10 23 19 32 33 44 48 7 17 24 43 8 25 49 38 45 15 20 16 50 40 35 39 5 14 18 34 46 2 3 9 37 27 4 6 47 31 22 36 21 

Inst_Index:3336 	 City_Num:50 	 Concorde:5.864184 	 MCTS:5.863146 Improve:0.001038 	 Time:3.77 Seconds
Solution: 1 35 32 3 27 50 33 20 24 25 13 2 29 37 38 43 42 15 40 34 39 45 17 36 47 49 30 44 11 41 16 6 12 23 10 7 46 19 8 14 28 26 4 21 9 22 31 5 18 48 

Inst_Index:3337 	 City_Num:50 	 Concorde:5.529353 	 MCTS:5.529353 Improve:0.000000 	 Time:3.77 Seconds
Solution: 1 34 33 7 21 45 9 8 49 28 47 24 14 13 38 6 26 40 42 31 50 10 46 30 48 17 2 19 12 43 23 41 25 11 18 22 5 3 37 27 35 16 15 36 20 39 44 4 32 29 

Inst_Index:3338 	 City_Num:50 	 Concorde:5.954567 	 MCTS:5.952462 Improve:0.002106 	 Time:3.75 Seconds
Solution: 1 9 12 36 33 2 19 39 44 21 17 49 7 5 48 14 20 6 50 3 38 13 37 26 23 28 47 45 31 11 29 30 18 41 42 46 10 22 32 35 15 4 25 27 40 16 34 24 43 8 

Inst_Index:3339 	 City_Num:50 	 Concorde:5.845265 	 MCTS:5.845265 Improve:-0.000000 	 Time:3.75 Seconds
Solution: 1 46 17 26 7 8 37 22 16 28 19 15 42 35 31 12 9 25 4 43 47 3 45 6 24 32 11 36 13 41 40 20 29 39 14 33 5 27 50 18 34 49 21 30 23 38 10 44 2 48 

Inst_Index:3340 	 City_Num:50 	 Concorde:5.748589 	 MCTS:5.747656 Improve:0.000933 	 Time:3.76 Seconds
Solution: 1 12 45 39 44 4 10 14 23 3 6 49 28 38 26 37 16 29 30 25 35 18 15 32 36 9 43 21 27 48 11 22 50 42 40 31 33 20 41 5 34 46 13 8 47 2 17 7 24 19 

Inst_Index:3341 	 City_Num:50 	 Concorde:5.604628 	 MCTS:5.603156 Improve:0.001472 	 Time:3.77 Seconds
Solution: 1 46 13 34 37 3 6 16 48 49 35 21 18 2 19 32 36 43 33 20 4 30 26 9 8 39 45 40 12 22 47 24 27 44 29 28 14 42 5 15 11 10 7 17 25 50 38 31 23 41 

Inst_Index:3342 	 City_Num:50 	 Concorde:6.241353 	 MCTS:6.239157 Improve:0.002196 	 Time:3.76 Seconds
Solution: 1 31 9 5 22 41 17 48 16 34 37 25 4 21 46 26 40 6 33 47 42 20 23 14 30 2 39 11 18 8 24 43 19 29 10 36 44 38 12 49 7 50 28 32 13 15 3 27 35 45 

Inst_Index:3343 	 City_Num:50 	 Concorde:5.911482 	 MCTS:5.911482 Improve:0.000000 	 Time:3.76 Seconds
Solution: 1 12 10 31 9 38 36 43 30 5 29 7 13 48 17 18 42 39 33 25 40 3 15 14 22 49 44 28 35 41 24 20 23 6 37 2 4 21 11 19 27 46 26 16 45 32 34 8 47 50 

Inst_Index:3344 	 City_Num:50 	 Concorde:5.889118 	 MCTS:5.889118 Improve:0.000000 	 Time:3.77 Seconds
Solution: 1 39 26 18 2 15 38 33 45 4 24 19 13 30 5 42 41 28 16 9 36 11 22 10 49 34 20 35 17 8 14 43 23 3 44 46 25 7 40 32 31 6 29 47 12 21 27 37 50 48 

Inst_Index:3345 	 City_Num:50 	 Concorde:6.084284 	 MCTS:6.084284 Improve:-0.000000 	 Time:3.77 Seconds
Solution: 1 47 16 35 3 27 40 44 28 45 48 32 31 7 15 25 18 30 2 29 39 23 33 11 21 6 46 4 42 5 36 50 19 49 22 20 9 38 14 13 17 34 10 43 41 12 37 26 8 24 

Inst_Index:3346 	 City_Num:50 	 Concorde:6.012197 	 MCTS:6.012197 Improve:0.000000 	 Time:3.76 Seconds
Solution: 1 37 46 33 47 16 6 15 13 8 14 50 34 10 25 24 39 22 7 18 20 30 32 43 36 2 41 27 3 21 5 11 29 45 23 26 35 9 42 48 12 40 19 49 28 4 38 17 31 44 

Inst_Index:3347 	 City_Num:50 	 Concorde:5.684540 	 MCTS:5.680840 Improve:0.003700 	 Time:3.75 Seconds
Solution: 1 9 21 35 2 33 6 16 20 25 34 39 26 17 12 3 10 47 19 32 40 5 44 13 15 42 31 11 38 28 50 46 27 8 29 43 45 41 24 4 7 30 18 49 36 37 48 22 14 23 

Inst_Index:3348 	 City_Num:50 	 Concorde:5.913465 	 MCTS:5.912978 Improve:0.000488 	 Time:3.76 Seconds
Solution: 1 34 20 35 29 49 38 2 13 4 15 28 47 50 9 30 27 3 11 16 37 17 48 36 7 5 22 46 6 26 24 8 32 31 10 25 42 33 21 43 39 40 14 41 19 12 23 18 44 45 

Inst_Index:3349 	 City_Num:50 	 Concorde:6.087944 	 MCTS:6.087418 Improve:0.000526 	 Time:3.76 Seconds
Solution: 1 31 38 22 34 33 9 8 35 42 2 21 7 49 18 19 47 50 41 40 12 48 24 17 37 6 23 30 39 10 16 5 20 15 13 29 43 28 46 14 11 4 32 27 3 36 26 45 25 44 

Inst_Index:3350 	 City_Num:50 	 Concorde:5.499608 	 MCTS:5.498827 Improve:0.000781 	 Time:3.75 Seconds
Solution: 1 2 37 3 27 42 31 47 40 20 48 15 6 5 14 29 18 35 11 13 45 8 9 46 10 28 7 34 39 22 33 50 30 49 12 23 4 21 36 16 32 19 17 24 38 26 41 25 43 44 

Inst_Index:3351 	 City_Num:50 	 Concorde:5.840590 	 MCTS:5.840590 Improve:0.000000 	 Time:3.77 Seconds
Solution: 1 24 27 38 45 39 5 3 40 18 20 4 42 50 36 13 43 29 14 2 41 11 22 49 28 48 21 12 15 32 8 34 16 6 37 26 17 10 23 44 47 33 19 7 9 30 35 25 46 31 

Inst_Index:3352 	 City_Num:50 	 Concorde:5.956331 	 MCTS:5.954402 Improve:0.001928 	 Time:3.77 Seconds
Solution: 1 3 43 31 39 33 14 28 32 44 24 49 13 17 36 25 20 2 15 21 40 42 22 4 6 47 9 23 27 16 12 10 46 45 41 50 30 7 48 37 18 11 19 34 38 29 26 35 8 5 

Inst_Index:3353 	 City_Num:50 	 Concorde:5.854591 	 MCTS:5.854062 Improve:0.000528 	 Time:3.75 Seconds
Solution: 1 32 13 8 35 4 37 36 40 18 41 45 31 44 50 17 7 46 19 38 16 23 49 15 12 39 22 25 47 20 33 9 26 27 24 14 30 3 10 42 34 2 11 28 48 6 29 43 21 5 

Inst_Index:3354 	 City_Num:50 	 Concorde:5.718809 	 MCTS:5.718809 Improve:0.000000 	 Time:3.75 Seconds
Solution: 1 8 13 22 20 21 45 18 39 30 34 48 27 4 25 16 44 38 11 15 2 19 42 17 49 23 41 3 33 46 7 10 26 28 43 14 9 36 37 47 6 32 31 50 29 12 40 35 24 5 

Inst_Index:3355 	 City_Num:50 	 Concorde:5.392847 	 MCTS:5.392847 Improve:0.000000 	 Time:3.76 Seconds
Solution: 1 29 33 24 3 34 6 21 8 18 42 25 12 40 26 41 27 46 32 39 48 43 36 45 47 5 31 2 44 20 7 28 14 30 13 17 4 11 10 35 9 49 38 22 37 15 50 19 16 23 

Inst_Index:3356 	 City_Num:50 	 Concorde:5.766205 	 MCTS:5.766205 Improve:0.000000 	 Time:3.76 Seconds
Solution: 1 21 36 15 41 2 13 4 29 12 46 42 27 48 24 39 11 32 49 40 14 5 34 22 26 35 20 30 31 18 43 16 6 45 23 50 25 3 47 33 37 7 8 38 17 10 44 28 19 9 

Inst_Index:3357 	 City_Num:50 	 Concorde:5.336194 	 MCTS:5.336160 Improve:0.000035 	 Time:3.75 Seconds
Solution: 1 8 45 41 10 11 37 2 39 14 20 36 38 25 18 46 32 30 29 16 50 49 26 17 43 48 5 4 31 34 7 3 27 9 35 42 6 33 15 13 23 44 47 12 40 24 21 28 19 22 

Inst_Index:3358 	 City_Num:50 	 Concorde:5.950125 	 MCTS:5.945259 Improve:0.004866 	 Time:3.76 Seconds
Solution: 1 42 39 22 21 44 8 26 9 27 20 43 10 14 49 30 50 12 19 17 37 15 34 46 23 48 47 5 7 40 6 18 24 11 29 32 16 41 38 31 33 45 4 28 2 25 13 36 3 35 

Inst_Index:3359 	 City_Num:50 	 Concorde:5.764526 	 MCTS:5.764526 Improve:0.000000 	 Time:3.76 Seconds
Solution: 1 23 12 11 40 19 2 8 14 9 33 13 42 39 28 6 49 45 44 24 38 50 15 31 26 18 3 35 29 4 20 34 25 21 48 41 5 46 37 10 30 16 27 47 43 22 17 36 7 32 

Inst_Index:3360 	 City_Num:50 	 Concorde:5.660439 	 MCTS:5.658301 Improve:0.002138 	 Time:3.76 Seconds
Solution: 1 39 21 26 47 12 36 20 33 13 6 11 24 22 9 25 44 40 16 35 29 42 3 8 41 50 7 37 5 38 14 34 18 32 15 45 27 28 17 19 49 31 43 46 10 48 30 2 23 4 

Inst_Index:3361 	 City_Num:50 	 Concorde:5.644550 	 MCTS:5.644550 Improve:0.000000 	 Time:3.78 Seconds
Solution: 1 2 13 18 27 5 47 50 49 41 24 15 45 6 38 4 9 14 35 10 7 11 17 20 25 22 46 26 37 16 28 8 33 34 48 3 40 42 21 12 19 44 43 30 29 23 32 36 31 39 

Inst_Index:3362 	 City_Num:50 	 Concorde:5.812942 	 MCTS:5.812942 Improve:-0.000000 	 Time:3.76 Seconds
Solution: 1 15 2 26 48 49 28 30 25 17 14 3 32 13 20 33 18 35 4 8 46 39 19 42 16 27 50 6 37 22 21 44 40 9 11 38 36 10 34 7 23 43 12 29 45 47 31 41 24 5 

Inst_Index:3363 	 City_Num:50 	 Concorde:5.594031 	 MCTS:5.594031 Improve:-0.000000 	 Time:3.76 Seconds
Solution: 1 27 29 48 50 2 10 40 41 46 25 18 9 43 13 16 22 36 5 11 42 14 26 21 30 8 44 17 32 39 34 20 4 19 23 15 33 24 31 12 7 3 49 45 38 6 35 37 47 28 

Inst_Index:3364 	 City_Num:50 	 Concorde:5.705472 	 MCTS:5.705472 Improve:0.000000 	 Time:3.76 Seconds
Solution: 1 21 10 35 26 11 12 23 18 50 17 32 31 15 40 6 33 3 36 7 5 34 48 16 39 37 13 29 49 14 30 28 43 20 8 27 45 25 9 4 41 38 42 47 44 24 2 46 22 19 

Inst_Index:3365 	 City_Num:50 	 Concorde:5.638028 	 MCTS:5.634466 Improve:0.003562 	 Time:3.75 Seconds
Solution: 1 32 29 46 37 3 34 38 39 35 10 18 45 12 42 13 43 17 19 23 16 5 30 14 7 47 40 41 6 33 20 26 22 50 4 44 15 49 21 8 2 28 9 25 48 36 11 31 24 27 

Inst_Index:3366 	 City_Num:50 	 Concorde:5.660199 	 MCTS:5.660199 Improve:-0.000000 	 Time:3.76 Seconds
Solution: 1 2 41 46 35 48 50 21 17 11 24 47 45 10 14 9 23 18 3 39 40 33 19 4 5 27 30 20 6 8 22 31 34 13 26 25 29 32 49 36 15 12 43 42 44 37 7 16 38 28 

Inst_Index:3367 	 City_Num:50 	 Concorde:5.701190 	 MCTS:5.701190 Improve:-0.000000 	 Time:3.76 Seconds
Solution: 1 31 9 22 13 21 38 42 40 12 6 15 43 47 48 29 39 4 36 20 10 35 24 18 50 30 33 16 11 26 7 49 14 23 41 32 3 5 37 44 2 46 45 8 27 28 25 34 19 17 

Inst_Index:3368 	 City_Num:50 	 Concorde:6.125971 	 MCTS:6.124735 Improve:0.001236 	 Time:3.75 Seconds
Solution: 1 42 34 16 12 8 44 2 32 20 7 14 41 17 50 11 19 23 39 29 35 4 46 30 15 36 49 3 10 37 43 22 24 21 6 9 38 45 26 40 13 28 31 48 33 47 5 27 18 25 

Inst_Index:3369 	 City_Num:50 	 Concorde:5.730544 	 MCTS:5.730544 Improve:-0.000000 	 Time:3.75 Seconds
Solution: 1 20 21 8 15 39 44 32 14 27 29 35 13 41 43 46 47 11 38 36 3 4 12 2 17 49 5 48 45 42 10 19 28 24 34 22 26 33 30 40 23 9 16 18 50 25 7 31 6 37 

Inst_Index:3370 	 City_Num:50 	 Concorde:5.161085 	 MCTS:5.156535 Improve:0.004550 	 Time:3.76 Seconds
Solution: 1 44 41 13 25 5 38 48 29 24 3 4 34 16 39 7 42 22 20 2 45 40 27 31 23 21 6 17 9 11 15 49 36 26 12 8 10 32 50 35 47 43 14 19 18 37 46 30 33 28 

Inst_Index:3371 	 City_Num:50 	 Concorde:5.565171 	 MCTS:5.562813 Improve:0.002358 	 Time:3.75 Seconds
Solution: 1 10 4 7 12 27 18 21 6 48 29 8 49 42 38 3 28 30 50 33 2 41 11 26 19 15 23 40 16 35 46 25 47 37 36 14 13 34 45 20 43 32 44 5 24 9 22 17 39 31 

Inst_Index:3372 	 City_Num:50 	 Concorde:5.873839 	 MCTS:5.869057 Improve:0.004782 	 Time:3.76 Seconds
Solution: 1 50 3 15 31 40 49 9 4 33 37 30 46 43 45 18 24 2 44 23 26 22 41 27 19 5 28 39 34 35 47 48 12 17 13 6 38 14 11 7 20 10 21 36 42 32 25 16 29 8 

Inst_Index:3373 	 City_Num:50 	 Concorde:5.894718 	 MCTS:5.894718 Improve:0.000000 	 Time:3.77 Seconds
Solution: 1 34 15 26 10 46 18 8 11 43 25 27 16 47 33 17 13 48 7 6 19 29 40 5 30 23 45 36 22 39 24 21 49 44 14 3 32 4 41 31 42 50 12 9 20 38 2 37 28 35 

Inst_Index:3374 	 City_Num:50 	 Concorde:5.557086 	 MCTS:5.554789 Improve:0.002298 	 Time:3.75 Seconds
Solution: 1 16 22 24 27 21 5 29 26 18 28 46 34 4 47 19 33 3 14 49 17 35 44 39 43 48 42 13 31 12 40 10 41 11 6 8 50 37 15 30 20 2 7 32 38 9 36 45 25 23 

Inst_Index:3375 	 City_Num:50 	 Concorde:5.728129 	 MCTS:5.723724 Improve:0.004406 	 Time:3.76 Seconds
Solution: 1 8 27 37 44 25 24 43 29 38 47 10 35 19 41 21 17 39 33 23 28 4 14 32 3 5 18 45 12 26 13 48 9 15 40 34 6 49 11 42 36 20 22 7 31 16 30 50 46 2 

Inst_Index:3376 	 City_Num:50 	 Concorde:5.027499 	 MCTS:5.026036 Improve:0.001463 	 Time:3.76 Seconds
Solution: 1 9 41 5 20 16 8 21 4 48 32 27 19 36 7 23 30 38 45 14 12 25 49 3 40 11 6 18 39 47 2 33 46 42 24 10 17 13 37 43 15 44 50 29 28 35 26 34 22 31 

Inst_Index:3377 	 City_Num:50 	 Concorde:5.712048 	 MCTS:5.709564 Improve:0.002483 	 Time:3.77 Seconds
Solution: 1 17 21 5 34 16 8 38 12 22 44 13 23 30 47 27 11 32 2 26 37 24 40 35 33 39 45 49 19 48 10 7 20 36 14 42 9 3 15 50 41 25 4 28 6 29 46 18 43 31 

Inst_Index:3378 	 City_Num:50 	 Concorde:6.135001 	 MCTS:6.135001 Improve:0.000000 	 Time:3.75 Seconds
Solution: 1 22 26 25 29 41 47 31 43 21 17 40 3 6 2 13 5 9 14 10 42 39 4 23 49 28 16 46 20 24 50 11 12 38 35 7 37 27 36 33 48 44 32 18 8 19 34 15 30 45 

Inst_Index:3379 	 City_Num:50 	 Concorde:5.219964 	 MCTS:5.215492 Improve:0.004472 	 Time:3.77 Seconds
Solution: 1 39 3 37 17 29 6 35 43 31 36 15 28 23 30 34 41 21 46 45 9 16 12 5 22 4 13 24 40 27 38 49 25 7 44 33 2 26 20 8 50 32 18 42 47 10 14 19 11 48 

Inst_Index:3380 	 City_Num:50 	 Concorde:5.667146 	 MCTS:5.665620 Improve:0.001526 	 Time:3.77 Seconds
Solution: 1 41 14 42 12 38 6 35 8 13 3 39 11 49 47 23 30 18 4 45 26 17 31 50 9 44 16 25 15 2 33 36 28 34 27 40 5 22 48 7 20 29 10 37 43 32 46 21 19 24 

Inst_Index:3381 	 City_Num:50 	 Concorde:5.605127 	 MCTS:5.605127 Improve:0.000000 	 Time:3.76 Seconds
Solution: 1 8 19 48 41 40 37 44 13 50 45 6 20 16 29 32 47 39 4 14 42 3 2 7 34 26 36 12 30 43 5 38 46 35 24 23 11 18 9 25 49 31 21 27 28 33 10 15 17 22 

Inst_Index:3382 	 City_Num:50 	 Concorde:5.714117 	 MCTS:5.712483 Improve:0.001634 	 Time:3.75 Seconds
Solution: 1 37 5 24 10 19 8 26 14 22 33 30 31 39 20 15 9 16 38 29 45 13 40 42 17 18 3 36 41 49 50 47 6 27 21 48 7 34 35 32 11 46 43 23 25 44 12 2 28 4 

Inst_Index:3383 	 City_Num:50 	 Concorde:5.867649 	 MCTS:5.867649 Improve:-0.000000 	 Time:3.76 Seconds
Solution: 1 37 31 8 44 45 23 48 24 40 12 19 32 43 36 21 14 33 49 46 38 18 6 16 42 27 9 15 4 20 41 10 47 29 26 3 28 39 34 17 35 11 7 2 13 22 50 5 25 30 

Inst_Index:3384 	 City_Num:50 	 Concorde:5.179933 	 MCTS:5.174009 Improve:0.005923 	 Time:3.75 Seconds
Solution: 1 26 20 45 37 10 47 15 3 12 23 43 16 22 38 42 39 50 13 35 9 6 49 14 25 5 34 32 31 4 29 24 7 36 18 2 28 41 17 33 27 46 44 30 8 19 21 40 11 48 

Inst_Index:3385 	 City_Num:50 	 Concorde:5.769870 	 MCTS:5.769870 Improve:-0.000000 	 Time:3.75 Seconds
Solution: 1 25 29 42 44 24 34 20 15 9 10 45 43 18 33 12 11 3 8 50 36 47 22 21 48 5 13 6 26 19 35 40 2 41 17 30 4 7 39 16 32 14 46 23 38 27 49 37 28 31 

Inst_Index:3386 	 City_Num:50 	 Concorde:5.961551 	 MCTS:5.961551 Improve:-0.000000 	 Time:3.76 Seconds
Solution: 1 29 11 38 13 15 33 8 22 28 25 41 4 9 46 16 45 24 36 17 40 2 5 30 20 34 35 23 32 43 49 10 47 37 50 42 27 21 12 26 14 31 48 6 3 19 39 18 44 7 

Inst_Index:3387 	 City_Num:50 	 Concorde:5.690225 	 MCTS:5.690225 Improve:-0.000000 	 Time:3.75 Seconds
Solution: 1 28 43 11 49 8 44 21 3 33 24 39 42 32 26 4 23 12 17 35 37 47 27 16 6 40 2 34 38 5 7 46 29 25 30 18 9 31 13 10 41 45 50 48 14 15 22 20 19 36 

Inst_Index:3388 	 City_Num:50 	 Concorde:5.567285 	 MCTS:5.567285 Improve:0.000000 	 Time:3.76 Seconds
Solution: 1 25 41 27 2 26 19 22 37 6 4 29 35 47 50 32 38 24 11 33 20 45 39 43 30 10 18 46 28 36 21 13 34 17 48 44 14 8 16 3 9 12 7 42 40 31 23 5 49 15 

Inst_Index:3389 	 City_Num:50 	 Concorde:5.131121 	 MCTS:5.131121 Improve:0.000000 	 Time:3.75 Seconds
Solution: 1 9 4 26 40 33 37 24 19 10 22 3 29 7 12 28 14 34 39 31 50 15 36 48 11 49 23 8 18 17 5 35 41 30 46 45 42 43 20 16 47 44 25 32 13 38 27 21 2 6 

Inst_Index:3390 	 City_Num:50 	 Concorde:5.715889 	 MCTS:5.715889 Improve:-0.000000 	 Time:3.76 Seconds
Solution: 1 48 21 34 30 41 38 45 16 44 47 5 46 26 35 14 25 40 9 6 42 2 49 31 12 22 28 32 23 13 3 20 39 36 27 29 10 17 7 24 50 8 43 18 33 15 19 4 11 37 

Inst_Index:3391 	 City_Num:50 	 Concorde:5.610944 	 MCTS:5.610041 Improve:0.000903 	 Time:3.76 Seconds
Solution: 1 14 34 33 35 28 8 20 31 13 19 10 32 41 44 43 22 47 30 7 15 11 12 42 23 24 4 36 9 3 29 26 17 49 25 16 27 2 40 21 6 46 38 39 48 5 45 18 37 50 

Inst_Index:3392 	 City_Num:50 	 Concorde:5.629539 	 MCTS:5.629539 Improve:0.000000 	 Time:3.77 Seconds
Solution: 1 13 36 29 14 47 12 46 18 17 39 44 41 33 43 40 28 45 20 11 25 19 26 10 48 24 30 6 7 27 23 49 50 34 21 22 38 15 9 2 5 4 37 3 32 35 16 8 42 31 

Inst_Index:3393 	 City_Num:50 	 Concorde:5.422786 	 MCTS:5.422786 Improve:-0.000000 	 Time:3.76 Seconds
Solution: 1 20 44 25 32 15 3 35 6 37 7 29 48 50 34 22 42 2 27 33 40 14 45 46 28 18 8 24 11 31 19 21 43 49 26 47 13 17 41 39 36 30 4 23 38 16 10 9 5 12 

Inst_Index:3394 	 City_Num:50 	 Concorde:5.456883 	 MCTS:5.456883 Improve:0.000000 	 Time:3.75 Seconds
Solution: 1 38 21 45 35 8 12 9 5 7 26 42 39 30 16 32 37 17 10 41 13 25 31 44 2 22 33 11 14 20 34 27 28 18 19 4 46 23 47 6 50 49 29 3 36 40 43 48 24 15 

Inst_Index:3395 	 City_Num:50 	 Concorde:5.873880 	 MCTS:5.873880 Improve:0.000000 	 Time:3.75 Seconds
Solution: 1 24 6 7 4 14 22 13 48 11 43 28 44 18 33 2 32 36 27 41 37 8 42 49 17 20 50 34 45 47 23 15 21 5 38 29 16 31 35 26 30 40 3 46 25 10 19 9 12 39 

Inst_Index:3396 	 City_Num:50 	 Concorde:5.396733 	 MCTS:5.391207 Improve:0.005527 	 Time:3.76 Seconds
Solution: 1 39 2 12 42 34 18 9 22 50 4 26 38 33 20 45 29 24 28 37 48 13 5 16 47 10 6 3 41 31 11 14 40 35 23 49 15 27 43 46 8 36 19 17 21 30 32 7 25 44 

Inst_Index:3397 	 City_Num:50 	 Concorde:6.383474 	 MCTS:6.380789 Improve:0.002685 	 Time:3.75 Seconds
Solution: 1 36 32 31 8 41 18 26 3 24 50 37 11 16 2 4 20 44 14 9 7 21 40 17 33 48 34 45 28 46 15 49 6 5 38 10 23 43 35 42 19 12 39 47 13 25 22 29 30 27 

Inst_Index:3398 	 City_Num:50 	 Concorde:5.693021 	 MCTS:5.693021 Improve:0.000000 	 Time:3.75 Seconds
Solution: 1 13 42 11 38 37 45 46 19 24 9 7 17 18 28 21 23 47 16 26 34 44 2 48 22 14 35 29 10 12 20 6 50 39 36 8 49 41 4 40 5 32 25 3 31 33 27 30 43 15 

Inst_Index:3399 	 City_Num:50 	 Concorde:6.118317 	 MCTS:6.117204 Improve:0.001113 	 Time:3.75 Seconds
Solution: 1 25 3 13 42 48 21 45 36 9 43 2 6 39 8 47 40 31 20 28 27 26 34 14 17 22 15 18 23 24 38 12 19 50 35 10 32 11 46 33 7 16 5 49 30 41 44 29 37 4 

Inst_Index:3400 	 City_Num:50 	 Concorde:5.568065 	 MCTS:5.568065 Improve:0.000000 	 Time:3.76 Seconds
Solution: 1 29 16 45 11 20 38 32 8 43 48 13 7 39 46 23 25 28 4 9 42 44 33 22 50 41 27 21 12 35 31 24 10 17 40 19 49 5 30 3 47 15 14 6 34 26 18 37 2 36 

Inst_Index:3401 	 City_Num:50 	 Concorde:5.738410 	 MCTS:5.736641 Improve:0.001769 	 Time:3.77 Seconds
Solution: 1 35 8 47 5 11 20 7 43 3 6 25 28 26 29 42 34 32 23 30 46 36 21 14 44 24 15 16 45 48 41 27 31 9 39 50 22 37 10 38 17 49 4 13 12 19 33 2 18 40 

Inst_Index:3402 	 City_Num:50 	 Concorde:5.891111 	 MCTS:5.882616 Improve:0.008495 	 Time:3.76 Seconds
Solution: 1 47 42 40 31 16 46 17 29 18 6 36 34 50 15 2 35 39 14 3 44 28 24 43 20 32 12 25 8 26 41 11 19 22 23 13 9 27 45 49 7 38 33 21 37 4 48 5 30 10 

Inst_Index:3403 	 City_Num:50 	 Concorde:5.912710 	 MCTS:5.912710 Improve:-0.000000 	 Time:3.76 Seconds
Solution: 1 15 31 7 21 45 23 38 12 27 5 46 30 47 29 42 44 24 41 9 8 40 43 25 34 16 37 39 3 6 11 22 4 2 28 35 50 17 26 32 19 48 20 14 13 10 33 18 36 49 

Inst_Index:3404 	 City_Num:50 	 Concorde:5.356698 	 MCTS:5.344172 Improve:0.012526 	 Time:3.78 Seconds
Solution: 1 6 9 49 34 22 29 47 7 3 39 5 17 18 12 10 20 26 31 16 30 41 11 24 4 27 46 15 35 23 14 2 8 25 45 43 37 28 21 19 13 38 40 44 36 48 50 33 42 32 

Inst_Index:3405 	 City_Num:50 	 Concorde:5.419777 	 MCTS:5.419777 Improve:-0.000000 	 Time:3.76 Seconds
Solution: 1 47 14 17 2 11 20 42 28 15 30 44 31 25 45 41 46 26 32 8 33 19 34 38 4 7 22 13 49 21 5 50 37 36 35 43 39 18 3 10 23 27 6 16 40 12 24 48 29 9 

Inst_Index:3406 	 City_Num:50 	 Concorde:6.040220 	 MCTS:6.040220 Improve:-0.000000 	 Time:3.75 Seconds
Solution: 1 50 40 21 23 41 47 38 45 43 20 16 31 6 32 9 39 2 46 19 15 27 49 35 48 28 26 25 7 29 8 14 12 3 24 5 17 33 11 10 44 18 42 37 4 34 22 36 13 30 

Inst_Index:3407 	 City_Num:50 	 Concorde:5.421479 	 MCTS:5.421479 Improve:0.000000 	 Time:3.75 Seconds
Solution: 1 20 9 19 26 37 12 49 40 33 46 32 14 42 8 39 36 15 38 10 48 6 3 44 30 34 24 35 50 41 43 21 16 13 17 2 28 4 25 11 5 31 47 18 22 23 27 7 29 45 

Inst_Index:3408 	 City_Num:50 	 Concorde:5.641945 	 MCTS:5.641945 Improve:0.000000 	 Time:3.75 Seconds
Solution: 1 15 22 14 10 32 9 20 11 41 43 27 21 7 6 50 13 49 47 25 29 45 24 5 4 30 34 44 37 16 18 31 12 40 33 38 36 17 28 35 3 42 23 39 2 26 19 8 48 46 

Inst_Index:3409 	 City_Num:50 	 Concorde:5.733719 	 MCTS:5.725649 Improve:0.008071 	 Time:3.77 Seconds
Solution: 1 20 32 48 41 26 19 15 11 24 40 36 44 28 31 42 3 8 10 45 12 13 37 7 39 18 17 25 47 9 33 43 4 23 21 16 29 38 50 6 2 46 35 5 34 27 14 49 30 22 

Inst_Index:3410 	 City_Num:50 	 Concorde:6.089607 	 MCTS:6.089607 Improve:0.000000 	 Time:3.78 Seconds
Solution: 1 35 37 13 32 27 21 22 10 42 31 29 47 34 11 16 25 36 15 5 44 33 4 23 19 20 3 39 49 26 30 18 6 8 12 45 50 2 7 46 28 38 40 14 9 48 43 41 17 24 

Inst_Index:3411 	 City_Num:50 	 Concorde:5.802528 	 MCTS:5.802528 Improve:0.000000 	 Time:3.78 Seconds
Solution: 1 16 15 25 24 4 13 48 36 12 33 34 3 42 38 49 30 46 41 23 32 39 43 44 8 6 17 11 21 9 14 2 18 22 47 31 10 27 19 7 45 29 5 20 28 26 50 35 37 40 

Inst_Index:3412 	 City_Num:50 	 Concorde:5.802195 	 MCTS:5.802195 Improve:0.000000 	 Time:3.75 Seconds
Solution: 1 14 4 20 13 10 40 22 23 26 36 21 32 47 50 8 35 48 43 34 28 9 6 33 38 7 12 27 46 31 25 45 11 44 16 37 15 5 41 17 18 3 30 42 39 19 29 49 2 24 

Inst_Index:3413 	 City_Num:50 	 Concorde:5.824925 	 MCTS:5.824925 Improve:-0.000000 	 Time:3.76 Seconds
Solution: 1 38 27 47 4 37 35 30 2 33 20 6 19 12 45 18 26 11 40 46 7 15 5 50 22 29 8 9 17 13 49 36 21 31 23 16 43 3 25 44 14 24 10 42 28 41 32 39 34 48 

Inst_Index:3414 	 City_Num:50 	 Concorde:5.459631 	 MCTS:5.457530 Improve:0.002101 	 Time:3.76 Seconds
Solution: 1 20 38 42 30 17 10 18 47 24 37 7 44 32 4 34 3 41 33 19 6 22 50 15 29 21 23 43 48 2 40 39 8 46 12 11 36 35 26 9 49 25 16 5 28 13 31 27 45 14 

Inst_Index:3415 	 City_Num:50 	 Concorde:5.747394 	 MCTS:5.747394 Improve:-0.000000 	 Time:3.75 Seconds
Solution: 1 37 41 33 31 42 8 13 14 48 47 7 40 25 44 45 3 21 34 46 26 5 18 38 16 10 9 17 43 15 6 27 24 30 35 19 23 28 29 50 11 4 49 20 12 39 36 2 22 32 

Inst_Index:3416 	 City_Num:50 	 Concorde:5.638500 	 MCTS:5.638500 Improve:-0.000000 	 Time:3.76 Seconds
Solution: 1 31 8 23 50 26 33 40 45 42 36 2 48 7 39 38 4 20 22 24 28 5 16 44 49 14 17 11 37 15 9 12 29 32 25 47 21 41 3 35 18 43 19 10 46 30 13 27 34 6 

Inst_Index:3417 	 City_Num:50 	 Concorde:5.947556 	 MCTS:5.943760 Improve:0.003796 	 Time:3.75 Seconds
Solution: 1 40 36 4 44 49 27 18 31 29 12 14 43 34 11 20 6 13 22 10 24 9 28 26 2 3 25 19 35 45 32 30 50 21 7 33 47 41 38 15 8 23 17 39 48 46 42 37 5 16 

Inst_Index:3418 	 City_Num:50 	 Concorde:5.299923 	 MCTS:5.299923 Improve:0.000000 	 Time:3.75 Seconds
Solution: 1 25 31 11 45 15 22 48 5 6 21 13 46 39 30 4 3 40 49 24 38 47 27 50 19 32 7 44 26 20 37 35 10 12 14 17 9 29 28 36 43 2 8 23 33 41 18 16 42 34 

Inst_Index:3419 	 City_Num:50 	 Concorde:5.975715 	 MCTS:5.971588 Improve:0.004128 	 Time:3.77 Seconds
Solution: 1 30 48 9 40 19 28 16 33 49 42 10 27 47 43 36 41 18 2 32 3 46 11 14 44 4 8 31 22 15 34 23 26 24 45 12 37 5 39 21 38 35 50 20 29 13 6 17 7 25 

Inst_Index:3420 	 City_Num:50 	 Concorde:5.921403 	 MCTS:5.921403 Improve:0.000000 	 Time:3.76 Seconds
Solution: 1 26 15 49 18 8 29 23 41 28 19 34 43 31 11 48 13 38 32 39 35 21 36 50 12 40 6 4 46 44 7 25 33 30 9 14 37 2 47 42 20 45 27 5 17 10 16 22 24 3 

Inst_Index:3421 	 City_Num:50 	 Concorde:5.762812 	 MCTS:5.762812 Improve:0.000000 	 Time:3.77 Seconds
Solution: 1 43 17 39 33 46 28 3 25 12 7 24 10 50 9 19 26 49 21 16 37 22 2 29 27 44 6 23 34 36 15 47 14 32 13 45 31 38 42 11 35 41 4 18 40 5 20 30 48 8 

Inst_Index:3422 	 City_Num:50 	 Concorde:5.646115 	 MCTS:5.643859 Improve:0.002256 	 Time:3.75 Seconds
Solution: 1 8 10 12 30 13 26 15 11 27 35 24 6 3 25 36 31 37 47 44 29 32 4 43 23 42 16 38 20 5 33 45 17 22 14 41 34 48 9 19 18 2 46 7 49 28 40 21 50 39 

Inst_Index:3423 	 City_Num:50 	 Concorde:5.661981 	 MCTS:5.661981 Improve:-0.000000 	 Time:3.75 Seconds
Solution: 1 41 23 47 24 15 19 4 9 20 26 17 5 44 39 6 25 29 21 48 35 30 45 36 49 37 31 46 40 28 13 42 8 2 34 33 18 27 11 12 7 14 3 22 32 38 43 16 10 50 

Inst_Index:3424 	 City_Num:50 	 Concorde:5.890245 	 MCTS:5.886791 Improve:0.003454 	 Time:3.76 Seconds
Solution: 1 34 6 16 2 45 27 38 4 17 12 48 24 49 33 15 47 13 23 14 5 21 18 28 32 36 31 9 44 30 3 41 11 22 43 37 29 25 35 20 42 40 39 50 19 26 8 7 10 46 

Inst_Index:3425 	 City_Num:50 	 Concorde:5.811519 	 MCTS:5.811519 Improve:0.000000 	 Time:3.77 Seconds
Solution: 1 30 12 3 14 2 8 41 39 6 13 15 20 29 11 5 35 21 45 42 10 19 36 50 40 46 44 18 9 38 31 32 43 16 34 33 28 49 24 7 37 47 25 23 4 17 22 26 27 48 

Inst_Index:3426 	 City_Num:50 	 Concorde:6.102847 	 MCTS:6.102847 Improve:0.000000 	 Time:3.75 Seconds
Solution: 1 19 2 12 14 42 16 28 21 24 20 47 50 40 36 48 9 22 25 5 39 34 26 27 18 29 41 43 15 30 10 3 6 45 7 23 17 31 44 13 33 37 11 49 35 32 8 46 38 4 

Inst_Index:3427 	 City_Num:50 	 Concorde:5.493219 	 MCTS:5.493219 Improve:-0.000000 	 Time:3.77 Seconds
Solution: 1 36 38 23 8 32 29 33 50 37 27 31 13 15 17 47 16 4 25 40 28 10 5 48 12 34 24 39 30 42 26 11 45 7 9 20 3 18 46 35 2 44 6 14 19 41 21 49 43 22 

Inst_Index:3428 	 City_Num:50 	 Concorde:5.882988 	 MCTS:5.881308 Improve:0.001681 	 Time:3.75 Seconds
Solution: 1 36 25 27 14 43 49 35 9 6 23 37 26 20 45 46 8 41 30 22 5 12 21 17 24 2 47 13 29 38 44 33 16 32 19 15 48 50 40 11 31 18 10 3 7 4 34 39 42 28 

Inst_Index:3429 	 City_Num:50 	 Concorde:5.394711 	 MCTS:5.394711 Improve:0.000000 	 Time:3.76 Seconds
Solution: 1 31 39 41 18 5 20 33 14 42 43 6 49 12 34 45 48 24 37 15 22 27 25 9 47 2 30 8 46 50 11 40 13 44 19 17 23 36 16 4 26 10 3 21 38 7 35 28 29 32 

Inst_Index:3430 	 City_Num:50 	 Concorde:6.031144 	 MCTS:6.031144 Improve:0.000000 	 Time:3.75 Seconds
Solution: 1 50 41 29 25 34 39 10 4 19 45 38 40 13 24 32 44 15 6 31 49 2 43 46 37 26 7 28 3 30 12 21 48 22 11 35 47 33 14 16 36 17 23 20 5 27 42 9 18 8 

Inst_Index:3431 	 City_Num:50 	 Concorde:5.731286 	 MCTS:5.731286 Improve:0.000000 	 Time:3.75 Seconds
Solution: 1 19 37 27 49 24 5 44 14 20 39 22 32 7 47 8 11 13 18 4 2 10 41 31 45 33 23 36 12 15 28 43 48 21 50 3 30 38 46 25 40 34 42 35 17 9 16 29 6 26 

Inst_Index:3432 	 City_Num:50 	 Concorde:5.716664 	 MCTS:5.716664 Improve:-0.000000 	 Time:3.76 Seconds
Solution: 1 11 41 7 26 13 48 30 31 23 39 18 21 36 45 24 38 6 25 20 10 12 47 37 5 50 33 40 4 29 19 9 14 46 42 16 35 28 34 49 32 2 3 15 44 8 22 43 27 17 

Inst_Index:3433 	 City_Num:50 	 Concorde:5.706066 	 MCTS:5.706066 Improve:-0.000000 	 Time:3.75 Seconds
Solution: 1 15 43 5 7 27 19 41 8 6 48 31 28 11 36 21 17 4 50 29 34 9 18 40 49 44 25 10 35 3 26 20 37 38 13 46 33 14 45 30 16 2 24 32 39 22 47 42 12 23 

Inst_Index:3434 	 City_Num:50 	 Concorde:5.581970 	 MCTS:5.581333 Improve:0.000637 	 Time:3.75 Seconds
Solution: 1 49 33 35 42 10 17 14 26 37 12 16 4 32 44 3 30 9 22 7 5 6 47 19 31 28 27 8 48 2 40 46 41 34 50 43 18 25 21 29 36 45 13 39 11 20 24 38 23 15 

Inst_Index:3435 	 City_Num:50 	 Concorde:5.594412 	 MCTS:5.594412 Improve:0.000000 	 Time:3.75 Seconds
Solution: 1 35 33 16 25 28 23 12 22 3 36 46 8 32 13 4 18 6 31 41 10 5 42 43 9 21 37 29 47 2 49 7 11 34 24 50 45 27 20 44 30 19 38 39 17 15 48 40 14 26 

Inst_Index:3436 	 City_Num:50 	 Concorde:5.355718 	 MCTS:5.347887 Improve:0.007831 	 Time:3.76 Seconds
Solution: 1 19 8 5 7 35 41 43 12 49 37 47 24 36 14 11 38 2 25 18 28 20 16 23 44 46 17 27 48 45 50 26 22 9 40 3 4 29 15 33 42 32 34 21 13 6 10 30 31 39 

Inst_Index:3437 	 City_Num:50 	 Concorde:5.715338 	 MCTS:5.715338 Improve:0.000000 	 Time:3.76 Seconds
Solution: 1 18 30 14 5 16 50 12 35 7 34 17 29 28 26 10 24 38 43 20 15 32 41 2 8 19 42 33 44 37 39 46 45 36 21 13 47 23 27 22 4 40 6 48 9 49 25 11 3 31 

Inst_Index:3438 	 City_Num:50 	 Concorde:5.289818 	 MCTS:5.289818 Improve:0.000000 	 Time:3.76 Seconds
Solution: 1 32 48 29 35 21 19 39 25 30 40 10 44 47 45 24 28 4 22 31 42 2 20 3 15 16 34 12 46 49 11 13 38 7 14 18 37 6 43 23 8 50 5 27 9 26 41 33 17 36 

Inst_Index:3439 	 City_Num:50 	 Concorde:5.483889 	 MCTS:5.481188 Improve:0.002701 	 Time:3.76 Seconds
Solution: 1 42 27 20 43 26 13 38 31 15 18 4 29 34 25 48 33 12 8 39 22 10 50 30 28 36 47 14 24 45 6 46 19 7 41 11 17 40 21 5 35 44 23 37 32 16 49 2 9 3 

Inst_Index:3440 	 City_Num:50 	 Concorde:5.561548 	 MCTS:5.561548 Improve:-0.000000 	 Time:3.76 Seconds
Solution: 1 35 13 45 10 17 14 39 22 29 12 46 32 28 23 16 44 31 5 25 27 21 50 41 36 19 43 30 48 37 7 6 2 40 47 26 11 24 15 4 49 3 42 34 8 18 38 20 33 9 

Inst_Index:3441 	 City_Num:50 	 Concorde:5.529358 	 MCTS:5.524661 Improve:0.004698 	 Time:3.76 Seconds
Solution: 1 27 9 12 38 31 22 49 24 10 20 4 19 42 2 28 16 17 43 40 6 37 15 41 14 25 45 8 50 29 34 21 46 11 39 36 5 3 13 47 33 23 44 35 30 18 32 7 26 48 

Inst_Index:3442 	 City_Num:50 	 Concorde:5.973838 	 MCTS:5.973838 Improve:0.000000 	 Time:3.76 Seconds
Solution: 1 4 26 41 42 25 34 32 47 35 17 12 21 38 7 5 2 23 29 24 6 37 15 14 45 20 50 33 16 44 46 40 13 48 9 11 22 19 43 18 39 3 30 28 36 27 8 49 31 10 

Inst_Index:3443 	 City_Num:50 	 Concorde:5.947734 	 MCTS:5.947734 Improve:0.000000 	 Time:3.75 Seconds
Solution: 1 27 35 41 24 8 29 28 18 15 31 16 10 4 45 25 5 6 34 38 30 49 32 48 7 26 12 21 19 39 11 40 3 9 2 17 47 50 13 36 23 33 20 37 44 43 14 46 42 22 


Avg_Concorde_Distance: 5.697011 Avg_MCTS_Distance: 5.695735 Avg_Gap: -0.000226 Total_Time: 1177.98 Seconds 
 Beat_Best_Known_Times: 127 Match_Best_Known_Times: 186 Miss_Best_Known_Times: 0 
