Number_of_Instances_In_Current_Batch: 313

Inst_Index:627 	 City_Num:50 	 Concorde:5.776524 	 MCTS:5.776524 Improve:0.000000 	 Time:3.76 Seconds
Solution: 1 20 4 10 39 35 49 24 28 8 38 37 15 26 31 21 25 29 27 36 23 47 7 48 19 12 18 13 33 43 50 30 46 3 32 2 41 16 5 22 17 6 9 42 11 34 44 45 40 14 

Inst_Index:628 	 City_Num:50 	 Concorde:5.358611 	 MCTS:5.358611 Improve:0.000000 	 Time:3.76 Seconds
Solution: 1 33 40 47 16 48 8 41 28 26 25 27 36 3 9 42 14 24 39 22 46 11 18 23 7 29 17 13 32 50 21 49 10 37 5 6 38 31 15 44 19 35 4 34 30 43 12 20 2 45 

Inst_Index:629 	 City_Num:50 	 Concorde:5.816820 	 MCTS:5.816820 Improve:-0.000000 	 Time:3.77 Seconds
Solution: 1 34 30 43 10 21 36 11 49 42 13 14 45 33 22 4 6 17 41 50 3 40 31 18 24 46 44 32 19 26 37 48 35 23 27 38 9 7 8 28 16 15 12 25 5 29 20 39 47 2 

Inst_Index:630 	 City_Num:50 	 Concorde:5.497574 	 MCTS:5.497574 Improve:0.000000 	 Time:3.76 Seconds
Solution: 1 47 24 50 4 40 35 18 41 49 11 21 31 38 39 36 3 32 20 15 28 44 2 45 17 14 43 33 26 13 46 5 25 34 9 19 23 27 16 48 7 22 37 29 8 30 10 6 42 12 

Inst_Index:631 	 City_Num:50 	 Concorde:4.902246 	 MCTS:4.897048 Improve:0.005198 	 Time:3.76 Seconds
Solution: 1 2 15 27 14 3 35 19 12 18 25 5 45 10 46 9 30 33 39 29 47 49 22 16 13 24 6 23 28 7 38 48 4 32 21 41 26 11 40 43 31 20 36 17 34 37 44 42 50 8 

Inst_Index:632 	 City_Num:50 	 Concorde:5.731735 	 MCTS:5.721287 Improve:0.010448 	 Time:3.76 Seconds
Solution: 1 34 47 14 45 49 22 26 12 21 15 2 8 44 9 50 48 42 38 7 40 19 43 31 18 16 23 39 3 10 5 4 25 41 37 20 11 35 33 29 6 17 30 24 36 46 28 13 32 27 

Inst_Index:633 	 City_Num:50 	 Concorde:5.828720 	 MCTS:5.828720 Improve:0.000000 	 Time:3.77 Seconds
Solution: 1 22 43 33 17 42 36 30 34 38 10 3 41 50 9 44 26 29 40 31 6 48 7 21 23 24 18 20 35 15 45 4 16 37 47 39 28 11 2 49 8 14 5 12 27 25 46 13 32 19 

Inst_Index:634 	 City_Num:50 	 Concorde:5.936343 	 MCTS:5.936343 Improve:0.000000 	 Time:3.77 Seconds
Solution: 1 23 40 17 13 15 18 27 7 5 8 34 2 38 29 9 28 6 35 24 26 14 39 46 4 30 10 42 11 32 43 20 41 44 37 47 12 16 25 48 19 3 36 49 22 33 31 50 45 21 

Inst_Index:635 	 City_Num:50 	 Concorde:6.098308 	 MCTS:6.098308 Improve:0.000000 	 Time:3.77 Seconds
Solution: 1 38 6 30 24 7 8 45 18 33 25 35 42 40 50 10 4 22 11 3 15 14 29 20 46 17 41 12 9 47 16 31 27 13 34 49 28 44 39 5 21 26 32 2 36 19 23 48 37 43 

Inst_Index:636 	 City_Num:50 	 Concorde:5.944723 	 MCTS:5.944723 Improve:0.000000 	 Time:3.75 Seconds
Solution: 1 50 2 44 25 16 36 24 3 39 31 35 8 10 6 11 18 37 12 47 19 21 22 15 4 38 49 33 17 40 30 45 13 27 42 5 23 34 14 48 7 28 32 41 29 20 46 26 9 43 

Inst_Index:637 	 City_Num:50 	 Concorde:5.397759 	 MCTS:5.397759 Improve:0.000000 	 Time:3.77 Seconds
Solution: 1 6 19 2 27 16 8 28 23 48 42 9 47 21 3 40 31 25 7 49 43 29 5 12 18 50 44 4 13 11 34 17 15 41 45 10 26 20 22 37 35 36 38 14 24 46 32 39 33 30 

Inst_Index:638 	 City_Num:50 	 Concorde:5.667352 	 MCTS:5.661213 Improve:0.006139 	 Time:3.76 Seconds
Solution: 1 3 15 2 43 31 35 20 37 13 16 9 21 47 24 38 49 36 30 5 40 42 46 7 32 10 17 33 44 6 45 29 48 23 26 14 12 39 8 4 28 34 22 50 25 27 11 18 19 41 

Inst_Index:639 	 City_Num:50 	 Concorde:5.686622 	 MCTS:5.686474 Improve:0.000148 	 Time:3.76 Seconds
Solution: 1 31 38 24 40 48 11 5 28 19 14 32 20 25 13 44 30 21 16 26 50 4 17 47 12 22 39 42 35 15 37 46 23 7 43 33 3 36 10 34 27 45 18 9 49 8 29 6 2 41 

Inst_Index:640 	 City_Num:50 	 Concorde:5.668285 	 MCTS:5.668285 Improve:0.000000 	 Time:3.78 Seconds
Solution: 1 16 38 50 23 8 26 32 43 20 24 13 25 3 42 4 5 21 47 36 19 31 14 37 17 10 2 33 28 44 18 15 46 41 49 7 6 30 34 48 22 27 40 11 39 9 35 45 29 12 

Inst_Index:641 	 City_Num:50 	 Concorde:5.922546 	 MCTS:5.922546 Improve:0.000000 	 Time:3.76 Seconds
Solution: 1 6 31 14 43 33 7 30 48 23 41 32 29 25 21 49 26 37 44 18 36 5 39 27 20 4 34 3 15 24 2 46 38 22 12 45 10 13 40 50 17 19 11 9 28 16 35 47 8 42 

Inst_Index:642 	 City_Num:50 	 Concorde:5.651828 	 MCTS:5.651828 Improve:0.000000 	 Time:3.77 Seconds
Solution: 1 38 35 5 41 14 33 30 37 22 19 26 36 49 7 12 40 15 10 28 2 8 48 29 24 20 46 31 11 44 43 32 13 4 17 25 45 9 50 6 39 21 34 3 42 18 47 16 23 27 

Inst_Index:643 	 City_Num:50 	 Concorde:6.038346 	 MCTS:6.038346 Improve:-0.000000 	 Time:3.76 Seconds
Solution: 1 39 43 2 18 45 36 29 10 33 7 4 8 37 40 26 23 12 17 25 24 11 38 28 16 13 46 50 41 3 21 20 5 19 32 48 15 9 34 27 42 6 49 31 35 44 47 14 30 22 

Inst_Index:644 	 City_Num:50 	 Concorde:6.044361 	 MCTS:6.042985 Improve:0.001376 	 Time:3.75 Seconds
Solution: 1 18 21 20 45 50 5 46 44 26 38 12 29 41 48 28 32 3 33 14 34 31 19 2 30 4 11 37 25 36 24 23 42 17 15 13 8 43 7 35 49 47 6 40 27 16 22 10 9 39 

Inst_Index:645 	 City_Num:50 	 Concorde:5.737991 	 MCTS:5.737991 Improve:0.000000 	 Time:3.77 Seconds
Solution: 1 30 6 38 8 33 29 2 10 34 31 36 23 15 24 17 22 47 20 46 3 35 16 25 41 42 9 48 13 27 39 40 5 11 37 21 50 19 45 26 12 18 44 7 4 14 49 32 28 43 

Inst_Index:646 	 City_Num:50 	 Concorde:5.904894 	 MCTS:5.904894 Improve:0.000000 	 Time:3.77 Seconds
Solution: 1 26 50 25 18 23 43 35 15 36 8 45 7 2 27 20 17 14 21 49 41 30 46 33 42 19 13 47 37 40 10 5 11 22 24 38 29 31 44 12 4 28 3 34 39 32 48 6 9 16 

Inst_Index:647 	 City_Num:50 	 Concorde:5.821256 	 MCTS:5.821256 Improve:-0.000000 	 Time:3.76 Seconds
Solution: 1 10 44 6 45 31 40 35 27 18 41 4 16 12 17 33 23 36 9 47 5 7 42 25 39 28 34 37 19 50 38 3 26 21 24 14 15 22 8 49 30 43 29 20 11 48 2 32 13 46 

Inst_Index:648 	 City_Num:50 	 Concorde:5.624138 	 MCTS:5.624138 Improve:-0.000000 	 Time:3.76 Seconds
Solution: 1 31 3 32 21 12 41 49 47 18 17 38 34 7 19 15 16 13 14 22 50 5 43 6 39 24 29 9 46 20 35 28 10 42 45 37 27 4 25 48 30 33 26 11 23 44 8 2 36 40 

Inst_Index:649 	 City_Num:50 	 Concorde:5.780525 	 MCTS:5.780525 Improve:-0.000000 	 Time:3.76 Seconds
Solution: 1 41 7 13 49 45 50 27 16 48 11 18 5 26 35 14 4 44 8 43 47 17 38 42 6 32 37 46 21 30 9 33 28 23 31 19 25 2 22 34 40 24 39 36 15 20 29 3 12 10 

Inst_Index:650 	 City_Num:50 	 Concorde:5.330431 	 MCTS:5.326482 Improve:0.003949 	 Time:3.75 Seconds
Solution: 1 39 17 14 9 10 38 21 12 34 26 32 5 33 4 30 13 45 19 24 31 27 22 40 47 41 23 43 3 15 25 44 8 2 18 20 37 36 49 7 42 50 29 46 48 16 28 11 35 6 

Inst_Index:651 	 City_Num:50 	 Concorde:5.321758 	 MCTS:5.321758 Improve:0.000000 	 Time:3.75 Seconds
Solution: 1 28 40 33 2 15 45 24 16 10 30 17 39 8 34 50 9 26 11 3 41 47 22 14 7 38 12 5 21 46 37 19 43 48 23 35 31 32 13 44 49 36 25 4 6 20 42 27 29 18 

Inst_Index:652 	 City_Num:50 	 Concorde:5.854784 	 MCTS:5.854784 Improve:0.000000 	 Time:3.76 Seconds
Solution: 1 26 7 4 19 20 36 13 42 21 38 16 31 35 50 41 11 30 47 25 3 37 2 49 10 44 5 27 17 29 34 22 6 40 23 43 15 12 18 28 33 9 8 24 14 45 32 39 48 46 

Inst_Index:653 	 City_Num:50 	 Concorde:5.556785 	 MCTS:5.556165 Improve:0.000620 	 Time:3.77 Seconds
Solution: 1 43 24 38 26 17 22 47 13 15 40 28 9 4 50 46 27 25 35 18 34 44 8 21 3 5 6 7 10 33 19 39 32 14 2 12 20 30 45 11 23 31 49 42 41 29 16 36 48 37 

Inst_Index:654 	 City_Num:50 	 Concorde:6.110128 	 MCTS:6.110128 Improve:0.000000 	 Time:3.75 Seconds
Solution: 1 12 35 48 34 47 14 50 7 27 44 43 13 39 30 22 20 18 41 24 31 49 16 19 25 23 29 2 40 28 15 46 36 11 26 45 33 4 3 21 17 37 42 8 38 6 5 10 9 32 

Inst_Index:655 	 City_Num:50 	 Concorde:5.688120 	 MCTS:5.688120 Improve:0.000000 	 Time:3.77 Seconds
Solution: 1 43 31 38 4 50 13 23 40 8 16 34 2 29 10 47 25 41 6 24 48 3 9 11 32 15 39 20 36 7 30 26 35 12 28 37 17 27 21 19 42 46 49 18 22 44 14 45 5 33 

Inst_Index:656 	 City_Num:50 	 Concorde:5.321498 	 MCTS:5.321498 Improve:0.000000 	 Time:3.77 Seconds
Solution: 1 36 3 42 2 18 22 37 5 26 43 19 17 8 27 23 50 28 32 29 31 34 7 25 40 10 16 13 9 45 14 15 39 12 6 38 44 35 11 48 46 4 33 20 24 21 41 49 47 30 

Inst_Index:657 	 City_Num:50 	 Concorde:5.707313 	 MCTS:5.706511 Improve:0.000802 	 Time:3.76 Seconds
Solution: 1 42 43 40 49 36 4 39 30 33 27 34 7 29 32 22 41 3 11 37 47 21 15 46 26 8 44 24 20 16 5 17 45 2 9 6 38 13 31 28 50 19 48 23 10 18 12 14 25 35 

Inst_Index:658 	 City_Num:50 	 Concorde:6.071835 	 MCTS:6.071835 Improve:0.000000 	 Time:3.75 Seconds
Solution: 1 4 49 11 40 3 21 20 42 25 12 36 29 8 48 23 10 7 26 32 44 38 45 22 14 31 27 33 16 2 37 19 47 39 43 34 15 24 13 50 5 18 46 41 35 9 30 17 6 28 

Inst_Index:659 	 City_Num:50 	 Concorde:5.555126 	 MCTS:5.555126 Improve:0.000000 	 Time:3.75 Seconds
Solution: 1 32 10 16 11 47 8 6 30 19 13 12 48 22 35 18 23 49 9 5 25 34 14 41 45 20 26 36 7 46 31 37 21 27 15 17 28 39 38 44 3 42 2 43 24 40 50 4 29 33 

Inst_Index:660 	 City_Num:50 	 Concorde:5.046885 	 MCTS:5.045331 Improve:0.001554 	 Time:3.76 Seconds
Solution: 1 39 28 50 11 15 34 10 37 35 23 14 24 49 2 17 46 33 19 36 22 44 42 45 7 3 30 31 16 40 18 41 13 38 32 26 29 4 6 43 21 48 27 12 20 47 5 9 25 8 

Inst_Index:661 	 City_Num:50 	 Concorde:5.414731 	 MCTS:5.414731 Improve:0.000000 	 Time:3.76 Seconds
Solution: 1 45 16 37 36 20 13 7 49 3 40 9 14 33 39 11 43 8 26 46 29 22 6 47 24 44 2 30 23 27 17 18 50 21 25 12 4 35 10 5 38 34 32 41 15 48 19 42 28 31 

Inst_Index:662 	 City_Num:50 	 Concorde:5.606997 	 MCTS:5.603077 Improve:0.003920 	 Time:3.78 Seconds
Solution: 1 14 26 28 27 7 49 46 20 4 13 41 2 45 39 31 44 21 37 12 19 42 38 6 43 18 24 15 50 29 40 17 25 30 35 5 47 34 32 22 36 3 8 10 23 33 16 9 48 11 

Inst_Index:663 	 City_Num:50 	 Concorde:5.658401 	 MCTS:5.658401 Improve:-0.000000 	 Time:3.77 Seconds
Solution: 1 19 21 38 31 13 12 2 44 37 27 41 22 30 34 5 26 25 4 50 46 8 49 7 39 32 9 16 28 36 10 3 20 43 11 47 40 48 15 6 29 33 42 35 24 23 14 17 45 18 

Inst_Index:664 	 City_Num:50 	 Concorde:5.864301 	 MCTS:5.864301 Improve:-0.000000 	 Time:3.77 Seconds
Solution: 1 15 37 38 8 5 35 21 4 28 48 49 9 19 40 41 16 34 30 39 14 2 26 43 23 32 13 22 6 11 25 10 45 7 18 24 12 46 33 17 44 20 31 29 47 27 3 50 36 42 

Inst_Index:665 	 City_Num:50 	 Concorde:5.745096 	 MCTS:5.745096 Improve:0.000000 	 Time:3.77 Seconds
Solution: 1 30 50 7 9 15 47 35 46 45 4 26 24 29 6 27 43 41 14 31 23 49 42 28 44 25 32 40 34 19 21 22 33 20 3 10 17 37 11 38 2 13 8 36 16 12 39 5 48 18 

Inst_Index:666 	 City_Num:50 	 Concorde:5.755290 	 MCTS:5.755290 Improve:0.000000 	 Time:3.77 Seconds
Solution: 1 39 37 47 42 3 32 21 41 36 9 5 38 29 27 26 44 31 12 8 17 11 33 15 43 30 10 50 22 20 24 14 49 7 2 45 48 46 34 16 6 23 40 35 18 4 19 28 13 25 

Inst_Index:667 	 City_Num:50 	 Concorde:5.642253 	 MCTS:5.642253 Improve:-0.000000 	 Time:3.76 Seconds
Solution: 1 40 39 12 26 29 14 15 45 27 21 18 24 2 4 9 48 33 46 41 16 22 43 34 13 44 23 11 3 17 28 7 32 8 35 19 10 38 50 47 31 20 36 30 5 25 6 49 42 37 

Inst_Index:668 	 City_Num:50 	 Concorde:5.564510 	 MCTS:5.563555 Improve:0.000955 	 Time:3.76 Seconds
Solution: 1 35 25 30 10 24 28 27 15 44 22 3 34 39 20 46 6 48 43 49 50 47 9 14 11 40 38 45 26 36 42 17 4 12 23 33 32 13 18 5 8 2 21 41 7 31 29 19 16 37 

Inst_Index:669 	 City_Num:50 	 Concorde:5.567882 	 MCTS:5.567882 Improve:0.000000 	 Time:3.76 Seconds
Solution: 1 39 35 13 28 49 11 7 43 47 42 40 4 37 8 24 5 44 26 18 36 50 25 27 10 33 22 2 34 31 23 29 12 30 46 15 38 48 16 21 32 17 3 14 6 41 19 9 45 20 

Inst_Index:670 	 City_Num:50 	 Concorde:5.981315 	 MCTS:5.981315 Improve:0.000000 	 Time:3.76 Seconds
Solution: 1 14 12 9 45 36 24 35 2 47 22 30 11 40 42 17 23 27 19 16 37 25 21 4 31 8 44 48 5 49 39 6 46 41 18 15 32 33 28 7 43 29 10 20 38 34 26 3 13 50 

Inst_Index:671 	 City_Num:50 	 Concorde:5.676009 	 MCTS:5.676009 Improve:0.000000 	 Time:3.75 Seconds
Solution: 1 31 50 14 47 41 49 26 36 40 11 13 48 2 25 7 21 22 37 16 33 24 23 44 39 42 46 43 32 15 10 4 20 29 19 28 35 27 34 38 18 3 17 9 30 12 6 5 45 8 

Inst_Index:672 	 City_Num:50 	 Concorde:5.909066 	 MCTS:5.909066 Improve:0.000000 	 Time:3.75 Seconds
Solution: 1 47 7 4 18 20 19 30 44 41 42 12 15 33 49 11 28 46 25 2 36 27 13 37 35 31 14 38 9 10 17 34 40 50 5 24 45 26 16 23 22 29 3 32 8 48 43 21 39 6 

Inst_Index:673 	 City_Num:50 	 Concorde:5.533823 	 MCTS:5.533823 Improve:-0.000000 	 Time:3.77 Seconds
Solution: 1 46 43 28 10 2 41 3 44 36 27 5 13 19 4 48 37 50 21 22 35 29 39 14 9 31 11 33 45 49 26 40 15 32 38 23 8 6 25 18 47 7 34 42 16 30 12 24 17 20 

Inst_Index:674 	 City_Num:50 	 Concorde:5.429605 	 MCTS:5.429605 Improve:0.000000 	 Time:3.75 Seconds
Solution: 1 5 28 12 2 47 40 50 16 32 45 48 8 30 11 26 25 38 19 46 4 6 15 34 10 33 17 7 18 13 49 35 14 20 36 9 21 29 44 24 31 39 41 37 42 23 3 27 43 22 

Inst_Index:675 	 City_Num:50 	 Concorde:6.266966 	 MCTS:6.266966 Improve:0.000000 	 Time:3.77 Seconds
Solution: 1 49 10 17 29 14 20 31 23 37 34 48 40 13 21 41 15 2 22 7 38 6 26 43 45 46 27 3 5 47 44 30 12 19 42 8 50 18 28 33 25 39 35 4 32 16 36 11 9 24 

Inst_Index:676 	 City_Num:50 	 Concorde:5.454510 	 MCTS:5.453360 Improve:0.001150 	 Time:3.76 Seconds
Solution: 1 25 49 13 29 37 20 42 33 26 7 30 4 23 31 22 40 44 34 24 48 36 16 10 28 8 21 35 3 19 39 47 17 50 6 45 27 43 38 9 15 32 5 41 2 14 11 18 12 46 

Inst_Index:677 	 City_Num:50 	 Concorde:5.298441 	 MCTS:5.298441 Improve:-0.000000 	 Time:3.75 Seconds
Solution: 1 12 44 39 45 3 29 33 8 16 49 26 36 6 14 25 11 41 31 9 18 24 17 5 43 23 30 38 27 7 40 10 19 50 4 21 37 46 22 32 13 42 2 48 20 15 34 47 28 35 

Inst_Index:678 	 City_Num:50 	 Concorde:5.980844 	 MCTS:5.980844 Improve:0.000000 	 Time:3.76 Seconds
Solution: 1 42 8 35 27 15 17 19 36 37 41 20 47 28 32 9 16 43 23 44 4 6 25 5 21 38 3 34 31 2 7 29 10 50 24 48 39 18 49 30 13 40 33 26 45 14 12 22 46 11 

Inst_Index:679 	 City_Num:50 	 Concorde:5.364555 	 MCTS:5.364555 Improve:-0.000000 	 Time:3.76 Seconds
Solution: 1 34 29 36 24 20 38 49 8 13 11 4 32 28 48 39 15 26 46 9 33 7 25 22 27 45 21 3 10 30 50 35 19 6 5 37 42 43 17 31 44 16 12 40 18 41 47 14 2 23 

Inst_Index:680 	 City_Num:50 	 Concorde:5.650711 	 MCTS:5.650711 Improve:0.000000 	 Time:3.75 Seconds
Solution: 1 34 39 24 6 29 9 18 3 49 36 48 44 50 37 31 41 30 2 28 7 4 15 21 35 12 20 38 33 47 13 23 40 46 45 42 32 10 8 17 26 14 19 16 11 22 43 5 25 27 

Inst_Index:681 	 City_Num:50 	 Concorde:5.619434 	 MCTS:5.619434 Improve:0.000000 	 Time:3.77 Seconds
Solution: 1 20 37 38 31 5 16 42 49 32 39 2 24 47 26 17 15 25 46 41 8 21 29 36 35 4 9 40 19 7 50 18 43 23 30 11 10 6 27 14 12 33 3 44 28 13 22 45 48 34 

Inst_Index:682 	 City_Num:50 	 Concorde:6.089635 	 MCTS:6.089635 Improve:0.000000 	 Time:3.76 Seconds
Solution: 1 30 25 4 48 23 9 37 41 44 46 29 5 31 13 21 33 22 27 34 35 45 11 40 10 28 47 14 42 6 20 18 50 38 19 12 8 36 49 39 2 26 15 32 16 24 7 43 17 3 

Inst_Index:683 	 City_Num:50 	 Concorde:5.481073 	 MCTS:5.473174 Improve:0.007900 	 Time:3.76 Seconds
Solution: 1 48 24 41 44 28 34 38 46 18 49 33 5 22 42 47 11 13 6 4 2 7 15 29 17 20 50 8 21 26 43 19 25 10 40 35 3 30 14 37 45 32 31 16 27 9 23 36 12 39 

Inst_Index:684 	 City_Num:50 	 Concorde:6.065725 	 MCTS:6.065725 Improve:0.000000 	 Time:3.76 Seconds
Solution: 1 24 16 27 23 10 43 35 32 11 49 14 48 44 25 42 7 9 38 34 6 18 28 17 37 8 41 31 46 19 36 45 20 13 3 4 26 47 30 21 33 40 39 22 15 2 50 5 12 29 

Inst_Index:685 	 City_Num:50 	 Concorde:6.291755 	 MCTS:6.291586 Improve:0.000170 	 Time:3.75 Seconds
Solution: 1 25 40 43 29 19 3 30 12 20 41 38 50 21 35 18 23 17 31 44 13 24 28 47 42 48 2 5 39 34 9 8 26 15 7 49 16 37 14 36 4 6 22 45 11 32 10 46 27 33 

Inst_Index:686 	 City_Num:50 	 Concorde:5.451952 	 MCTS:5.451952 Improve:0.000000 	 Time:3.76 Seconds
Solution: 1 19 8 28 15 36 3 29 25 47 6 23 11 13 32 34 50 49 38 39 2 4 10 35 5 31 46 14 37 24 22 26 21 43 7 16 41 40 48 9 33 45 17 42 44 18 12 27 30 20 

Inst_Index:687 	 City_Num:50 	 Concorde:5.769181 	 MCTS:5.769181 Improve:0.000000 	 Time:3.77 Seconds
Solution: 1 43 35 4 38 18 39 34 42 25 47 16 24 6 23 27 32 11 26 10 19 21 12 37 28 31 13 9 40 15 7 33 48 41 5 2 46 14 30 22 50 36 3 29 17 49 44 45 20 8 

Inst_Index:688 	 City_Num:50 	 Concorde:5.717043 	 MCTS:5.714580 Improve:0.002463 	 Time:3.76 Seconds
Solution: 1 25 28 15 14 11 46 7 43 22 5 37 19 49 48 18 36 9 27 31 32 47 40 30 12 44 39 42 6 35 2 13 26 34 10 38 3 50 17 29 41 24 20 4 16 21 45 33 23 8 

Inst_Index:689 	 City_Num:50 	 Concorde:5.755582 	 MCTS:5.754843 Improve:0.000740 	 Time:3.75 Seconds
Solution: 1 42 34 2 41 19 22 16 32 8 3 24 15 46 48 28 33 47 27 25 35 21 50 7 30 18 43 37 36 39 4 31 40 5 20 12 45 14 11 10 23 9 44 6 26 29 13 17 38 49 

Inst_Index:690 	 City_Num:50 	 Concorde:6.115506 	 MCTS:6.115506 Improve:0.000000 	 Time:3.76 Seconds
Solution: 1 18 50 47 6 13 36 2 7 22 20 8 39 17 45 44 40 19 14 34 11 26 21 15 24 4 29 38 10 9 28 5 27 37 46 41 35 32 3 23 49 16 30 48 33 31 25 12 42 43 

Inst_Index:691 	 City_Num:50 	 Concorde:5.538364 	 MCTS:5.538364 Improve:0.000000 	 Time:3.77 Seconds
Solution: 1 49 29 18 50 31 48 39 14 33 9 47 27 37 2 25 45 38 23 12 26 15 21 22 3 32 19 11 10 42 41 40 17 5 44 36 43 46 4 34 28 24 30 16 6 20 8 7 35 13 

Inst_Index:692 	 City_Num:50 	 Concorde:5.320713 	 MCTS:5.317531 Improve:0.003182 	 Time:3.75 Seconds
Solution: 1 18 44 15 11 34 25 28 5 2 13 35 41 43 26 12 50 29 10 38 47 45 27 21 20 33 36 17 32 3 37 42 48 23 8 46 14 49 6 16 7 30 31 4 9 39 19 40 24 22 

Inst_Index:693 	 City_Num:50 	 Concorde:5.485502 	 MCTS:5.485502 Improve:0.000000 	 Time:3.76 Seconds
Solution: 1 2 27 44 47 13 24 21 3 40 17 9 22 23 46 45 39 8 36 19 14 29 5 15 48 32 42 26 49 41 43 6 12 10 30 38 37 28 50 34 35 25 11 16 31 33 18 4 7 20 

Inst_Index:694 	 City_Num:50 	 Concorde:5.864915 	 MCTS:5.861470 Improve:0.003445 	 Time:3.76 Seconds
Solution: 1 45 36 47 5 4 24 8 37 46 6 38 30 20 33 40 50 49 15 25 31 48 29 7 11 13 26 19 35 34 10 17 2 22 27 32 14 12 23 44 43 21 3 18 42 16 28 41 39 9 

Inst_Index:695 	 City_Num:50 	 Concorde:5.483576 	 MCTS:5.483576 Improve:0.000000 	 Time:3.76 Seconds
Solution: 1 5 21 3 10 45 47 12 33 41 35 40 39 8 23 46 38 43 15 6 42 37 25 28 30 31 29 13 26 4 9 2 16 14 48 44 18 34 50 19 32 27 7 11 22 36 24 49 20 17 

Inst_Index:696 	 City_Num:50 	 Concorde:5.815286 	 MCTS:5.815286 Improve:0.000000 	 Time:3.76 Seconds
Solution: 1 24 38 44 36 39 5 32 12 21 18 11 2 7 25 16 26 9 30 27 13 49 3 19 50 48 45 22 6 41 8 28 23 33 46 47 37 34 42 4 29 31 43 20 17 10 15 14 40 35 

Inst_Index:697 	 City_Num:50 	 Concorde:5.856336 	 MCTS:5.856336 Improve:-0.000000 	 Time:3.76 Seconds
Solution: 1 43 38 21 16 49 46 29 48 45 15 42 31 32 7 50 36 24 5 40 10 2 25 9 13 26 47 6 22 14 35 12 18 11 28 23 4 34 19 27 39 33 3 37 17 44 20 41 8 30 

Inst_Index:698 	 City_Num:50 	 Concorde:5.870036 	 MCTS:5.867483 Improve:0.002552 	 Time:3.76 Seconds
Solution: 1 49 12 7 10 13 19 29 35 20 18 28 6 30 9 22 42 44 43 14 48 50 17 3 27 41 11 47 16 8 38 33 5 31 24 32 25 26 21 45 36 4 37 39 46 34 15 40 23 2 

Inst_Index:699 	 City_Num:50 	 Concorde:5.284292 	 MCTS:5.284292 Improve:0.000000 	 Time:3.77 Seconds
Solution: 1 35 22 3 7 24 30 46 44 39 29 21 14 41 31 13 26 40 47 23 45 8 42 34 6 12 11 28 5 2 33 15 48 38 37 18 43 10 27 25 20 4 9 19 50 32 36 16 49 17 

Inst_Index:700 	 City_Num:50 	 Concorde:5.614090 	 MCTS:5.614090 Improve:0.000000 	 Time:3.75 Seconds
Solution: 1 20 15 23 14 12 38 33 30 48 24 29 21 26 41 10 43 34 49 7 16 11 4 9 22 44 50 39 18 40 5 42 25 3 8 17 28 45 6 2 32 35 27 37 13 36 46 31 47 19 

Inst_Index:701 	 City_Num:50 	 Concorde:5.744439 	 MCTS:5.740715 Improve:0.003724 	 Time:3.77 Seconds
Solution: 1 34 33 11 17 18 36 44 41 12 50 16 49 22 2 15 43 42 25 30 29 7 10 14 27 31 47 21 4 32 37 35 26 8 38 46 45 6 5 20 13 48 28 19 9 3 23 24 39 40 

Inst_Index:702 	 City_Num:50 	 Concorde:5.356251 	 MCTS:5.356251 Improve:0.000000 	 Time:3.76 Seconds
Solution: 1 16 11 39 9 36 31 25 32 48 24 6 21 5 38 22 20 23 40 43 29 37 15 17 41 19 4 10 28 30 18 49 33 45 3 34 35 8 44 2 50 42 46 13 12 47 7 14 27 26 

Inst_Index:703 	 City_Num:50 	 Concorde:5.513819 	 MCTS:5.510481 Improve:0.003339 	 Time:3.77 Seconds
Solution: 1 5 28 48 24 11 6 18 12 14 41 32 35 47 43 21 17 42 4 46 15 9 49 8 26 3 29 25 50 13 33 27 16 7 40 10 45 44 38 23 2 30 39 36 31 22 20 34 19 37 

Inst_Index:704 	 City_Num:50 	 Concorde:5.662481 	 MCTS:5.662481 Improve:-0.000000 	 Time:3.76 Seconds
Solution: 1 40 50 28 3 38 41 37 18 44 16 12 14 26 35 22 30 19 2 42 36 10 45 8 6 29 9 43 48 32 7 17 33 23 20 21 39 11 46 31 25 27 5 49 24 34 4 15 47 13 

Inst_Index:705 	 City_Num:50 	 Concorde:5.640764 	 MCTS:5.638445 Improve:0.002319 	 Time:3.76 Seconds
Solution: 1 29 18 8 15 19 13 23 40 30 33 24 20 42 27 25 2 6 49 45 48 28 17 44 35 26 50 36 21 9 38 12 31 46 43 11 16 22 5 41 14 39 3 10 47 32 34 7 37 4 

Inst_Index:706 	 City_Num:50 	 Concorde:5.898242 	 MCTS:5.896941 Improve:0.001301 	 Time:3.80 Seconds
Solution: 1 34 2 6 31 24 21 33 15 46 45 39 20 41 30 43 18 22 38 44 12 32 29 48 3 16 13 40 50 14 11 28 9 19 36 10 8 27 17 23 26 5 47 35 7 49 25 42 37 4 

Inst_Index:707 	 City_Num:50 	 Concorde:5.648234 	 MCTS:5.648234 Improve:-0.000000 	 Time:3.76 Seconds
Solution: 1 27 39 21 17 47 50 14 45 11 19 33 49 40 48 16 31 37 30 18 25 20 6 7 12 8 5 9 26 43 13 29 28 41 4 36 24 10 32 46 15 35 22 23 42 44 3 34 38 2 

Inst_Index:708 	 City_Num:50 	 Concorde:5.924571 	 MCTS:5.924571 Improve:-0.000000 	 Time:3.75 Seconds
Solution: 1 27 21 19 40 14 6 8 7 43 20 48 30 25 22 34 31 5 2 35 32 39 16 46 50 28 24 17 36 4 45 3 37 13 49 33 26 18 44 41 12 47 10 23 11 15 9 42 38 29 

Inst_Index:709 	 City_Num:50 	 Concorde:5.481988 	 MCTS:5.477284 Improve:0.004703 	 Time:3.76 Seconds
Solution: 1 8 46 35 47 37 4 38 34 12 10 24 13 42 28 20 39 32 16 17 5 43 19 33 49 15 29 30 3 44 45 2 36 7 22 6 40 27 31 25 41 14 21 50 9 23 18 48 26 11 

Inst_Index:710 	 City_Num:50 	 Concorde:5.584414 	 MCTS:5.584414 Improve:-0.000000 	 Time:3.76 Seconds
Solution: 1 33 35 27 46 6 36 31 47 3 24 8 2 7 25 28 44 29 14 39 11 34 13 23 4 9 42 38 45 12 41 17 21 48 40 16 30 32 5 43 50 49 18 20 22 19 37 26 15 10 

Inst_Index:711 	 City_Num:50 	 Concorde:5.928822 	 MCTS:5.928822 Improve:0.000000 	 Time:3.76 Seconds
Solution: 1 42 28 33 24 27 7 43 39 6 34 16 17 15 22 35 38 18 48 23 11 2 9 47 29 3 12 5 25 40 37 20 44 19 50 31 13 49 8 30 26 32 45 4 41 36 14 46 21 10 

Inst_Index:712 	 City_Num:50 	 Concorde:4.974812 	 MCTS:4.974812 Improve:0.000000 	 Time:3.76 Seconds
Solution: 1 50 46 48 8 30 44 33 20 7 10 41 17 32 40 42 24 21 27 5 9 43 37 4 18 2 39 38 26 45 35 31 47 15 3 23 25 6 28 16 29 12 19 34 22 14 11 49 36 13 

Inst_Index:713 	 City_Num:50 	 Concorde:5.408816 	 MCTS:5.404949 Improve:0.003868 	 Time:3.76 Seconds
Solution: 1 40 28 8 20 17 47 13 18 43 46 16 39 24 34 23 48 9 37 21 11 26 35 2 38 36 29 14 32 33 19 25 42 27 6 44 49 5 7 31 30 15 41 50 4 3 45 22 10 12 

Inst_Index:714 	 City_Num:50 	 Concorde:6.131284 	 MCTS:6.131284 Improve:0.000000 	 Time:3.76 Seconds
Solution: 1 22 2 30 25 35 10 8 16 6 50 45 5 40 3 4 31 49 7 17 9 42 44 32 20 18 15 37 36 27 12 23 34 28 26 47 39 33 13 24 11 21 41 38 46 43 48 14 29 19 

Inst_Index:715 	 City_Num:50 	 Concorde:5.512998 	 MCTS:5.512998 Improve:0.000000 	 Time:3.77 Seconds
Solution: 1 12 49 24 39 21 36 4 46 7 45 17 35 11 27 32 31 23 9 38 34 19 29 41 25 15 37 2 20 30 43 6 47 14 5 42 18 10 16 48 22 40 44 26 33 50 13 3 8 28 

Inst_Index:716 	 City_Num:50 	 Concorde:6.012152 	 MCTS:6.012152 Improve:0.000000 	 Time:3.76 Seconds
Solution: 1 9 10 11 3 14 18 41 36 5 21 28 7 50 30 15 29 44 6 27 24 19 20 17 25 8 4 35 12 37 22 23 38 2 45 40 32 26 33 48 34 47 39 31 13 43 16 46 49 42 

Inst_Index:717 	 City_Num:50 	 Concorde:5.514725 	 MCTS:5.512051 Improve:0.002675 	 Time:3.76 Seconds
Solution: 1 33 24 26 39 37 32 7 12 6 30 38 8 41 43 44 11 34 20 31 21 27 47 17 9 3 19 49 48 46 35 4 50 36 23 14 15 13 16 18 42 40 29 10 22 25 5 28 45 2 

Inst_Index:718 	 City_Num:50 	 Concorde:5.824626 	 MCTS:5.823714 Improve:0.000912 	 Time:3.76 Seconds
Solution: 1 3 9 50 14 32 10 11 48 49 13 12 19 46 38 33 44 17 43 7 6 16 18 2 34 37 24 29 8 36 35 28 39 26 15 30 4 22 40 23 42 27 25 5 21 47 41 31 20 45 

Inst_Index:719 	 City_Num:50 	 Concorde:5.917491 	 MCTS:5.917491 Improve:0.000000 	 Time:3.76 Seconds
Solution: 1 16 46 17 4 44 35 12 47 32 45 9 27 18 29 23 3 34 49 48 33 37 36 42 8 24 6 10 25 11 39 31 38 50 13 21 14 19 22 15 30 28 5 7 26 43 20 40 2 41 

Inst_Index:720 	 City_Num:50 	 Concorde:5.765368 	 MCTS:5.764600 Improve:0.000768 	 Time:3.75 Seconds
Solution: 1 33 8 48 12 47 13 17 50 44 4 26 27 35 28 20 32 30 23 14 10 46 22 15 29 11 2 3 39 16 34 41 31 38 21 7 5 36 24 19 45 37 40 43 18 6 25 9 42 49 

Inst_Index:721 	 City_Num:50 	 Concorde:5.461326 	 MCTS:5.455139 Improve:0.006187 	 Time:3.77 Seconds
Solution: 1 20 23 39 19 6 21 36 24 25 38 40 42 29 14 28 34 47 12 18 7 8 5 27 44 3 4 49 16 45 11 26 37 33 30 15 31 35 46 13 10 48 2 41 50 9 17 43 32 22 

Inst_Index:722 	 City_Num:50 	 Concorde:5.957840 	 MCTS:5.957840 Improve:-0.000000 	 Time:3.75 Seconds
Solution: 1 42 4 27 10 14 46 30 2 11 34 13 12 29 28 39 49 3 50 33 41 44 26 31 19 43 47 8 7 37 17 36 32 21 48 5 38 40 6 24 35 22 45 23 18 16 25 20 15 9 

Inst_Index:723 	 City_Num:50 	 Concorde:5.399776 	 MCTS:5.396948 Improve:0.002829 	 Time:3.76 Seconds
Solution: 1 15 45 19 39 48 12 13 2 25 17 27 10 28 20 34 5 44 21 43 14 50 30 8 11 33 35 38 22 3 26 6 4 41 29 31 9 32 37 23 36 46 40 49 7 24 18 42 47 16 

Inst_Index:724 	 City_Num:50 	 Concorde:5.605809 	 MCTS:5.605809 Improve:-0.000000 	 Time:3.77 Seconds
Solution: 1 9 28 43 42 39 21 15 40 4 22 37 38 29 14 8 50 31 36 48 19 12 44 35 33 18 3 11 2 24 49 13 34 47 7 20 6 25 26 10 17 32 45 5 30 23 41 27 16 46 

Inst_Index:725 	 City_Num:50 	 Concorde:6.235928 	 MCTS:6.235928 Improve:-0.000000 	 Time:3.76 Seconds
Solution: 1 49 10 14 17 24 7 9 4 38 42 18 2 6 16 11 48 22 40 46 33 45 19 34 37 50 23 28 44 41 13 31 3 29 35 21 26 30 8 43 47 27 15 5 36 32 39 20 12 25 

Inst_Index:726 	 City_Num:50 	 Concorde:5.393664 	 MCTS:5.393664 Improve:0.000000 	 Time:3.76 Seconds
Solution: 1 32 39 11 5 30 44 49 31 8 48 12 25 14 33 42 22 50 15 26 19 38 7 47 36 10 16 23 13 24 6 9 27 20 41 35 40 37 4 43 29 45 28 18 2 46 34 3 17 21 

Inst_Index:727 	 City_Num:50 	 Concorde:6.016797 	 MCTS:6.016797 Improve:-0.000000 	 Time:3.75 Seconds
Solution: 1 38 34 12 48 3 37 30 23 7 25 41 4 26 49 50 40 10 17 21 16 45 6 39 42 46 15 24 28 18 11 14 20 36 32 33 35 5 43 47 8 44 13 9 27 19 22 31 29 2 

Inst_Index:728 	 City_Num:50 	 Concorde:5.724542 	 MCTS:5.724542 Improve:0.000000 	 Time:3.78 Seconds
Solution: 1 25 12 27 22 9 30 6 50 10 47 38 4 29 33 7 37 49 46 35 32 48 28 42 2 44 15 34 13 40 31 24 23 5 41 43 20 19 26 8 11 16 14 17 3 39 36 45 18 21 

Inst_Index:729 	 City_Num:50 	 Concorde:5.821691 	 MCTS:5.818056 Improve:0.003635 	 Time:3.77 Seconds
Solution: 1 5 45 42 33 22 37 4 17 40 2 27 31 14 44 30 49 25 3 9 6 43 38 8 41 20 24 18 34 32 46 50 12 26 10 15 11 29 23 36 13 28 48 21 7 39 35 19 16 47 

Inst_Index:730 	 City_Num:50 	 Concorde:5.368086 	 MCTS:5.367139 Improve:0.000947 	 Time:3.75 Seconds
Solution: 1 38 25 12 10 24 27 15 5 50 28 2 4 3 29 35 13 18 23 34 16 39 44 22 47 46 7 43 21 42 31 30 33 32 19 11 40 41 36 49 6 20 45 48 14 17 8 26 37 9 

Inst_Index:731 	 City_Num:50 	 Concorde:5.506903 	 MCTS:5.506903 Improve:-0.000000 	 Time:3.77 Seconds
Solution: 1 5 48 20 6 43 2 35 13 30 19 9 4 32 14 22 36 17 50 46 26 29 40 7 10 18 47 8 45 15 12 11 33 39 37 21 41 44 31 25 38 3 16 49 42 24 28 27 23 34 

Inst_Index:732 	 City_Num:50 	 Concorde:5.524730 	 MCTS:5.520643 Improve:0.004087 	 Time:3.75 Seconds
Solution: 1 45 19 17 39 26 7 14 49 42 4 30 10 13 21 35 12 28 9 44 50 33 43 16 34 6 3 24 11 41 27 48 2 36 25 38 22 31 8 37 15 5 29 46 18 32 23 20 40 47 

Inst_Index:733 	 City_Num:50 	 Concorde:5.820465 	 MCTS:5.820153 Improve:0.000312 	 Time:3.75 Seconds
Solution: 1 43 17 40 21 49 36 45 19 12 14 23 28 10 15 4 41 2 34 24 6 50 29 48 25 32 35 33 31 9 47 20 27 46 16 26 39 7 42 5 37 44 13 18 11 3 22 8 30 38 

Inst_Index:734 	 City_Num:50 	 Concorde:4.995012 	 MCTS:4.989661 Improve:0.005351 	 Time:3.76 Seconds
Solution: 1 15 3 24 7 6 12 31 39 47 38 23 8 37 9 17 10 26 20 49 40 32 50 28 22 4 35 44 18 29 34 36 21 19 16 30 48 46 43 2 14 11 41 33 27 5 25 45 42 13 

Inst_Index:735 	 City_Num:50 	 Concorde:6.017749 	 MCTS:6.017749 Improve:-0.000000 	 Time:3.76 Seconds
Solution: 1 43 41 33 38 20 47 9 28 10 31 30 39 19 15 25 40 12 5 45 27 48 42 24 13 6 36 32 21 11 46 7 49 17 4 50 23 2 14 3 22 29 35 26 34 8 44 37 18 16 

Inst_Index:736 	 City_Num:50 	 Concorde:5.783556 	 MCTS:5.781367 Improve:0.002189 	 Time:3.75 Seconds
Solution: 1 48 2 38 12 37 14 17 6 39 28 45 10 42 30 41 3 50 40 49 32 19 26 25 46 20 24 22 11 34 33 47 15 18 7 27 13 43 29 36 23 16 8 21 31 35 4 9 5 44 

Inst_Index:737 	 City_Num:50 	 Concorde:5.655315 	 MCTS:5.655315 Improve:0.000000 	 Time:3.76 Seconds
Solution: 1 22 9 32 11 4 25 3 35 8 15 6 50 49 28 37 41 13 24 10 7 47 46 43 45 40 16 18 29 38 26 44 48 19 34 23 21 42 36 14 33 31 2 17 5 27 30 12 39 20 

Inst_Index:738 	 City_Num:50 	 Concorde:5.927508 	 MCTS:5.927508 Improve:0.000000 	 Time:3.76 Seconds
Solution: 1 34 42 13 22 4 36 7 24 18 28 35 6 3 17 37 31 10 32 11 23 15 40 27 30 43 8 33 49 38 41 9 44 2 5 14 47 21 50 26 48 16 45 46 19 25 12 29 20 39 

Inst_Index:739 	 City_Num:50 	 Concorde:5.614368 	 MCTS:5.614368 Improve:-0.000000 	 Time:3.76 Seconds
Solution: 1 44 47 4 14 23 48 13 11 5 50 12 21 10 28 8 27 16 33 38 6 15 24 2 3 31 39 35 41 25 49 20 37 9 26 34 7 19 22 36 45 30 40 17 42 32 29 18 46 43 

Inst_Index:740 	 City_Num:50 	 Concorde:5.262576 	 MCTS:5.262576 Improve:0.000000 	 Time:3.76 Seconds
Solution: 1 50 8 14 24 7 39 40 26 19 46 29 23 6 27 2 43 33 32 10 16 30 45 4 47 12 3 41 35 36 20 21 18 17 31 38 49 9 44 15 22 48 13 42 34 11 5 25 28 37 

Inst_Index:741 	 City_Num:50 	 Concorde:5.692185 	 MCTS:5.692185 Improve:0.000000 	 Time:3.76 Seconds
Solution: 1 32 30 39 17 44 11 18 37 14 23 34 15 6 33 12 9 46 2 38 4 25 45 27 5 20 24 10 16 29 8 3 22 28 21 35 43 31 48 42 36 13 7 50 47 49 40 19 26 41 

Inst_Index:742 	 City_Num:50 	 Concorde:5.795467 	 MCTS:5.791813 Improve:0.003654 	 Time:3.76 Seconds
Solution: 1 23 16 41 44 50 48 28 37 46 2 19 24 39 13 49 9 40 14 43 38 27 42 3 18 31 30 34 10 15 25 12 29 17 47 8 33 20 45 6 22 4 36 32 11 26 5 21 7 35 

Inst_Index:743 	 City_Num:50 	 Concorde:5.759055 	 MCTS:5.759055 Improve:0.000000 	 Time:3.77 Seconds
Solution: 1 37 41 32 15 11 13 7 39 36 30 19 40 33 12 5 25 18 17 35 21 29 42 47 50 2 16 24 4 43 22 31 44 9 10 27 45 6 8 26 48 23 38 49 28 20 3 34 14 46 

Inst_Index:744 	 City_Num:50 	 Concorde:5.824301 	 MCTS:5.824301 Improve:0.000000 	 Time:3.76 Seconds
Solution: 1 37 35 44 41 36 9 38 33 43 46 12 21 48 31 49 16 14 22 27 28 6 25 29 30 24 19 5 23 15 11 47 32 45 10 50 4 13 42 34 39 40 17 8 2 7 3 26 20 18 

Inst_Index:745 	 City_Num:50 	 Concorde:5.869442 	 MCTS:5.869442 Improve:0.000000 	 Time:3.76 Seconds
Solution: 1 35 19 46 20 21 44 7 8 17 38 30 9 36 23 26 32 22 14 3 4 6 15 43 40 24 42 31 28 27 33 41 10 39 11 18 47 45 25 37 13 2 50 12 34 5 29 16 48 49 

Inst_Index:746 	 City_Num:50 	 Concorde:5.657830 	 MCTS:5.656304 Improve:0.001526 	 Time:3.76 Seconds
Solution: 1 10 18 24 13 12 33 47 39 4 9 36 17 31 11 42 19 2 50 41 45 7 15 23 37 26 46 28 27 49 35 29 21 34 25 5 20 40 16 22 43 48 30 32 8 44 3 6 38 14 

Inst_Index:747 	 City_Num:50 	 Concorde:5.140288 	 MCTS:5.140288 Improve:0.000000 	 Time:3.77 Seconds
Solution: 1 44 15 23 31 29 25 21 17 22 20 30 4 2 40 37 38 8 42 6 28 47 18 35 46 19 16 26 10 43 36 33 45 5 49 14 9 32 7 13 41 3 34 50 48 39 11 12 24 27 

Inst_Index:748 	 City_Num:50 	 Concorde:5.529866 	 MCTS:5.529866 Improve:-0.000000 	 Time:3.77 Seconds
Solution: 1 46 25 7 48 45 38 29 16 14 21 4 10 18 28 2 3 9 31 39 37 27 6 19 30 11 44 34 20 5 13 8 40 50 41 12 26 47 15 33 49 24 23 36 42 32 35 17 22 43 

Inst_Index:749 	 City_Num:50 	 Concorde:5.966129 	 MCTS:5.966129 Improve:0.000000 	 Time:3.76 Seconds
Solution: 1 36 20 21 41 8 2 37 48 28 9 30 32 44 14 31 27 35 39 26 23 47 10 25 50 40 38 24 12 46 49 6 34 3 13 4 15 11 16 7 17 43 33 29 45 42 19 5 18 22 

Inst_Index:750 	 City_Num:50 	 Concorde:5.386261 	 MCTS:5.386261 Improve:0.000000 	 Time:3.76 Seconds
Solution: 1 25 17 2 8 32 30 18 7 10 34 36 23 29 42 40 5 44 4 31 13 33 9 46 3 39 22 21 41 47 43 27 35 15 38 16 11 26 48 37 24 50 14 19 28 6 12 45 20 49 

Inst_Index:751 	 City_Num:50 	 Concorde:5.169228 	 MCTS:5.164312 Improve:0.004916 	 Time:3.76 Seconds
Solution: 1 27 47 31 48 9 10 23 22 14 41 19 28 12 29 8 38 16 44 43 2 4 50 34 18 32 40 11 24 33 21 42 39 6 37 30 45 49 3 46 13 15 26 36 17 25 20 35 5 7 

Inst_Index:752 	 City_Num:50 	 Concorde:5.624414 	 MCTS:5.624414 Improve:0.000000 	 Time:3.76 Seconds
Solution: 1 14 30 37 35 47 26 18 13 15 25 4 50 43 3 44 40 5 20 28 27 39 48 21 19 36 11 2 24 42 6 7 34 49 32 46 29 9 38 22 12 41 45 31 33 23 8 16 10 17 

Inst_Index:753 	 City_Num:50 	 Concorde:4.953328 	 MCTS:4.953328 Improve:-0.000000 	 Time:3.75 Seconds
Solution: 1 26 11 45 9 27 22 49 50 4 18 35 15 37 48 12 7 13 20 33 25 31 32 5 38 40 17 28 6 16 36 8 42 34 19 30 24 2 39 21 10 23 44 46 29 41 3 43 14 47 

Inst_Index:754 	 City_Num:50 	 Concorde:5.610239 	 MCTS:5.604982 Improve:0.005257 	 Time:3.75 Seconds
Solution: 1 25 3 4 10 40 35 28 23 49 13 21 17 41 37 44 19 47 38 33 45 18 39 16 9 6 29 46 27 43 30 31 24 14 20 34 22 5 48 50 2 26 12 11 8 32 7 36 15 42 

Inst_Index:755 	 City_Num:50 	 Concorde:5.832237 	 MCTS:5.832237 Improve:-0.000000 	 Time:3.75 Seconds
Solution: 1 19 38 32 4 49 41 29 47 37 24 17 31 6 11 44 20 43 34 46 12 10 9 16 35 22 48 33 39 3 25 8 40 7 23 18 13 45 14 15 27 5 21 50 26 2 36 28 30 42 

Inst_Index:756 	 City_Num:50 	 Concorde:5.613404 	 MCTS:5.613404 Improve:0.000000 	 Time:3.76 Seconds
Solution: 1 27 32 3 36 26 34 43 4 12 47 13 2 41 25 7 38 30 23 22 6 31 28 11 5 20 17 44 15 14 16 39 10 21 45 24 29 9 48 8 50 18 46 37 40 35 42 33 19 49 

Inst_Index:757 	 City_Num:50 	 Concorde:5.999334 	 MCTS:5.997338 Improve:0.001996 	 Time:3.77 Seconds
Solution: 1 25 2 16 43 8 24 17 10 22 48 46 5 21 32 4 36 41 11 9 33 27 42 50 45 19 39 35 34 13 23 18 15 20 12 28 14 3 26 6 40 38 29 31 7 49 30 47 37 44 

Inst_Index:758 	 City_Num:50 	 Concorde:5.846932 	 MCTS:5.846457 Improve:0.000474 	 Time:3.76 Seconds
Solution: 1 38 43 2 20 34 7 45 21 5 23 3 4 41 31 42 32 26 36 33 40 11 50 29 16 24 15 48 22 17 8 18 47 46 12 19 28 35 14 9 44 37 13 6 25 10 49 30 27 39 

Inst_Index:759 	 City_Num:50 	 Concorde:5.668755 	 MCTS:5.668755 Improve:0.000000 	 Time:3.76 Seconds
Solution: 1 4 32 28 5 45 31 35 14 36 15 50 41 21 27 20 37 19 40 47 33 13 23 42 3 7 44 24 10 30 48 12 11 46 2 16 34 49 26 38 18 6 22 17 43 29 9 39 25 8 

Inst_Index:760 	 City_Num:50 	 Concorde:5.688491 	 MCTS:5.685096 Improve:0.003395 	 Time:3.77 Seconds
Solution: 1 11 3 46 18 20 5 23 33 42 21 29 24 19 8 39 6 47 27 15 37 16 44 49 41 31 17 14 43 28 10 9 50 48 36 22 13 32 26 12 34 30 7 35 38 25 2 40 45 4 

Inst_Index:761 	 City_Num:50 	 Concorde:5.656822 	 MCTS:5.656441 Improve:0.000381 	 Time:3.76 Seconds
Solution: 1 48 44 45 8 9 5 27 3 14 46 33 7 24 21 2 42 28 47 39 13 20 40 4 12 37 34 50 19 15 23 22 41 10 49 11 32 26 6 18 17 30 43 29 31 38 35 25 16 36 

Inst_Index:762 	 City_Num:50 	 Concorde:5.796371 	 MCTS:5.796371 Improve:0.000000 	 Time:3.78 Seconds
Solution: 1 47 29 18 23 31 15 48 5 3 38 37 35 27 33 7 4 24 2 40 6 36 30 42 46 39 26 8 10 17 28 21 49 22 43 13 20 11 12 50 45 16 25 44 32 14 34 41 19 9 

Inst_Index:763 	 City_Num:50 	 Concorde:5.752969 	 MCTS:5.752969 Improve:0.000000 	 Time:3.76 Seconds
Solution: 1 32 44 23 40 48 19 22 27 17 10 41 47 31 21 33 2 42 11 30 13 20 46 9 36 49 4 50 5 26 12 18 24 38 7 3 43 16 6 25 45 14 8 34 15 28 37 29 35 39 

Inst_Index:764 	 City_Num:50 	 Concorde:5.567486 	 MCTS:5.567486 Improve:0.000000 	 Time:3.75 Seconds
Solution: 1 10 5 25 31 6 12 36 47 39 34 11 29 35 30 26 18 3 23 32 14 21 19 46 43 42 17 22 37 13 44 40 4 7 15 8 38 16 20 41 28 24 27 48 49 2 33 9 50 45 

Inst_Index:765 	 City_Num:50 	 Concorde:5.768243 	 MCTS:5.768243 Improve:-0.000000 	 Time:3.75 Seconds
Solution: 1 44 38 8 18 33 10 29 17 11 39 3 47 42 28 43 25 21 40 27 16 48 26 34 50 46 35 37 22 45 5 15 12 24 49 30 14 2 41 20 32 19 7 6 13 31 9 36 4 23 

Inst_Index:766 	 City_Num:50 	 Concorde:5.920636 	 MCTS:5.920215 Improve:0.000421 	 Time:3.76 Seconds
Solution: 1 33 11 42 46 41 38 30 9 18 36 45 22 2 40 48 28 12 44 5 34 19 25 7 3 14 4 29 13 43 47 26 10 39 16 17 32 8 35 6 15 31 27 37 24 49 50 23 21 20 

Inst_Index:767 	 City_Num:50 	 Concorde:5.540671 	 MCTS:5.540671 Improve:0.000000 	 Time:3.77 Seconds
Solution: 1 40 34 2 43 7 32 31 5 27 10 3 25 35 18 4 26 11 19 36 24 14 33 16 46 13 45 17 42 41 30 23 29 8 48 39 38 44 22 37 20 6 15 9 21 50 28 47 49 12 

Inst_Index:768 	 City_Num:50 	 Concorde:6.015360 	 MCTS:6.015360 Improve:0.000000 	 Time:3.77 Seconds
Solution: 1 4 34 33 15 27 9 31 47 6 21 49 38 37 13 24 42 32 8 17 28 48 46 23 39 11 40 2 5 36 29 16 43 44 22 30 41 50 26 20 10 19 3 12 25 35 7 45 18 14 

Inst_Index:769 	 City_Num:50 	 Concorde:6.049039 	 MCTS:6.044212 Improve:0.004827 	 Time:3.76 Seconds
Solution: 1 21 31 22 27 14 26 33 25 19 47 9 44 11 42 24 16 37 10 23 7 32 12 39 48 20 3 2 6 4 43 40 8 29 50 13 17 46 35 30 15 49 18 28 41 38 45 5 34 36 

Inst_Index:770 	 City_Num:50 	 Concorde:5.146120 	 MCTS:5.143581 Improve:0.002539 	 Time:3.76 Seconds
Solution: 1 5 29 7 38 24 37 41 3 13 18 47 12 32 46 39 43 45 26 44 33 25 21 27 49 35 16 8 6 10 31 30 42 34 50 20 48 36 11 14 23 15 4 2 22 19 28 40 9 17 

Inst_Index:771 	 City_Num:50 	 Concorde:5.645355 	 MCTS:5.643358 Improve:0.001997 	 Time:3.76 Seconds
Solution: 1 18 31 44 4 49 38 50 2 27 22 6 43 13 45 17 40 21 26 23 47 7 11 36 46 10 5 3 39 28 32 42 16 15 34 9 37 20 35 24 41 8 33 19 25 14 12 30 29 48 

Inst_Index:772 	 City_Num:50 	 Concorde:5.863668 	 MCTS:5.861858 Improve:0.001810 	 Time:3.77 Seconds
Solution: 1 34 41 19 45 44 29 23 8 11 27 43 10 50 46 3 30 25 42 9 39 31 26 5 22 28 6 21 36 37 35 17 49 18 20 48 32 12 2 24 33 40 13 38 47 16 14 4 7 15 

Inst_Index:773 	 City_Num:50 	 Concorde:5.733883 	 MCTS:5.733883 Improve:-0.000000 	 Time:3.76 Seconds
Solution: 1 14 3 23 43 6 16 32 33 42 50 40 34 31 29 20 39 41 17 18 7 35 22 45 49 36 30 10 37 46 12 13 15 44 26 38 47 8 28 19 25 24 11 5 48 27 9 4 21 2 

Inst_Index:774 	 City_Num:50 	 Concorde:5.775072 	 MCTS:5.775072 Improve:0.000000 	 Time:3.76 Seconds
Solution: 1 3 30 25 20 37 15 33 4 13 5 45 29 35 16 34 21 24 43 19 7 42 10 6 23 31 39 50 41 44 11 2 40 46 27 12 26 14 36 28 32 49 47 48 9 17 18 22 8 38 

Inst_Index:775 	 City_Num:50 	 Concorde:5.687300 	 MCTS:5.687300 Improve:0.000000 	 Time:3.75 Seconds
Solution: 1 45 49 22 33 43 10 11 26 42 23 15 3 44 35 32 28 29 40 19 13 16 30 6 34 50 12 37 24 36 21 4 39 27 38 48 14 2 47 5 41 46 18 7 8 17 25 20 9 31 

Inst_Index:776 	 City_Num:50 	 Concorde:5.938447 	 MCTS:5.936733 Improve:0.001715 	 Time:3.76 Seconds
Solution: 1 23 9 44 18 33 7 40 39 27 6 50 43 42 37 2 22 41 47 4 30 14 19 11 20 17 49 35 26 48 29 28 5 38 21 13 24 34 36 16 8 45 12 46 31 32 3 25 10 15 

Inst_Index:777 	 City_Num:50 	 Concorde:5.764769 	 MCTS:5.764769 Improve:-0.000000 	 Time:3.77 Seconds
Solution: 1 11 30 18 43 3 5 47 29 35 14 41 34 22 23 20 17 13 26 45 48 15 31 7 44 36 39 24 50 33 6 9 38 42 27 2 32 12 10 40 37 46 19 8 4 21 25 16 49 28 

Inst_Index:778 	 City_Num:50 	 Concorde:5.422484 	 MCTS:5.422484 Improve:0.000000 	 Time:3.76 Seconds
Solution: 1 4 14 5 30 9 43 3 45 17 16 34 18 26 37 50 21 23 25 42 2 44 32 39 22 46 29 49 6 36 41 24 40 33 35 8 13 48 19 31 38 28 12 11 20 47 15 7 10 27 

Inst_Index:779 	 City_Num:50 	 Concorde:5.822123 	 MCTS:5.822123 Improve:0.000000 	 Time:3.75 Seconds
Solution: 1 43 15 14 40 3 20 10 6 48 12 9 29 49 4 28 26 45 39 19 31 25 21 16 32 44 50 7 2 33 38 18 46 34 13 30 42 5 36 8 37 11 22 27 24 35 17 23 47 41 

Inst_Index:780 	 City_Num:50 	 Concorde:5.496523 	 MCTS:5.490861 Improve:0.005663 	 Time:3.76 Seconds
Solution: 1 49 27 17 21 14 44 20 5 43 39 48 8 50 42 13 35 11 22 38 46 7 34 9 29 2 6 37 47 10 23 3 4 45 30 40 24 41 19 33 16 36 15 12 31 18 26 25 32 28 

Inst_Index:781 	 City_Num:50 	 Concorde:5.591984 	 MCTS:5.591984 Improve:0.000000 	 Time:3.76 Seconds
Solution: 1 8 18 39 35 44 38 32 36 4 48 7 25 10 12 46 21 43 13 19 20 41 33 27 29 15 6 17 31 14 2 49 9 34 30 28 3 50 5 45 16 37 40 26 24 11 23 47 42 22 

Inst_Index:782 	 City_Num:50 	 Concorde:5.634936 	 MCTS:5.628972 Improve:0.005965 	 Time:3.76 Seconds
Solution: 1 6 3 47 7 27 26 30 34 37 4 32 42 14 50 39 21 36 23 33 22 40 44 43 10 45 2 12 16 35 38 46 25 15 19 29 8 20 49 28 18 13 24 17 48 9 5 11 41 31 

Inst_Index:783 	 City_Num:50 	 Concorde:5.819483 	 MCTS:5.815673 Improve:0.003810 	 Time:3.75 Seconds
Solution: 1 29 44 41 8 40 19 21 3 2 4 6 12 23 49 11 47 15 9 18 38 10 16 34 25 48 50 31 7 42 5 43 39 22 35 27 46 14 37 26 20 24 17 28 33 30 45 13 36 32 

Inst_Index:784 	 City_Num:50 	 Concorde:5.641643 	 MCTS:5.637146 Improve:0.004498 	 Time:3.78 Seconds
Solution: 1 40 43 12 16 36 15 48 20 38 18 14 13 21 22 42 32 29 41 28 23 7 27 9 39 30 35 46 3 6 33 49 44 19 4 8 17 24 11 2 26 37 47 31 10 5 25 45 34 50 

Inst_Index:785 	 City_Num:50 	 Concorde:6.044006 	 MCTS:6.044006 Improve:0.000000 	 Time:3.78 Seconds
Solution: 1 41 17 2 35 50 27 34 6 20 32 46 21 12 22 19 28 40 9 4 48 47 45 23 49 39 18 5 3 42 13 8 36 26 31 29 44 33 24 15 16 30 11 7 10 25 43 14 38 37 

Inst_Index:786 	 City_Num:50 	 Concorde:5.709082 	 MCTS:5.709082 Improve:-0.000000 	 Time:3.77 Seconds
Solution: 1 35 50 34 37 46 41 44 36 11 43 49 7 6 38 24 45 47 12 42 39 2 10 14 32 20 19 4 30 18 22 25 15 23 3 21 33 28 8 16 9 48 27 5 31 40 17 13 29 26 

Inst_Index:787 	 City_Num:50 	 Concorde:5.685067 	 MCTS:5.685067 Improve:-0.000000 	 Time:3.75 Seconds
Solution: 1 42 17 10 26 3 30 14 32 9 38 50 2 31 36 12 34 43 29 35 8 44 40 46 13 19 37 11 27 22 39 48 5 18 25 4 20 41 16 7 33 23 47 28 6 15 21 49 45 24 

Inst_Index:788 	 City_Num:50 	 Concorde:5.805434 	 MCTS:5.805434 Improve:-0.000000 	 Time:3.77 Seconds
Solution: 1 14 28 13 41 24 25 5 49 19 36 46 4 22 37 50 35 48 20 7 9 11 39 34 3 45 30 12 38 23 29 17 42 27 31 43 32 8 18 10 6 16 33 44 26 47 2 15 40 21 

Inst_Index:789 	 City_Num:50 	 Concorde:5.674780 	 MCTS:5.674780 Improve:0.000000 	 Time:3.76 Seconds
Solution: 1 3 46 26 47 16 8 29 39 10 48 20 9 4 49 27 43 41 45 18 17 11 44 28 35 2 38 19 23 22 21 12 30 7 5 6 34 40 25 36 37 50 24 15 14 42 32 13 31 33 

Inst_Index:790 	 City_Num:50 	 Concorde:5.143913 	 MCTS:5.138034 Improve:0.005879 	 Time:3.76 Seconds
Solution: 1 18 44 43 41 23 13 33 20 32 34 47 46 11 5 45 42 3 26 29 39 2 27 25 50 6 8 19 30 15 9 22 49 12 10 31 36 48 24 17 21 4 35 40 7 16 14 37 38 28 

Inst_Index:791 	 City_Num:50 	 Concorde:6.029686 	 MCTS:6.029310 Improve:0.000376 	 Time:3.76 Seconds
Solution: 1 37 18 5 2 12 13 19 46 17 38 27 25 20 33 29 45 44 6 30 34 28 40 36 32 39 43 15 16 24 35 48 23 41 21 9 10 3 4 47 8 14 31 7 50 26 49 22 11 42 

Inst_Index:792 	 City_Num:50 	 Concorde:5.587868 	 MCTS:5.587868 Improve:-0.000000 	 Time:3.78 Seconds
Solution: 1 36 17 40 16 26 43 28 45 49 13 44 20 47 7 33 38 23 29 30 19 18 42 37 11 3 8 35 24 48 5 2 46 4 32 15 34 31 50 21 41 12 22 10 6 27 39 25 9 14 

Inst_Index:793 	 City_Num:50 	 Concorde:5.891657 	 MCTS:5.891657 Improve:0.000000 	 Time:3.75 Seconds
Solution: 1 4 38 17 43 33 20 28 19 39 15 37 50 7 26 44 40 42 9 35 30 34 46 45 47 23 6 2 12 21 31 41 11 16 36 24 25 48 32 10 22 14 49 5 8 13 3 27 29 18 

Inst_Index:794 	 City_Num:50 	 Concorde:5.964778 	 MCTS:5.963567 Improve:0.001211 	 Time:3.75 Seconds
Solution: 1 30 10 35 31 4 18 36 25 16 44 32 7 45 38 33 14 48 37 49 9 42 2 43 3 34 13 5 8 21 41 39 24 11 6 27 23 28 47 17 26 50 40 22 19 15 20 29 12 46 

Inst_Index:795 	 City_Num:50 	 Concorde:5.401874 	 MCTS:5.401874 Improve:0.000000 	 Time:3.76 Seconds
Solution: 1 44 3 9 39 47 30 11 26 10 16 34 20 31 19 6 35 4 15 40 36 42 5 38 28 23 48 46 37 49 12 43 18 13 25 27 17 32 41 21 14 29 33 7 22 24 2 8 45 50 

Inst_Index:796 	 City_Num:50 	 Concorde:5.800997 	 MCTS:5.800997 Improve:0.000000 	 Time:3.76 Seconds
Solution: 1 37 48 43 33 47 6 41 50 45 19 8 23 9 7 24 18 49 11 40 27 15 22 13 25 34 10 31 21 39 14 17 16 12 26 5 36 28 42 4 35 38 29 20 3 44 30 46 32 2 

Inst_Index:797 	 City_Num:50 	 Concorde:5.451244 	 MCTS:5.451244 Improve:0.000000 	 Time:3.76 Seconds
Solution: 1 20 8 11 15 24 22 17 27 21 16 4 39 47 23 46 2 29 25 33 3 42 6 38 34 32 14 30 10 26 31 36 43 48 12 40 18 28 7 19 37 49 50 44 41 45 35 9 5 13 

Inst_Index:798 	 City_Num:50 	 Concorde:6.090540 	 MCTS:6.086932 Improve:0.003608 	 Time:3.75 Seconds
Solution: 1 23 11 40 43 3 44 20 36 45 37 8 13 21 38 27 4 16 33 48 30 41 25 14 39 32 10 42 28 49 34 19 6 22 50 46 15 2 18 9 29 47 24 35 12 5 17 7 26 31 

Inst_Index:799 	 City_Num:50 	 Concorde:5.842474 	 MCTS:5.842474 Improve:0.000000 	 Time:3.77 Seconds
Solution: 1 3 29 9 44 12 15 50 47 24 16 10 21 46 23 43 4 25 41 20 38 34 33 48 6 40 13 17 36 22 45 32 31 11 42 2 26 39 49 18 27 19 28 14 37 35 7 8 5 30 

Inst_Index:800 	 City_Num:50 	 Concorde:5.795372 	 MCTS:5.795372 Improve:0.000000 	 Time:3.77 Seconds
Solution: 1 4 25 42 29 2 39 37 24 44 11 46 9 48 21 13 23 41 43 18 27 19 17 40 47 8 26 20 28 10 38 3 22 16 35 45 34 31 12 50 30 5 36 14 7 32 15 33 49 6 

Inst_Index:801 	 City_Num:50 	 Concorde:5.938350 	 MCTS:5.938350 Improve:0.000000 	 Time:3.76 Seconds
Solution: 1 38 19 34 9 17 31 16 11 8 12 35 25 39 20 21 7 14 22 10 24 33 45 32 3 28 18 48 49 26 23 37 47 40 27 44 46 30 29 6 4 5 15 2 50 13 42 43 36 41 

Inst_Index:802 	 City_Num:50 	 Concorde:5.671901 	 MCTS:5.665745 Improve:0.006156 	 Time:3.76 Seconds
Solution: 1 43 16 48 2 21 31 22 15 3 23 29 50 34 38 20 4 6 39 13 11 35 5 24 41 18 32 46 44 28 17 40 45 49 7 37 25 42 14 12 9 30 27 8 36 33 10 47 26 19 

Inst_Index:803 	 City_Num:50 	 Concorde:5.588770 	 MCTS:5.588770 Improve:0.000000 	 Time:3.76 Seconds
Solution: 1 12 20 49 10 32 11 47 8 23 46 39 5 15 18 43 33 9 25 44 29 31 22 36 14 38 13 42 7 40 37 50 16 45 6 24 21 48 30 27 34 19 2 17 4 28 35 26 41 3 

Inst_Index:804 	 City_Num:50 	 Concorde:6.040044 	 MCTS:6.040044 Improve:0.000000 	 Time:3.76 Seconds
Solution: 1 48 35 45 8 10 36 15 19 47 7 13 34 6 22 4 21 2 17 5 31 39 11 12 40 42 3 33 50 27 37 43 25 41 29 30 20 44 24 28 46 49 16 26 14 23 18 38 9 32 

Inst_Index:805 	 City_Num:50 	 Concorde:5.949287 	 MCTS:5.949287 Improve:0.000000 	 Time:3.75 Seconds
Solution: 1 47 43 6 42 7 28 25 18 50 29 46 49 35 48 20 32 38 10 23 12 14 39 34 31 44 24 19 5 11 22 9 15 41 33 17 30 2 8 21 4 45 16 26 36 13 27 37 40 3 

Inst_Index:806 	 City_Num:50 	 Concorde:5.555670 	 MCTS:5.555670 Improve:0.000000 	 Time:3.76 Seconds
Solution: 1 26 24 29 49 7 27 12 42 35 20 43 21 4 34 5 9 45 11 8 46 19 30 48 16 18 10 14 41 39 50 32 31 6 15 36 13 44 25 22 28 2 17 47 37 38 33 3 40 23 

Inst_Index:807 	 City_Num:50 	 Concorde:5.466789 	 MCTS:5.459225 Improve:0.007565 	 Time:3.76 Seconds
Solution: 1 25 48 40 16 43 35 17 45 29 19 22 33 30 12 11 23 42 13 27 47 26 46 37 7 8 44 31 34 14 9 2 41 15 50 18 6 10 32 20 28 38 24 49 21 36 3 5 4 39 

Inst_Index:808 	 City_Num:50 	 Concorde:5.781145 	 MCTS:5.781145 Improve:-0.000000 	 Time:3.76 Seconds
Solution: 1 42 5 8 21 11 49 45 33 2 35 47 12 4 48 31 10 22 38 40 25 36 14 6 24 26 3 7 19 39 29 34 28 16 9 27 43 23 13 41 17 30 32 20 37 46 18 50 15 44 

Inst_Index:809 	 City_Num:50 	 Concorde:5.339912 	 MCTS:5.337860 Improve:0.002052 	 Time:3.77 Seconds
Solution: 1 12 41 25 21 10 50 40 31 5 43 6 29 15 13 26 47 37 16 34 24 45 14 28 30 11 20 48 17 35 27 33 3 23 22 39 2 42 44 18 38 9 36 19 46 49 32 7 4 8 

Inst_Index:810 	 City_Num:50 	 Concorde:5.633468 	 MCTS:5.632286 Improve:0.001182 	 Time:3.77 Seconds
Solution: 1 9 36 32 30 33 2 18 34 47 13 15 10 28 45 20 48 23 40 4 25 3 29 24 43 37 7 12 46 31 19 44 16 21 22 39 11 35 5 49 27 42 38 26 50 17 8 6 41 14 

Inst_Index:811 	 City_Num:50 	 Concorde:5.546406 	 MCTS:5.540926 Improve:0.005479 	 Time:3.76 Seconds
Solution: 1 32 47 6 45 14 46 37 17 21 23 28 10 40 9 2 12 35 15 25 7 36 43 34 22 24 41 33 5 39 13 4 49 26 19 20 11 48 29 42 50 16 18 38 31 3 44 27 8 30 

Inst_Index:812 	 City_Num:50 	 Concorde:5.253382 	 MCTS:5.251668 Improve:0.001714 	 Time:3.75 Seconds
Solution: 1 13 50 44 34 9 19 29 24 5 12 17 3 28 43 38 10 22 2 49 37 30 33 21 39 16 32 48 41 20 18 42 47 27 23 6 36 25 4 14 26 35 31 45 15 7 11 8 46 40 

Inst_Index:813 	 City_Num:50 	 Concorde:5.666844 	 MCTS:5.663434 Improve:0.003410 	 Time:3.75 Seconds
Solution: 1 6 43 34 30 11 32 41 12 18 47 42 10 24 49 26 16 44 25 46 27 5 13 48 39 33 36 23 4 21 9 22 14 35 3 17 28 7 40 19 50 37 45 31 29 15 8 20 38 2 

Inst_Index:814 	 City_Num:50 	 Concorde:6.024649 	 MCTS:6.021776 Improve:0.002873 	 Time:3.75 Seconds
Solution: 1 36 42 13 12 11 37 33 29 43 15 48 34 3 35 7 47 50 45 39 28 20 8 32 9 16 2 24 19 23 41 46 10 31 5 6 25 21 14 38 17 44 30 4 22 49 40 18 26 27 

Inst_Index:815 	 City_Num:50 	 Concorde:5.609968 	 MCTS:5.609765 Improve:0.000202 	 Time:3.77 Seconds
Solution: 1 6 9 36 18 4 23 46 42 21 3 2 47 7 30 38 25 10 17 14 50 22 37 31 32 43 13 26 15 41 8 11 35 20 49 19 44 16 34 27 28 40 29 33 24 39 12 45 48 5 

Inst_Index:816 	 City_Num:50 	 Concorde:5.507014 	 MCTS:5.507014 Improve:0.000000 	 Time:3.76 Seconds
Solution: 1 4 35 34 21 20 11 39 6 44 46 49 36 2 27 8 23 17 22 10 9 40 12 31 29 24 19 18 15 41 25 5 38 3 43 16 14 26 7 50 45 42 28 48 33 47 37 32 13 30 

Inst_Index:817 	 City_Num:50 	 Concorde:5.527958 	 MCTS:5.527958 Improve:0.000000 	 Time:3.77 Seconds
Solution: 1 16 45 33 23 18 38 3 20 48 17 7 35 40 29 10 47 30 46 4 41 49 37 31 50 42 9 25 15 44 8 5 24 26 34 22 36 32 12 13 39 6 14 11 21 43 19 27 28 2 

Inst_Index:818 	 City_Num:50 	 Concorde:6.101089 	 MCTS:6.101089 Improve:0.000000 	 Time:3.76 Seconds
Solution: 1 14 12 3 7 45 42 11 17 36 9 16 8 24 46 39 38 50 27 2 5 44 10 35 29 33 43 47 21 48 34 40 30 22 32 31 25 15 41 26 13 49 28 19 23 37 4 6 20 18 

Inst_Index:819 	 City_Num:50 	 Concorde:5.078834 	 MCTS:5.078834 Improve:0.000000 	 Time:3.76 Seconds
Solution: 1 7 37 44 33 13 38 35 16 19 24 23 8 11 26 48 34 22 29 42 20 9 4 41 36 43 31 5 21 40 32 14 2 15 30 39 17 25 27 50 49 28 47 12 6 10 45 18 46 3 

Inst_Index:820 	 City_Num:50 	 Concorde:5.876706 	 MCTS:5.868894 Improve:0.007811 	 Time:3.76 Seconds
Solution: 1 24 41 16 43 37 28 22 44 30 5 26 9 4 8 13 47 6 15 50 35 2 10 39 45 7 33 14 36 29 49 20 11 23 31 21 3 25 19 34 12 40 38 46 27 42 32 17 48 18 

Inst_Index:821 	 City_Num:50 	 Concorde:5.522105 	 MCTS:5.522105 Improve:-0.000000 	 Time:3.76 Seconds
Solution: 1 25 8 13 10 47 50 27 48 17 12 20 28 22 34 5 2 30 19 38 18 9 42 4 16 41 40 3 39 21 26 29 14 37 32 45 44 24 11 36 46 43 49 23 33 31 15 7 35 6 

Inst_Index:822 	 City_Num:50 	 Concorde:5.368971 	 MCTS:5.365639 Improve:0.003332 	 Time:3.76 Seconds
Solution: 1 40 27 10 33 15 45 47 36 4 2 9 30 37 19 18 38 20 29 25 43 21 28 26 41 32 35 22 48 46 3 11 14 13 5 49 24 12 50 17 6 16 8 39 42 31 7 23 34 44 

Inst_Index:823 	 City_Num:50 	 Concorde:5.487523 	 MCTS:5.487523 Improve:0.000000 	 Time:3.76 Seconds
Solution: 1 30 37 4 15 2 28 3 14 27 8 29 13 31 35 48 34 24 32 17 50 40 42 16 26 49 9 25 6 19 39 44 18 12 38 5 46 11 23 7 22 43 36 41 21 20 45 10 33 47 

Inst_Index:824 	 City_Num:50 	 Concorde:5.747748 	 MCTS:5.742444 Improve:0.005304 	 Time:3.76 Seconds
Solution: 1 42 22 21 26 6 41 40 43 12 20 16 30 14 32 8 5 33 44 13 27 9 34 38 18 19 39 17 23 50 31 10 49 46 25 4 7 29 11 45 15 35 36 47 37 2 28 48 24 3 

Inst_Index:825 	 City_Num:50 	 Concorde:5.970206 	 MCTS:5.970206 Improve:0.000000 	 Time:3.75 Seconds
Solution: 1 16 28 29 19 43 9 37 31 41 2 48 38 25 18 17 5 39 30 14 35 11 8 3 46 20 6 15 33 13 49 50 22 40 42 26 23 7 10 45 4 27 12 32 21 24 36 34 44 47 

Inst_Index:826 	 City_Num:50 	 Concorde:6.060430 	 MCTS:6.060430 Improve:0.000000 	 Time:3.75 Seconds
Solution: 1 47 5 35 42 13 9 2 29 25 43 46 36 15 44 23 6 34 19 38 28 27 14 32 17 30 45 50 31 18 7 20 16 11 48 26 40 49 24 22 12 37 39 33 41 21 3 10 8 4 

Inst_Index:827 	 City_Num:50 	 Concorde:5.947068 	 MCTS:5.941386 Improve:0.005682 	 Time:3.76 Seconds
Solution: 1 18 12 36 49 47 33 46 50 48 45 40 32 20 11 15 43 19 21 3 23 44 4 13 25 6 28 35 8 30 38 22 42 2 37 5 29 26 9 7 17 10 39 14 24 27 31 16 41 34 

Inst_Index:828 	 City_Num:50 	 Concorde:6.091641 	 MCTS:6.091641 Improve:0.000000 	 Time:3.75 Seconds
Solution: 1 16 19 22 31 13 49 3 36 23 28 45 26 35 14 24 27 43 42 38 40 6 10 4 5 47 17 21 8 33 29 41 12 34 44 46 18 7 37 9 39 48 20 50 32 15 2 11 30 25 

Inst_Index:829 	 City_Num:50 	 Concorde:5.557863 	 MCTS:5.557863 Improve:-0.000000 	 Time:3.75 Seconds
Solution: 1 11 33 14 25 21 32 26 17 41 7 42 15 24 18 45 13 29 4 3 48 16 8 38 6 35 19 22 34 44 46 50 49 31 37 30 20 36 27 9 47 39 28 2 10 23 43 12 40 5 

Inst_Index:830 	 City_Num:50 	 Concorde:5.426667 	 MCTS:5.426667 Improve:0.000000 	 Time:3.75 Seconds
Solution: 1 42 10 17 28 27 16 2 20 50 18 46 14 40 26 47 34 5 36 33 39 4 11 32 3 41 25 23 13 22 8 48 6 21 44 49 24 30 7 43 45 12 37 38 31 15 19 29 9 35 

Inst_Index:831 	 City_Num:50 	 Concorde:5.700744 	 MCTS:5.700744 Improve:-0.000000 	 Time:3.75 Seconds
Solution: 1 12 30 41 11 45 36 18 2 46 31 44 22 26 47 3 19 9 29 37 27 39 48 28 34 15 13 50 4 16 14 32 7 24 38 43 25 42 20 21 35 10 5 8 49 40 6 33 23 17 

Inst_Index:832 	 City_Num:50 	 Concorde:5.815976 	 MCTS:5.815976 Improve:0.000000 	 Time:3.78 Seconds
Solution: 1 32 40 47 38 7 39 35 37 33 45 11 26 46 49 28 3 31 8 27 24 12 23 41 4 48 21 14 10 30 16 5 42 43 25 9 2 18 34 36 15 20 29 44 50 17 19 13 6 22 

Inst_Index:833 	 City_Num:50 	 Concorde:5.858599 	 MCTS:5.857709 Improve:0.000891 	 Time:3.77 Seconds
Solution: 1 40 46 29 47 48 28 14 2 42 26 38 33 11 6 50 17 19 22 35 7 25 27 4 37 30 49 39 24 23 8 21 15 34 12 20 32 13 3 18 16 10 31 45 43 36 5 9 41 44 

Inst_Index:834 	 City_Num:50 	 Concorde:5.802661 	 MCTS:5.802661 Improve:-0.000000 	 Time:3.76 Seconds
Solution: 1 9 45 34 17 29 28 32 12 37 47 46 36 20 15 50 8 35 6 21 49 39 11 16 18 22 23 41 31 10 43 33 5 42 30 38 2 48 3 13 25 19 26 14 24 4 40 27 7 44 

Inst_Index:835 	 City_Num:50 	 Concorde:6.023159 	 MCTS:6.023159 Improve:0.000000 	 Time:3.76 Seconds
Solution: 1 7 15 17 36 12 10 49 4 43 37 39 20 8 33 45 42 24 25 9 29 34 11 6 21 16 28 30 18 35 40 31 3 27 46 38 23 13 44 32 47 22 14 41 26 50 48 19 5 2 

Inst_Index:836 	 City_Num:50 	 Concorde:5.453551 	 MCTS:5.453551 Improve:-0.000000 	 Time:3.76 Seconds
Solution: 1 26 49 27 9 10 38 50 35 36 14 11 30 40 28 39 44 37 34 24 42 19 45 7 20 29 6 47 46 18 15 22 5 25 31 3 12 2 23 8 16 43 4 17 13 33 48 21 41 32 

Inst_Index:837 	 City_Num:50 	 Concorde:5.964734 	 MCTS:5.964734 Improve:0.000000 	 Time:3.77 Seconds
Solution: 1 31 16 8 6 12 40 48 37 41 33 26 5 14 17 49 15 44 11 50 36 10 25 20 3 39 28 18 2 30 45 27 22 7 9 4 32 38 29 42 23 13 21 46 35 24 43 34 19 47 

Inst_Index:838 	 City_Num:50 	 Concorde:5.410256 	 MCTS:5.410256 Improve:0.000000 	 Time:3.75 Seconds
Solution: 1 13 39 11 23 40 37 8 9 12 20 36 41 50 19 7 24 6 35 29 3 38 26 22 34 42 2 5 27 15 21 10 46 4 18 49 32 25 16 48 28 44 33 47 31 30 43 17 14 45 

Inst_Index:839 	 City_Num:50 	 Concorde:5.656102 	 MCTS:5.653433 Improve:0.002668 	 Time:3.76 Seconds
Solution: 1 40 16 44 9 23 37 10 18 11 36 35 24 27 43 48 22 20 41 12 13 46 42 29 21 47 14 5 25 19 39 26 49 45 8 33 6 4 50 30 38 7 32 34 15 17 28 3 31 2 

Inst_Index:840 	 City_Num:50 	 Concorde:5.664887 	 MCTS:5.664887 Improve:0.000000 	 Time:3.76 Seconds
Solution: 1 34 29 46 49 12 28 14 23 27 10 2 40 48 16 4 39 42 44 3 41 22 20 24 47 21 32 9 31 30 6 37 7 45 50 36 38 25 43 18 8 15 35 19 13 17 26 11 33 5 

Inst_Index:841 	 City_Num:50 	 Concorde:5.649874 	 MCTS:5.649874 Improve:0.000000 	 Time:3.76 Seconds
Solution: 1 10 9 49 14 15 23 41 11 34 22 36 30 29 27 20 18 38 8 7 39 6 16 37 3 35 33 19 46 32 5 26 50 44 21 24 43 12 28 40 2 42 25 45 31 17 48 47 4 13 

Inst_Index:842 	 City_Num:50 	 Concorde:5.692839 	 MCTS:5.689821 Improve:0.003018 	 Time:3.77 Seconds
Solution: 1 8 21 26 33 40 7 30 25 44 10 42 45 28 43 6 50 47 46 3 20 22 35 23 13 12 31 16 15 4 14 11 48 24 38 29 34 18 37 5 2 19 36 9 49 41 32 27 39 17 

Inst_Index:843 	 City_Num:50 	 Concorde:5.777986 	 MCTS:5.774909 Improve:0.003077 	 Time:3.76 Seconds
Solution: 1 50 39 26 11 18 31 41 30 19 49 25 44 35 37 48 45 40 14 28 34 20 22 29 42 27 8 3 47 24 6 4 32 10 17 15 21 23 12 2 13 36 38 43 33 16 7 46 9 5 

Inst_Index:844 	 City_Num:50 	 Concorde:6.218246 	 MCTS:6.218246 Improve:0.000000 	 Time:3.76 Seconds
Solution: 1 46 11 24 5 50 18 26 49 43 30 9 45 37 10 29 17 25 7 15 35 3 36 32 40 33 34 48 16 14 47 31 44 12 23 8 28 2 42 21 19 20 41 22 27 6 39 4 13 38 

Inst_Index:845 	 City_Num:50 	 Concorde:5.692741 	 MCTS:5.692741 Improve:-0.000000 	 Time:3.75 Seconds
Solution: 1 14 35 31 22 29 50 32 8 18 4 15 39 34 5 6 12 20 30 40 2 49 42 13 44 37 19 24 46 25 36 38 11 45 9 23 17 47 48 16 10 3 43 21 27 26 33 41 7 28 

Inst_Index:846 	 City_Num:50 	 Concorde:5.972393 	 MCTS:5.972393 Improve:0.000000 	 Time:3.77 Seconds
Solution: 1 47 34 12 41 16 26 7 29 14 43 11 24 31 5 28 21 45 25 9 23 46 6 18 44 33 17 10 27 15 4 50 8 13 42 36 2 22 37 40 20 48 35 39 32 38 3 30 49 19 

Inst_Index:847 	 City_Num:50 	 Concorde:5.585224 	 MCTS:5.585224 Improve:-0.000000 	 Time:3.77 Seconds
Solution: 1 2 38 3 36 40 47 46 28 14 24 22 45 5 41 43 31 11 37 48 16 23 13 33 20 6 29 44 34 25 35 26 10 8 17 19 18 12 4 39 7 21 30 50 15 27 9 49 42 32 

Inst_Index:848 	 City_Num:50 	 Concorde:5.658210 	 MCTS:5.658210 Improve:-0.000000 	 Time:3.75 Seconds
Solution: 1 14 10 20 43 9 32 44 25 50 11 46 4 45 17 5 48 22 37 38 41 24 35 34 12 28 27 26 30 33 3 6 8 39 29 15 21 2 47 13 36 49 18 31 19 40 7 42 16 23 

Inst_Index:849 	 City_Num:50 	 Concorde:6.154232 	 MCTS:6.150905 Improve:0.003327 	 Time:3.76 Seconds
Solution: 1 13 47 35 15 12 38 6 14 41 33 49 8 39 30 22 29 2 17 40 5 21 37 19 28 50 20 36 27 9 26 10 34 18 32 7 42 45 3 46 4 48 23 44 43 31 24 16 25 11 

Inst_Index:850 	 City_Num:50 	 Concorde:5.789825 	 MCTS:5.780688 Improve:0.009137 	 Time:3.76 Seconds
Solution: 1 34 46 18 11 47 36 33 35 29 22 4 2 48 19 41 27 9 6 3 20 42 32 24 50 13 25 39 21 7 38 16 14 30 43 44 40 8 37 10 28 17 12 23 31 15 5 26 45 49 

Inst_Index:851 	 City_Num:50 	 Concorde:5.587748 	 MCTS:5.587748 Improve:-0.000000 	 Time:3.76 Seconds
Solution: 1 43 45 9 39 50 12 27 5 4 6 49 11 41 40 44 7 13 3 37 24 31 47 29 30 34 25 33 42 35 17 21 18 16 48 32 8 38 28 14 36 23 20 19 2 26 22 10 15 46 

Inst_Index:852 	 City_Num:50 	 Concorde:5.384553 	 MCTS:5.384553 Improve:0.000000 	 Time:3.76 Seconds
Solution: 1 20 40 16 23 19 39 37 14 28 31 18 21 30 5 24 38 44 48 42 36 25 35 15 2 7 4 33 43 45 29 32 27 13 3 10 34 17 26 41 9 46 50 47 6 8 22 49 12 11 

Inst_Index:853 	 City_Num:50 	 Concorde:5.841241 	 MCTS:5.841241 Improve:-0.000000 	 Time:3.75 Seconds
Solution: 1 12 47 39 20 2 9 28 14 7 25 49 23 29 6 27 50 11 16 26 32 13 18 30 31 37 24 17 35 45 40 22 41 43 44 8 48 46 38 19 15 21 3 10 4 5 34 33 42 36 

Inst_Index:854 	 City_Num:50 	 Concorde:5.860079 	 MCTS:5.860079 Improve:0.000000 	 Time:3.75 Seconds
Solution: 1 21 50 10 19 38 46 30 31 5 7 20 32 13 16 49 47 25 4 18 42 37 17 22 15 26 14 48 3 24 27 6 43 41 34 45 28 39 36 2 8 23 33 29 35 11 12 9 44 40 

Inst_Index:855 	 City_Num:50 	 Concorde:5.929641 	 MCTS:5.929641 Improve:-0.000000 	 Time:3.76 Seconds
Solution: 1 28 32 41 14 34 38 20 8 44 7 35 13 23 31 18 5 11 15 29 47 39 36 2 48 25 22 27 3 43 37 9 45 26 33 24 17 50 40 21 49 16 4 12 10 42 30 6 46 19 

Inst_Index:856 	 City_Num:50 	 Concorde:5.882745 	 MCTS:5.882745 Improve:0.000000 	 Time:3.76 Seconds
Solution: 1 31 35 15 29 14 21 49 44 8 11 18 10 12 33 24 36 5 22 30 45 23 16 48 40 4 28 46 9 42 6 25 3 34 32 13 41 38 19 47 43 17 20 27 39 26 2 7 37 50 

Inst_Index:857 	 City_Num:50 	 Concorde:5.267890 	 MCTS:5.263308 Improve:0.004582 	 Time:3.76 Seconds
Solution: 1 23 49 28 33 18 4 6 12 45 41 38 15 34 47 50 29 48 30 2 19 21 10 25 24 46 40 11 32 42 16 17 3 22 9 44 13 14 26 31 27 8 36 20 37 43 39 35 5 7 

Inst_Index:858 	 City_Num:50 	 Concorde:5.690119 	 MCTS:5.690119 Improve:0.000000 	 Time:3.77 Seconds
Solution: 1 47 3 38 20 27 23 10 18 42 11 24 41 16 32 29 37 25 43 36 2 14 40 9 22 31 12 30 5 44 21 50 26 35 34 6 13 4 28 49 33 17 15 48 45 7 8 39 19 46 

Inst_Index:859 	 City_Num:50 	 Concorde:5.731651 	 MCTS:5.731651 Improve:-0.000000 	 Time:3.76 Seconds
Solution: 1 39 22 9 20 29 38 41 7 19 44 25 16 32 17 26 30 8 4 37 45 13 21 3 27 6 49 48 15 14 47 34 10 24 28 12 33 18 40 23 43 46 2 11 42 36 5 31 35 50 

Inst_Index:860 	 City_Num:50 	 Concorde:5.239879 	 MCTS:5.239879 Improve:-0.000000 	 Time:3.76 Seconds
Solution: 1 15 47 48 43 41 28 19 44 30 17 8 29 39 34 11 27 4 37 2 13 25 6 26 3 40 20 7 10 23 14 32 38 35 16 12 50 21 36 31 18 22 24 46 49 9 42 33 45 5 

Inst_Index:861 	 City_Num:50 	 Concorde:5.466883 	 MCTS:5.466883 Improve:0.000000 	 Time:3.76 Seconds
Solution: 1 3 16 5 24 13 26 12 39 36 7 28 43 15 27 35 10 32 18 4 44 31 47 40 21 42 25 46 48 50 19 38 8 30 11 45 20 2 9 33 29 37 17 14 6 34 22 49 41 23 

Inst_Index:862 	 City_Num:50 	 Concorde:5.529571 	 MCTS:5.529571 Improve:-0.000000 	 Time:3.77 Seconds
Solution: 1 22 16 28 47 4 48 9 5 24 11 39 42 40 26 3 2 38 7 30 25 31 18 44 17 12 27 46 6 41 45 43 34 35 13 50 8 37 32 29 33 10 36 23 14 21 15 20 49 19 

Inst_Index:863 	 City_Num:50 	 Concorde:5.766678 	 MCTS:5.766678 Improve:0.000000 	 Time:3.76 Seconds
Solution: 1 8 34 20 21 45 35 12 3 37 40 16 50 5 30 17 33 47 46 6 22 38 41 18 42 13 32 9 11 2 7 28 25 49 44 23 29 4 36 24 14 39 27 31 19 15 48 26 10 43 

Inst_Index:864 	 City_Num:50 	 Concorde:5.453161 	 MCTS:5.451856 Improve:0.001306 	 Time:3.76 Seconds
Solution: 1 38 41 9 45 46 13 10 32 25 35 19 11 43 30 7 26 6 23 42 27 47 20 2 18 14 33 50 17 3 36 28 49 34 44 24 5 31 40 48 29 39 4 12 21 37 15 16 8 22 

Inst_Index:865 	 City_Num:50 	 Concorde:5.515341 	 MCTS:5.515133 Improve:0.000208 	 Time:3.75 Seconds
Solution: 1 20 37 24 10 23 26 39 27 3 36 25 29 4 38 47 31 33 5 21 49 35 19 30 7 17 48 15 8 18 28 46 12 13 34 40 6 42 50 14 41 16 11 45 43 22 44 9 32 2 

Inst_Index:866 	 City_Num:50 	 Concorde:5.265231 	 MCTS:5.262709 Improve:0.002522 	 Time:3.78 Seconds
Solution: 1 49 46 43 12 21 35 50 36 3 18 9 42 30 31 23 16 40 44 33 34 15 25 4 29 14 10 19 20 22 26 6 38 28 47 39 45 2 32 5 11 27 13 37 48 7 41 17 8 24 

Inst_Index:867 	 City_Num:50 	 Concorde:5.968748 	 MCTS:5.966944 Improve:0.001804 	 Time:3.76 Seconds
Solution: 1 45 3 28 35 29 50 22 26 42 43 24 27 19 31 8 10 46 5 33 9 21 7 25 17 12 40 49 38 37 32 13 44 11 41 15 2 14 23 39 36 47 34 4 6 16 18 30 48 20 

Inst_Index:868 	 City_Num:50 	 Concorde:5.528226 	 MCTS:5.525532 Improve:0.002694 	 Time:3.76 Seconds
Solution: 1 35 33 46 14 10 47 18 34 12 28 9 40 19 36 43 20 50 32 11 41 42 48 22 21 45 31 2 23 27 3 15 5 25 4 8 38 6 44 30 13 37 26 29 17 49 7 24 16 39 

Inst_Index:869 	 City_Num:50 	 Concorde:5.634944 	 MCTS:5.632648 Improve:0.002295 	 Time:3.75 Seconds
Solution: 1 17 40 47 23 39 16 20 42 26 24 27 5 4 46 43 50 7 11 49 9 8 19 41 18 34 3 31 33 44 22 25 21 6 28 37 30 10 12 38 13 32 36 48 15 45 29 35 14 2 

Inst_Index:870 	 City_Num:50 	 Concorde:5.530368 	 MCTS:5.530368 Improve:-0.000000 	 Time:3.75 Seconds
Solution: 1 14 36 20 13 33 21 15 10 23 34 37 2 32 5 16 44 49 40 19 26 29 28 22 25 7 30 41 31 45 24 48 38 18 42 43 12 17 35 47 11 9 3 27 8 39 46 6 4 50 

Inst_Index:871 	 City_Num:50 	 Concorde:5.803239 	 MCTS:5.803239 Improve:-0.000000 	 Time:3.76 Seconds
Solution: 1 16 21 20 22 50 19 9 17 5 41 44 25 4 11 29 34 43 46 7 28 24 45 15 47 13 6 49 3 42 39 12 38 33 30 14 37 36 18 32 40 8 35 23 31 27 48 10 26 2 

Inst_Index:872 	 City_Num:50 	 Concorde:5.334122 	 MCTS:5.329436 Improve:0.004686 	 Time:3.75 Seconds
Solution: 1 34 7 9 36 33 41 31 3 44 29 22 24 15 2 50 14 46 5 30 48 38 43 13 20 17 40 19 42 35 18 27 39 4 10 26 45 49 16 25 8 23 37 47 12 32 28 21 6 11 

Inst_Index:873 	 City_Num:50 	 Concorde:5.592322 	 MCTS:5.592322 Improve:-0.000000 	 Time:3.76 Seconds
Solution: 1 23 37 32 19 18 34 44 40 16 15 29 47 41 33 43 14 26 10 5 9 3 7 11 6 20 30 22 48 21 31 42 35 45 50 39 24 46 12 2 17 4 13 8 25 36 27 38 49 28 

Inst_Index:874 	 City_Num:50 	 Concorde:5.796830 	 MCTS:5.796830 Improve:0.000000 	 Time:3.75 Seconds
Solution: 1 45 8 19 49 48 13 39 6 36 32 7 38 47 17 40 18 27 3 16 9 14 23 37 10 30 11 21 34 20 43 35 4 2 15 29 22 25 28 50 41 12 24 26 44 42 5 46 33 31 

Inst_Index:875 	 City_Num:50 	 Concorde:5.817671 	 MCTS:5.817671 Improve:-0.000000 	 Time:3.76 Seconds
Solution: 1 47 19 7 15 4 28 48 43 13 34 2 38 41 42 35 22 36 8 31 11 12 16 17 21 10 14 26 29 46 49 27 20 6 30 32 3 37 9 24 50 44 33 39 18 25 23 45 5 40 

Inst_Index:876 	 City_Num:50 	 Concorde:6.025633 	 MCTS:6.025633 Improve:-0.000000 	 Time:3.76 Seconds
Solution: 1 31 42 20 15 48 45 28 21 27 3 33 6 10 8 14 29 13 12 49 37 18 35 32 43 41 19 40 4 30 17 25 44 50 46 36 23 16 5 47 26 38 9 22 2 7 24 34 11 39 

Inst_Index:877 	 City_Num:50 	 Concorde:5.399772 	 MCTS:5.399772 Improve:0.000000 	 Time:3.77 Seconds
Solution: 1 11 41 18 50 37 43 33 44 36 25 32 14 28 17 48 23 12 20 22 10 19 49 16 38 30 34 6 5 9 46 40 8 24 15 4 42 45 3 29 7 21 39 47 27 13 26 2 35 31 

Inst_Index:878 	 City_Num:50 	 Concorde:5.559055 	 MCTS:5.559055 Improve:-0.000000 	 Time:3.75 Seconds
Solution: 1 23 44 48 50 2 42 30 45 20 14 21 17 27 36 15 35 33 37 22 32 39 4 47 28 24 7 13 49 29 16 10 18 26 8 38 25 9 12 43 40 3 11 19 46 41 6 34 5 31 

Inst_Index:879 	 City_Num:50 	 Concorde:5.967009 	 MCTS:5.967009 Improve:-0.000000 	 Time:3.75 Seconds
Solution: 1 3 39 35 41 40 37 16 19 34 33 15 4 48 21 11 8 9 49 2 14 6 10 25 46 18 32 17 43 50 47 24 28 13 7 30 42 27 12 44 23 45 22 29 31 20 26 5 36 38 

Inst_Index:880 	 City_Num:50 	 Concorde:5.675876 	 MCTS:5.675876 Improve:0.000000 	 Time:3.76 Seconds
Solution: 1 22 11 36 34 40 41 27 25 2 9 21 47 50 6 17 30 23 35 20 37 32 43 16 24 5 15 7 42 33 10 46 12 18 4 14 39 3 8 45 13 49 28 31 38 19 44 29 48 26 

Inst_Index:881 	 City_Num:50 	 Concorde:5.638760 	 MCTS:5.637561 Improve:0.001200 	 Time:3.76 Seconds
Solution: 1 29 12 2 24 37 6 46 15 40 39 16 25 8 4 3 32 17 34 28 23 31 20 30 45 33 13 36 42 14 9 21 10 26 41 5 38 27 22 50 44 35 47 49 19 43 11 48 18 7 

Inst_Index:882 	 City_Num:50 	 Concorde:5.476062 	 MCTS:5.476062 Improve:0.000000 	 Time:3.76 Seconds
Solution: 1 41 31 30 8 15 14 46 22 12 23 16 4 10 35 6 19 47 50 17 7 39 32 26 13 49 36 45 44 3 5 37 11 2 38 27 18 24 34 33 43 29 9 48 42 40 25 20 21 28 

Inst_Index:883 	 City_Num:50 	 Concorde:5.783213 	 MCTS:5.783213 Improve:0.000000 	 Time:3.77 Seconds
Solution: 1 22 15 49 33 8 39 6 3 34 11 23 35 31 50 4 27 40 19 16 14 45 7 38 44 30 13 17 47 18 42 43 5 28 24 2 32 48 21 46 29 9 37 20 36 10 12 26 25 41 

Inst_Index:884 	 City_Num:50 	 Concorde:5.736636 	 MCTS:5.736636 Improve:0.000000 	 Time:3.75 Seconds
Solution: 1 8 19 45 4 48 26 40 37 5 30 9 3 10 29 18 15 49 50 33 23 28 27 35 34 6 38 31 36 22 16 42 11 12 39 47 44 24 2 13 20 46 25 7 43 21 32 14 41 17 

Inst_Index:885 	 City_Num:50 	 Concorde:5.597180 	 MCTS:5.597180 Improve:-0.000000 	 Time:3.76 Seconds
Solution: 1 27 46 26 12 11 2 32 13 34 29 50 23 30 41 45 25 42 6 40 49 20 7 5 9 4 18 38 35 47 36 28 3 10 16 44 24 21 31 17 48 22 14 15 39 37 19 33 8 43 

Inst_Index:886 	 City_Num:50 	 Concorde:5.347891 	 MCTS:5.347891 Improve:0.000000 	 Time:3.76 Seconds
Solution: 1 25 27 46 26 17 4 47 10 40 19 14 18 30 11 28 49 34 33 48 13 29 37 38 16 39 32 50 8 36 44 20 3 15 12 5 9 7 6 35 2 31 23 42 24 41 22 43 21 45 

Inst_Index:887 	 City_Num:50 	 Concorde:5.746947 	 MCTS:5.746947 Improve:-0.000000 	 Time:3.76 Seconds
Solution: 1 14 35 22 23 48 9 20 15 17 30 2 25 47 5 33 50 40 26 43 21 38 37 44 45 18 27 12 7 34 49 39 31 19 6 32 11 13 41 42 29 16 46 10 28 24 4 8 36 3 

Inst_Index:888 	 City_Num:50 	 Concorde:5.854391 	 MCTS:5.854391 Improve:0.000000 	 Time:3.76 Seconds
Solution: 1 50 39 24 23 19 44 40 6 41 48 35 25 18 2 5 4 9 13 30 31 7 10 21 22 46 37 3 33 29 26 17 45 12 42 43 27 49 34 32 16 38 15 14 36 47 11 20 8 28 

Inst_Index:889 	 City_Num:50 	 Concorde:5.544239 	 MCTS:5.544239 Improve:0.000000 	 Time:3.77 Seconds
Solution: 1 14 21 11 24 29 46 47 8 22 39 20 34 13 38 41 23 17 43 42 3 30 27 28 32 18 19 9 36 6 7 26 37 10 44 2 48 31 49 25 4 45 12 33 15 50 5 16 35 40 

Inst_Index:890 	 City_Num:50 	 Concorde:5.437767 	 MCTS:5.435282 Improve:0.002485 	 Time:3.77 Seconds
Solution: 1 21 5 26 25 29 14 3 46 40 23 36 28 34 38 12 39 15 18 24 17 10 16 50 8 22 20 44 33 47 45 37 2 6 4 32 11 42 7 27 43 9 41 13 49 35 19 48 31 30 

Inst_Index:891 	 City_Num:50 	 Concorde:5.544929 	 MCTS:5.544929 Improve:0.000000 	 Time:3.75 Seconds
Solution: 1 31 16 39 41 32 23 43 42 7 2 6 21 25 24 26 12 36 49 46 13 44 18 35 50 10 22 11 3 40 29 5 9 4 33 45 28 38 20 34 15 8 30 37 14 47 19 48 27 17 

Inst_Index:892 	 City_Num:50 	 Concorde:5.294586 	 MCTS:5.294586 Improve:0.000000 	 Time:3.75 Seconds
Solution: 1 9 13 49 45 21 25 20 31 39 14 41 32 27 47 3 16 38 24 5 37 44 40 15 6 29 7 8 17 43 18 35 26 2 30 22 42 10 23 11 33 36 28 12 48 50 34 19 4 46 

Inst_Index:893 	 City_Num:50 	 Concorde:5.514599 	 MCTS:5.511481 Improve:0.003118 	 Time:3.75 Seconds
Solution: 1 36 49 12 3 37 44 19 39 18 35 32 46 38 23 13 4 21 25 6 27 17 29 33 42 48 41 2 16 50 47 30 14 22 24 5 20 34 26 8 43 10 15 11 31 7 45 9 40 28 

Inst_Index:894 	 City_Num:50 	 Concorde:5.711881 	 MCTS:5.711881 Improve:0.000000 	 Time:3.76 Seconds
Solution: 1 19 50 11 24 49 45 46 37 4 39 40 43 12 35 22 18 29 38 5 20 36 13 14 31 32 44 3 17 47 9 21 2 26 27 15 23 7 48 10 41 16 30 28 33 25 8 6 42 34 

Inst_Index:895 	 City_Num:50 	 Concorde:5.057453 	 MCTS:5.056479 Improve:0.000973 	 Time:3.75 Seconds
Solution: 1 16 45 4 2 38 26 27 30 23 3 12 11 5 7 44 19 32 48 47 9 35 25 36 50 34 31 28 6 15 17 46 49 43 14 29 42 21 13 33 40 18 24 10 20 8 22 39 41 37 

Inst_Index:896 	 City_Num:50 	 Concorde:5.882437 	 MCTS:5.882437 Improve:-0.000000 	 Time:3.77 Seconds
Solution: 1 17 19 15 40 20 38 27 21 14 8 6 24 26 9 31 30 35 41 13 32 42 7 37 12 11 50 2 44 46 43 3 36 5 49 45 47 33 39 18 48 22 4 34 10 28 29 25 23 16 

Inst_Index:897 	 City_Num:50 	 Concorde:5.943495 	 MCTS:5.942384 Improve:0.001111 	 Time:3.76 Seconds
Solution: 1 46 9 47 29 15 28 40 31 44 14 20 24 26 12 45 50 18 33 21 4 5 36 34 25 41 6 48 30 42 7 19 17 11 43 16 2 3 32 22 49 35 10 27 8 37 38 23 39 13 

Inst_Index:898 	 City_Num:50 	 Concorde:5.600647 	 MCTS:5.596822 Improve:0.003825 	 Time:3.78 Seconds
Solution: 1 35 14 5 46 28 24 21 3 26 15 50 29 45 11 23 10 44 27 32 18 37 9 39 36 20 38 13 22 19 42 6 16 25 43 8 31 2 49 40 47 34 48 33 7 41 4 12 30 17 

Inst_Index:899 	 City_Num:50 	 Concorde:5.705114 	 MCTS:5.701731 Improve:0.003383 	 Time:3.76 Seconds
Solution: 1 26 38 34 39 8 12 21 18 27 11 50 45 22 13 32 41 42 4 44 30 29 33 48 14 25 20 46 23 3 24 7 2 35 19 15 17 43 16 37 31 28 47 49 5 10 9 36 6 40 

Inst_Index:900 	 City_Num:50 	 Concorde:5.738822 	 MCTS:5.738822 Improve:0.000000 	 Time:3.76 Seconds
Solution: 1 17 14 11 50 49 39 7 18 33 30 15 4 38 48 40 23 37 5 35 25 29 45 32 27 19 8 36 28 44 47 43 2 3 26 42 20 24 41 13 34 46 10 16 9 12 6 21 22 31 

Inst_Index:901 	 City_Num:50 	 Concorde:5.755302 	 MCTS:5.755302 Improve:-0.000000 	 Time:3.75 Seconds
Solution: 1 6 34 42 33 27 44 39 37 25 49 30 45 35 32 23 43 22 20 48 17 9 50 10 28 24 3 13 31 4 18 15 8 5 19 46 41 7 16 36 2 12 47 29 14 11 38 40 21 26 

Inst_Index:902 	 City_Num:50 	 Concorde:5.769677 	 MCTS:5.769677 Improve:-0.000000 	 Time:3.76 Seconds
Solution: 1 4 46 9 17 38 6 23 10 33 18 15 37 14 40 12 48 7 8 47 2 31 27 50 39 11 49 24 43 22 30 28 44 34 13 41 36 3 20 29 21 42 32 26 45 16 19 5 35 25 

Inst_Index:903 	 City_Num:50 	 Concorde:5.230012 	 MCTS:5.224144 Improve:0.005867 	 Time:3.77 Seconds
Solution: 1 11 31 30 7 24 42 48 20 35 47 32 40 37 14 29 26 28 2 23 13 9 21 8 46 16 17 10 3 15 12 5 50 38 43 19 25 33 39 27 22 6 4 41 36 18 44 45 49 34 

Inst_Index:904 	 City_Num:50 	 Concorde:5.729622 	 MCTS:5.729622 Improve:0.000000 	 Time:3.75 Seconds
Solution: 1 29 48 20 11 32 35 16 26 21 28 25 39 4 50 40 2 45 10 27 33 13 24 23 15 22 49 19 46 5 34 6 3 36 41 12 17 44 42 7 14 47 37 8 38 9 30 43 31 18 

Inst_Index:905 	 City_Num:50 	 Concorde:5.807497 	 MCTS:5.807497 Improve:-0.000000 	 Time:3.77 Seconds
Solution: 1 22 16 37 7 29 17 3 50 18 5 19 27 11 12 39 10 26 43 6 42 31 21 15 33 4 28 9 35 49 8 41 48 25 30 24 2 13 20 40 44 23 47 36 38 14 46 34 32 45 

Inst_Index:906 	 City_Num:50 	 Concorde:5.473429 	 MCTS:5.472981 Improve:0.000447 	 Time:3.76 Seconds
Solution: 1 22 49 2 10 40 13 46 36 25 41 18 33 24 15 27 21 44 39 3 32 17 48 5 38 23 12 20 6 16 30 11 37 28 42 45 7 29 31 35 26 14 4 47 9 43 19 34 8 50 

Inst_Index:907 	 City_Num:50 	 Concorde:5.801882 	 MCTS:5.797640 Improve:0.004242 	 Time:3.78 Seconds
Solution: 1 5 50 46 38 45 43 7 34 17 40 42 30 33 10 48 36 22 9 13 39 24 14 23 11 4 32 29 6 3 26 16 8 20 21 18 28 49 47 35 44 41 25 27 31 2 19 37 12 15 

Inst_Index:908 	 City_Num:50 	 Concorde:5.435812 	 MCTS:5.435812 Improve:0.000000 	 Time:3.75 Seconds
Solution: 1 4 31 48 35 3 30 39 13 9 5 43 34 10 26 38 47 12 20 17 37 29 6 7 24 50 18 32 15 41 33 46 2 11 27 36 42 22 40 23 19 44 25 49 14 45 8 16 28 21 

Inst_Index:909 	 City_Num:50 	 Concorde:5.339360 	 MCTS:5.339360 Improve:0.000000 	 Time:3.76 Seconds
Solution: 1 15 30 40 18 32 3 41 23 5 36 42 17 25 14 27 39 44 33 38 6 12 22 19 49 11 20 26 48 7 28 8 45 35 50 47 46 21 13 34 2 29 16 24 10 37 4 43 9 31 

Inst_Index:910 	 City_Num:50 	 Concorde:5.556930 	 MCTS:5.556930 Improve:0.000000 	 Time:3.75 Seconds
Solution: 1 30 29 8 14 26 36 10 42 40 25 24 50 39 41 23 9 43 32 33 34 27 28 18 20 48 31 4 12 3 17 49 19 44 11 13 21 38 6 47 45 2 46 5 15 7 37 35 22 16 

Inst_Index:911 	 City_Num:50 	 Concorde:6.199250 	 MCTS:6.199250 Improve:0.000000 	 Time:3.75 Seconds
Solution: 1 23 2 15 12 27 7 31 36 32 6 34 33 24 3 25 49 38 18 50 20 21 47 48 26 43 10 17 41 8 22 44 11 42 16 45 29 19 14 40 13 4 5 30 39 35 37 46 9 28 

Inst_Index:912 	 City_Num:50 	 Concorde:5.727031 	 MCTS:5.726602 Improve:0.000429 	 Time:3.76 Seconds
Solution: 1 35 32 9 2 5 24 18 21 17 43 19 23 33 13 41 49 7 39 14 12 10 11 31 29 20 37 40 36 28 50 30 45 47 46 34 6 27 25 15 38 48 8 3 16 44 42 4 26 22 

Inst_Index:913 	 City_Num:50 	 Concorde:5.697092 	 MCTS:5.697092 Improve:0.000000 	 Time:3.77 Seconds
Solution: 1 43 47 16 19 31 22 35 48 17 39 29 7 15 9 3 32 20 23 38 26 44 33 40 42 34 25 37 11 49 24 45 36 4 46 27 30 13 10 21 5 12 28 41 50 18 6 14 2 8 

Inst_Index:914 	 City_Num:50 	 Concorde:6.067702 	 MCTS:6.067702 Improve:-0.000000 	 Time:3.76 Seconds
Solution: 1 9 39 21 17 27 28 11 4 23 29 46 22 24 48 42 49 40 3 12 45 43 37 32 41 36 47 7 18 31 8 2 38 44 50 15 10 20 26 30 19 34 6 25 5 14 35 13 33 16 

Inst_Index:915 	 City_Num:50 	 Concorde:5.634574 	 MCTS:5.633722 Improve:0.000852 	 Time:3.76 Seconds
Solution: 1 32 23 7 46 29 16 47 38 26 33 43 27 3 17 6 50 36 45 15 11 10 19 35 37 14 5 20 4 42 18 8 13 41 49 31 22 2 39 48 40 9 28 34 25 24 12 21 30 44 

Inst_Index:916 	 City_Num:50 	 Concorde:5.062803 	 MCTS:5.061286 Improve:0.001518 	 Time:3.76 Seconds
Solution: 1 19 20 39 11 21 41 47 50 46 14 5 23 15 28 16 42 22 36 48 25 43 9 30 37 24 2 32 38 13 8 18 44 35 26 34 12 29 6 33 3 40 10 49 7 45 31 27 17 4 

Inst_Index:917 	 City_Num:50 	 Concorde:5.973672 	 MCTS:5.973672 Improve:-0.000000 	 Time:3.76 Seconds
Solution: 1 46 50 4 44 35 2 48 33 13 40 3 16 11 23 21 7 25 27 6 29 24 38 47 18 39 45 5 34 37 30 14 31 36 10 28 17 42 43 41 19 8 9 32 12 15 26 49 22 20 

Inst_Index:918 	 City_Num:50 	 Concorde:6.139034 	 MCTS:6.139034 Improve:0.000000 	 Time:3.75 Seconds
Solution: 1 47 28 46 43 18 29 50 17 22 32 4 3 2 38 49 35 15 9 5 26 45 42 11 37 13 14 10 30 48 40 8 6 44 23 19 36 16 7 24 21 31 41 27 12 33 20 25 34 39 

Inst_Index:919 	 City_Num:50 	 Concorde:5.781408 	 MCTS:5.781152 Improve:0.000257 	 Time:3.76 Seconds
Solution: 1 10 24 50 22 20 27 4 9 28 11 23 13 15 33 8 14 35 44 30 31 6 42 3 48 18 38 36 49 46 29 12 7 34 16 21 25 45 40 47 19 2 39 26 41 32 43 17 37 5 

Inst_Index:920 	 City_Num:50 	 Concorde:5.795713 	 MCTS:5.793759 Improve:0.001954 	 Time:3.76 Seconds
Solution: 1 21 35 40 37 14 3 27 10 44 30 12 42 38 20 45 50 26 13 7 8 15 31 36 46 32 41 22 19 49 39 25 33 23 11 48 28 47 16 43 5 2 9 24 34 4 18 29 6 17 

Inst_Index:921 	 City_Num:50 	 Concorde:5.656510 	 MCTS:5.656510 Improve:-0.000000 	 Time:3.75 Seconds
Solution: 1 47 15 45 29 4 11 40 35 6 31 33 8 36 19 10 34 24 37 30 28 43 21 44 38 27 26 7 41 25 23 3 32 2 20 14 22 42 12 50 46 49 9 16 5 18 39 17 48 13 

Inst_Index:922 	 City_Num:50 	 Concorde:5.407452 	 MCTS:5.407452 Improve:0.000000 	 Time:3.76 Seconds
Solution: 1 10 48 42 36 38 17 24 5 34 43 9 14 13 40 6 4 29 39 20 22 35 30 46 31 11 21 33 37 18 16 47 15 12 50 32 25 7 19 2 8 45 28 41 26 44 27 3 49 23 

Inst_Index:923 	 City_Num:50 	 Concorde:5.384682 	 MCTS:5.384682 Improve:0.000000 	 Time:3.76 Seconds
Solution: 1 35 11 46 18 13 6 20 7 5 15 27 23 19 44 30 25 22 32 34 17 49 43 8 28 37 47 24 41 38 3 14 21 12 45 39 31 9 36 42 4 16 26 33 2 10 50 48 40 29 

Inst_Index:924 	 City_Num:50 	 Concorde:5.781420 	 MCTS:5.776044 Improve:0.005376 	 Time:3.75 Seconds
Solution: 1 31 6 28 12 34 14 42 38 45 37 19 23 26 46 22 24 39 50 2 29 20 32 15 35 16 7 4 13 36 33 10 47 5 44 21 8 48 25 17 27 18 41 30 49 43 3 40 11 9 

Inst_Index:925 	 City_Num:50 	 Concorde:5.606105 	 MCTS:5.606105 Improve:0.000000 	 Time:3.76 Seconds
Solution: 1 49 13 44 33 10 45 15 11 12 3 48 26 9 25 24 28 20 41 42 21 5 27 22 36 2 34 19 43 31 30 29 7 4 37 35 23 47 39 46 17 50 18 40 8 32 16 14 6 38 

Inst_Index:926 	 City_Num:50 	 Concorde:5.879782 	 MCTS:5.879782 Improve:0.000000 	 Time:3.76 Seconds
Solution: 1 49 14 9 32 50 29 10 21 38 23 17 27 5 41 11 42 25 2 35 47 19 36 7 24 43 28 33 26 37 15 16 22 39 12 46 40 4 30 48 34 44 8 31 6 3 20 13 18 45 

Inst_Index:927 	 City_Num:50 	 Concorde:6.058857 	 MCTS:6.058857 Improve:-0.000000 	 Time:3.76 Seconds
Solution: 1 40 38 5 24 19 27 14 31 4 44 28 21 6 32 36 9 45 43 17 26 12 42 16 22 13 20 41 46 2 18 33 10 25 3 35 50 30 37 34 29 15 47 49 23 7 8 11 39 48 

Inst_Index:928 	 City_Num:50 	 Concorde:5.771723 	 MCTS:5.771723 Improve:0.000000 	 Time:3.77 Seconds
Solution: 1 46 37 29 27 3 44 40 6 24 16 32 47 43 41 38 28 39 2 45 12 30 8 31 33 9 22 10 5 34 15 18 14 20 36 42 49 19 35 48 4 13 21 17 25 11 26 23 50 7 

Inst_Index:929 	 City_Num:50 	 Concorde:5.498324 	 MCTS:5.498324 Improve:0.000000 	 Time:3.76 Seconds
Solution: 1 44 46 12 13 50 40 29 2 8 41 37 49 48 18 34 25 14 22 16 5 17 23 30 19 38 20 26 43 10 28 45 35 21 36 39 6 24 32 7 47 3 33 27 11 31 42 4 9 15 

Inst_Index:930 	 City_Num:50 	 Concorde:5.700646 	 MCTS:5.693387 Improve:0.007259 	 Time:3.75 Seconds
Solution: 1 41 15 29 42 2 33 44 10 7 50 25 8 30 40 3 14 32 38 20 37 13 28 5 12 17 4 23 36 45 11 19 16 18 48 31 9 27 6 43 34 21 39 24 49 35 26 22 46 47 

Inst_Index:931 	 City_Num:50 	 Concorde:5.641318 	 MCTS:5.641318 Improve:0.000000 	 Time:3.76 Seconds
Solution: 1 19 31 29 36 2 14 5 28 11 22 10 18 42 16 37 24 34 3 25 40 20 4 9 13 44 27 17 50 23 35 7 38 49 45 21 26 6 39 48 47 41 30 32 8 33 43 12 15 46 

Inst_Index:932 	 City_Num:50 	 Concorde:5.985331 	 MCTS:5.985331 Improve:0.000000 	 Time:3.77 Seconds
Solution: 1 9 10 7 31 37 2 28 17 21 13 34 43 8 12 47 46 41 18 42 3 14 30 27 24 16 15 36 32 11 26 4 39 38 29 48 33 50 22 23 44 35 40 19 20 6 45 25 49 5 

Inst_Index:933 	 City_Num:50 	 Concorde:5.551527 	 MCTS:5.546945 Improve:0.004582 	 Time:3.76 Seconds
Solution: 1 42 44 6 7 47 20 25 10 50 18 31 21 5 9 39 28 33 19 2 3 43 16 24 35 32 30 17 27 49 22 23 15 11 4 46 29 36 38 14 37 40 12 26 13 8 45 48 34 41 

Inst_Index:934 	 City_Num:50 	 Concorde:5.532715 	 MCTS:5.532715 Improve:0.000000 	 Time:3.76 Seconds
Solution: 1 10 48 38 36 50 31 42 23 32 14 9 43 27 8 4 11 25 24 30 49 15 26 17 40 5 12 20 46 34 44 35 7 19 37 2 18 41 3 45 29 6 21 16 33 39 13 47 28 22 

Inst_Index:935 	 City_Num:50 	 Concorde:5.521031 	 MCTS:5.521031 Improve:0.000000 	 Time:3.76 Seconds
Solution: 1 46 4 37 50 9 44 48 38 12 17 45 30 36 49 47 14 32 6 3 22 15 34 33 5 43 10 13 39 16 2 35 27 19 41 18 31 26 23 24 11 40 8 21 7 25 20 29 42 28 

Inst_Index:936 	 City_Num:50 	 Concorde:5.704609 	 MCTS:5.699259 Improve:0.005350 	 Time:3.75 Seconds
Solution: 1 47 17 39 7 30 43 33 8 45 14 27 41 38 25 12 2 4 11 32 35 42 3 16 31 48 5 13 29 34 46 49 21 22 26 18 19 20 15 37 44 6 10 9 23 24 28 50 40 36 

Inst_Index:937 	 City_Num:50 	 Concorde:5.788949 	 MCTS:5.788812 Improve:0.000137 	 Time:3.75 Seconds
Solution: 1 14 13 35 37 21 15 48 43 11 36 8 27 18 31 24 49 33 26 7 42 44 25 50 4 34 38 46 39 28 47 29 3 10 16 32 22 20 2 9 19 40 41 23 5 30 45 17 12 6 

Inst_Index:938 	 City_Num:50 	 Concorde:5.800167 	 MCTS:5.800167 Improve:0.000000 	 Time:3.76 Seconds
Solution: 1 11 31 44 8 9 34 25 16 6 19 39 26 15 47 17 12 10 33 21 18 14 20 42 36 45 2 32 3 30 38 28 50 46 7 23 4 43 5 22 27 13 49 29 40 37 41 24 35 48 

Inst_Index:939 	 City_Num:50 	 Concorde:5.298073 	 MCTS:5.290940 Improve:0.007133 	 Time:3.75 Seconds
Solution: 1 18 26 17 36 34 39 11 33 6 40 46 24 22 5 15 47 48 25 21 32 44 16 3 30 50 27 31 10 38 9 41 43 2 42 37 28 14 29 45 8 23 35 12 20 7 13 19 4 49 


Avg_Concorde_Distance: 5.680593 Avg_MCTS_Distance: 5.679545 Avg_Gap: -0.000188 Total_Time: 1178.15 Seconds 
 Beat_Best_Known_Times: 106 Match_Best_Known_Times: 207 Miss_Best_Known_Times: 0 
