Number_of_Instances_In_Current_Batch: 313

Inst_Index:2505 	 City_Num:50 	 Concorde:5.929531 	 MCTS:5.929531 Improve:-0.000000 	 Time:3.76 Seconds
Solution: 1 48 43 46 18 39 36 12 4 37 25 28 40 13 15 21 42 30 16 7 50 49 41 27 11 14 45 2 6 35 22 34 31 47 9 32 17 29 8 10 23 3 26 20 24 33 38 19 44 5 

Inst_Index:2506 	 City_Num:50 	 Concorde:6.045623 	 MCTS:6.041795 Improve:0.003828 	 Time:3.75 Seconds
Solution: 1 7 13 17 10 45 23 46 44 18 20 39 48 34 38 21 42 11 33 37 6 50 19 28 14 25 9 15 12 49 27 43 5 29 47 36 16 24 3 41 31 26 22 30 32 4 35 2 8 40 

Inst_Index:2507 	 City_Num:50 	 Concorde:5.635151 	 MCTS:5.635151 Improve:0.000000 	 Time:3.76 Seconds
Solution: 1 13 33 7 31 20 48 30 22 19 18 17 37 23 36 38 41 27 32 2 14 6 26 4 46 45 49 39 9 12 8 21 47 3 24 44 11 25 29 10 35 50 16 5 28 42 43 34 15 40 

Inst_Index:2508 	 City_Num:50 	 Concorde:5.390004 	 MCTS:5.386875 Improve:0.003129 	 Time:3.77 Seconds
Solution: 1 34 49 37 5 7 4 35 12 15 29 8 48 18 13 42 6 17 24 45 23 10 33 46 20 31 41 39 26 3 32 38 47 11 22 21 2 43 30 19 16 40 44 28 50 25 14 9 36 27 

Inst_Index:2509 	 City_Num:50 	 Concorde:5.989696 	 MCTS:5.985652 Improve:0.004044 	 Time:3.78 Seconds
Solution: 1 49 27 33 2 16 42 41 40 22 43 20 12 24 13 9 15 7 19 44 25 17 6 38 48 31 8 28 10 39 11 14 26 18 36 37 30 34 35 50 47 45 5 32 21 3 29 4 46 23 

Inst_Index:2510 	 City_Num:50 	 Concorde:5.733555 	 MCTS:5.733555 Improve:-0.000000 	 Time:3.76 Seconds
Solution: 1 7 3 9 42 25 4 30 50 37 46 17 23 44 10 31 22 18 24 48 36 21 38 16 49 19 5 6 8 47 28 32 26 20 12 13 41 2 15 45 29 33 27 40 34 43 11 14 35 39 

Inst_Index:2511 	 City_Num:50 	 Concorde:5.517764 	 MCTS:5.517764 Improve:0.000000 	 Time:3.75 Seconds
Solution: 1 32 43 28 39 7 6 36 29 18 5 49 30 2 38 20 23 31 41 27 26 35 10 11 9 45 3 34 50 33 16 48 19 37 24 47 17 21 13 42 44 25 40 46 15 12 4 22 8 14 

Inst_Index:2512 	 City_Num:50 	 Concorde:5.213218 	 MCTS:5.209680 Improve:0.003537 	 Time:3.76 Seconds
Solution: 1 40 17 14 25 18 3 13 22 27 10 28 34 20 30 44 2 42 29 35 38 8 45 47 12 50 15 23 16 26 31 9 6 48 49 32 4 36 37 39 41 19 11 46 5 33 43 24 21 7 

Inst_Index:2513 	 City_Num:50 	 Concorde:5.912827 	 MCTS:5.912827 Improve:0.000000 	 Time:3.76 Seconds
Solution: 1 11 5 38 12 20 48 46 26 14 44 50 30 35 24 31 19 29 40 49 6 41 9 8 15 25 36 10 18 16 43 22 45 2 3 7 28 23 42 34 4 21 47 27 32 33 17 39 37 13 

Inst_Index:2514 	 City_Num:50 	 Concorde:5.809315 	 MCTS:5.797805 Improve:0.011511 	 Time:3.76 Seconds
Solution: 1 13 38 48 33 12 6 26 41 15 35 8 16 49 50 4 47 42 23 43 14 44 40 19 34 36 39 22 27 29 25 5 21 9 17 46 32 20 11 28 2 45 7 10 37 30 18 31 24 3 

Inst_Index:2515 	 City_Num:50 	 Concorde:6.541710 	 MCTS:6.535195 Improve:0.006515 	 Time:3.76 Seconds
Solution: 1 28 36 33 44 43 2 9 50 13 11 12 21 29 38 10 19 25 18 3 22 47 27 34 30 35 6 49 24 7 20 15 37 16 42 48 8 14 26 45 41 4 5 32 40 23 17 31 39 46 

Inst_Index:2516 	 City_Num:50 	 Concorde:6.010541 	 MCTS:6.008746 Improve:0.001796 	 Time:3.76 Seconds
Solution: 1 9 32 18 31 39 12 14 25 43 46 48 41 5 44 26 20 42 40 37 19 35 38 29 36 10 22 17 16 50 23 13 15 3 34 6 21 2 45 4 24 33 28 27 49 30 7 11 8 47 

Inst_Index:2517 	 City_Num:50 	 Concorde:6.057834 	 MCTS:6.055997 Improve:0.001837 	 Time:3.75 Seconds
Solution: 1 48 19 33 11 15 47 21 8 9 28 6 16 5 3 42 29 31 13 32 26 49 34 20 14 10 36 22 40 18 46 37 44 45 24 25 38 43 35 27 41 4 23 39 7 50 30 2 12 17 

Inst_Index:2518 	 City_Num:50 	 Concorde:5.778165 	 MCTS:5.778165 Improve:0.000000 	 Time:3.76 Seconds
Solution: 1 32 34 3 6 27 40 29 43 2 41 39 50 49 25 20 9 33 36 18 37 45 24 42 21 46 44 31 4 17 15 13 47 35 38 10 22 28 16 48 12 7 14 30 26 23 19 8 5 11 

Inst_Index:2519 	 City_Num:50 	 Concorde:5.419588 	 MCTS:5.419588 Improve:0.000000 	 Time:3.77 Seconds
Solution: 1 42 30 4 45 16 48 9 18 23 13 28 15 35 14 19 47 12 27 29 11 10 2 39 26 17 3 50 6 5 32 22 34 38 46 33 7 20 49 8 40 36 21 44 25 37 24 43 41 31 

Inst_Index:2520 	 City_Num:50 	 Concorde:5.892974 	 MCTS:5.890942 Improve:0.002032 	 Time:3.75 Seconds
Solution: 1 47 12 22 30 9 17 38 29 4 42 15 7 46 2 35 3 6 37 45 44 14 32 23 10 33 24 13 21 11 28 36 20 48 50 43 31 41 34 26 5 49 18 8 25 27 16 40 19 39 

Inst_Index:2521 	 City_Num:50 	 Concorde:5.649268 	 MCTS:5.648322 Improve:0.000946 	 Time:3.76 Seconds
Solution: 1 49 25 30 27 43 38 41 7 3 22 42 34 18 39 29 5 40 10 26 37 46 33 19 44 12 16 23 15 24 20 50 6 8 13 48 45 21 14 28 11 2 36 31 32 35 4 47 17 9 

Inst_Index:2522 	 City_Num:50 	 Concorde:5.886358 	 MCTS:5.886358 Improve:0.000000 	 Time:3.76 Seconds
Solution: 1 34 20 6 16 7 11 24 27 22 14 26 19 37 18 31 44 32 30 17 47 3 38 41 12 23 15 10 28 2 40 35 9 39 42 45 29 33 4 36 50 25 43 13 21 48 8 5 49 46 

Inst_Index:2523 	 City_Num:50 	 Concorde:5.858267 	 MCTS:5.858267 Improve:0.000000 	 Time:3.77 Seconds
Solution: 1 20 11 32 3 47 30 19 15 22 44 45 27 10 13 33 34 35 5 50 48 23 25 18 26 36 7 37 6 16 39 28 17 12 8 41 42 9 31 2 38 4 14 24 49 40 21 43 29 46 

Inst_Index:2524 	 City_Num:50 	 Concorde:5.775271 	 MCTS:5.771806 Improve:0.003465 	 Time:3.76 Seconds
Solution: 1 18 23 32 44 48 9 37 49 12 21 19 5 20 26 42 41 31 25 29 28 22 14 6 34 7 39 35 16 40 43 24 36 4 47 33 17 45 30 2 10 46 27 8 15 11 13 38 50 3 

Inst_Index:2525 	 City_Num:50 	 Concorde:5.617923 	 MCTS:5.617923 Improve:-0.000000 	 Time:3.76 Seconds
Solution: 1 38 32 27 19 25 5 14 31 22 49 37 13 18 16 47 4 34 39 24 40 12 44 23 8 36 50 20 33 35 11 41 2 10 29 46 7 28 21 43 26 6 15 17 42 9 3 45 30 48 

Inst_Index:2526 	 City_Num:50 	 Concorde:6.008844 	 MCTS:6.008844 Improve:-0.000000 	 Time:3.75 Seconds
Solution: 1 13 33 5 15 11 47 50 35 31 6 3 44 37 23 38 18 26 41 36 10 29 22 40 9 16 19 21 39 46 45 34 8 4 49 7 2 28 12 17 42 30 14 24 48 32 43 20 25 27 

Inst_Index:2527 	 City_Num:50 	 Concorde:5.750243 	 MCTS:5.740660 Improve:0.009584 	 Time:3.76 Seconds
Solution: 1 37 6 14 30 48 42 38 35 25 18 26 33 17 46 39 47 4 10 8 24 31 34 22 29 49 50 41 44 28 45 43 20 23 27 32 2 16 7 5 36 21 9 13 19 3 15 40 12 11 

Inst_Index:2528 	 City_Num:50 	 Concorde:5.664894 	 MCTS:5.664894 Improve:-0.000000 	 Time:3.76 Seconds
Solution: 1 32 29 15 47 17 36 25 50 45 3 21 5 9 22 10 27 16 12 18 2 19 48 28 46 31 41 30 24 34 39 43 26 49 14 35 40 33 11 23 20 42 44 7 13 38 4 8 37 6 

Inst_Index:2529 	 City_Num:50 	 Concorde:5.488815 	 MCTS:5.480729 Improve:0.008086 	 Time:3.76 Seconds
Solution: 1 19 18 25 7 47 22 43 37 38 34 12 8 21 27 23 26 46 42 24 6 45 2 9 36 5 50 3 39 48 33 14 29 20 30 32 10 28 41 40 4 49 17 15 31 44 16 35 11 13 

Inst_Index:2530 	 City_Num:50 	 Concorde:5.982810 	 MCTS:5.982810 Improve:0.000000 	 Time:3.76 Seconds
Solution: 1 12 13 36 24 26 8 6 22 19 39 30 43 14 10 18 17 42 34 31 38 40 25 32 44 15 16 11 23 46 2 4 41 3 50 37 20 45 7 21 33 28 27 35 48 29 5 9 49 47 

Inst_Index:2531 	 City_Num:50 	 Concorde:5.612978 	 MCTS:5.612622 Improve:0.000357 	 Time:3.75 Seconds
Solution: 1 44 12 8 29 40 15 10 18 32 2 34 3 6 9 16 50 19 31 41 25 42 14 13 20 36 23 33 37 30 45 7 49 17 47 5 35 4 43 38 24 28 21 39 46 26 27 11 48 22 

Inst_Index:2532 	 City_Num:50 	 Concorde:5.705783 	 MCTS:5.705115 Improve:0.000668 	 Time:3.77 Seconds
Solution: 1 18 30 42 28 22 27 24 50 36 16 14 10 46 43 15 7 33 4 47 40 21 31 20 45 9 48 17 13 26 49 5 37 8 3 12 25 29 35 2 39 11 34 44 38 6 23 32 19 41 

Inst_Index:2533 	 City_Num:50 	 Concorde:5.825476 	 MCTS:5.825476 Improve:0.000000 	 Time:3.75 Seconds
Solution: 1 39 45 32 24 26 13 10 8 36 20 5 19 17 48 28 23 29 43 30 12 33 42 2 47 38 21 46 35 49 7 11 37 50 41 25 4 6 44 31 18 27 16 3 14 34 15 22 9 40 

Inst_Index:2534 	 City_Num:50 	 Concorde:5.445994 	 MCTS:5.445994 Improve:-0.000000 	 Time:3.76 Seconds
Solution: 1 32 37 19 35 7 22 13 17 38 14 49 45 43 25 39 44 47 16 34 29 36 33 5 30 4 50 24 9 23 3 48 40 41 46 18 21 15 10 26 31 27 20 28 2 8 11 12 42 6 

Inst_Index:2535 	 City_Num:50 	 Concorde:5.833426 	 MCTS:5.831274 Improve:0.002152 	 Time:3.76 Seconds
Solution: 1 49 6 4 18 14 30 48 8 5 29 36 15 41 2 19 37 47 45 11 9 16 10 12 27 50 22 3 26 38 31 35 43 39 32 34 17 23 21 7 20 25 46 28 13 40 42 24 44 33 

Inst_Index:2536 	 City_Num:50 	 Concorde:5.768803 	 MCTS:5.768803 Improve:-0.000000 	 Time:3.78 Seconds
Solution: 1 45 5 20 8 25 16 6 34 35 36 50 10 41 19 9 27 44 39 40 13 12 30 3 29 22 21 49 33 14 24 47 32 31 38 7 26 28 37 46 18 43 42 11 23 17 48 15 4 2 

Inst_Index:2537 	 City_Num:50 	 Concorde:6.007502 	 MCTS:6.007502 Improve:0.000000 	 Time:3.75 Seconds
Solution: 1 16 30 8 37 40 46 15 47 3 20 19 4 39 14 41 24 45 5 10 18 33 17 28 48 25 44 32 2 42 34 43 7 38 23 21 9 50 13 49 12 31 26 35 27 22 29 6 11 36 

Inst_Index:2538 	 City_Num:50 	 Concorde:5.765238 	 MCTS:5.764171 Improve:0.001067 	 Time:3.75 Seconds
Solution: 1 41 16 7 33 25 47 37 26 43 42 10 46 40 6 27 14 35 49 20 12 18 5 17 38 23 48 11 44 22 32 24 9 3 28 4 50 8 2 15 19 45 13 29 31 34 36 30 21 39 

Inst_Index:2539 	 City_Num:50 	 Concorde:5.552634 	 MCTS:5.552634 Improve:0.000000 	 Time:3.75 Seconds
Solution: 1 42 17 24 26 10 44 41 21 27 31 5 15 3 14 50 19 20 18 45 11 46 9 38 4 43 47 36 49 33 30 2 28 37 34 7 32 35 39 40 23 25 8 48 29 12 6 16 13 22 

Inst_Index:2540 	 City_Num:50 	 Concorde:5.715846 	 MCTS:5.711346 Improve:0.004501 	 Time:3.77 Seconds
Solution: 1 7 17 6 11 33 8 27 30 4 37 20 35 38 3 36 29 41 44 10 14 31 50 12 2 48 42 28 49 32 25 40 5 19 45 15 39 24 46 47 34 16 21 23 22 18 13 26 43 9 

Inst_Index:2541 	 City_Num:50 	 Concorde:5.475999 	 MCTS:5.475999 Improve:0.000000 	 Time:3.77 Seconds
Solution: 1 21 50 43 39 34 36 7 40 15 41 42 17 20 33 25 11 37 9 31 16 19 4 38 28 22 23 2 44 10 12 45 24 48 3 5 30 35 14 32 49 26 27 8 6 46 13 47 18 29 

Inst_Index:2542 	 City_Num:50 	 Concorde:5.769892 	 MCTS:5.769892 Improve:0.000000 	 Time:3.76 Seconds
Solution: 1 9 8 26 15 38 46 36 42 45 39 33 16 30 18 20 41 34 44 2 28 48 19 23 43 7 4 11 22 6 31 37 14 17 25 3 32 13 5 40 10 35 27 49 12 47 24 50 21 29 

Inst_Index:2543 	 City_Num:50 	 Concorde:5.929967 	 MCTS:5.928337 Improve:0.001629 	 Time:3.77 Seconds
Solution: 1 2 49 42 43 44 50 11 27 37 24 35 8 14 18 41 25 29 15 47 19 16 45 26 6 32 33 38 39 4 23 31 21 22 12 48 28 10 36 17 5 46 34 7 40 13 9 3 30 20 

Inst_Index:2544 	 City_Num:50 	 Concorde:5.840405 	 MCTS:5.840405 Improve:0.000000 	 Time:3.76 Seconds
Solution: 1 5 6 18 25 20 46 43 37 7 40 11 24 3 13 14 42 50 36 44 19 17 45 48 21 23 30 35 41 12 47 34 33 49 2 8 31 29 15 28 32 27 16 22 4 9 39 38 10 26 

Inst_Index:2545 	 City_Num:50 	 Concorde:5.685125 	 MCTS:5.683053 Improve:0.002072 	 Time:3.76 Seconds
Solution: 1 3 30 19 20 23 39 40 34 22 28 10 21 42 37 43 33 49 31 6 12 14 5 45 18 41 35 9 32 2 38 11 27 15 48 13 36 25 7 44 50 46 47 16 29 24 8 26 4 17 

Inst_Index:2546 	 City_Num:50 	 Concorde:5.544033 	 MCTS:5.542930 Improve:0.001102 	 Time:3.76 Seconds
Solution: 1 16 43 17 41 18 49 33 40 46 5 20 35 29 13 7 24 25 22 23 8 27 2 3 26 12 21 38 30 36 32 47 45 34 6 19 28 15 44 50 31 39 10 37 9 11 42 4 14 48 

Inst_Index:2547 	 City_Num:50 	 Concorde:5.992433 	 MCTS:5.992433 Improve:0.000000 	 Time:3.76 Seconds
Solution: 1 30 27 11 49 4 8 20 18 14 43 33 29 40 38 44 3 9 22 36 24 16 32 12 46 6 25 50 39 35 34 41 19 17 7 37 2 31 13 21 10 26 42 15 45 48 5 23 28 47 

Inst_Index:2548 	 City_Num:50 	 Concorde:5.208133 	 MCTS:5.208133 Improve:0.000000 	 Time:3.76 Seconds
Solution: 1 41 12 10 9 36 43 14 37 27 26 3 13 31 18 44 19 16 6 50 40 22 47 30 21 8 20 32 38 29 25 4 5 33 35 45 46 48 42 2 7 49 23 17 28 24 15 11 34 39 

Inst_Index:2549 	 City_Num:50 	 Concorde:5.835388 	 MCTS:5.833930 Improve:0.001458 	 Time:3.76 Seconds
Solution: 1 16 23 15 12 37 32 30 5 4 41 20 18 8 17 24 34 49 14 31 38 3 48 19 26 28 42 21 22 50 36 2 29 40 10 35 44 7 27 45 11 43 47 46 39 13 25 9 33 6 

Inst_Index:2550 	 City_Num:50 	 Concorde:5.571309 	 MCTS:5.571309 Improve:-0.000000 	 Time:3.76 Seconds
Solution: 1 6 31 42 38 43 12 36 4 39 47 45 19 15 20 41 11 16 13 14 33 21 26 44 10 28 50 49 29 30 35 34 32 5 40 25 2 17 23 18 3 37 24 46 22 48 27 8 9 7 

Inst_Index:2551 	 City_Num:50 	 Concorde:5.967145 	 MCTS:5.967145 Improve:0.000000 	 Time:3.76 Seconds
Solution: 1 20 5 36 39 9 8 49 19 15 23 11 45 35 14 2 22 3 44 25 26 21 6 16 12 28 7 27 24 18 43 42 33 48 38 31 47 34 46 40 13 10 50 30 41 37 4 32 29 17 

Inst_Index:2552 	 City_Num:50 	 Concorde:5.459878 	 MCTS:5.456138 Improve:0.003740 	 Time:3.76 Seconds
Solution: 1 23 4 28 26 16 36 8 20 47 17 15 43 46 5 14 48 10 24 9 21 35 31 42 22 12 38 13 32 37 30 34 11 49 18 19 25 6 45 7 3 41 27 29 2 33 40 39 44 50 

Inst_Index:2553 	 City_Num:50 	 Concorde:5.454787 	 MCTS:5.454679 Improve:0.000108 	 Time:3.77 Seconds
Solution: 1 47 32 11 9 37 39 13 7 6 30 5 34 44 21 40 16 3 4 38 41 48 10 28 49 15 22 20 29 25 31 23 2 42 17 19 46 24 33 50 18 45 36 35 12 14 27 43 8 26 

Inst_Index:2554 	 City_Num:50 	 Concorde:5.476312 	 MCTS:5.476312 Improve:-0.000000 	 Time:3.75 Seconds
Solution: 1 48 12 13 6 37 42 31 4 7 16 11 32 24 29 15 2 45 40 14 18 47 41 46 49 39 9 23 21 44 36 26 43 3 50 5 28 19 10 27 35 33 22 25 17 20 38 34 30 8 

Inst_Index:2555 	 City_Num:50 	 Concorde:5.412932 	 MCTS:5.411999 Improve:0.000933 	 Time:3.77 Seconds
Solution: 1 16 42 29 34 31 14 24 13 26 47 36 21 48 12 41 43 15 38 30 32 27 20 10 50 5 49 46 18 44 45 28 8 9 7 4 35 22 11 39 3 23 37 40 6 2 19 25 17 33 

Inst_Index:2556 	 City_Num:50 	 Concorde:5.530810 	 MCTS:5.530810 Improve:0.000000 	 Time:3.77 Seconds
Solution: 1 17 42 45 46 25 43 21 36 9 3 28 49 33 32 19 35 6 29 23 40 11 7 50 31 22 34 37 47 39 15 12 18 30 27 8 16 13 20 10 44 38 4 14 48 24 2 5 41 26 

Inst_Index:2557 	 City_Num:50 	 Concorde:5.162388 	 MCTS:5.158880 Improve:0.003507 	 Time:3.76 Seconds
Solution: 1 22 35 8 28 29 50 13 21 39 46 17 43 2 14 11 19 25 15 6 16 4 10 3 47 41 38 20 7 33 42 30 36 27 34 32 18 44 37 40 24 23 45 5 12 31 48 26 9 49 

Inst_Index:2558 	 City_Num:50 	 Concorde:5.878983 	 MCTS:5.878983 Improve:-0.000000 	 Time:3.77 Seconds
Solution: 1 33 15 47 42 5 34 14 26 29 18 3 20 44 38 11 49 43 39 23 4 41 12 16 19 6 40 32 21 31 48 24 30 7 10 36 13 28 9 50 8 37 17 25 22 35 45 46 2 27 

Inst_Index:2559 	 City_Num:50 	 Concorde:5.773426 	 MCTS:5.773426 Improve:-0.000000 	 Time:3.76 Seconds
Solution: 1 9 4 47 7 41 43 48 20 28 23 35 24 22 40 25 26 39 5 13 3 45 6 34 42 49 38 27 46 12 16 17 15 18 36 19 37 8 50 11 2 32 33 29 14 31 44 10 30 21 

Inst_Index:2560 	 City_Num:50 	 Concorde:6.103563 	 MCTS:6.103563 Improve:0.000000 	 Time:3.76 Seconds
Solution: 1 33 35 15 48 45 47 46 44 42 3 40 24 18 12 39 29 5 16 43 34 50 38 6 10 22 14 17 49 31 11 37 20 41 9 27 26 7 13 4 8 28 36 21 19 30 32 23 2 25 

Inst_Index:2561 	 City_Num:50 	 Concorde:5.603188 	 MCTS:5.595576 Improve:0.007613 	 Time:3.76 Seconds
Solution: 1 47 22 25 24 12 21 10 26 36 20 9 29 19 4 42 23 3 43 31 38 8 41 32 17 44 28 6 13 27 35 18 5 48 16 34 11 46 33 37 49 30 7 45 40 39 50 14 2 15 

Inst_Index:2562 	 City_Num:50 	 Concorde:5.732313 	 MCTS:5.731809 Improve:0.000504 	 Time:3.75 Seconds
Solution: 1 50 39 36 19 40 23 14 5 42 43 20 11 48 8 29 18 34 16 33 49 17 47 37 21 26 3 9 38 35 28 2 22 41 6 12 46 7 10 15 31 27 45 24 13 30 32 25 4 44 

Inst_Index:2563 	 City_Num:50 	 Concorde:5.298813 	 MCTS:5.298813 Improve:-0.000000 	 Time:3.77 Seconds
Solution: 1 12 2 32 29 48 45 39 24 37 17 46 27 22 26 10 47 8 15 30 35 28 9 20 33 25 6 43 18 38 14 5 50 16 49 36 44 34 19 13 4 40 21 23 3 42 41 31 7 11 

Inst_Index:2564 	 City_Num:50 	 Concorde:5.305240 	 MCTS:5.305240 Improve:0.000000 	 Time:3.75 Seconds
Solution: 1 30 19 45 38 31 36 48 13 42 16 44 23 27 17 40 28 18 12 37 3 4 41 25 24 9 10 43 14 33 15 20 50 39 8 21 35 7 2 11 49 32 26 46 34 6 5 47 29 22 

Inst_Index:2565 	 City_Num:50 	 Concorde:5.066940 	 MCTS:5.064730 Improve:0.002210 	 Time:3.75 Seconds
Solution: 1 44 31 28 45 3 2 48 19 15 46 17 40 12 47 42 11 25 16 26 13 4 22 36 21 41 37 14 27 10 30 32 24 39 9 43 7 23 33 38 50 8 34 6 35 20 5 29 49 18 

Inst_Index:2566 	 City_Num:50 	 Concorde:5.562429 	 MCTS:5.562429 Improve:0.000000 	 Time:3.77 Seconds
Solution: 1 41 47 50 16 44 15 46 38 27 3 43 7 18 30 32 31 48 13 40 10 2 29 5 21 35 20 24 36 4 9 26 34 19 22 45 49 37 23 14 28 25 6 33 12 42 39 8 17 11 

Inst_Index:2567 	 City_Num:50 	 Concorde:5.847582 	 MCTS:5.838056 Improve:0.009526 	 Time:3.75 Seconds
Solution: 1 22 2 29 44 6 45 42 49 43 25 31 12 41 40 24 10 19 9 4 50 21 32 23 47 14 34 16 18 20 30 37 48 17 39 35 26 36 8 15 38 7 3 11 46 28 27 13 33 5 

Inst_Index:2568 	 City_Num:50 	 Concorde:5.834375 	 MCTS:5.834375 Improve:0.000000 	 Time:3.75 Seconds
Solution: 1 41 4 28 39 47 23 21 36 42 31 19 34 29 44 45 30 24 7 9 46 27 5 14 3 43 25 13 8 18 15 11 33 38 12 22 40 35 17 26 48 37 32 6 49 10 2 20 50 16 

Inst_Index:2569 	 City_Num:50 	 Concorde:6.076525 	 MCTS:6.076525 Improve:-0.000000 	 Time:3.77 Seconds
Solution: 1 7 16 20 3 35 40 17 34 24 15 44 26 13 30 6 48 9 18 49 14 43 39 19 11 32 29 46 2 5 36 25 21 10 27 22 47 38 50 33 28 42 4 31 12 37 23 45 8 41 

Inst_Index:2570 	 City_Num:50 	 Concorde:5.489778 	 MCTS:5.489778 Improve:0.000000 	 Time:3.76 Seconds
Solution: 1 42 48 9 36 13 30 22 47 4 27 3 6 5 49 40 32 28 17 43 39 24 31 2 14 41 50 44 33 23 15 19 12 20 29 37 7 45 21 11 26 35 16 46 25 8 18 10 38 34 

Inst_Index:2571 	 City_Num:50 	 Concorde:5.684750 	 MCTS:5.684750 Improve:0.000000 	 Time:3.76 Seconds
Solution: 1 6 32 20 4 34 12 17 7 27 45 13 43 22 42 3 37 30 5 39 2 33 29 8 49 23 9 25 35 26 48 21 46 28 31 10 47 14 40 38 19 11 50 41 18 24 44 15 16 36 

Inst_Index:2572 	 City_Num:50 	 Concorde:6.112742 	 MCTS:6.112742 Improve:0.000000 	 Time:3.77 Seconds
Solution: 1 4 14 15 19 43 39 48 6 41 45 8 7 16 50 23 18 44 13 34 47 2 28 11 42 40 25 37 22 38 21 35 9 3 46 30 27 5 17 24 32 33 49 20 26 10 12 29 31 36 

Inst_Index:2573 	 City_Num:50 	 Concorde:5.425787 	 MCTS:5.425400 Improve:0.000387 	 Time:3.75 Seconds
Solution: 1 34 3 26 39 41 27 50 12 33 37 7 14 16 42 44 18 32 25 6 22 40 28 15 4 19 11 29 24 30 36 46 49 20 21 9 35 23 43 2 10 13 5 48 38 47 45 31 17 8 

Inst_Index:2574 	 City_Num:50 	 Concorde:5.800691 	 MCTS:5.799463 Improve:0.001228 	 Time:3.76 Seconds
Solution: 1 42 4 35 46 8 31 50 20 13 11 36 28 14 17 22 24 29 44 45 10 23 25 9 16 21 33 48 27 19 12 47 40 2 39 3 5 49 43 18 7 41 37 26 34 6 15 30 38 32 

Inst_Index:2575 	 City_Num:50 	 Concorde:5.929149 	 MCTS:5.929149 Improve:0.000000 	 Time:3.76 Seconds
Solution: 1 14 38 33 24 6 36 45 31 42 4 46 9 48 40 21 11 37 26 35 29 47 43 44 7 13 10 49 8 25 16 41 22 39 15 5 19 17 28 34 3 32 50 27 30 12 20 23 18 2 

Inst_Index:2576 	 City_Num:50 	 Concorde:6.104597 	 MCTS:6.104597 Improve:0.000000 	 Time:3.76 Seconds
Solution: 1 7 27 3 5 33 29 15 39 46 18 21 25 12 28 13 49 38 36 40 48 11 24 43 4 37 17 8 23 22 10 31 26 14 34 30 20 44 2 6 32 35 47 42 19 9 41 16 45 50 

Inst_Index:2577 	 City_Num:50 	 Concorde:5.530288 	 MCTS:5.530288 Improve:0.000000 	 Time:3.76 Seconds
Solution: 1 31 11 43 44 49 27 19 8 25 18 7 47 26 36 39 34 33 5 4 29 3 40 15 46 42 41 9 10 30 14 16 32 35 6 23 50 37 20 13 22 24 45 17 12 21 48 38 2 28 

Inst_Index:2578 	 City_Num:50 	 Concorde:5.862746 	 MCTS:5.862746 Improve:0.000000 	 Time:3.76 Seconds
Solution: 1 50 46 29 14 20 11 6 8 13 36 48 41 30 33 2 12 7 32 17 15 39 26 44 24 23 22 43 25 37 42 28 49 19 5 34 4 18 31 27 38 21 45 9 47 10 35 40 3 16 

Inst_Index:2579 	 City_Num:50 	 Concorde:5.860846 	 MCTS:5.860846 Improve:0.000000 	 Time:3.77 Seconds
Solution: 1 14 48 12 7 42 25 28 19 26 11 22 6 45 27 9 5 33 15 8 3 18 37 40 24 17 49 21 30 43 41 35 4 50 23 34 16 10 20 38 2 36 32 31 46 29 39 13 44 47 

Inst_Index:2580 	 City_Num:50 	 Concorde:5.205078 	 MCTS:5.203885 Improve:0.001193 	 Time:3.75 Seconds
Solution: 1 16 22 4 9 20 42 25 7 32 3 36 47 21 49 27 40 50 41 38 31 5 43 29 12 10 2 46 19 14 15 44 37 48 24 33 13 30 39 28 11 45 35 26 34 18 23 8 17 6 

Inst_Index:2581 	 City_Num:50 	 Concorde:5.508918 	 MCTS:5.503300 Improve:0.005618 	 Time:3.76 Seconds
Solution: 1 10 50 29 41 40 13 25 42 31 46 14 20 12 30 18 24 16 47 15 11 35 48 38 28 8 23 43 45 37 9 27 33 44 19 17 39 22 34 21 2 6 7 26 5 32 3 36 49 4 

Inst_Index:2582 	 City_Num:50 	 Concorde:5.998478 	 MCTS:5.993252 Improve:0.005226 	 Time:3.78 Seconds
Solution: 1 13 32 43 18 9 49 12 14 36 29 20 42 10 41 25 48 45 40 6 44 7 11 31 21 23 28 8 34 16 27 15 37 24 39 2 47 5 3 4 26 19 33 30 35 22 50 46 38 17 

Inst_Index:2583 	 City_Num:50 	 Concorde:5.791988 	 MCTS:5.791988 Improve:0.000000 	 Time:3.76 Seconds
Solution: 1 18 16 48 9 17 13 4 45 33 28 14 41 40 50 46 30 10 2 27 42 35 11 43 38 21 49 7 5 26 3 47 23 22 6 32 12 19 8 25 34 36 24 29 31 20 37 44 15 39 

Inst_Index:2584 	 City_Num:50 	 Concorde:6.065761 	 MCTS:6.065761 Improve:0.000000 	 Time:3.76 Seconds
Solution: 1 12 18 14 33 8 17 30 21 24 19 16 38 29 42 27 15 22 10 44 35 11 43 36 47 23 4 37 7 3 5 49 45 31 40 28 41 32 2 9 20 13 25 50 34 48 6 39 46 26 

Inst_Index:2585 	 City_Num:50 	 Concorde:5.822048 	 MCTS:5.822048 Improve:-0.000000 	 Time:3.76 Seconds
Solution: 1 21 8 46 2 5 40 45 16 49 26 44 17 7 14 31 30 43 10 18 3 9 48 13 39 6 4 29 36 15 28 35 37 38 27 50 11 34 33 47 32 25 41 22 20 42 19 12 24 23 

Inst_Index:2586 	 City_Num:50 	 Concorde:5.878447 	 MCTS:5.878447 Improve:-0.000000 	 Time:3.76 Seconds
Solution: 1 25 15 30 33 14 26 47 20 45 29 6 23 31 42 44 3 16 19 2 49 4 8 12 22 39 46 10 41 38 48 32 18 21 35 43 34 40 7 11 24 13 50 37 36 17 27 5 28 9 

Inst_Index:2587 	 City_Num:50 	 Concorde:5.432984 	 MCTS:5.432984 Improve:-0.000000 	 Time:3.76 Seconds
Solution: 1 38 10 33 23 31 43 21 28 24 7 2 26 35 13 6 49 37 39 9 18 27 25 47 20 16 19 14 36 44 50 46 45 17 32 11 40 8 42 5 22 48 4 3 34 12 15 30 29 41 

Inst_Index:2588 	 City_Num:50 	 Concorde:5.662405 	 MCTS:5.659086 Improve:0.003318 	 Time:3.76 Seconds
Solution: 1 37 39 5 28 48 10 29 47 2 25 45 21 6 46 4 27 38 13 23 19 3 26 31 41 22 42 49 43 40 14 36 11 9 33 34 7 8 20 17 30 15 32 44 35 50 16 24 18 12 

Inst_Index:2589 	 City_Num:50 	 Concorde:5.826955 	 MCTS:5.826955 Improve:-0.000000 	 Time:3.76 Seconds
Solution: 1 26 39 2 42 38 12 33 49 9 32 8 6 22 19 10 30 3 40 47 45 37 25 5 41 48 44 21 15 14 35 24 17 31 7 43 29 23 20 34 16 50 28 11 13 46 18 27 4 36 

Inst_Index:2590 	 City_Num:50 	 Concorde:5.489658 	 MCTS:5.489658 Improve:0.000000 	 Time:3.76 Seconds
Solution: 1 14 31 26 43 4 22 23 33 40 13 12 10 35 34 11 15 20 44 48 24 38 32 5 28 42 17 3 50 41 36 25 16 49 7 45 8 39 21 46 29 37 19 30 18 27 2 6 9 47 

Inst_Index:2591 	 City_Num:50 	 Concorde:5.951578 	 MCTS:5.951578 Improve:-0.000000 	 Time:3.76 Seconds
Solution: 1 38 36 14 24 18 13 48 12 37 30 23 47 11 42 44 3 6 5 22 46 31 2 8 17 21 29 49 43 27 28 39 10 41 50 32 40 25 15 45 4 9 33 35 19 20 16 26 34 7 

Inst_Index:2592 	 City_Num:50 	 Concorde:5.962512 	 MCTS:5.961974 Improve:0.000538 	 Time:3.77 Seconds
Solution: 1 14 5 34 35 47 15 4 3 22 12 41 44 25 28 42 30 20 10 37 38 19 9 50 2 49 32 16 39 29 21 27 6 11 26 36 40 17 8 7 31 23 45 46 24 13 48 18 33 43 

Inst_Index:2593 	 City_Num:50 	 Concorde:5.523892 	 MCTS:5.520521 Improve:0.003371 	 Time:3.76 Seconds
Solution: 1 39 29 4 25 48 18 14 13 27 47 19 43 12 22 21 17 6 37 42 16 34 28 49 8 5 46 44 7 35 23 45 2 15 20 32 11 24 31 30 38 40 33 41 9 26 3 10 50 36 

Inst_Index:2594 	 City_Num:50 	 Concorde:5.571086 	 MCTS:5.569141 Improve:0.001945 	 Time:3.76 Seconds
Solution: 1 37 32 2 45 19 8 11 35 17 43 18 3 38 28 27 34 20 22 4 33 29 15 40 13 9 46 48 21 5 14 42 47 12 50 25 41 44 26 30 36 23 39 6 49 31 10 24 16 7 

Inst_Index:2595 	 City_Num:50 	 Concorde:5.510697 	 MCTS:5.507890 Improve:0.002806 	 Time:3.77 Seconds
Solution: 1 28 21 29 8 14 33 16 27 35 38 9 12 24 25 6 17 19 37 50 49 22 13 15 18 45 4 39 32 10 43 30 44 40 11 36 20 47 48 5 3 31 2 41 46 34 26 23 42 7 

Inst_Index:2596 	 City_Num:50 	 Concorde:5.446074 	 MCTS:5.446074 Improve:0.000000 	 Time:3.75 Seconds
Solution: 1 34 41 15 5 49 9 16 19 28 43 47 22 24 11 48 18 33 30 27 45 13 29 21 20 50 12 17 32 4 42 38 23 35 46 44 8 10 6 14 26 31 36 3 37 40 25 2 39 7 

Inst_Index:2597 	 City_Num:50 	 Concorde:5.646994 	 MCTS:5.646994 Improve:-0.000000 	 Time:3.75 Seconds
Solution: 1 45 44 38 33 19 20 6 31 34 5 35 15 48 41 3 2 26 40 25 23 18 14 28 16 8 17 10 37 24 4 43 36 39 27 47 7 29 22 21 12 32 46 42 50 9 30 11 49 13 

Inst_Index:2598 	 City_Num:50 	 Concorde:5.681460 	 MCTS:5.681460 Improve:0.000000 	 Time:3.76 Seconds
Solution: 1 17 6 2 46 30 33 44 35 41 21 27 9 20 31 48 37 28 19 43 49 10 34 26 14 13 40 47 11 50 23 38 3 22 7 5 12 36 15 42 29 16 32 45 39 24 8 25 4 18 

Inst_Index:2599 	 City_Num:50 	 Concorde:5.677042 	 MCTS:5.675782 Improve:0.001259 	 Time:3.77 Seconds
Solution: 1 17 40 43 27 28 23 9 25 29 21 36 30 41 22 6 32 44 45 2 24 16 8 34 20 31 12 49 47 13 33 19 48 38 10 39 11 14 50 35 46 26 37 42 4 3 5 7 15 18 

Inst_Index:2600 	 City_Num:50 	 Concorde:5.745235 	 MCTS:5.742041 Improve:0.003194 	 Time:3.75 Seconds
Solution: 1 31 39 47 7 4 38 11 50 2 9 33 24 12 19 40 29 20 46 22 43 27 36 42 23 6 32 26 35 25 16 37 44 21 45 49 18 8 48 30 34 17 28 10 41 13 5 15 14 3 

Inst_Index:2601 	 City_Num:50 	 Concorde:6.167242 	 MCTS:6.167242 Improve:-0.000000 	 Time:3.75 Seconds
Solution: 1 32 25 13 23 27 20 21 37 4 14 33 26 39 9 29 40 15 50 8 16 35 43 12 18 5 6 28 2 41 3 11 10 45 24 47 36 42 22 7 17 19 38 34 44 46 31 48 49 30 

Inst_Index:2602 	 City_Num:50 	 Concorde:5.583803 	 MCTS:5.583803 Improve:-0.000000 	 Time:3.76 Seconds
Solution: 1 50 23 19 25 16 5 36 12 4 15 22 33 7 39 34 14 49 48 32 46 42 30 20 10 35 37 31 28 24 8 2 27 6 45 41 18 13 40 43 9 26 3 17 29 47 11 38 44 21 

Inst_Index:2603 	 City_Num:50 	 Concorde:5.517162 	 MCTS:5.513935 Improve:0.003226 	 Time:3.76 Seconds
Solution: 1 36 14 24 30 48 17 5 21 27 26 9 11 23 45 37 3 39 46 35 13 32 7 18 43 22 25 6 8 49 47 29 20 12 15 19 28 33 10 50 34 31 42 2 44 16 41 4 38 40 

Inst_Index:2604 	 City_Num:50 	 Concorde:5.756670 	 MCTS:5.756670 Improve:0.000000 	 Time:3.75 Seconds
Solution: 1 19 15 28 49 8 5 44 4 7 20 43 22 10 27 37 24 25 26 14 42 35 41 23 40 18 34 33 13 2 47 29 11 17 39 36 32 45 50 6 46 38 31 48 21 16 12 30 3 9 

Inst_Index:2605 	 City_Num:50 	 Concorde:5.727957 	 MCTS:5.727957 Improve:0.000000 	 Time:3.76 Seconds
Solution: 1 31 23 36 20 11 39 4 6 3 18 28 33 2 44 32 19 10 49 15 27 16 50 5 34 40 42 8 13 29 37 26 17 48 47 45 7 41 12 9 38 22 30 24 14 25 43 21 35 46 

Inst_Index:2606 	 City_Num:50 	 Concorde:6.019104 	 MCTS:6.019104 Improve:-0.000000 	 Time:3.76 Seconds
Solution: 1 28 42 41 14 48 7 9 47 27 5 43 29 40 20 26 46 3 45 17 23 32 2 36 21 35 4 24 39 15 34 31 30 10 12 37 8 18 13 22 33 49 25 19 11 38 6 44 50 16 

Inst_Index:2607 	 City_Num:50 	 Concorde:5.559926 	 MCTS:5.555475 Improve:0.004451 	 Time:3.77 Seconds
Solution: 1 3 42 45 23 17 30 8 16 34 12 20 13 14 31 18 36 41 37 19 35 25 49 5 4 39 50 21 11 43 26 29 15 44 33 48 7 24 9 32 47 38 27 10 22 46 2 6 40 28 

Inst_Index:2608 	 City_Num:50 	 Concorde:5.693669 	 MCTS:5.693669 Improve:0.000000 	 Time:3.76 Seconds
Solution: 1 43 6 36 10 33 41 38 15 4 29 35 34 42 21 22 20 45 8 40 13 46 5 39 24 14 44 48 7 11 37 16 19 25 50 18 31 3 23 9 12 32 49 2 17 27 28 26 30 47 

Inst_Index:2609 	 City_Num:50 	 Concorde:6.057822 	 MCTS:6.057822 Improve:0.000000 	 Time:3.76 Seconds
Solution: 1 3 34 30 44 42 32 39 45 20 47 7 25 28 15 9 24 22 43 5 10 14 31 46 13 35 6 11 16 40 23 50 37 33 12 4 18 19 38 27 49 29 36 41 2 17 21 26 8 48 

Inst_Index:2610 	 City_Num:50 	 Concorde:5.717502 	 MCTS:5.717502 Improve:0.000000 	 Time:3.76 Seconds
Solution: 1 30 10 45 27 47 38 24 25 32 16 12 15 21 9 2 31 8 41 49 28 48 18 35 33 40 13 22 39 44 37 42 20 11 3 6 19 29 50 7 23 36 26 43 4 46 5 14 17 34 

Inst_Index:2611 	 City_Num:50 	 Concorde:5.773935 	 MCTS:5.773935 Improve:-0.000000 	 Time:3.75 Seconds
Solution: 1 32 29 37 17 7 41 27 44 47 35 50 28 18 2 15 3 42 23 8 19 45 36 49 12 10 46 9 33 43 20 16 4 6 24 31 22 21 30 40 34 13 14 48 5 39 11 25 38 26 

Inst_Index:2612 	 City_Num:50 	 Concorde:4.947954 	 MCTS:4.947954 Improve:0.000000 	 Time:3.76 Seconds
Solution: 1 29 42 49 14 28 19 20 30 45 11 21 46 37 10 16 18 13 36 17 5 3 9 32 34 2 41 33 38 12 35 22 6 24 23 7 25 43 40 26 31 27 50 8 48 44 15 4 47 39 

Inst_Index:2613 	 City_Num:50 	 Concorde:5.905509 	 MCTS:5.893692 Improve:0.011817 	 Time:3.76 Seconds
Solution: 1 19 48 6 10 15 43 32 49 44 22 17 24 35 26 20 18 33 23 30 2 13 29 9 7 31 34 16 5 45 21 12 41 37 4 3 25 14 39 36 46 11 38 40 27 28 50 42 8 47 

Inst_Index:2614 	 City_Num:50 	 Concorde:5.599880 	 MCTS:5.598934 Improve:0.000946 	 Time:3.77 Seconds
Solution: 1 2 43 14 9 37 27 32 50 36 13 7 22 49 11 26 15 8 45 33 19 29 3 25 4 40 42 24 30 21 41 28 20 17 39 48 46 34 10 12 44 5 18 31 38 23 35 47 16 6 

Inst_Index:2615 	 City_Num:50 	 Concorde:5.212796 	 MCTS:5.209079 Improve:0.003717 	 Time:3.76 Seconds
Solution: 1 5 16 3 31 47 14 33 34 15 13 50 44 27 26 6 42 8 11 19 29 38 46 21 39 25 28 20 32 18 36 30 35 43 22 45 10 2 9 37 17 40 24 7 48 4 23 41 12 49 

Inst_Index:2616 	 City_Num:50 	 Concorde:6.000838 	 MCTS:6.000838 Improve:-0.000000 	 Time:3.77 Seconds
Solution: 1 18 27 37 29 21 39 45 41 34 26 6 5 11 4 16 46 20 30 10 22 38 25 50 49 31 32 35 40 43 2 3 47 19 44 28 7 24 14 12 13 36 8 48 23 9 15 33 17 42 

Inst_Index:2617 	 City_Num:50 	 Concorde:5.709613 	 MCTS:5.709613 Improve:0.000000 	 Time:3.76 Seconds
Solution: 1 24 9 44 27 14 28 29 42 15 16 32 17 5 34 22 49 41 13 45 21 30 18 48 7 46 38 43 11 36 12 31 35 40 37 33 3 4 50 20 2 39 6 26 23 8 47 10 19 25 

Inst_Index:2618 	 City_Num:50 	 Concorde:6.085709 	 MCTS:6.085709 Improve:-0.000000 	 Time:3.77 Seconds
Solution: 1 42 47 21 10 4 25 11 38 31 29 39 36 12 22 43 32 30 33 15 13 46 6 26 16 40 24 2 45 27 5 50 34 8 28 9 44 20 19 17 37 23 3 41 48 14 49 35 7 18 

Inst_Index:2619 	 City_Num:50 	 Concorde:5.727501 	 MCTS:5.727501 Improve:0.000000 	 Time:3.77 Seconds
Solution: 1 5 31 23 7 24 39 13 32 37 49 47 19 15 45 9 30 29 21 11 28 41 3 50 8 6 18 46 42 38 14 40 22 35 44 34 43 48 33 16 17 10 36 2 20 25 4 26 12 27 

Inst_Index:2620 	 City_Num:50 	 Concorde:6.089336 	 MCTS:6.089336 Improve:-0.000000 	 Time:3.75 Seconds
Solution: 1 11 17 14 49 19 16 42 21 48 8 10 39 40 13 2 43 37 12 7 5 44 15 46 45 50 47 41 26 18 23 38 35 29 22 4 9 33 25 3 20 34 28 6 32 31 30 24 27 36 

Inst_Index:2621 	 City_Num:50 	 Concorde:5.760303 	 MCTS:5.759783 Improve:0.000520 	 Time:3.77 Seconds
Solution: 1 21 17 29 50 48 47 28 15 31 4 6 25 39 9 40 43 23 13 35 37 24 2 11 34 3 14 16 33 30 32 42 18 22 8 38 26 46 10 45 36 41 49 44 5 12 27 20 7 19 

Inst_Index:2622 	 City_Num:50 	 Concorde:6.048148 	 MCTS:6.048148 Improve:0.000000 	 Time:3.76 Seconds
Solution: 1 45 8 26 46 19 50 36 23 28 5 40 39 12 15 18 37 11 32 49 9 27 25 17 31 42 14 47 21 3 20 2 16 22 44 10 29 13 43 41 7 34 33 4 35 48 30 6 38 24 

Inst_Index:2623 	 City_Num:50 	 Concorde:5.979832 	 MCTS:5.978558 Improve:0.001274 	 Time:3.77 Seconds
Solution: 1 9 40 30 28 49 19 15 32 4 25 17 33 24 18 10 13 45 14 37 26 23 16 2 48 5 35 29 34 8 36 38 39 11 50 47 20 41 6 46 7 21 22 43 27 31 42 3 44 12 

Inst_Index:2624 	 City_Num:50 	 Concorde:6.119622 	 MCTS:6.119622 Improve:0.000000 	 Time:3.76 Seconds
Solution: 1 19 46 11 34 29 45 23 28 26 41 10 37 4 15 2 35 8 14 27 49 39 32 22 40 47 21 44 33 43 48 31 30 20 38 9 6 36 18 3 25 7 13 42 24 16 5 50 12 17 

Inst_Index:2625 	 City_Num:50 	 Concorde:5.610630 	 MCTS:5.610630 Improve:0.000000 	 Time:3.75 Seconds
Solution: 1 4 2 32 30 9 45 26 10 33 5 22 3 36 27 12 29 21 41 34 44 14 17 42 46 16 18 35 19 13 15 47 25 49 23 8 24 50 11 31 20 48 38 28 39 7 6 43 40 37 

Inst_Index:2626 	 City_Num:50 	 Concorde:5.682121 	 MCTS:5.681046 Improve:0.001075 	 Time:3.76 Seconds
Solution: 1 2 11 8 50 29 10 9 47 39 48 27 30 21 45 3 35 5 14 33 44 6 41 23 24 38 43 7 26 36 25 17 49 18 40 19 28 42 32 37 12 20 31 34 4 22 13 46 15 16 

Inst_Index:2627 	 City_Num:50 	 Concorde:5.355007 	 MCTS:5.355007 Improve:-0.000000 	 Time:3.75 Seconds
Solution: 1 30 41 8 21 10 46 38 3 34 23 32 11 22 44 25 7 35 15 28 43 37 49 19 31 20 27 6 16 13 9 26 24 5 39 14 4 36 45 48 17 29 40 2 50 47 42 12 33 18 

Inst_Index:2628 	 City_Num:50 	 Concorde:5.895065 	 MCTS:5.895065 Improve:-0.000000 	 Time:3.76 Seconds
Solution: 1 34 26 31 30 3 5 38 13 35 4 23 18 14 48 15 19 43 47 11 12 41 8 46 10 24 39 20 27 36 7 28 6 9 29 2 45 49 42 40 16 21 50 44 33 32 25 37 22 17 

Inst_Index:2629 	 City_Num:50 	 Concorde:6.069209 	 MCTS:6.060825 Improve:0.008385 	 Time:3.76 Seconds
Solution: 1 21 15 11 38 39 20 26 7 36 35 48 25 32 19 47 34 13 31 41 24 29 6 8 49 9 12 10 18 37 22 3 43 33 28 23 2 42 5 14 4 40 16 45 17 27 44 50 46 30 

Inst_Index:2630 	 City_Num:50 	 Concorde:5.437099 	 MCTS:5.437099 Improve:-0.000000 	 Time:3.75 Seconds
Solution: 1 28 29 24 39 45 43 21 13 37 35 34 26 5 33 47 27 9 19 20 22 8 4 46 16 32 15 23 50 14 40 17 44 25 36 18 12 30 41 49 7 48 3 42 31 2 38 10 11 6 

Inst_Index:2631 	 City_Num:50 	 Concorde:5.567676 	 MCTS:5.567676 Improve:0.000000 	 Time:3.78 Seconds
Solution: 1 36 21 49 34 42 39 6 14 25 24 7 19 11 50 32 26 13 37 29 23 12 45 22 44 41 43 47 18 17 35 9 10 3 31 33 28 46 27 40 2 15 16 5 20 8 38 30 4 48 

Inst_Index:2632 	 City_Num:50 	 Concorde:5.808051 	 MCTS:5.808051 Improve:0.000000 	 Time:3.75 Seconds
Solution: 1 11 6 14 13 19 48 15 49 41 34 4 17 40 46 7 12 50 9 42 26 39 18 23 10 25 31 5 36 38 16 32 2 30 37 43 24 33 21 47 20 8 44 28 22 3 35 27 29 45 

Inst_Index:2633 	 City_Num:50 	 Concorde:5.563630 	 MCTS:5.562448 Improve:0.001183 	 Time:3.75 Seconds
Solution: 1 31 26 2 34 36 42 4 6 27 47 10 37 28 24 9 49 7 39 18 12 14 5 15 41 20 22 8 35 44 25 30 50 3 48 38 45 23 16 32 43 21 11 40 29 46 19 13 17 33 

Inst_Index:2634 	 City_Num:50 	 Concorde:5.620435 	 MCTS:5.620435 Improve:-0.000000 	 Time:3.75 Seconds
Solution: 1 2 37 19 39 34 18 28 32 43 17 33 14 13 4 3 12 36 50 42 48 29 24 5 7 46 8 35 49 47 45 31 27 23 6 38 22 44 26 9 21 11 15 30 41 40 25 20 16 10 

Inst_Index:2635 	 City_Num:50 	 Concorde:5.843123 	 MCTS:5.841525 Improve:0.001598 	 Time:3.75 Seconds
Solution: 1 25 26 36 5 13 24 17 39 45 35 38 23 48 18 6 19 28 9 4 29 22 16 40 8 43 7 47 37 46 49 32 50 30 10 2 14 15 21 34 11 3 44 12 31 42 20 27 33 41 

Inst_Index:2636 	 City_Num:50 	 Concorde:5.677691 	 MCTS:5.677691 Improve:0.000000 	 Time:3.76 Seconds
Solution: 1 36 43 47 21 50 9 20 46 32 3 18 45 8 44 41 10 34 26 7 12 5 22 27 48 14 25 38 49 16 24 6 4 11 30 33 23 29 37 19 13 35 17 28 15 42 40 39 31 2 

Inst_Index:2637 	 City_Num:50 	 Concorde:5.920632 	 MCTS:5.920632 Improve:0.000000 	 Time:3.76 Seconds
Solution: 1 19 3 20 42 11 38 36 27 48 2 12 50 47 34 46 45 6 7 29 15 32 4 43 44 33 17 16 28 9 40 49 41 22 30 23 35 10 26 14 24 25 21 31 8 13 18 37 5 39 

Inst_Index:2638 	 City_Num:50 	 Concorde:5.950127 	 MCTS:5.950127 Improve:-0.000000 	 Time:3.78 Seconds
Solution: 1 7 23 39 12 4 15 21 40 6 19 26 41 14 3 44 9 34 37 2 27 25 33 50 45 20 31 24 16 28 22 32 11 18 13 30 36 43 8 10 35 46 29 17 49 48 38 5 42 47 

Inst_Index:2639 	 City_Num:50 	 Concorde:6.001006 	 MCTS:5.997403 Improve:0.003602 	 Time:3.76 Seconds
Solution: 1 26 7 24 49 13 19 12 10 48 31 35 27 37 33 17 5 21 44 36 23 6 22 38 40 4 28 39 45 16 43 11 8 18 30 47 9 32 2 50 41 3 46 14 29 15 25 20 42 34 

Inst_Index:2640 	 City_Num:50 	 Concorde:5.973430 	 MCTS:5.973430 Improve:0.000000 	 Time:3.77 Seconds
Solution: 1 24 45 12 38 26 11 33 20 49 46 6 47 10 14 18 29 2 19 16 25 37 35 8 22 28 17 7 34 50 5 40 23 32 43 27 3 13 48 4 31 44 36 42 41 9 15 30 39 21 

Inst_Index:2641 	 City_Num:50 	 Concorde:5.658003 	 MCTS:5.653105 Improve:0.004898 	 Time:3.78 Seconds
Solution: 1 36 19 26 10 44 46 41 47 33 11 2 7 14 20 42 8 31 45 16 25 50 48 40 38 39 22 24 29 27 43 37 32 23 13 34 21 12 4 49 15 3 28 6 18 9 5 30 35 17 

Inst_Index:2642 	 City_Num:50 	 Concorde:5.393388 	 MCTS:5.390387 Improve:0.003001 	 Time:3.76 Seconds
Solution: 1 24 47 33 27 35 29 28 25 4 49 37 38 30 12 13 18 40 34 5 16 23 11 19 39 48 7 44 41 2 32 22 42 3 6 20 15 46 17 14 43 26 31 10 8 21 50 45 9 36 

Inst_Index:2643 	 City_Num:50 	 Concorde:5.630604 	 MCTS:5.623745 Improve:0.006858 	 Time:3.76 Seconds
Solution: 1 6 46 14 41 30 2 5 40 42 21 31 48 45 49 17 24 28 22 16 10 18 19 37 11 34 26 7 33 20 23 35 44 25 27 32 29 13 12 9 39 15 43 38 3 50 36 4 47 8 

Inst_Index:2644 	 City_Num:50 	 Concorde:5.434623 	 MCTS:5.434139 Improve:0.000484 	 Time:3.76 Seconds
Solution: 1 35 10 44 38 6 16 45 36 24 20 39 17 43 14 8 19 18 26 12 23 29 22 28 11 42 40 15 27 34 37 33 3 21 5 41 2 46 13 7 32 47 25 31 30 48 50 49 4 9 

Inst_Index:2645 	 City_Num:50 	 Concorde:5.756515 	 MCTS:5.756515 Improve:0.000000 	 Time:3.76 Seconds
Solution: 1 12 31 17 24 48 46 11 4 36 13 22 44 45 18 28 38 34 26 42 21 39 35 43 49 15 20 6 29 23 47 30 37 27 41 3 50 32 9 10 8 5 2 14 7 40 19 33 25 16 

Inst_Index:2646 	 City_Num:50 	 Concorde:5.723934 	 MCTS:5.723934 Improve:-0.000000 	 Time:3.76 Seconds
Solution: 1 31 21 3 5 47 40 8 32 23 10 45 25 38 6 44 35 41 4 7 34 12 22 20 11 19 18 50 42 24 33 30 37 14 28 15 49 17 9 2 27 46 26 16 29 43 48 13 36 39 

Inst_Index:2647 	 City_Num:50 	 Concorde:5.882542 	 MCTS:5.882542 Improve:-0.000000 	 Time:3.76 Seconds
Solution: 1 41 39 3 25 46 9 20 23 45 21 8 22 4 33 27 17 28 11 29 2 36 35 18 14 40 24 12 16 6 5 44 31 43 37 15 7 50 32 19 10 30 13 42 34 48 38 26 49 47 

Inst_Index:2648 	 City_Num:50 	 Concorde:6.113476 	 MCTS:6.113476 Improve:-0.000000 	 Time:3.76 Seconds
Solution: 1 44 10 27 33 11 16 12 25 23 46 38 32 5 41 4 2 28 34 18 8 35 19 39 42 30 26 21 3 22 15 36 45 14 13 29 48 7 17 47 50 49 20 40 6 9 24 31 37 43 

Inst_Index:2649 	 City_Num:50 	 Concorde:5.549311 	 MCTS:5.549311 Improve:0.000000 	 Time:3.76 Seconds
Solution: 1 18 6 47 37 40 42 48 23 38 20 9 15 36 46 45 2 41 32 21 25 10 39 5 3 30 33 16 14 12 4 31 17 34 28 49 44 8 26 22 43 35 27 13 29 19 11 24 50 7 

Inst_Index:2650 	 City_Num:50 	 Concorde:5.228172 	 MCTS:5.228172 Improve:-0.000000 	 Time:3.75 Seconds
Solution: 1 22 6 35 4 20 36 50 5 34 46 11 38 18 31 41 39 21 16 33 30 28 44 45 29 23 12 17 13 26 47 2 32 43 7 27 19 3 25 10 49 37 14 42 9 40 48 15 8 24 

Inst_Index:2651 	 City_Num:50 	 Concorde:5.743951 	 MCTS:5.743467 Improve:0.000484 	 Time:3.77 Seconds
Solution: 1 28 12 29 23 37 25 32 22 10 14 39 49 31 20 17 33 18 24 4 19 38 16 7 43 2 21 44 48 47 15 6 36 8 13 50 46 40 30 45 41 42 9 35 11 34 27 26 3 5 

Inst_Index:2652 	 City_Num:50 	 Concorde:5.089491 	 MCTS:5.089491 Improve:0.000000 	 Time:3.75 Seconds
Solution: 1 47 7 45 9 12 27 2 36 3 20 25 30 43 49 32 35 15 13 46 14 42 28 4 48 23 22 37 19 44 39 18 31 41 6 40 38 21 5 17 29 34 10 11 16 8 50 24 26 33 

Inst_Index:2653 	 City_Num:50 	 Concorde:5.669002 	 MCTS:5.669002 Improve:0.000000 	 Time:3.76 Seconds
Solution: 1 50 6 43 2 29 5 13 15 17 14 8 4 10 47 16 36 34 32 37 38 23 21 44 46 49 39 9 28 20 33 35 7 3 22 42 40 18 31 26 11 27 41 45 24 30 12 19 25 48 

Inst_Index:2654 	 City_Num:50 	 Concorde:5.873168 	 MCTS:5.865196 Improve:0.007972 	 Time:3.76 Seconds
Solution: 1 12 19 30 38 31 39 22 47 20 33 28 15 18 6 10 45 26 49 40 2 37 35 5 34 14 43 46 32 29 41 25 42 17 23 9 7 16 21 3 11 4 13 36 48 24 8 50 44 27 

Inst_Index:2655 	 City_Num:50 	 Concorde:6.225037 	 MCTS:6.220818 Improve:0.004219 	 Time:3.77 Seconds
Solution: 1 9 18 13 49 38 42 44 27 36 2 14 47 5 41 17 19 45 39 40 25 28 35 33 46 24 37 22 20 4 30 3 16 31 26 23 48 50 21 29 32 43 15 11 7 6 8 10 12 34 

Inst_Index:2656 	 City_Num:50 	 Concorde:5.533644 	 MCTS:5.533644 Improve:-0.000000 	 Time:3.76 Seconds
Solution: 1 49 17 8 12 27 3 22 18 37 33 9 46 7 11 23 32 50 15 31 47 5 16 19 38 21 34 40 14 36 6 45 10 35 26 29 25 43 39 41 44 20 48 24 13 42 4 2 28 30 

Inst_Index:2657 	 City_Num:50 	 Concorde:5.814576 	 MCTS:5.809209 Improve:0.005367 	 Time:3.76 Seconds
Solution: 1 4 25 3 24 11 8 48 6 33 34 36 22 30 45 39 5 40 23 38 19 35 20 29 28 41 47 21 50 27 42 26 15 12 9 49 2 37 43 7 16 18 44 17 32 46 31 13 10 14 

Inst_Index:2658 	 City_Num:50 	 Concorde:5.737626 	 MCTS:5.737626 Improve:0.000000 	 Time:3.78 Seconds
Solution: 1 23 33 49 13 5 7 22 44 28 15 6 18 46 30 20 48 31 36 35 11 45 39 40 16 19 12 3 4 2 34 10 29 42 25 27 9 41 38 17 24 50 37 26 47 14 8 43 21 32 

Inst_Index:2659 	 City_Num:50 	 Concorde:5.687613 	 MCTS:5.686836 Improve:0.000778 	 Time:3.75 Seconds
Solution: 1 28 50 11 25 19 36 17 13 33 3 44 21 38 47 27 26 45 4 8 31 40 34 10 12 37 30 35 20 24 22 6 7 39 18 46 9 14 41 2 48 49 42 32 16 15 23 43 5 29 

Inst_Index:2660 	 City_Num:50 	 Concorde:5.714621 	 MCTS:5.714621 Improve:-0.000000 	 Time:3.76 Seconds
Solution: 1 14 13 39 5 43 47 31 28 17 29 6 7 42 18 38 40 41 35 23 12 3 20 25 30 11 15 45 19 2 10 32 50 8 26 48 46 9 16 34 24 44 21 37 36 4 22 49 27 33 

Inst_Index:2661 	 City_Num:50 	 Concorde:5.690445 	 MCTS:5.690445 Improve:0.000000 	 Time:3.77 Seconds
Solution: 1 23 8 20 13 6 7 46 3 24 14 44 10 16 47 5 4 42 31 26 22 12 40 2 50 43 49 27 18 29 25 33 21 37 36 39 30 19 48 38 11 17 15 28 45 35 9 34 32 41 

Inst_Index:2662 	 City_Num:50 	 Concorde:5.679001 	 MCTS:5.677720 Improve:0.001281 	 Time:3.76 Seconds
Solution: 1 12 38 27 34 8 14 5 43 37 25 6 18 3 16 26 48 44 36 20 21 47 42 13 17 19 40 31 24 29 10 4 11 35 39 49 41 2 9 46 7 30 32 45 28 22 15 50 23 33 

Inst_Index:2663 	 City_Num:50 	 Concorde:5.528344 	 MCTS:5.528344 Improve:0.000000 	 Time:3.76 Seconds
Solution: 1 33 21 36 25 41 46 24 35 50 19 2 44 30 16 6 23 39 26 11 22 37 27 14 29 4 18 42 5 38 48 8 31 49 43 45 34 17 3 15 40 13 28 7 10 20 32 47 9 12 

Inst_Index:2664 	 City_Num:50 	 Concorde:5.611335 	 MCTS:5.611335 Improve:0.000000 	 Time:3.77 Seconds
Solution: 1 31 36 25 12 21 46 40 15 32 13 22 2 26 6 29 4 19 45 33 41 5 34 50 16 44 27 18 11 47 9 24 28 43 42 49 48 17 37 10 7 35 3 14 38 20 23 39 30 8 

Inst_Index:2665 	 City_Num:50 	 Concorde:5.911240 	 MCTS:5.911240 Improve:0.000000 	 Time:3.77 Seconds
Solution: 1 2 16 47 48 8 4 9 22 10 17 44 32 37 50 7 27 11 36 5 19 24 3 30 38 46 34 43 13 31 33 35 29 42 21 26 23 6 39 18 28 15 14 40 20 12 25 41 45 49 

Inst_Index:2666 	 City_Num:50 	 Concorde:5.906784 	 MCTS:5.906784 Improve:0.000000 	 Time:3.77 Seconds
Solution: 1 8 44 31 33 3 37 32 11 9 38 26 17 47 21 12 19 29 5 10 22 13 20 14 23 40 6 39 42 7 28 34 27 24 36 41 2 30 18 25 43 46 16 49 4 48 45 35 50 15 

Inst_Index:2667 	 City_Num:50 	 Concorde:6.036277 	 MCTS:6.032193 Improve:0.004083 	 Time:3.75 Seconds
Solution: 1 25 13 2 48 39 31 47 27 24 3 19 8 18 14 40 35 37 29 43 15 20 34 38 11 44 26 21 45 5 23 22 6 32 10 30 36 16 41 49 9 28 7 12 17 50 46 4 33 42 

Inst_Index:2668 	 City_Num:50 	 Concorde:5.678240 	 MCTS:5.678240 Improve:-0.000000 	 Time:3.76 Seconds
Solution: 1 35 9 18 46 11 2 16 38 41 31 40 17 14 44 50 23 21 37 42 47 20 30 3 22 27 34 13 6 43 24 19 8 25 49 45 32 29 10 39 12 4 5 48 33 7 26 36 28 15 

Inst_Index:2669 	 City_Num:50 	 Concorde:5.694325 	 MCTS:5.694325 Improve:0.000000 	 Time:3.76 Seconds
Solution: 1 4 46 29 16 2 3 44 19 37 47 5 17 20 40 12 48 26 34 38 6 32 18 8 10 41 36 21 33 50 23 13 35 27 9 28 24 31 39 30 15 49 7 43 45 22 25 14 42 11 

Inst_Index:2670 	 City_Num:50 	 Concorde:5.733648 	 MCTS:5.733648 Improve:0.000000 	 Time:3.75 Seconds
Solution: 1 27 18 38 15 14 35 3 34 36 5 8 30 23 28 20 13 19 7 16 43 2 29 6 44 12 39 9 50 25 26 21 41 47 33 24 17 22 10 42 46 11 49 31 40 4 48 32 45 37 

Inst_Index:2671 	 City_Num:50 	 Concorde:5.839688 	 MCTS:5.839688 Improve:-0.000000 	 Time:3.76 Seconds
Solution: 1 16 9 30 29 28 15 47 37 27 18 48 19 50 8 32 43 6 7 41 10 14 35 4 33 17 38 3 31 44 42 36 13 5 20 40 12 25 26 49 11 24 34 21 45 23 46 22 39 2 

Inst_Index:2672 	 City_Num:50 	 Concorde:5.476264 	 MCTS:5.475857 Improve:0.000407 	 Time:3.77 Seconds
Solution: 1 50 29 41 13 37 25 15 38 31 32 28 27 40 45 36 8 19 42 47 6 16 26 14 2 23 18 39 44 12 17 46 9 7 11 48 22 34 43 24 3 21 35 4 10 49 33 20 5 30 

Inst_Index:2673 	 City_Num:50 	 Concorde:5.457589 	 MCTS:5.457589 Improve:0.000000 	 Time:3.77 Seconds
Solution: 1 34 7 50 46 30 36 6 9 26 39 19 32 45 16 25 35 27 17 14 5 49 8 28 41 12 10 13 48 31 20 33 29 22 42 4 21 44 43 23 47 38 2 18 37 24 11 40 3 15 

Inst_Index:2674 	 City_Num:50 	 Concorde:5.432609 	 MCTS:5.432609 Improve:0.000000 	 Time:3.76 Seconds
Solution: 1 19 40 4 17 25 34 7 43 27 39 9 10 26 28 13 35 33 11 41 29 38 32 23 45 31 12 16 47 42 21 46 30 5 14 37 50 22 44 18 36 48 24 15 49 2 8 3 6 20 

Inst_Index:2675 	 City_Num:50 	 Concorde:5.231748 	 MCTS:5.231412 Improve:0.000336 	 Time:3.77 Seconds
Solution: 1 42 35 47 10 9 33 48 12 14 8 16 46 21 27 22 40 6 36 32 41 45 37 23 44 4 24 28 30 29 20 25 7 34 11 2 3 18 15 17 49 43 13 31 5 38 26 39 50 19 

Inst_Index:2676 	 City_Num:50 	 Concorde:5.662088 	 MCTS:5.660886 Improve:0.001202 	 Time:3.76 Seconds
Solution: 1 38 23 12 41 29 11 25 31 45 7 21 36 34 49 46 28 33 32 48 10 43 19 5 42 22 8 4 9 13 50 35 14 26 27 3 16 17 39 37 18 2 44 47 15 30 20 40 24 6 

Inst_Index:2677 	 City_Num:50 	 Concorde:6.018144 	 MCTS:6.018144 Improve:-0.000000 	 Time:3.77 Seconds
Solution: 1 23 36 4 37 27 21 42 18 8 34 49 43 13 20 7 15 24 16 44 32 22 10 40 29 11 28 41 31 12 3 46 25 33 39 47 30 45 14 6 35 9 38 48 26 50 17 5 2 19 

Inst_Index:2678 	 City_Num:50 	 Concorde:5.816358 	 MCTS:5.816358 Improve:0.000000 	 Time:3.75 Seconds
Solution: 1 10 6 5 34 44 13 32 38 48 47 17 29 46 42 25 11 40 3 36 8 35 24 21 16 4 45 20 30 43 18 39 31 22 15 7 37 14 33 41 19 49 23 28 26 12 50 2 9 27 

Inst_Index:2679 	 City_Num:50 	 Concorde:5.199209 	 MCTS:5.199209 Improve:0.000000 	 Time:3.76 Seconds
Solution: 1 18 50 19 11 36 7 35 46 6 43 25 28 3 14 15 20 42 9 27 39 21 5 32 29 4 34 23 24 38 13 33 8 17 49 26 44 2 47 41 31 12 45 30 16 10 48 22 37 40 

Inst_Index:2680 	 City_Num:50 	 Concorde:5.715957 	 MCTS:5.715957 Improve:0.000000 	 Time:3.76 Seconds
Solution: 1 2 48 12 20 47 17 39 33 23 15 36 44 25 19 26 13 40 18 8 34 24 49 42 6 14 21 3 46 32 10 37 22 28 5 50 35 38 31 30 27 9 11 43 41 45 4 29 7 16 

Inst_Index:2681 	 City_Num:50 	 Concorde:5.692182 	 MCTS:5.689056 Improve:0.003126 	 Time:3.77 Seconds
Solution: 1 7 23 30 44 33 4 41 34 46 32 12 45 47 28 22 39 29 40 27 37 10 17 6 38 19 24 2 49 26 43 25 16 35 31 21 50 42 14 36 11 8 18 15 9 48 5 3 13 20 

Inst_Index:2682 	 City_Num:50 	 Concorde:5.529819 	 MCTS:5.529819 Improve:-0.000000 	 Time:3.75 Seconds
Solution: 1 7 21 45 46 41 24 9 6 11 3 22 4 47 18 23 36 33 5 44 31 43 12 42 13 38 50 15 48 20 19 30 28 37 40 49 27 2 8 29 34 32 16 14 26 39 35 17 10 25 

Inst_Index:2683 	 City_Num:50 	 Concorde:5.401336 	 MCTS:5.401336 Improve:0.000000 	 Time:3.75 Seconds
Solution: 1 37 30 35 11 41 19 10 28 9 46 49 45 20 27 36 48 39 38 18 2 21 14 4 13 44 5 16 34 26 40 50 23 43 47 32 33 29 31 7 42 24 25 3 8 12 15 17 6 22 

Inst_Index:2684 	 City_Num:50 	 Concorde:5.604999 	 MCTS:5.604999 Improve:0.000000 	 Time:3.75 Seconds
Solution: 1 47 21 45 30 49 48 16 28 8 9 38 2 31 42 27 33 26 20 13 7 3 5 22 12 18 50 40 24 35 10 32 44 39 17 14 46 11 23 36 29 6 25 15 19 37 34 41 43 4 

Inst_Index:2685 	 City_Num:50 	 Concorde:5.913882 	 MCTS:5.910650 Improve:0.003232 	 Time:3.76 Seconds
Solution: 1 6 50 44 47 46 36 31 5 22 45 20 8 19 34 49 4 13 25 30 27 7 33 26 38 21 12 15 9 3 39 48 24 16 17 37 29 42 35 2 23 28 40 32 11 41 18 10 43 14 

Inst_Index:2686 	 City_Num:50 	 Concorde:5.984563 	 MCTS:5.982040 Improve:0.002523 	 Time:3.75 Seconds
Solution: 1 36 44 32 9 43 12 22 17 3 25 23 2 19 8 29 42 31 24 27 50 33 28 26 49 11 6 39 13 38 15 21 45 35 46 10 37 4 20 41 18 16 14 47 30 40 5 7 48 34 

Inst_Index:2687 	 City_Num:50 	 Concorde:5.764146 	 MCTS:5.764146 Improve:0.000000 	 Time:3.76 Seconds
Solution: 1 12 15 38 23 48 18 45 41 17 11 9 6 13 24 26 36 19 25 34 32 42 44 47 20 33 14 46 28 10 49 29 22 7 31 8 35 39 43 27 21 16 4 3 37 40 2 5 30 50 

Inst_Index:2688 	 City_Num:50 	 Concorde:5.262935 	 MCTS:5.262935 Improve:0.000000 	 Time:3.77 Seconds
Solution: 1 46 40 35 25 50 47 26 33 17 21 23 11 15 4 48 12 16 22 42 29 36 41 19 30 49 18 44 14 20 45 2 7 39 32 3 9 5 10 8 6 43 28 31 27 37 38 34 13 24 

Inst_Index:2689 	 City_Num:50 	 Concorde:5.890986 	 MCTS:5.890986 Improve:0.000000 	 Time:3.76 Seconds
Solution: 1 31 39 5 47 25 32 45 46 13 29 41 9 12 24 42 20 17 11 4 22 30 8 21 6 33 28 37 19 26 16 44 36 38 23 14 3 15 18 7 34 40 50 10 35 2 49 27 43 48 

Inst_Index:2690 	 City_Num:50 	 Concorde:5.837250 	 MCTS:5.834872 Improve:0.002378 	 Time:3.76 Seconds
Solution: 1 22 40 8 14 25 35 16 41 27 19 46 50 37 47 48 34 12 29 3 26 33 6 28 42 13 17 2 30 23 38 43 45 31 9 24 39 36 4 18 32 20 49 10 15 5 7 44 11 21 

Inst_Index:2691 	 City_Num:50 	 Concorde:6.126341 	 MCTS:6.126341 Improve:-0.000000 	 Time:3.76 Seconds
Solution: 1 23 11 24 10 28 46 26 18 20 31 39 34 15 6 35 7 13 33 32 49 45 21 36 29 12 16 25 30 41 37 3 19 40 48 8 2 14 42 27 43 50 22 4 9 47 38 5 17 44 

Inst_Index:2692 	 City_Num:50 	 Concorde:6.033107 	 MCTS:6.033107 Improve:0.000000 	 Time:3.76 Seconds
Solution: 1 28 27 13 19 47 45 44 6 37 18 21 46 39 4 11 25 42 32 48 35 38 41 9 20 15 26 16 8 17 5 29 24 12 31 33 22 10 36 50 34 23 49 2 40 7 3 14 43 30 

Inst_Index:2693 	 City_Num:50 	 Concorde:5.643895 	 MCTS:5.643895 Improve:0.000000 	 Time:3.77 Seconds
Solution: 1 21 3 29 47 50 45 42 17 9 6 28 15 36 16 14 35 34 32 4 33 5 20 49 25 30 41 12 18 46 19 24 2 7 37 44 22 10 39 31 26 48 38 8 43 27 11 13 40 23 

Inst_Index:2694 	 City_Num:50 	 Concorde:5.172438 	 MCTS:5.172438 Improve:-0.000000 	 Time:3.77 Seconds
Solution: 1 45 10 29 26 46 6 38 24 47 42 33 14 31 7 23 9 19 30 27 17 32 16 20 44 5 4 13 36 50 8 43 18 2 48 22 3 35 37 21 12 11 25 34 28 41 15 39 49 40 

Inst_Index:2695 	 City_Num:50 	 Concorde:5.822574 	 MCTS:5.822574 Improve:-0.000000 	 Time:3.75 Seconds
Solution: 1 34 12 36 40 10 20 32 47 31 15 3 4 28 11 43 23 44 39 14 8 35 2 45 50 9 41 16 33 18 29 7 46 27 17 25 26 13 21 19 6 30 37 38 5 49 48 22 24 42 

Inst_Index:2696 	 City_Num:50 	 Concorde:5.617558 	 MCTS:5.617558 Improve:0.000000 	 Time:3.75 Seconds
Solution: 1 4 6 3 36 2 13 47 25 15 44 37 42 49 27 16 5 50 9 14 28 35 26 19 33 32 34 30 23 46 22 17 31 21 8 45 48 10 41 20 40 7 18 24 11 12 29 43 38 39 

Inst_Index:2697 	 City_Num:50 	 Concorde:6.010848 	 MCTS:6.010848 Improve:0.000000 	 Time:3.77 Seconds
Solution: 1 18 29 14 17 15 3 13 45 7 39 33 6 20 44 8 2 37 30 38 34 4 23 27 49 31 16 42 46 12 19 9 26 11 50 10 47 5 48 21 36 40 43 28 25 41 35 24 22 32 

Inst_Index:2698 	 City_Num:50 	 Concorde:6.252532 	 MCTS:6.249254 Improve:0.003278 	 Time:3.77 Seconds
Solution: 1 25 15 28 18 49 42 7 20 34 31 45 48 19 12 26 24 29 46 33 5 22 27 13 14 37 6 10 23 30 39 36 41 50 4 40 32 43 11 47 16 9 35 2 8 17 21 38 44 3 

Inst_Index:2699 	 City_Num:50 	 Concorde:5.807550 	 MCTS:5.807550 Improve:-0.000000 	 Time:3.75 Seconds
Solution: 1 45 11 5 49 30 23 17 37 35 20 27 38 39 24 25 28 7 12 43 8 48 41 32 46 44 29 33 22 50 10 36 31 2 47 42 6 26 40 13 9 18 34 15 16 4 3 21 14 19 

Inst_Index:2700 	 City_Num:50 	 Concorde:5.606489 	 MCTS:5.602491 Improve:0.003998 	 Time:3.76 Seconds
Solution: 1 50 38 46 48 32 16 29 35 47 22 49 12 3 45 7 20 41 14 4 34 2 17 18 40 27 21 30 25 6 24 15 42 28 44 8 26 43 23 37 33 13 31 10 19 39 36 5 9 11 

Inst_Index:2701 	 City_Num:50 	 Concorde:5.210167 	 MCTS:5.210167 Improve:-0.000000 	 Time:3.75 Seconds
Solution: 1 6 25 39 28 14 38 37 15 29 23 30 44 40 2 43 3 8 26 48 19 46 50 32 11 4 12 34 16 13 49 5 17 36 24 35 42 22 41 10 18 31 33 27 45 9 20 47 21 7 

Inst_Index:2702 	 City_Num:50 	 Concorde:5.919863 	 MCTS:5.919863 Improve:-0.000000 	 Time:3.77 Seconds
Solution: 1 24 50 8 22 10 4 23 40 29 34 12 20 13 21 19 5 47 30 37 31 2 48 25 32 36 7 6 11 18 26 3 49 38 41 27 43 15 14 39 44 28 16 45 35 46 33 42 17 9 

Inst_Index:2703 	 City_Num:50 	 Concorde:5.679376 	 MCTS:5.679376 Improve:0.000000 	 Time:3.78 Seconds
Solution: 1 8 10 12 2 14 48 50 29 16 4 18 42 34 9 17 44 35 6 5 13 39 49 31 41 46 26 24 21 23 38 7 43 22 40 11 28 19 32 3 15 47 27 20 45 36 25 37 30 33 

Inst_Index:2704 	 City_Num:50 	 Concorde:5.527294 	 MCTS:5.527294 Improve:-0.000000 	 Time:3.75 Seconds
Solution: 1 4 23 17 45 6 31 16 29 33 5 42 9 40 35 47 19 22 46 38 36 49 12 24 48 27 28 11 25 39 34 18 14 2 41 7 37 20 44 8 13 43 50 10 32 30 21 15 3 26 

Inst_Index:2705 	 City_Num:50 	 Concorde:5.307363 	 MCTS:5.307363 Improve:-0.000000 	 Time:3.76 Seconds
Solution: 1 10 29 13 23 50 49 5 28 15 12 42 8 24 31 40 9 36 39 17 34 25 33 44 22 18 4 16 14 3 46 47 35 45 6 32 48 41 11 26 38 30 21 37 2 43 19 20 27 7 

Inst_Index:2706 	 City_Num:50 	 Concorde:5.597292 	 MCTS:5.597292 Improve:-0.000000 	 Time:3.77 Seconds
Solution: 1 46 42 12 37 21 34 24 19 40 33 11 22 16 14 31 44 29 39 25 7 27 13 35 47 38 41 50 30 32 6 15 9 23 26 49 48 2 17 4 8 43 5 28 3 45 20 36 18 10 

Inst_Index:2707 	 City_Num:50 	 Concorde:5.579433 	 MCTS:5.576792 Improve:0.002641 	 Time:3.75 Seconds
Solution: 1 41 29 23 43 40 17 4 45 30 33 6 24 5 22 46 36 38 2 48 25 13 50 26 16 37 32 11 28 31 20 19 18 34 12 8 42 15 49 47 10 39 14 44 35 3 21 7 27 9 

Inst_Index:2708 	 City_Num:50 	 Concorde:5.975970 	 MCTS:5.975970 Improve:-0.000000 	 Time:3.77 Seconds
Solution: 1 21 2 11 10 25 22 6 33 16 46 44 3 8 14 47 38 26 5 31 39 13 29 27 40 42 43 30 7 50 36 20 35 4 37 48 49 19 23 9 15 34 45 28 12 24 18 17 32 41 

Inst_Index:2709 	 City_Num:50 	 Concorde:6.145185 	 MCTS:6.142701 Improve:0.002485 	 Time:3.76 Seconds
Solution: 1 43 29 39 18 34 8 33 36 19 7 44 49 17 25 42 4 50 32 13 47 16 9 2 31 14 35 10 15 3 5 46 48 11 38 21 30 24 6 12 26 37 22 20 23 40 28 41 45 27 

Inst_Index:2710 	 City_Num:50 	 Concorde:5.454628 	 MCTS:5.454628 Improve:-0.000000 	 Time:3.75 Seconds
Solution: 1 34 27 21 13 49 31 18 25 36 19 46 6 17 3 7 20 11 41 26 8 15 24 37 16 50 2 9 45 5 38 35 23 33 14 42 47 10 29 32 30 39 48 12 4 40 28 22 44 43 

Inst_Index:2711 	 City_Num:50 	 Concorde:5.690744 	 MCTS:5.690744 Improve:-0.000000 	 Time:3.76 Seconds
Solution: 1 43 23 6 33 18 48 50 5 19 38 30 21 7 3 16 27 36 34 46 22 8 35 24 29 44 47 41 32 39 12 2 11 14 9 49 28 42 40 25 37 31 26 17 13 15 10 45 4 20 

Inst_Index:2712 	 City_Num:50 	 Concorde:5.708307 	 MCTS:5.708307 Improve:0.000000 	 Time:3.76 Seconds
Solution: 1 26 6 11 47 17 13 23 16 46 35 9 2 15 31 50 8 18 27 43 10 45 28 30 4 38 49 3 39 32 33 41 7 20 19 29 24 25 21 14 42 34 5 40 37 48 44 22 36 12 

Inst_Index:2713 	 City_Num:50 	 Concorde:5.537709 	 MCTS:5.537709 Improve:0.000000 	 Time:3.77 Seconds
Solution: 1 32 5 7 3 27 46 47 30 43 39 31 35 36 48 16 15 21 42 26 29 40 20 23 22 25 44 28 24 10 12 50 41 9 34 2 38 49 33 14 37 6 8 18 13 17 11 19 4 45 

Inst_Index:2714 	 City_Num:50 	 Concorde:5.904480 	 MCTS:5.903182 Improve:0.001299 	 Time:3.76 Seconds
Solution: 1 40 34 46 23 29 26 13 35 20 6 22 37 47 44 14 28 5 16 3 24 48 36 41 42 18 12 2 17 27 39 4 8 31 11 30 7 45 32 43 15 49 21 50 9 38 33 25 19 10 

Inst_Index:2715 	 City_Num:50 	 Concorde:5.593571 	 MCTS:5.593571 Improve:0.000000 	 Time:3.78 Seconds
Solution: 1 49 3 36 44 11 31 45 18 25 35 40 23 17 37 5 8 29 19 10 6 48 2 4 26 46 14 20 30 21 16 12 41 22 50 38 39 43 13 9 7 24 47 33 34 27 15 42 32 28 

Inst_Index:2716 	 City_Num:50 	 Concorde:5.747158 	 MCTS:5.745229 Improve:0.001929 	 Time:3.77 Seconds
Solution: 1 40 45 25 47 13 42 15 12 3 39 21 9 20 44 50 24 30 14 32 33 23 26 48 29 18 4 7 38 17 8 28 2 41 36 49 43 16 22 27 37 19 6 46 10 11 5 35 31 34 

Inst_Index:2717 	 City_Num:50 	 Concorde:5.660460 	 MCTS:5.660460 Improve:-0.000000 	 Time:3.75 Seconds
Solution: 1 32 33 8 28 11 2 49 47 44 31 24 6 23 36 22 16 3 41 43 10 17 21 42 39 50 46 13 12 14 48 7 29 18 15 34 20 40 26 37 45 30 19 5 35 4 27 9 38 25 

Inst_Index:2718 	 City_Num:50 	 Concorde:5.602764 	 MCTS:5.602764 Improve:-0.000000 	 Time:3.77 Seconds
Solution: 1 45 41 20 18 48 11 35 19 8 2 15 50 12 22 27 43 10 31 21 29 13 6 24 39 49 34 32 36 14 4 9 17 28 5 7 16 46 26 44 3 42 37 30 47 25 40 23 33 38 

Inst_Index:2719 	 City_Num:50 	 Concorde:5.871740 	 MCTS:5.871740 Improve:0.000000 	 Time:3.77 Seconds
Solution: 1 24 48 41 49 45 13 18 47 36 37 50 19 12 23 38 7 2 8 22 29 9 17 6 5 25 20 27 4 40 33 14 30 32 15 11 28 31 35 26 10 46 3 42 34 39 21 43 44 16 

Inst_Index:2720 	 City_Num:50 	 Concorde:5.630990 	 MCTS:5.624489 Improve:0.006501 	 Time:3.76 Seconds
Solution: 1 36 38 23 28 15 20 22 24 5 7 44 34 47 33 4 16 26 48 46 19 45 35 40 3 18 39 9 8 17 27 42 14 30 11 29 37 32 12 50 43 41 31 49 10 13 25 21 6 2 

Inst_Index:2721 	 City_Num:50 	 Concorde:5.716820 	 MCTS:5.716820 Improve:0.000000 	 Time:3.76 Seconds
Solution: 1 21 28 46 8 25 32 24 45 30 12 2 34 27 35 10 42 40 31 4 47 22 3 49 9 13 26 14 38 6 15 23 18 39 11 17 48 5 43 36 33 44 20 19 41 50 29 16 37 7 

Inst_Index:2722 	 City_Num:50 	 Concorde:5.695400 	 MCTS:5.693204 Improve:0.002196 	 Time:3.76 Seconds
Solution: 1 8 27 49 22 18 47 11 38 3 24 33 4 42 35 28 37 43 39 31 20 14 10 5 36 29 26 19 6 9 25 7 41 30 44 17 40 15 2 21 48 16 45 50 13 46 32 12 23 34 

Inst_Index:2723 	 City_Num:50 	 Concorde:5.068029 	 MCTS:5.068029 Improve:0.000000 	 Time:3.76 Seconds
Solution: 1 3 41 48 5 38 22 15 50 6 49 16 28 36 39 20 33 18 14 24 44 47 2 13 34 25 21 11 43 32 46 27 26 17 7 42 29 45 40 35 37 8 12 9 23 31 4 30 10 19 

Inst_Index:2724 	 City_Num:50 	 Concorde:5.689474 	 MCTS:5.682131 Improve:0.007342 	 Time:3.76 Seconds
Solution: 1 43 4 8 9 7 14 50 10 24 47 2 5 42 38 28 21 26 19 35 16 17 49 33 11 13 46 3 45 44 12 39 22 29 30 31 32 40 37 25 18 48 34 6 20 27 36 41 15 23 

Inst_Index:2725 	 City_Num:50 	 Concorde:5.988025 	 MCTS:5.983875 Improve:0.004149 	 Time:3.75 Seconds
Solution: 1 30 7 46 27 3 39 2 13 19 24 40 14 6 45 26 48 33 42 10 16 32 15 31 41 35 11 34 47 17 43 28 12 18 9 8 22 38 29 21 37 25 4 23 20 50 5 44 49 36 

Inst_Index:2726 	 City_Num:50 	 Concorde:5.782472 	 MCTS:5.781939 Improve:0.000533 	 Time:3.75 Seconds
Solution: 1 25 32 12 27 38 15 5 46 4 29 37 21 17 9 43 22 20 8 48 28 42 23 45 16 6 26 7 34 10 13 30 44 19 49 24 33 47 35 50 31 41 39 36 3 40 14 2 18 11 

Inst_Index:2727 	 City_Num:50 	 Concorde:5.651019 	 MCTS:5.651019 Improve:-0.000000 	 Time:3.77 Seconds
Solution: 1 8 48 27 34 44 3 21 35 24 19 16 47 14 2 25 23 40 12 31 28 42 11 7 50 10 20 46 15 9 29 4 39 37 36 38 41 18 22 45 17 6 33 49 26 43 5 30 13 32 

Inst_Index:2728 	 City_Num:50 	 Concorde:5.523607 	 MCTS:5.523607 Improve:-0.000000 	 Time:3.77 Seconds
Solution: 1 7 49 28 41 9 47 6 38 22 35 2 26 42 29 37 43 24 36 25 45 48 14 11 16 32 20 23 3 15 10 8 34 12 31 21 4 13 39 50 44 33 17 46 27 5 40 30 18 19 

Inst_Index:2729 	 City_Num:50 	 Concorde:5.590826 	 MCTS:5.590826 Improve:0.000000 	 Time:3.76 Seconds
Solution: 1 36 35 40 42 2 24 33 21 25 46 39 6 26 28 37 18 8 48 41 49 16 27 22 17 30 14 34 43 5 10 11 45 3 12 15 19 20 9 29 47 13 32 23 31 4 44 50 38 7 

Inst_Index:2730 	 City_Num:50 	 Concorde:5.523417 	 MCTS:5.520957 Improve:0.002460 	 Time:3.77 Seconds
Solution: 1 34 25 15 28 2 26 9 46 43 20 12 13 22 6 44 35 41 16 10 30 7 8 47 18 39 40 32 3 21 19 24 23 48 49 5 37 11 29 38 42 17 45 14 50 27 31 4 33 36 

Inst_Index:2731 	 City_Num:50 	 Concorde:6.048115 	 MCTS:6.048115 Improve:0.000000 	 Time:3.76 Seconds
Solution: 1 25 23 34 17 46 19 9 39 18 15 10 28 45 49 11 14 44 7 4 42 35 12 26 48 22 13 30 16 2 38 21 31 5 36 32 24 8 40 20 47 43 6 41 27 3 33 50 29 37 

Inst_Index:2732 	 City_Num:50 	 Concorde:5.480072 	 MCTS:5.480072 Improve:-0.000000 	 Time:3.76 Seconds
Solution: 1 30 9 23 40 45 36 48 38 25 12 2 49 24 27 28 17 29 11 41 50 18 43 3 14 19 42 31 46 6 21 15 22 20 26 16 32 47 37 5 39 33 8 35 34 10 7 4 44 13 

Inst_Index:2733 	 City_Num:50 	 Concorde:5.972695 	 MCTS:5.972695 Improve:0.000000 	 Time:3.76 Seconds
Solution: 1 10 46 27 7 13 18 38 6 41 11 30 4 31 48 37 20 2 17 28 39 12 8 34 14 26 42 44 25 3 15 33 9 36 5 29 35 16 45 19 24 49 40 22 23 43 21 50 32 47 

Inst_Index:2734 	 City_Num:50 	 Concorde:6.169101 	 MCTS:6.166253 Improve:0.002848 	 Time:3.77 Seconds
Solution: 1 27 16 47 29 49 6 46 36 44 32 11 42 23 9 17 35 34 10 48 21 5 50 43 2 14 39 7 18 37 30 31 45 33 40 20 25 24 8 28 4 19 13 12 15 22 41 26 38 3 

Inst_Index:2735 	 City_Num:50 	 Concorde:5.731225 	 MCTS:5.730858 Improve:0.000368 	 Time:3.76 Seconds
Solution: 1 11 5 17 24 8 10 29 40 44 19 12 46 15 39 47 7 33 50 16 49 30 41 31 20 45 9 23 3 22 14 32 21 34 38 2 42 48 37 27 6 13 36 43 28 18 4 26 25 35 

Inst_Index:2736 	 City_Num:50 	 Concorde:6.055896 	 MCTS:6.055755 Improve:0.000141 	 Time:3.78 Seconds
Solution: 1 18 16 42 29 3 30 50 7 33 27 19 23 45 17 11 13 28 39 15 36 24 9 20 49 26 35 10 46 22 25 44 21 14 2 32 38 6 12 41 34 5 48 40 4 47 31 43 8 37 

Inst_Index:2737 	 City_Num:50 	 Concorde:6.042932 	 MCTS:6.042932 Improve:-0.000000 	 Time:3.76 Seconds
Solution: 1 46 6 31 49 15 12 11 8 28 33 20 44 9 29 5 50 17 43 13 21 7 18 41 2 40 36 34 14 38 45 27 3 48 25 19 47 42 35 10 32 30 37 22 39 23 24 16 26 4 

Inst_Index:2738 	 City_Num:50 	 Concorde:5.823588 	 MCTS:5.823588 Improve:0.000000 	 Time:3.75 Seconds
Solution: 1 16 19 6 5 37 11 24 23 9 42 3 41 50 36 26 20 32 39 13 33 27 12 47 34 15 14 35 28 30 21 49 48 45 22 17 4 2 38 25 8 29 10 40 46 44 18 31 7 43 

Inst_Index:2739 	 City_Num:50 	 Concorde:5.801000 	 MCTS:5.801000 Improve:0.000000 	 Time:3.77 Seconds
Solution: 1 43 36 39 7 10 38 37 25 32 9 31 20 40 26 45 3 27 13 30 44 15 5 33 28 35 21 47 19 34 16 14 46 24 4 18 48 11 8 2 6 50 23 42 12 29 41 17 49 22 

Inst_Index:2740 	 City_Num:50 	 Concorde:5.549290 	 MCTS:5.548414 Improve:0.000876 	 Time:3.77 Seconds
Solution: 1 22 6 26 30 44 36 20 37 3 17 35 2 15 18 24 41 14 8 50 40 10 9 32 33 21 23 45 4 46 49 28 42 47 19 16 25 12 34 48 29 39 31 13 43 38 11 27 7 5 

Inst_Index:2741 	 City_Num:50 	 Concorde:5.784453 	 MCTS:5.782953 Improve:0.001499 	 Time:3.77 Seconds
Solution: 1 24 13 2 49 28 27 31 40 17 38 4 43 10 37 20 25 39 3 26 5 41 6 22 46 35 42 19 45 48 34 23 7 30 50 44 21 33 18 16 14 9 47 32 36 15 12 11 29 8 

Inst_Index:2742 	 City_Num:50 	 Concorde:5.769294 	 MCTS:5.765952 Improve:0.003342 	 Time:3.77 Seconds
Solution: 1 4 40 16 41 28 17 42 35 36 19 31 20 22 37 13 6 39 43 25 10 11 27 38 50 47 18 15 24 2 30 46 5 8 44 48 34 7 12 49 9 3 32 33 21 45 26 14 23 29 

Inst_Index:2743 	 City_Num:50 	 Concorde:5.342612 	 MCTS:5.342612 Improve:0.000000 	 Time:3.76 Seconds
Solution: 1 9 45 25 8 41 24 17 4 18 28 36 16 40 20 34 50 26 23 19 11 31 7 42 12 22 49 44 15 5 47 6 37 21 27 32 46 33 30 29 2 10 3 39 13 48 38 35 43 14 

Inst_Index:2744 	 City_Num:50 	 Concorde:5.831387 	 MCTS:5.831387 Improve:-0.000000 	 Time:3.76 Seconds
Solution: 1 30 42 3 31 6 47 35 17 16 40 11 14 49 48 13 46 39 29 4 50 15 27 45 10 12 20 26 44 43 8 9 25 5 19 2 41 33 28 22 21 7 36 34 23 24 38 18 32 37 

Inst_Index:2745 	 City_Num:50 	 Concorde:5.782981 	 MCTS:5.781740 Improve:0.001241 	 Time:3.76 Seconds
Solution: 1 27 9 33 24 45 32 30 38 43 47 41 15 11 22 40 28 29 46 14 19 21 13 39 42 6 17 26 25 18 4 2 5 8 7 44 3 35 49 50 48 37 36 10 16 23 12 31 20 34 

Inst_Index:2746 	 City_Num:50 	 Concorde:5.671034 	 MCTS:5.671034 Improve:0.000000 	 Time:3.76 Seconds
Solution: 1 47 36 29 18 17 42 37 49 39 28 14 31 23 13 20 16 9 27 46 25 35 10 2 21 41 30 3 26 32 8 12 7 24 44 33 43 19 4 11 5 50 38 34 15 6 48 22 40 45 

Inst_Index:2747 	 City_Num:50 	 Concorde:5.454302 	 MCTS:5.454302 Improve:0.000000 	 Time:3.76 Seconds
Solution: 1 11 2 41 46 28 48 26 35 43 49 4 18 7 31 22 45 3 47 23 9 44 27 36 6 19 5 34 24 37 8 30 17 32 14 33 39 42 38 50 29 25 20 10 13 16 21 12 15 40 

Inst_Index:2748 	 City_Num:50 	 Concorde:5.554653 	 MCTS:5.552718 Improve:0.001935 	 Time:3.76 Seconds
Solution: 1 26 15 32 17 27 49 28 22 12 35 41 21 33 10 48 2 38 43 30 16 39 25 3 37 20 29 24 50 40 44 18 6 34 36 47 23 9 4 14 31 46 11 19 7 13 45 5 8 42 

Inst_Index:2749 	 City_Num:50 	 Concorde:5.994859 	 MCTS:5.994859 Improve:0.000000 	 Time:3.76 Seconds
Solution: 1 49 32 46 5 24 10 18 16 2 6 21 29 15 37 23 45 14 27 28 41 47 13 3 44 11 25 50 19 20 7 8 48 33 26 35 36 31 39 17 43 9 42 40 4 34 30 12 22 38 

Inst_Index:2750 	 City_Num:50 	 Concorde:5.690202 	 MCTS:5.690202 Improve:-0.000000 	 Time:3.76 Seconds
Solution: 1 44 22 8 36 31 2 11 18 41 20 33 50 5 28 17 6 35 9 23 16 24 42 32 10 7 48 26 27 49 13 21 25 30 12 45 40 38 39 3 43 29 46 34 19 4 47 37 15 14 

Inst_Index:2751 	 City_Num:50 	 Concorde:5.944034 	 MCTS:5.944034 Improve:0.000000 	 Time:3.76 Seconds
Solution: 1 50 33 25 16 27 2 19 41 22 37 20 31 32 18 43 13 17 14 44 15 34 26 46 11 5 47 21 6 45 39 28 29 23 3 10 30 12 49 42 40 24 48 35 9 7 4 8 38 36 

Inst_Index:2752 	 City_Num:50 	 Concorde:5.381619 	 MCTS:5.381325 Improve:0.000294 	 Time:3.77 Seconds
Solution: 1 25 18 34 29 49 26 39 30 5 46 35 45 4 33 9 38 27 31 6 17 41 7 47 11 19 15 44 3 10 2 8 23 40 48 50 43 36 42 16 22 12 37 13 28 20 21 24 32 14 

Inst_Index:2753 	 City_Num:50 	 Concorde:5.424242 	 MCTS:5.422423 Improve:0.001818 	 Time:3.76 Seconds
Solution: 1 31 41 17 18 30 24 48 37 6 38 33 16 4 12 25 36 39 19 15 47 26 50 13 9 8 40 5 29 42 27 22 21 28 14 20 23 2 49 34 43 10 44 3 45 7 11 32 46 35 

Inst_Index:2754 	 City_Num:50 	 Concorde:5.649780 	 MCTS:5.649780 Improve:0.000000 	 Time:3.76 Seconds
Solution: 1 5 3 33 23 15 43 38 11 47 2 29 18 35 25 21 20 32 40 14 26 31 4 22 37 50 24 6 16 8 27 42 10 45 7 19 48 39 34 13 49 44 36 17 46 12 9 41 30 28 

Inst_Index:2755 	 City_Num:50 	 Concorde:5.671811 	 MCTS:5.670344 Improve:0.001467 	 Time:3.77 Seconds
Solution: 1 47 17 15 29 36 16 49 12 38 13 9 14 50 40 42 10 39 27 25 32 8 37 4 45 33 44 30 43 22 34 7 3 18 21 48 11 6 41 20 31 46 26 23 19 5 28 2 24 35 

Inst_Index:2756 	 City_Num:50 	 Concorde:5.233169 	 MCTS:5.230777 Improve:0.002392 	 Time:3.77 Seconds
Solution: 1 41 14 28 16 33 49 47 23 21 22 24 30 11 34 8 46 48 2 45 4 44 20 35 6 5 13 18 32 27 3 10 43 50 9 25 37 31 12 39 7 40 26 17 15 38 19 29 42 36 

Inst_Index:2757 	 City_Num:50 	 Concorde:5.367117 	 MCTS:5.361001 Improve:0.006116 	 Time:3.76 Seconds
Solution: 1 16 45 25 7 38 37 32 10 30 48 29 15 41 14 36 49 19 8 2 4 47 23 39 21 50 33 22 28 18 9 13 34 3 17 11 35 12 43 26 27 24 31 40 42 5 44 46 20 6 

Inst_Index:2758 	 City_Num:50 	 Concorde:5.127654 	 MCTS:5.127654 Improve:0.000000 	 Time:3.76 Seconds
Solution: 1 11 45 16 29 38 35 41 7 13 8 34 23 47 18 2 19 24 15 36 22 37 30 33 49 46 20 48 25 31 9 14 42 4 32 10 3 27 43 39 44 50 28 21 17 6 12 26 40 5 

Inst_Index:2759 	 City_Num:50 	 Concorde:5.909179 	 MCTS:5.909179 Improve:0.000000 	 Time:3.76 Seconds
Solution: 1 28 9 50 41 37 34 8 40 2 47 19 4 10 26 13 38 35 49 14 43 21 36 25 32 46 6 12 15 24 11 18 16 45 5 3 7 30 39 42 48 23 31 20 29 17 27 44 33 22 

Inst_Index:2760 	 City_Num:50 	 Concorde:5.470049 	 MCTS:5.470049 Improve:0.000000 	 Time:3.77 Seconds
Solution: 1 8 7 2 3 39 27 23 20 18 42 48 21 32 45 19 43 13 47 35 50 40 28 31 9 38 37 4 11 17 6 22 33 29 12 30 5 36 26 46 15 14 16 44 25 49 10 41 24 34 

Inst_Index:2761 	 City_Num:50 	 Concorde:5.924369 	 MCTS:5.922999 Improve:0.001370 	 Time:3.75 Seconds
Solution: 1 45 46 16 12 17 32 44 4 26 39 7 36 38 31 30 10 5 24 21 41 50 8 37 35 22 42 11 47 34 9 13 2 19 23 43 28 27 25 48 18 29 6 33 49 3 14 20 15 40 

Inst_Index:2762 	 City_Num:50 	 Concorde:5.417541 	 MCTS:5.417541 Improve:-0.000000 	 Time:3.77 Seconds
Solution: 1 30 17 13 29 40 6 33 19 43 35 32 23 10 49 24 44 36 21 14 16 3 22 31 25 12 4 50 26 15 28 11 45 2 42 34 38 7 41 37 20 47 27 46 48 8 18 39 9 5 

Inst_Index:2763 	 City_Num:50 	 Concorde:5.176858 	 MCTS:5.176858 Improve:0.000000 	 Time:3.77 Seconds
Solution: 1 45 8 41 4 2 6 32 10 23 17 35 11 44 39 37 47 49 28 22 13 20 12 19 33 50 3 31 42 18 43 40 21 5 16 27 9 15 48 36 29 7 24 46 26 38 25 34 30 14 

Inst_Index:2764 	 City_Num:50 	 Concorde:5.827285 	 MCTS:5.823588 Improve:0.003697 	 Time:3.76 Seconds
Solution: 1 4 12 16 23 42 33 28 9 3 35 31 19 20 11 34 27 36 2 17 21 41 48 8 29 22 10 39 32 6 40 7 46 38 47 49 18 50 14 13 24 15 30 45 44 25 26 5 37 43 

Inst_Index:2765 	 City_Num:50 	 Concorde:5.679240 	 MCTS:5.679240 Improve:0.000000 	 Time:3.76 Seconds
Solution: 1 42 12 31 6 25 18 32 43 48 16 21 34 30 28 4 5 23 50 33 2 17 35 39 20 13 9 24 40 38 11 44 15 27 3 14 26 46 29 36 8 19 49 41 37 47 22 7 10 45 

Inst_Index:2766 	 City_Num:50 	 Concorde:5.963096 	 MCTS:5.963096 Improve:0.000000 	 Time:3.75 Seconds
Solution: 1 37 26 49 10 48 42 6 29 28 23 4 32 36 38 22 44 18 30 7 43 21 40 12 47 5 34 17 3 19 39 20 24 33 25 15 45 2 46 8 9 13 27 14 31 35 16 50 11 41 

Inst_Index:2767 	 City_Num:50 	 Concorde:5.697959 	 MCTS:5.697959 Improve:0.000000 	 Time:3.76 Seconds
Solution: 1 25 35 41 43 40 23 45 26 38 36 28 37 13 20 6 46 42 5 50 27 22 32 31 34 48 4 47 24 18 33 15 2 11 17 8 10 19 3 30 12 16 29 39 49 14 21 7 44 9 

Inst_Index:2768 	 City_Num:50 	 Concorde:5.782984 	 MCTS:5.782984 Improve:-0.000000 	 Time:3.76 Seconds
Solution: 1 2 11 30 39 16 6 29 10 17 31 20 40 25 33 4 38 15 49 23 37 24 8 44 32 5 14 46 27 12 3 41 43 47 26 42 35 9 18 21 50 48 19 22 34 36 28 7 13 45 

Inst_Index:2769 	 City_Num:50 	 Concorde:5.398202 	 MCTS:5.393576 Improve:0.004626 	 Time:3.76 Seconds
Solution: 1 28 46 21 35 10 17 4 37 42 20 47 31 43 44 32 9 5 24 18 12 30 50 2 36 29 41 38 27 33 14 15 8 23 49 48 7 26 16 39 3 11 6 45 19 13 25 40 34 22 

Inst_Index:2770 	 City_Num:50 	 Concorde:5.558105 	 MCTS:5.558105 Improve:0.000000 	 Time:3.76 Seconds
Solution: 1 36 44 50 29 12 17 30 37 19 20 14 31 45 43 26 5 34 49 3 11 38 48 33 35 46 9 13 27 25 15 6 23 41 4 28 42 22 24 39 7 16 32 18 8 47 21 2 40 10 

Inst_Index:2771 	 City_Num:50 	 Concorde:5.726975 	 MCTS:5.726975 Improve:-0.000000 	 Time:3.77 Seconds
Solution: 1 21 13 10 37 34 27 44 7 12 14 25 42 45 49 26 9 16 43 22 15 41 23 4 18 8 28 3 36 38 29 11 19 50 30 31 48 2 35 47 40 46 32 5 20 33 39 24 6 17 

Inst_Index:2772 	 City_Num:50 	 Concorde:5.909022 	 MCTS:5.905143 Improve:0.003879 	 Time:3.76 Seconds
Solution: 1 27 28 10 43 17 16 42 44 47 9 20 8 24 11 3 48 4 21 39 12 22 30 13 23 18 29 31 19 45 5 7 40 33 38 25 35 34 6 49 32 37 26 15 46 14 36 41 2 50 

Inst_Index:2773 	 City_Num:50 	 Concorde:5.517686 	 MCTS:5.517686 Improve:0.000000 	 Time:3.76 Seconds
Solution: 1 12 14 27 16 18 23 5 40 10 22 21 50 38 17 15 39 4 48 49 13 37 44 26 36 43 32 35 31 46 8 2 30 25 19 42 9 7 6 28 41 3 34 11 33 45 47 29 20 24 

Inst_Index:2774 	 City_Num:50 	 Concorde:5.437808 	 MCTS:5.437808 Improve:0.000000 	 Time:3.75 Seconds
Solution: 1 50 48 30 16 5 39 43 19 7 4 37 10 41 15 31 45 6 8 18 33 49 21 47 2 32 44 28 35 11 36 34 3 9 42 22 23 14 46 24 40 26 20 17 25 29 12 13 27 38 

Inst_Index:2775 	 City_Num:50 	 Concorde:5.688150 	 MCTS:5.679118 Improve:0.009032 	 Time:3.76 Seconds
Solution: 1 25 41 27 42 9 30 10 50 44 20 45 37 34 32 7 46 18 5 24 12 15 22 26 13 28 17 14 48 33 16 36 43 39 4 3 11 35 31 2 38 40 6 29 47 49 21 19 8 23 

Inst_Index:2776 	 City_Num:50 	 Concorde:5.887770 	 MCTS:5.887770 Improve:-0.000000 	 Time:3.77 Seconds
Solution: 1 13 42 5 39 21 16 43 18 47 28 11 8 4 14 31 33 20 37 46 12 34 17 40 50 15 41 30 19 38 26 27 48 23 49 32 45 9 3 24 10 22 6 44 36 29 35 2 25 7 

Inst_Index:2777 	 City_Num:50 	 Concorde:5.603677 	 MCTS:5.603677 Improve:-0.000000 	 Time:3.76 Seconds
Solution: 1 27 34 16 28 36 5 38 4 48 30 29 42 40 11 49 9 41 47 14 33 15 25 43 23 8 17 37 50 10 18 7 46 21 32 6 12 24 44 26 3 20 45 2 39 19 31 13 22 35 

Inst_Index:2778 	 City_Num:50 	 Concorde:5.893699 	 MCTS:5.893699 Improve:0.000000 	 Time:3.76 Seconds
Solution: 1 24 23 43 21 4 10 26 50 9 27 18 36 11 42 19 49 31 48 41 3 47 32 33 25 28 5 15 39 40 45 6 14 17 34 29 8 22 13 35 16 30 46 12 44 37 2 20 7 38 

Inst_Index:2779 	 City_Num:50 	 Concorde:5.643823 	 MCTS:5.643823 Improve:0.000000 	 Time:3.77 Seconds
Solution: 1 45 27 25 41 8 6 17 12 31 16 29 3 49 39 42 9 38 4 34 46 43 26 14 24 23 13 18 5 11 35 50 30 48 37 40 20 10 36 21 28 32 33 22 47 7 44 19 2 15 

Inst_Index:2780 	 City_Num:50 	 Concorde:5.636232 	 MCTS:5.636232 Improve:-0.000000 	 Time:3.76 Seconds
Solution: 1 8 44 3 28 32 22 15 48 39 50 33 19 27 30 29 31 35 7 47 26 16 43 11 5 46 13 6 2 34 38 41 4 37 25 45 18 20 21 40 9 49 23 10 36 42 12 17 24 14 

Inst_Index:2781 	 City_Num:50 	 Concorde:5.727924 	 MCTS:5.727924 Improve:0.000000 	 Time:3.75 Seconds
Solution: 1 10 43 31 28 22 36 15 49 3 47 33 12 7 34 6 27 21 13 4 38 45 11 41 50 30 23 20 39 5 14 29 37 25 48 18 16 2 40 46 19 17 42 44 9 24 26 8 32 35 

Inst_Index:2782 	 City_Num:50 	 Concorde:5.729824 	 MCTS:5.727054 Improve:0.002770 	 Time:3.76 Seconds
Solution: 1 14 50 29 21 43 30 46 34 41 20 26 16 38 11 15 2 10 36 8 13 45 32 37 48 31 7 23 42 12 39 47 4 25 40 17 19 28 3 44 6 22 9 33 35 24 18 27 49 5 

Inst_Index:2783 	 City_Num:50 	 Concorde:5.644474 	 MCTS:5.641220 Improve:0.003255 	 Time:3.76 Seconds
Solution: 1 35 21 26 24 14 25 22 28 50 33 6 7 48 49 4 41 39 46 20 12 17 9 47 29 11 32 42 10 37 13 15 34 30 45 36 8 40 3 16 5 18 31 23 2 27 43 19 44 38 

Inst_Index:2784 	 City_Num:50 	 Concorde:5.823479 	 MCTS:5.823479 Improve:0.000000 	 Time:3.77 Seconds
Solution: 1 15 21 36 9 2 39 18 50 8 48 38 33 44 3 25 20 13 24 12 32 30 28 40 37 41 34 7 17 42 35 11 31 43 4 16 22 23 29 5 19 6 45 46 49 26 14 47 10 27 

Inst_Index:2785 	 City_Num:50 	 Concorde:5.555334 	 MCTS:5.555164 Improve:0.000170 	 Time:3.77 Seconds
Solution: 1 43 28 8 34 4 39 40 24 25 12 18 10 37 14 23 16 21 11 5 19 31 36 33 38 20 44 27 46 42 3 6 45 26 49 35 47 48 9 41 22 13 30 15 7 2 17 29 50 32 

Inst_Index:2786 	 City_Num:50 	 Concorde:5.746789 	 MCTS:5.746789 Improve:0.000000 	 Time:3.76 Seconds
Solution: 1 24 41 47 40 31 26 11 20 21 13 35 9 42 23 46 28 48 4 18 2 22 12 37 34 8 7 44 16 30 38 3 49 50 10 19 25 29 32 45 39 6 15 27 43 17 36 14 5 33 

Inst_Index:2787 	 City_Num:50 	 Concorde:5.467032 	 MCTS:5.458508 Improve:0.008523 	 Time:3.77 Seconds
Solution: 1 45 10 39 43 27 36 30 5 49 28 23 13 48 26 17 11 4 21 7 20 34 15 38 8 22 47 25 33 3 44 40 2 12 41 37 50 16 32 24 29 18 6 14 42 35 46 31 9 19 

Inst_Index:2788 	 City_Num:50 	 Concorde:5.487631 	 MCTS:5.481558 Improve:0.006073 	 Time:3.75 Seconds
Solution: 1 11 33 42 22 45 10 2 46 16 48 47 19 24 35 8 31 4 32 38 28 39 37 20 21 15 5 6 34 50 27 26 36 29 7 25 40 13 3 9 30 18 44 23 12 43 14 49 17 41 

Inst_Index:2789 	 City_Num:50 	 Concorde:5.446124 	 MCTS:5.446124 Improve:-0.000000 	 Time:3.75 Seconds
Solution: 1 44 17 16 49 18 38 39 34 28 20 13 27 19 8 40 45 37 11 46 50 35 21 5 41 14 43 42 47 7 25 23 24 32 3 15 10 12 31 2 26 30 36 4 48 6 22 33 9 29 

Inst_Index:2790 	 City_Num:50 	 Concorde:5.803298 	 MCTS:5.800462 Improve:0.002836 	 Time:3.77 Seconds
Solution: 1 37 4 17 25 29 2 18 48 49 31 44 13 21 9 12 15 11 6 33 38 16 24 34 46 28 45 43 30 8 32 41 22 26 39 19 35 42 40 7 3 5 14 36 10 23 20 50 47 27 

Inst_Index:2791 	 City_Num:50 	 Concorde:5.591711 	 MCTS:5.591173 Improve:0.000537 	 Time:3.75 Seconds
Solution: 1 34 9 11 46 49 18 8 21 50 23 47 43 14 37 5 32 38 16 45 39 33 20 29 48 19 42 12 3 10 44 17 15 28 22 27 13 41 36 31 2 40 4 30 35 26 6 7 24 25 

Inst_Index:2792 	 City_Num:50 	 Concorde:5.528862 	 MCTS:5.523684 Improve:0.005178 	 Time:3.75 Seconds
Solution: 1 34 12 41 37 46 31 45 20 38 11 9 7 19 17 40 26 24 13 18 22 33 49 47 36 29 10 28 2 15 4 23 25 32 16 48 44 43 14 39 21 8 3 27 50 30 35 5 42 6 

Inst_Index:2793 	 City_Num:50 	 Concorde:5.650629 	 MCTS:5.648377 Improve:0.002253 	 Time:3.77 Seconds
Solution: 1 40 25 6 8 46 48 18 30 24 10 5 23 13 16 19 14 15 35 26 32 37 49 22 41 7 50 36 4 3 20 17 29 43 21 27 47 12 38 2 9 31 34 28 11 45 44 33 39 42 

Inst_Index:2794 	 City_Num:50 	 Concorde:5.943517 	 MCTS:5.942629 Improve:0.000888 	 Time:3.75 Seconds
Solution: 1 46 11 9 36 45 42 14 28 23 38 29 5 37 26 15 22 6 13 25 40 12 20 50 8 35 49 32 17 10 18 48 2 47 24 31 30 39 19 34 44 33 41 3 43 21 16 7 4 27 

Inst_Index:2795 	 City_Num:50 	 Concorde:5.798966 	 MCTS:5.798714 Improve:0.000253 	 Time:3.76 Seconds
Solution: 1 21 3 5 36 43 7 35 41 8 24 19 29 25 20 28 2 33 48 44 4 15 6 34 46 26 50 17 13 38 27 11 32 31 14 30 23 39 18 10 47 12 40 45 49 37 22 16 42 9 

Inst_Index:2796 	 City_Num:50 	 Concorde:5.571761 	 MCTS:5.571761 Improve:0.000000 	 Time:3.77 Seconds
Solution: 1 11 4 18 22 19 41 43 5 10 31 37 13 16 24 30 47 38 23 32 34 15 49 29 25 27 42 9 44 6 26 20 8 21 33 40 17 46 28 2 12 14 45 7 3 35 48 50 39 36 

Inst_Index:2797 	 City_Num:50 	 Concorde:5.849667 	 MCTS:5.849667 Improve:-0.000000 	 Time:3.76 Seconds
Solution: 1 29 26 28 27 22 40 43 37 2 39 38 45 5 48 44 10 46 6 12 41 24 11 32 4 50 42 33 23 21 34 15 30 8 7 13 25 31 49 17 3 18 47 9 19 16 36 20 35 14 

Inst_Index:2798 	 City_Num:50 	 Concorde:5.323470 	 MCTS:5.320013 Improve:0.003457 	 Time:3.76 Seconds
Solution: 1 39 23 13 17 22 8 7 50 34 3 29 36 15 48 45 9 49 19 44 33 2 14 26 4 30 5 41 43 16 20 32 38 11 12 21 46 42 40 31 35 47 37 24 28 10 25 18 6 27 

Inst_Index:2799 	 City_Num:50 	 Concorde:5.812126 	 MCTS:5.810429 Improve:0.001697 	 Time:3.77 Seconds
Solution: 1 37 47 3 17 19 14 11 46 26 4 36 29 13 31 6 21 32 40 10 39 16 44 50 43 48 20 28 2 30 18 27 12 33 49 34 5 45 8 9 23 24 22 35 7 25 38 41 42 15 

Inst_Index:2800 	 City_Num:50 	 Concorde:5.807365 	 MCTS:5.807365 Improve:0.000000 	 Time:3.75 Seconds
Solution: 1 21 37 11 14 32 30 33 27 48 29 39 23 9 43 50 6 36 10 26 44 31 5 15 42 38 2 18 4 7 35 45 25 49 46 34 24 17 19 22 12 47 40 16 28 13 3 41 20 8 

Inst_Index:2801 	 City_Num:50 	 Concorde:5.598568 	 MCTS:5.596698 Improve:0.001869 	 Time:3.75 Seconds
Solution: 1 5 3 14 16 45 22 34 12 49 46 10 29 20 28 32 8 4 24 42 47 25 9 33 43 36 39 2 13 17 44 21 7 27 19 30 48 38 26 50 6 23 15 41 37 40 11 35 31 18 

Inst_Index:2802 	 City_Num:50 	 Concorde:6.063963 	 MCTS:6.063963 Improve:0.000000 	 Time:3.75 Seconds
Solution: 1 4 38 10 15 24 14 49 22 40 3 23 34 9 21 45 41 16 33 42 2 39 6 35 25 13 50 26 27 43 30 31 36 44 47 7 8 17 37 18 19 12 29 32 20 28 48 46 5 11 

Inst_Index:2803 	 City_Num:50 	 Concorde:5.405676 	 MCTS:5.401629 Improve:0.004047 	 Time:3.77 Seconds
Solution: 1 30 6 43 18 23 41 46 32 5 36 50 22 42 40 15 35 21 11 39 38 47 34 29 28 9 49 16 27 8 26 4 12 3 13 31 7 25 33 37 17 19 45 48 20 2 44 24 10 14 

Inst_Index:2804 	 City_Num:50 	 Concorde:5.305794 	 MCTS:5.305794 Improve:0.000000 	 Time:3.75 Seconds
Solution: 1 44 22 40 38 35 3 33 28 17 30 41 43 11 19 25 50 18 20 21 14 4 8 6 13 36 31 45 24 27 32 26 23 46 2 12 49 16 29 9 48 5 15 42 10 39 37 47 7 34 

Inst_Index:2805 	 City_Num:50 	 Concorde:5.826375 	 MCTS:5.826375 Improve:0.000000 	 Time:3.77 Seconds
Solution: 1 23 15 3 5 14 46 24 18 17 38 47 7 26 29 4 50 32 12 44 11 19 16 48 30 49 41 43 31 45 6 33 13 36 22 20 21 42 40 8 27 9 35 2 28 25 39 10 37 34 

Inst_Index:2806 	 City_Num:50 	 Concorde:5.614470 	 MCTS:5.614470 Improve:0.000000 	 Time:3.77 Seconds
Solution: 1 10 4 20 16 32 35 15 14 11 17 2 12 19 8 50 34 29 23 44 38 5 39 43 25 42 48 22 9 13 18 37 40 33 36 31 45 6 47 28 24 49 3 27 7 46 26 30 41 21 

Inst_Index:2807 	 City_Num:50 	 Concorde:5.877900 	 MCTS:5.877900 Improve:0.000000 	 Time:3.75 Seconds
Solution: 1 8 48 13 17 5 22 2 38 4 41 47 44 11 37 16 7 26 45 40 32 18 10 12 20 49 27 31 35 21 25 34 15 36 3 39 14 24 6 30 50 9 42 33 46 29 43 23 19 28 

Inst_Index:2808 	 City_Num:50 	 Concorde:5.919915 	 MCTS:5.913093 Improve:0.006822 	 Time:3.77 Seconds
Solution: 1 8 37 9 49 17 16 22 34 42 25 45 12 29 18 6 31 50 33 46 4 5 19 2 27 28 14 21 20 38 30 13 41 10 47 23 44 7 32 26 36 39 15 43 40 48 11 24 35 3 

Inst_Index:2809 	 City_Num:50 	 Concorde:5.769741 	 MCTS:5.766341 Improve:0.003399 	 Time:3.76 Seconds
Solution: 1 15 20 14 26 45 43 48 46 21 42 41 6 3 39 24 32 29 34 36 4 18 35 13 37 5 9 50 27 44 11 22 16 17 47 8 10 12 28 25 23 19 38 7 40 30 31 2 33 49 

Inst_Index:2810 	 City_Num:50 	 Concorde:5.506418 	 MCTS:5.506418 Improve:0.000000 	 Time:3.76 Seconds
Solution: 1 15 18 26 28 50 30 45 29 27 46 7 38 36 6 17 34 40 33 12 43 21 5 4 44 31 23 41 39 35 42 22 8 47 3 19 9 48 20 11 32 49 16 25 37 24 10 13 14 2 

Inst_Index:2811 	 City_Num:50 	 Concorde:6.051373 	 MCTS:6.051373 Improve:0.000000 	 Time:3.75 Seconds
Solution: 1 21 45 12 47 39 48 36 49 32 33 4 44 18 37 14 31 38 50 9 5 19 3 24 30 42 28 25 7 17 6 10 22 13 29 34 2 16 35 23 8 15 20 26 27 11 43 46 41 40 

Inst_Index:2812 	 City_Num:50 	 Concorde:5.311891 	 MCTS:5.311891 Improve:-0.000000 	 Time:3.76 Seconds
Solution: 1 15 27 39 20 45 47 19 36 50 48 34 31 10 28 2 3 4 23 49 35 33 30 18 5 14 8 46 22 11 24 42 32 41 37 26 29 44 12 13 43 16 38 25 6 21 17 40 9 7 

Inst_Index:2813 	 City_Num:50 	 Concorde:5.077391 	 MCTS:5.075213 Improve:0.002178 	 Time:3.76 Seconds
Solution: 1 29 49 11 38 36 25 15 6 50 24 16 21 4 13 3 46 35 2 18 22 5 30 8 14 32 12 41 45 33 47 40 31 20 26 48 28 23 34 44 27 42 37 7 17 9 10 39 43 19 

Inst_Index:2814 	 City_Num:50 	 Concorde:5.709553 	 MCTS:5.709553 Improve:-0.000000 	 Time:3.76 Seconds
Solution: 1 22 33 42 21 16 20 14 45 35 17 38 40 34 32 31 7 29 41 9 10 39 24 3 28 4 43 5 23 44 30 36 2 46 19 11 12 50 18 27 13 49 47 37 15 26 8 6 25 48 

Inst_Index:2815 	 City_Num:50 	 Concorde:5.280036 	 MCTS:5.280036 Improve:0.000000 	 Time:3.76 Seconds
Solution: 1 36 24 8 6 16 20 12 48 29 38 50 4 21 30 11 5 2 44 46 10 47 28 42 26 17 33 25 14 40 32 39 15 37 18 49 43 35 7 27 3 13 45 31 41 23 9 19 22 34 

Inst_Index:2816 	 City_Num:50 	 Concorde:5.647802 	 MCTS:5.647802 Improve:-0.000000 	 Time:3.77 Seconds
Solution: 1 27 25 23 9 12 47 33 50 19 36 21 4 29 6 8 20 34 31 39 37 10 5 49 43 15 2 30 41 26 24 7 18 13 48 35 46 11 38 28 22 32 14 45 42 40 3 17 16 44 

Inst_Index:2817 	 City_Num:50 	 Concorde:5.942256 	 MCTS:5.942256 Improve:-0.000000 	 Time:3.77 Seconds
Solution: 1 24 5 50 21 48 3 37 35 26 23 30 47 10 20 34 25 18 13 9 11 38 19 33 6 45 27 36 40 44 12 8 49 46 39 16 41 4 29 42 14 15 17 28 43 7 22 31 32 2 


Avg_Concorde_Distance: 5.698969 Avg_MCTS_Distance: 5.697787 Avg_Gap: -0.000207 Total_Time: 1178.36 Seconds 
 Beat_Best_Known_Times: 120 Match_Best_Known_Times: 193 Miss_Best_Known_Times: 0 
