Number_of_Instances_In_Current_Batch: 313

Inst_Index:1 	 City_Num:50 	 Concorde:5.826050 	 MCTS:5.826050 Improve:0.000000 	 Time:3.75 Seconds
Solution: 1 41 27 11 16 29 2 12 48 31 49 7 46 30 14 40 24 28 33 9 23 45 37 8 10 35 42 50 18 15 44 32 25 6 22 19 3 17 47 43 34 36 5 21 39 13 4 26 38 20 

Inst_Index:2 	 City_Num:50 	 Concorde:5.754348 	 MCTS:5.751998 Improve:0.002350 	 Time:3.76 Seconds
Solution: 1 24 19 10 8 25 31 11 16 20 48 2 23 46 38 37 32 36 47 7 42 50 21 49 45 22 35 39 34 33 40 15 43 41 14 26 18 44 28 3 9 5 30 4 6 17 13 29 12 27 

Inst_Index:3 	 City_Num:50 	 Concorde:5.925635 	 MCTS:5.923227 Improve:0.002408 	 Time:3.76 Seconds
Solution: 1 29 32 34 8 33 37 23 22 44 2 40 47 36 18 9 48 27 41 45 16 50 15 6 20 43 14 17 26 24 13 4 28 31 21 49 12 46 38 7 19 39 30 3 25 42 10 5 35 11 

Inst_Index:4 	 City_Num:50 	 Concorde:5.837042 	 MCTS:5.837042 Improve:0.000000 	 Time:3.76 Seconds
Solution: 1 28 43 30 11 47 23 40 33 4 20 45 14 50 49 32 5 3 9 21 22 24 26 29 18 37 46 17 12 35 13 6 41 10 48 19 8 16 39 7 27 42 38 31 36 25 2 15 44 34 

Inst_Index:5 	 City_Num:50 	 Concorde:5.479454 	 MCTS:5.479454 Improve:0.000000 	 Time:3.75 Seconds
Solution: 1 19 14 29 21 10 7 22 30 15 34 26 32 3 36 2 38 17 43 11 35 49 37 40 44 24 23 16 18 31 33 5 45 13 47 41 9 8 12 6 39 4 28 50 25 20 42 27 48 46 

Inst_Index:6 	 City_Num:50 	 Concorde:5.834035 	 MCTS:5.834035 Improve:-0.000000 	 Time:3.75 Seconds
Solution: 1 28 15 48 13 45 17 6 5 21 42 8 35 47 3 32 2 10 29 20 18 22 36 40 50 14 44 11 39 12 33 7 24 27 34 25 41 49 19 38 31 37 26 4 16 9 43 23 46 30 

Inst_Index:7 	 City_Num:50 	 Concorde:5.450400 	 MCTS:5.450400 Improve:-0.000000 	 Time:3.75 Seconds
Solution: 1 50 19 20 15 10 43 40 36 18 9 44 4 32 2 34 23 5 38 13 33 30 41 26 27 25 46 37 39 12 21 45 35 17 29 49 24 31 6 42 16 11 47 22 7 28 14 8 48 3 

Inst_Index:8 	 City_Num:50 	 Concorde:5.849882 	 MCTS:5.849882 Improve:-0.000000 	 Time:3.77 Seconds
Solution: 1 36 17 26 20 18 44 34 49 8 33 29 3 46 27 40 43 45 11 5 7 22 31 4 6 25 38 39 32 21 48 41 9 19 2 35 24 30 10 15 42 50 37 14 12 16 13 47 28 23 

Inst_Index:9 	 City_Num:50 	 Concorde:5.943965 	 MCTS:5.943965 Improve:0.000000 	 Time:3.76 Seconds
Solution: 1 41 45 16 34 12 5 18 29 19 37 48 3 38 49 23 33 22 31 7 14 10 20 4 46 17 2 6 28 39 21 36 11 15 26 50 8 40 24 43 27 42 30 47 9 25 44 35 32 13 

Inst_Index:10 	 City_Num:50 	 Concorde:6.005284 	 MCTS:6.005284 Improve:0.000000 	 Time:3.75 Seconds
Solution: 1 44 18 3 7 36 10 2 24 16 21 50 38 31 20 28 42 30 33 32 17 19 49 22 47 14 46 25 48 43 39 37 34 12 29 35 4 26 13 9 8 23 45 27 5 40 15 6 11 41 

Inst_Index:11 	 City_Num:50 	 Concorde:5.901119 	 MCTS:5.898414 Improve:0.002705 	 Time:3.76 Seconds
Solution: 1 20 41 36 28 37 12 45 2 25 22 8 10 39 6 29 32 46 31 21 19 33 7 27 23 15 16 35 40 48 17 13 11 50 44 47 49 38 30 42 4 14 3 9 43 26 34 18 5 24 

Inst_Index:12 	 City_Num:50 	 Concorde:5.612145 	 MCTS:5.609765 Improve:0.002380 	 Time:3.77 Seconds
Solution: 1 40 20 43 42 4 48 41 38 15 22 3 5 49 14 18 47 8 23 2 28 7 11 6 9 21 36 12 39 17 33 19 29 26 34 30 32 27 31 35 25 44 37 16 50 24 45 10 13 46 

Inst_Index:13 	 City_Num:50 	 Concorde:6.003314 	 MCTS:6.002656 Improve:0.000658 	 Time:3.77 Seconds
Solution: 1 42 40 41 35 47 5 31 3 10 26 28 22 45 21 49 18 50 17 37 19 34 9 44 32 15 25 30 8 20 29 24 14 33 7 4 43 13 16 38 6 39 36 23 46 12 48 11 2 27 

Inst_Index:14 	 City_Num:50 	 Concorde:6.122974 	 MCTS:6.120281 Improve:0.002694 	 Time:3.76 Seconds
Solution: 1 20 50 7 40 43 10 39 23 31 28 13 34 19 11 32 46 25 21 8 47 4 12 6 37 17 27 33 2 5 9 45 41 22 30 14 36 29 48 44 42 24 35 49 38 16 18 26 15 3 

Inst_Index:15 	 City_Num:50 	 Concorde:5.573338 	 MCTS:5.573338 Improve:-0.000000 	 Time:3.75 Seconds
Solution: 1 34 14 38 9 13 30 42 20 25 49 16 41 21 37 46 23 39 3 15 33 35 10 36 44 17 19 12 4 32 43 11 45 2 48 7 8 31 18 28 22 27 29 6 5 47 40 50 24 26 

Inst_Index:16 	 City_Num:50 	 Concorde:6.002924 	 MCTS:6.002924 Improve:0.000000 	 Time:3.75 Seconds
Solution: 1 48 40 19 18 37 47 41 44 42 4 43 25 21 10 33 46 30 13 31 49 16 24 39 34 14 26 45 11 12 5 20 6 36 32 50 2 28 23 22 9 8 7 15 29 35 27 17 38 3 

Inst_Index:17 	 City_Num:50 	 Concorde:5.827146 	 MCTS:5.827146 Improve:0.000000 	 Time:3.76 Seconds
Solution: 1 23 3 8 26 18 30 48 42 7 45 13 32 14 46 33 11 16 15 44 47 49 39 37 36 4 24 34 43 12 17 28 35 2 6 10 50 9 20 27 22 19 40 29 41 31 25 38 21 5 

Inst_Index:18 	 City_Num:50 	 Concorde:5.605598 	 MCTS:5.603878 Improve:0.001720 	 Time:3.76 Seconds
Solution: 1 11 47 26 9 5 37 50 7 38 25 10 40 43 14 31 8 21 17 20 45 3 22 24 4 30 16 6 32 13 49 46 29 28 41 42 27 18 2 12 44 33 34 19 36 15 35 39 23 48 

Inst_Index:19 	 City_Num:50 	 Concorde:5.611336 	 MCTS:5.611336 Improve:-0.000000 	 Time:3.75 Seconds
Solution: 1 45 35 32 23 10 37 22 9 33 47 43 2 36 14 39 26 34 46 3 12 11 13 21 5 50 41 29 44 49 24 18 6 38 15 25 48 16 42 28 17 19 30 4 27 31 8 20 7 40 

Inst_Index:20 	 City_Num:50 	 Concorde:5.726899 	 MCTS:5.723822 Improve:0.003077 	 Time:3.76 Seconds
Solution: 1 41 19 7 45 22 27 36 47 4 26 38 20 13 37 14 43 9 49 39 10 25 12 24 50 3 32 48 42 28 15 35 29 11 44 34 2 21 16 30 31 40 6 5 17 18 46 33 8 23 

Inst_Index:21 	 City_Num:50 	 Concorde:5.889343 	 MCTS:5.888145 Improve:0.001198 	 Time:3.77 Seconds
Solution: 1 35 32 43 47 28 22 21 38 46 4 41 37 31 45 9 16 6 7 10 12 5 29 44 30 49 18 11 50 27 39 34 8 13 20 3 15 24 2 25 26 48 17 14 40 42 36 19 33 23 

Inst_Index:22 	 City_Num:50 	 Concorde:5.551767 	 MCTS:5.551767 Improve:0.000000 	 Time:3.75 Seconds
Solution: 1 24 42 5 27 44 40 48 15 19 39 9 22 4 38 20 7 12 30 25 28 10 46 33 3 37 17 49 11 13 31 45 29 35 14 36 21 41 47 26 2 6 8 43 50 18 23 16 32 34 

Inst_Index:23 	 City_Num:50 	 Concorde:5.424786 	 MCTS:5.421699 Improve:0.003087 	 Time:3.75 Seconds
Solution: 1 33 28 23 37 13 31 36 46 32 48 24 19 8 39 14 47 35 7 6 26 21 45 29 50 16 12 42 43 10 15 27 5 4 2 30 9 44 3 25 18 22 41 17 20 11 40 49 38 34 

Inst_Index:24 	 City_Num:50 	 Concorde:5.814822 	 MCTS:5.814822 Improve:0.000000 	 Time:3.75 Seconds
Solution: 1 50 31 32 17 49 43 45 27 21 38 16 13 12 44 4 36 35 10 11 39 5 28 20 29 24 9 33 46 14 23 8 40 47 19 6 18 25 41 3 30 42 48 34 15 22 37 26 2 7 

Inst_Index:25 	 City_Num:50 	 Concorde:5.647203 	 MCTS:5.647203 Improve:-0.000000 	 Time:3.76 Seconds
Solution: 1 24 12 17 10 43 38 35 27 11 50 32 42 20 4 49 39 26 9 21 25 3 16 2 47 29 22 28 19 46 45 8 36 31 33 5 34 13 40 23 30 15 7 48 44 6 41 14 18 37 

Inst_Index:26 	 City_Num:50 	 Concorde:4.911718 	 MCTS:4.911718 Improve:0.000000 	 Time:3.77 Seconds
Solution: 1 38 30 45 21 15 8 35 46 48 41 14 47 10 50 36 23 29 22 26 37 9 25 11 5 42 17 13 27 6 20 7 32 43 44 39 34 33 28 49 24 12 2 19 16 18 40 3 4 31 

Inst_Index:27 	 City_Num:50 	 Concorde:5.838666 	 MCTS:5.838666 Improve:0.000000 	 Time:3.76 Seconds
Solution: 1 37 27 35 21 17 39 33 40 14 45 36 25 49 42 23 30 46 18 9 6 38 4 13 7 31 34 24 28 11 3 19 12 8 41 15 47 43 22 50 16 48 2 20 44 5 10 26 29 32 

Inst_Index:28 	 City_Num:50 	 Concorde:5.997563 	 MCTS:5.997563 Improve:-0.000000 	 Time:3.75 Seconds
Solution: 1 38 45 27 6 5 33 43 13 10 41 3 49 40 39 20 48 26 42 7 19 32 50 44 29 9 12 23 21 31 25 11 14 4 17 22 35 18 30 34 15 36 16 47 8 46 28 2 37 24 

Inst_Index:29 	 City_Num:50 	 Concorde:5.078159 	 MCTS:5.077201 Improve:0.000958 	 Time:3.76 Seconds
Solution: 1 5 20 11 48 47 44 12 22 19 14 23 42 21 25 26 3 40 28 43 13 16 2 18 24 39 45 8 35 50 30 31 37 34 15 38 46 27 4 6 17 29 32 7 9 41 10 49 36 33 

Inst_Index:30 	 City_Num:50 	 Concorde:5.703213 	 MCTS:5.699639 Improve:0.003574 	 Time:3.76 Seconds
Solution: 1 42 35 48 36 45 5 18 34 10 27 15 39 20 17 11 43 9 50 8 49 2 21 37 32 44 12 22 31 40 47 30 33 3 16 6 14 25 26 24 38 4 41 23 28 29 13 19 7 46 

Inst_Index:31 	 City_Num:50 	 Concorde:5.460337 	 MCTS:5.453919 Improve:0.006418 	 Time:3.75 Seconds
Solution: 1 38 36 9 27 17 23 25 19 34 35 18 10 13 22 5 31 43 39 3 21 7 33 2 47 45 14 44 37 42 50 26 46 8 41 40 49 48 15 30 16 12 32 24 4 29 20 11 28 6 

Inst_Index:32 	 City_Num:50 	 Concorde:5.440907 	 MCTS:5.438005 Improve:0.002902 	 Time:3.76 Seconds
Solution: 1 19 29 33 15 5 32 24 43 16 35 25 21 12 27 30 31 8 45 37 28 39 17 47 36 50 44 11 4 34 14 3 40 9 41 38 49 7 26 6 18 23 46 13 2 42 22 48 10 20 

Inst_Index:33 	 City_Num:50 	 Concorde:5.811458 	 MCTS:5.809490 Improve:0.001968 	 Time:3.77 Seconds
Solution: 1 42 21 39 38 19 24 4 50 11 14 46 32 13 27 33 3 9 40 35 28 12 10 37 25 30 31 18 7 34 23 8 2 43 45 49 48 26 6 41 20 47 36 29 16 17 22 5 44 15 

Inst_Index:34 	 City_Num:50 	 Concorde:5.167467 	 MCTS:5.167467 Improve:0.000000 	 Time:3.75 Seconds
Solution: 1 21 19 9 23 35 26 2 41 3 49 12 46 39 50 8 45 28 30 29 22 17 40 37 11 18 10 16 42 14 20 36 47 27 25 34 32 33 48 4 15 43 13 38 7 6 44 31 24 5 

Inst_Index:35 	 City_Num:50 	 Concorde:5.552574 	 MCTS:5.552574 Improve:-0.000000 	 Time:3.76 Seconds
Solution: 1 38 36 12 49 33 34 27 25 35 46 11 3 18 48 37 44 13 15 17 31 26 39 30 24 42 21 43 20 29 8 47 22 7 5 45 32 10 6 40 28 41 19 4 16 9 2 14 50 23 

Inst_Index:36 	 City_Num:50 	 Concorde:5.546891 	 MCTS:5.546891 Improve:-0.000000 	 Time:3.75 Seconds
Solution: 1 6 45 5 17 9 18 37 34 11 25 49 24 38 14 30 41 40 10 39 35 28 13 48 2 43 23 4 29 20 47 42 44 26 19 22 33 50 36 46 21 7 15 31 3 16 12 27 32 8 

Inst_Index:37 	 City_Num:50 	 Concorde:5.636373 	 MCTS:5.636373 Improve:-0.000000 	 Time:3.75 Seconds
Solution: 1 48 42 6 44 16 39 23 3 34 20 7 11 33 17 40 30 22 35 31 46 36 28 4 49 12 15 24 47 25 21 32 14 50 41 2 37 10 18 8 38 27 19 29 43 26 5 45 13 9 

Inst_Index:38 	 City_Num:50 	 Concorde:5.663123 	 MCTS:5.660328 Improve:0.002795 	 Time:3.76 Seconds
Solution: 1 27 17 8 5 11 24 23 7 39 3 4 30 36 40 25 49 28 26 44 6 48 2 43 41 42 19 35 50 34 22 15 37 20 18 31 10 29 14 9 47 32 46 38 12 21 13 16 45 33 

Inst_Index:39 	 City_Num:50 	 Concorde:5.740446 	 MCTS:5.740446 Improve:-0.000000 	 Time:3.75 Seconds
Solution: 1 21 13 27 32 39 30 37 5 48 46 28 15 44 20 10 50 4 14 35 17 40 12 38 26 33 11 36 43 9 18 16 31 2 7 47 34 45 3 19 49 24 29 6 41 23 8 42 22 25 

Inst_Index:40 	 City_Num:50 	 Concorde:5.611380 	 MCTS:5.611380 Improve:-0.000000 	 Time:3.76 Seconds
Solution: 1 3 23 39 25 9 7 8 26 16 35 24 41 4 50 6 14 49 21 27 19 15 34 45 28 29 46 17 10 22 36 31 13 33 42 43 18 11 48 5 2 12 47 30 44 37 40 38 20 32 

Inst_Index:41 	 City_Num:50 	 Concorde:5.608511 	 MCTS:5.608511 Improve:-0.000000 	 Time:3.76 Seconds
Solution: 1 3 43 48 6 29 17 37 49 11 5 12 18 40 44 2 19 33 24 27 45 41 16 7 36 46 28 50 22 8 20 10 38 42 26 30 47 13 31 39 34 15 23 21 4 14 25 32 35 9 

Inst_Index:42 	 City_Num:50 	 Concorde:5.985947 	 MCTS:5.985947 Improve:0.000000 	 Time:3.75 Seconds
Solution: 1 18 44 4 38 30 14 39 5 37 6 50 49 25 26 48 9 42 40 47 23 15 21 32 28 29 35 3 7 24 13 27 17 36 45 2 20 33 22 19 8 12 41 43 10 31 46 16 34 11 

Inst_Index:43 	 City_Num:50 	 Concorde:5.398960 	 MCTS:5.394887 Improve:0.004073 	 Time:3.76 Seconds
Solution: 1 45 19 12 32 29 42 31 41 3 22 8 2 11 14 46 20 23 25 40 33 24 28 10 21 17 39 43 34 4 27 6 48 50 13 26 36 30 15 16 47 49 37 35 9 18 7 44 5 38 

Inst_Index:44 	 City_Num:50 	 Concorde:5.706849 	 MCTS:5.706849 Improve:0.000000 	 Time:3.76 Seconds
Solution: 1 22 20 23 16 37 6 36 24 17 47 28 18 44 39 50 29 10 41 5 48 38 40 21 15 4 27 7 26 8 34 33 14 25 11 9 46 2 45 13 42 43 30 31 12 32 35 49 19 3 

Inst_Index:45 	 City_Num:50 	 Concorde:5.565142 	 MCTS:5.564792 Improve:0.000351 	 Time:3.77 Seconds
Solution: 1 48 3 18 2 14 8 40 50 23 19 36 13 24 49 35 22 33 29 39 10 43 30 42 28 5 26 32 25 21 41 37 44 34 45 16 9 4 38 17 11 47 27 6 12 31 7 15 20 46 

Inst_Index:46 	 City_Num:50 	 Concorde:5.777465 	 MCTS:5.777465 Improve:0.000000 	 Time:3.76 Seconds
Solution: 1 32 22 5 23 6 38 21 45 41 14 28 37 49 43 2 50 36 24 33 42 18 17 46 19 10 47 40 48 34 30 31 3 26 44 12 11 39 8 27 7 29 4 35 15 25 13 16 9 20 

Inst_Index:47 	 City_Num:50 	 Concorde:6.064411 	 MCTS:6.064411 Improve:0.000000 	 Time:3.76 Seconds
Solution: 1 7 22 35 34 15 42 43 3 27 40 25 17 11 45 8 10 41 4 14 12 19 13 44 28 5 26 29 2 9 38 32 50 18 48 20 21 49 39 31 36 37 23 47 24 30 16 46 33 6 

Inst_Index:48 	 City_Num:50 	 Concorde:5.644574 	 MCTS:5.644574 Improve:0.000000 	 Time:3.78 Seconds
Solution: 1 34 38 44 9 17 15 12 19 26 35 48 29 42 3 41 36 2 10 13 8 31 23 7 22 37 46 6 28 24 5 30 16 50 49 18 39 21 25 27 40 20 45 11 14 32 43 33 4 47 

Inst_Index:49 	 City_Num:50 	 Concorde:5.717651 	 MCTS:5.717651 Improve:-0.000000 	 Time:3.76 Seconds
Solution: 1 44 21 27 26 37 29 38 4 5 50 17 8 40 25 18 32 28 6 10 11 15 16 39 42 20 9 30 45 13 24 22 49 2 47 36 41 33 48 31 12 35 7 19 3 43 14 23 46 34 

Inst_Index:50 	 City_Num:50 	 Concorde:6.077647 	 MCTS:6.077647 Improve:-0.000000 	 Time:3.75 Seconds
Solution: 1 40 48 33 44 38 29 31 7 15 49 12 21 22 34 11 39 19 4 14 5 9 20 23 37 41 27 10 16 8 2 30 32 28 13 18 47 36 50 43 45 25 46 24 17 26 3 42 35 6 

Inst_Index:51 	 City_Num:50 	 Concorde:5.854318 	 MCTS:5.854318 Improve:-0.000000 	 Time:3.76 Seconds
Solution: 1 43 14 10 9 25 16 17 48 38 49 22 47 28 39 19 27 40 23 32 24 30 7 29 35 33 21 6 37 13 8 12 18 26 41 44 42 34 2 3 36 4 11 31 50 5 46 20 45 15 

Inst_Index:52 	 City_Num:50 	 Concorde:5.533475 	 MCTS:5.533475 Improve:-0.000000 	 Time:3.75 Seconds
Solution: 1 19 33 22 29 35 47 10 8 31 32 40 4 3 48 23 38 42 27 45 12 28 21 15 16 9 44 49 25 37 5 30 24 2 17 41 36 26 46 6 14 7 20 43 18 34 39 13 50 11 

Inst_Index:53 	 City_Num:50 	 Concorde:5.608376 	 MCTS:5.608376 Improve:-0.000000 	 Time:3.76 Seconds
Solution: 1 12 14 40 33 9 13 19 11 4 25 23 16 3 31 29 30 41 5 28 34 50 2 39 6 26 24 47 44 18 36 22 32 37 10 46 45 43 21 35 15 27 42 17 20 8 49 48 7 38 

Inst_Index:54 	 City_Num:50 	 Concorde:5.930665 	 MCTS:5.930665 Improve:0.000000 	 Time:3.76 Seconds
Solution: 1 24 39 16 12 20 28 5 42 40 50 7 47 25 31 36 27 9 44 34 35 21 18 30 10 14 37 3 13 45 41 29 38 43 4 19 33 8 48 11 32 26 49 2 46 17 22 23 6 15 

Inst_Index:55 	 City_Num:50 	 Concorde:5.939265 	 MCTS:5.936762 Improve:0.002503 	 Time:3.76 Seconds
Solution: 1 39 5 34 16 17 12 43 27 19 40 21 28 38 8 30 33 22 45 2 29 4 10 7 48 20 41 35 42 44 23 25 31 14 3 15 18 26 13 6 47 9 11 49 37 50 36 24 32 46 

Inst_Index:56 	 City_Num:50 	 Concorde:5.779171 	 MCTS:5.778795 Improve:0.000375 	 Time:3.77 Seconds
Solution: 1 19 44 29 10 17 7 32 33 21 30 42 25 36 27 14 34 13 31 3 46 16 5 8 50 4 11 39 28 48 40 2 47 41 49 23 35 20 22 15 24 12 38 6 43 26 45 18 37 9 

Inst_Index:57 	 City_Num:50 	 Concorde:5.729447 	 MCTS:5.729447 Improve:0.000000 	 Time:3.76 Seconds
Solution: 1 3 7 23 26 9 10 41 27 22 8 28 11 36 12 4 31 25 40 48 50 34 17 44 29 21 16 42 32 19 6 35 5 13 24 14 43 33 2 37 47 49 45 38 39 46 30 18 20 15 

Inst_Index:58 	 City_Num:50 	 Concorde:5.684505 	 MCTS:5.684505 Improve:0.000000 	 Time:3.77 Seconds
Solution: 1 9 30 45 49 15 11 14 25 21 18 42 3 6 48 8 50 47 22 12 23 43 34 17 46 29 28 33 44 27 36 20 31 2 10 26 39 4 24 41 37 16 38 7 35 40 5 19 13 32 

Inst_Index:59 	 City_Num:50 	 Concorde:5.800119 	 MCTS:5.800119 Improve:-0.000000 	 Time:3.77 Seconds
Solution: 1 21 16 36 41 23 49 22 7 18 45 44 39 47 34 20 4 30 13 31 2 26 27 25 40 24 33 28 9 37 14 38 42 19 6 5 3 35 29 11 43 15 8 48 50 32 12 46 17 10 

Inst_Index:60 	 City_Num:50 	 Concorde:5.605863 	 MCTS:5.605863 Improve:-0.000000 	 Time:3.77 Seconds
Solution: 1 24 30 26 3 13 19 47 32 46 42 16 48 38 11 9 50 39 2 17 49 25 20 4 34 31 12 27 21 15 29 22 28 7 14 23 40 5 37 8 45 35 18 36 44 33 6 10 43 41 

Inst_Index:61 	 City_Num:50 	 Concorde:5.295002 	 MCTS:5.295002 Improve:0.000000 	 Time:3.75 Seconds
Solution: 1 24 11 15 29 14 41 43 12 42 30 8 37 49 46 47 33 13 6 22 7 20 19 39 9 50 4 44 5 32 2 16 34 45 28 3 21 35 48 25 26 38 10 23 36 31 40 27 18 17 

Inst_Index:62 	 City_Num:50 	 Concorde:5.694767 	 MCTS:5.694767 Improve:0.000000 	 Time:3.75 Seconds
Solution: 1 36 31 35 32 8 44 25 3 6 21 42 23 39 37 5 28 50 47 45 27 41 22 48 11 46 29 17 49 13 16 9 30 34 33 7 38 15 20 14 43 26 12 4 2 40 10 19 18 24 

Inst_Index:63 	 City_Num:50 	 Concorde:5.469623 	 MCTS:5.467084 Improve:0.002540 	 Time:3.76 Seconds
Solution: 1 44 47 38 28 7 8 22 24 12 20 48 40 3 34 17 15 6 13 35 23 11 49 27 9 46 16 14 4 43 32 18 50 36 5 41 25 10 45 29 2 19 37 42 33 39 30 21 26 31 

Inst_Index:64 	 City_Num:50 	 Concorde:5.837456 	 MCTS:5.837456 Improve:0.000000 	 Time:3.76 Seconds
Solution: 1 45 36 28 14 13 35 26 38 31 25 3 4 22 41 27 34 9 18 19 44 7 50 24 47 15 42 49 2 48 5 6 43 8 21 37 12 32 39 17 46 10 16 40 30 23 29 20 11 33 

Inst_Index:65 	 City_Num:50 	 Concorde:5.846407 	 MCTS:5.846407 Improve:-0.000000 	 Time:3.76 Seconds
Solution: 1 8 11 37 35 28 33 47 7 36 9 14 20 46 6 42 31 24 27 16 50 21 17 13 45 25 29 32 44 30 23 15 22 40 43 49 10 38 19 4 5 18 3 39 48 2 41 12 26 34 

Inst_Index:66 	 City_Num:50 	 Concorde:5.200781 	 MCTS:5.200781 Improve:0.000000 	 Time:3.75 Seconds
Solution: 1 40 16 30 14 36 18 12 34 22 15 27 39 35 28 44 50 48 21 11 17 2 5 3 4 26 33 10 13 19 6 31 43 45 32 24 42 29 47 49 46 7 37 20 25 23 38 9 41 8 

Inst_Index:67 	 City_Num:50 	 Concorde:5.379735 	 MCTS:5.379735 Improve:0.000000 	 Time:3.75 Seconds
Solution: 1 44 5 10 4 23 7 31 22 34 46 12 33 28 40 29 6 11 43 20 45 32 41 8 24 42 35 50 21 38 48 39 2 13 26 49 16 3 18 14 19 37 30 9 27 36 17 15 47 25 

Inst_Index:68 	 City_Num:50 	 Concorde:5.443373 	 MCTS:5.443373 Improve:0.000000 	 Time:3.76 Seconds
Solution: 1 6 16 23 50 11 8 39 19 24 5 32 4 27 21 36 49 25 31 10 40 12 2 13 9 45 29 37 14 47 43 48 41 34 15 17 3 7 22 35 33 42 38 20 18 28 44 30 46 26 

Inst_Index:69 	 City_Num:50 	 Concorde:5.747860 	 MCTS:5.743644 Improve:0.004216 	 Time:3.76 Seconds
Solution: 1 31 3 5 6 43 37 38 25 40 32 17 28 42 22 26 10 8 35 30 49 44 27 36 12 21 2 24 39 4 50 20 14 16 41 9 13 47 19 46 11 7 23 15 33 45 18 48 34 29 

Inst_Index:70 	 City_Num:50 	 Concorde:5.417435 	 MCTS:5.417435 Improve:0.000000 	 Time:3.76 Seconds
Solution: 1 19 21 47 8 15 10 11 14 38 41 27 48 6 32 44 50 20 22 49 34 9 26 45 28 42 16 29 13 3 46 37 40 33 35 23 24 4 18 5 31 2 39 7 36 25 12 17 30 43 

Inst_Index:71 	 City_Num:50 	 Concorde:5.682167 	 MCTS:5.674684 Improve:0.007484 	 Time:3.76 Seconds
Solution: 1 9 15 3 14 46 16 11 28 33 29 36 37 39 17 38 34 45 18 40 24 41 47 13 26 12 50 31 8 42 7 43 22 23 44 4 21 30 19 48 27 32 5 2 25 6 35 49 20 10 

Inst_Index:72 	 City_Num:50 	 Concorde:5.915661 	 MCTS:5.915195 Improve:0.000466 	 Time:3.77 Seconds
Solution: 1 47 13 10 42 32 4 9 16 41 39 3 14 22 29 33 18 26 35 8 11 5 6 49 40 7 17 19 43 31 30 45 23 44 36 50 48 37 15 38 25 46 21 20 27 2 12 34 24 28 

Inst_Index:73 	 City_Num:50 	 Concorde:5.394864 	 MCTS:5.394864 Improve:0.000000 	 Time:3.75 Seconds
Solution: 1 33 7 44 25 40 16 17 49 21 22 23 43 6 29 39 8 34 31 47 3 32 19 36 9 27 24 35 41 14 30 48 5 46 11 38 4 45 20 28 26 37 12 42 2 15 50 13 10 18 

Inst_Index:74 	 City_Num:50 	 Concorde:5.656495 	 MCTS:5.652853 Improve:0.003643 	 Time:3.77 Seconds
Solution: 1 20 10 12 8 11 35 23 3 13 2 22 26 30 33 17 48 7 18 38 15 14 5 21 41 45 16 34 39 19 25 50 24 46 4 47 31 32 6 28 29 43 42 27 37 9 49 44 40 36 

Inst_Index:75 	 City_Num:50 	 Concorde:5.541769 	 MCTS:5.541769 Improve:-0.000000 	 Time:3.77 Seconds
Solution: 1 11 3 9 13 44 7 39 28 35 37 22 26 36 12 18 48 29 23 38 45 32 16 50 10 31 20 2 33 24 49 43 15 40 14 27 30 17 4 6 5 34 41 19 25 42 21 47 46 8 

Inst_Index:76 	 City_Num:50 	 Concorde:5.809897 	 MCTS:5.809897 Improve:-0.000000 	 Time:3.76 Seconds
Solution: 1 2 41 5 31 39 35 12 18 27 23 32 34 33 14 13 40 19 46 16 25 11 37 42 24 38 47 3 50 30 22 15 49 4 45 9 36 20 29 44 6 21 10 43 48 17 8 28 7 26 

Inst_Index:77 	 City_Num:50 	 Concorde:5.742588 	 MCTS:5.742588 Improve:0.000000 	 Time:3.77 Seconds
Solution: 1 25 37 31 49 14 20 7 47 48 24 44 10 17 12 9 38 50 3 8 34 29 4 36 5 2 19 13 40 6 35 30 43 21 11 27 18 15 32 39 41 22 26 46 23 42 16 28 33 45 

Inst_Index:78 	 City_Num:50 	 Concorde:5.918390 	 MCTS:5.918390 Improve:0.000000 	 Time:3.76 Seconds
Solution: 1 11 33 15 2 40 48 39 17 22 16 34 37 25 31 30 46 8 13 36 21 26 5 7 18 4 14 20 49 50 3 35 23 43 28 6 10 44 24 9 47 27 45 38 29 41 12 32 19 42 

Inst_Index:79 	 City_Num:50 	 Concorde:5.185322 	 MCTS:5.185322 Improve:0.000000 	 Time:3.77 Seconds
Solution: 1 5 8 23 11 45 46 2 6 40 26 30 12 17 3 22 47 4 29 15 18 38 10 13 49 31 39 7 27 42 24 33 34 25 35 19 44 36 9 48 21 43 28 37 14 16 50 32 41 20 

Inst_Index:80 	 City_Num:50 	 Concorde:5.991505 	 MCTS:5.991505 Improve:0.000000 	 Time:3.78 Seconds
Solution: 1 44 15 38 12 24 25 46 11 41 33 10 17 29 32 2 16 8 14 3 27 37 47 22 18 9 4 30 39 7 23 45 13 40 35 42 36 43 26 20 5 6 49 19 28 48 34 31 21 50 

Inst_Index:81 	 City_Num:50 	 Concorde:6.227263 	 MCTS:6.227263 Improve:-0.000000 	 Time:3.77 Seconds
Solution: 1 29 48 35 49 41 37 12 50 36 4 15 25 28 19 39 11 2 44 14 45 20 23 5 31 16 46 33 32 21 13 42 38 30 24 8 40 18 7 6 27 17 9 3 10 22 43 47 26 34 

Inst_Index:82 	 City_Num:50 	 Concorde:5.317870 	 MCTS:5.317870 Improve:-0.000000 	 Time:3.75 Seconds
Solution: 1 7 38 24 16 21 28 42 50 49 15 29 11 25 46 9 2 3 34 33 20 39 44 47 40 41 19 8 17 32 45 31 27 18 14 26 23 12 36 5 43 30 48 37 13 4 35 22 6 10 

Inst_Index:83 	 City_Num:50 	 Concorde:5.841925 	 MCTS:5.841925 Improve:-0.000000 	 Time:3.79 Seconds
Solution: 1 7 24 39 15 50 2 37 22 11 44 23 31 43 17 47 30 8 13 10 36 29 41 34 27 18 3 38 21 40 12 46 35 48 26 6 28 16 32 14 49 20 19 42 9 4 45 33 5 25 

Inst_Index:84 	 City_Num:50 	 Concorde:5.535295 	 MCTS:5.535295 Improve:0.000000 	 Time:3.76 Seconds
Solution: 1 12 40 38 14 6 39 25 16 47 42 20 31 23 5 29 24 13 9 33 32 22 8 35 15 43 19 11 3 18 21 45 27 17 34 26 46 30 4 44 36 48 7 28 2 49 37 41 10 50 

Inst_Index:85 	 City_Num:50 	 Concorde:5.300354 	 MCTS:5.300354 Improve:-0.000000 	 Time:3.77 Seconds
Solution: 1 48 43 12 33 44 32 20 2 49 5 24 25 19 50 3 14 37 26 10 46 29 17 9 15 41 34 42 21 28 6 39 18 11 4 7 16 40 22 47 45 8 27 38 30 35 23 31 13 36 

Inst_Index:86 	 City_Num:50 	 Concorde:5.709380 	 MCTS:5.709380 Improve:0.000000 	 Time:3.76 Seconds
Solution: 1 49 37 35 21 31 7 23 19 34 5 32 29 18 39 25 47 27 6 30 26 2 48 28 8 42 13 15 36 4 45 22 24 43 44 14 3 11 38 41 16 40 12 33 46 17 9 20 50 10 

Inst_Index:87 	 City_Num:50 	 Concorde:5.537604 	 MCTS:5.526161 Improve:0.011443 	 Time:3.76 Seconds
Solution: 1 32 31 9 16 48 11 8 4 37 49 3 2 39 29 50 22 5 41 10 24 40 38 28 18 33 21 25 7 13 44 15 43 14 23 6 36 47 34 12 42 20 17 26 35 45 30 46 19 27 

Inst_Index:88 	 City_Num:50 	 Concorde:5.590926 	 MCTS:5.586776 Improve:0.004149 	 Time:3.76 Seconds
Solution: 1 50 22 36 34 4 12 37 9 15 13 42 29 26 24 40 31 44 45 23 20 49 2 14 33 11 35 28 47 46 41 3 6 27 25 43 8 32 5 7 19 30 39 10 21 48 17 16 18 38 

Inst_Index:89 	 City_Num:50 	 Concorde:5.607493 	 MCTS:5.606769 Improve:0.000724 	 Time:3.76 Seconds
Solution: 1 5 17 23 46 37 2 38 28 11 4 43 15 39 36 41 8 48 7 27 14 32 12 21 24 16 20 50 40 33 25 9 18 47 31 22 44 29 42 3 35 10 13 26 19 49 34 6 30 45 

Inst_Index:90 	 City_Num:50 	 Concorde:5.858923 	 MCTS:5.858923 Improve:0.000000 	 Time:3.75 Seconds
Solution: 1 17 6 23 48 29 14 8 19 34 11 49 3 12 25 5 47 4 45 28 33 30 39 21 24 15 43 9 44 50 31 41 27 35 40 42 13 10 37 26 46 38 2 16 20 22 7 32 18 36 

Inst_Index:91 	 City_Num:50 	 Concorde:5.784955 	 MCTS:5.784955 Improve:0.000000 	 Time:3.77 Seconds
Solution: 1 23 15 17 37 40 8 49 4 32 45 43 31 20 10 50 7 12 46 2 21 19 27 5 30 22 41 44 47 48 3 42 13 36 18 24 16 39 9 28 14 29 34 11 26 25 38 35 6 33 

Inst_Index:92 	 City_Num:50 	 Concorde:5.861627 	 MCTS:5.861307 Improve:0.000321 	 Time:3.77 Seconds
Solution: 1 8 44 49 47 36 5 31 25 48 3 29 26 13 21 32 16 39 7 35 17 19 45 18 43 9 24 22 38 33 14 10 12 42 15 34 30 50 11 23 46 27 2 6 37 4 41 40 20 28 

Inst_Index:93 	 City_Num:50 	 Concorde:5.398117 	 MCTS:5.398117 Improve:0.000000 	 Time:3.76 Seconds
Solution: 1 20 4 13 24 25 36 39 7 37 26 49 30 42 40 47 10 19 3 12 22 6 41 50 9 29 8 21 48 34 16 38 31 18 2 11 15 35 33 45 14 5 23 27 43 44 32 17 46 28 

Inst_Index:94 	 City_Num:50 	 Concorde:5.402594 	 MCTS:5.402594 Improve:0.000000 	 Time:3.75 Seconds
Solution: 1 15 40 12 6 44 50 13 42 28 36 19 17 20 23 26 7 41 38 2 37 11 33 25 10 4 16 30 35 21 14 5 29 9 45 31 3 24 18 22 43 34 39 8 48 49 27 46 47 32 

Inst_Index:95 	 City_Num:50 	 Concorde:5.914954 	 MCTS:5.914858 Improve:0.000097 	 Time:3.77 Seconds
Solution: 1 25 47 3 29 17 9 49 11 8 19 24 50 18 26 5 15 22 16 13 35 38 30 32 43 41 39 23 48 28 10 21 20 7 37 27 12 2 4 34 42 36 6 46 45 31 44 33 14 40 

Inst_Index:96 	 City_Num:50 	 Concorde:5.588338 	 MCTS:5.588338 Improve:-0.000000 	 Time:3.76 Seconds
Solution: 1 37 7 22 30 33 34 29 42 46 44 11 20 24 45 26 15 6 31 16 50 10 43 40 3 49 48 17 9 8 4 27 13 21 28 41 12 47 35 19 36 18 25 2 5 39 23 38 32 14 

Inst_Index:97 	 City_Num:50 	 Concorde:5.799481 	 MCTS:5.793888 Improve:0.005593 	 Time:3.76 Seconds
Solution: 1 34 15 3 20 23 21 47 18 38 44 39 41 5 14 26 2 40 36 30 10 12 19 27 32 13 11 50 7 31 16 4 22 42 17 28 29 24 43 35 6 45 49 46 33 25 48 9 37 8 

Inst_Index:98 	 City_Num:50 	 Concorde:5.823659 	 MCTS:5.823659 Improve:0.000000 	 Time:3.78 Seconds
Solution: 1 20 29 41 40 39 11 16 13 37 15 17 14 43 34 27 8 49 18 3 33 23 26 22 10 48 9 12 25 32 50 19 7 2 30 46 42 36 21 44 5 4 38 47 35 45 24 31 28 6 

Inst_Index:99 	 City_Num:50 	 Concorde:6.080170 	 MCTS:6.080170 Improve:0.000000 	 Time:3.76 Seconds
Solution: 1 24 25 29 4 18 21 45 22 15 12 11 34 28 42 9 8 17 36 27 16 26 7 14 31 40 44 39 19 48 23 43 6 38 2 33 47 35 32 46 30 3 5 20 49 10 13 37 50 41 

Inst_Index:100 	 City_Num:50 	 Concorde:5.679344 	 MCTS:5.679344 Improve:-0.000000 	 Time:3.77 Seconds
Solution: 1 45 47 13 18 14 4 21 25 31 35 46 9 20 6 10 19 30 48 5 44 26 33 41 28 29 22 49 39 7 43 32 12 16 2 24 37 42 34 8 40 23 11 27 38 36 50 15 17 3 

Inst_Index:101 	 City_Num:50 	 Concorde:5.450161 	 MCTS:5.450161 Improve:0.000000 	 Time:3.76 Seconds
Solution: 1 28 17 30 50 20 13 47 10 9 8 32 39 25 48 4 3 35 26 23 49 14 24 21 19 5 12 43 33 11 16 15 45 40 22 31 7 41 27 2 38 37 42 44 34 29 18 36 6 46 

Inst_Index:102 	 City_Num:50 	 Concorde:5.684945 	 MCTS:5.682984 Improve:0.001961 	 Time:3.75 Seconds
Solution: 1 36 30 43 39 47 48 7 23 42 18 45 10 12 35 6 3 19 8 46 44 26 2 17 31 25 29 33 4 24 9 40 41 20 38 15 28 22 21 27 37 16 14 32 34 50 13 49 11 5 

Inst_Index:103 	 City_Num:50 	 Concorde:5.268929 	 MCTS:5.268766 Improve:0.000162 	 Time:3.75 Seconds
Solution: 1 9 18 10 11 47 48 26 7 12 15 43 30 13 37 46 33 4 19 36 5 21 17 29 34 28 31 35 44 49 16 25 39 45 6 50 32 8 3 22 27 23 40 2 41 24 20 38 42 14 

Inst_Index:104 	 City_Num:50 	 Concorde:5.493521 	 MCTS:5.493521 Improve:0.000000 	 Time:3.76 Seconds
Solution: 1 14 16 36 22 3 27 35 21 43 47 32 48 18 12 8 9 25 11 40 50 5 6 31 13 46 2 17 49 39 15 33 20 29 34 45 7 23 42 28 10 30 26 41 37 4 38 44 24 19 

Inst_Index:105 	 City_Num:50 	 Concorde:5.815112 	 MCTS:5.811376 Improve:0.003736 	 Time:3.76 Seconds
Solution: 1 48 10 41 19 30 28 15 47 12 8 45 23 27 38 42 34 3 43 40 22 26 18 9 4 44 35 20 31 36 21 46 7 29 37 39 32 50 33 11 2 13 6 14 16 5 17 49 25 24 

Inst_Index:106 	 City_Num:50 	 Concorde:5.618950 	 MCTS:5.618950 Improve:0.000000 	 Time:3.76 Seconds
Solution: 1 37 32 36 16 39 26 48 42 11 8 14 30 17 35 43 29 27 50 46 4 6 25 33 22 41 5 31 24 40 47 9 10 19 15 45 20 28 2 49 34 44 23 38 21 7 12 3 13 18 

Inst_Index:107 	 City_Num:50 	 Concorde:5.718224 	 MCTS:5.718224 Improve:0.000000 	 Time:3.77 Seconds
Solution: 1 13 28 34 26 22 16 37 27 25 5 8 32 41 2 36 3 33 38 14 10 24 12 23 18 40 29 9 20 30 31 43 50 21 46 11 42 48 39 45 15 19 44 49 6 7 4 47 17 35 

Inst_Index:108 	 City_Num:50 	 Concorde:5.810292 	 MCTS:5.810292 Improve:0.000000 	 Time:3.75 Seconds
Solution: 1 32 50 18 5 38 21 3 30 19 13 14 10 8 26 7 2 41 33 49 27 12 15 40 4 16 44 9 31 25 37 6 17 24 47 46 23 48 35 34 29 36 22 20 11 43 45 28 42 39 

Inst_Index:109 	 City_Num:50 	 Concorde:5.476169 	 MCTS:5.476169 Improve:0.000000 	 Time:3.76 Seconds
Solution: 1 44 50 35 23 17 18 32 26 15 8 25 24 6 43 22 45 33 49 14 9 4 34 20 38 40 13 48 21 47 3 2 10 37 30 42 12 36 7 27 19 39 41 16 46 29 11 31 28 5 

Inst_Index:110 	 City_Num:50 	 Concorde:5.437665 	 MCTS:5.434342 Improve:0.003324 	 Time:3.75 Seconds
Solution: 1 17 24 21 29 37 11 10 5 49 23 41 46 8 3 20 50 2 22 47 16 39 25 30 31 40 26 43 27 4 7 35 48 18 9 38 28 13 19 36 33 45 44 14 15 32 12 42 34 6 

Inst_Index:111 	 City_Num:50 	 Concorde:5.701048 	 MCTS:5.699331 Improve:0.001717 	 Time:3.77 Seconds
Solution: 1 50 32 22 44 33 27 29 23 9 10 21 17 40 5 37 4 18 36 3 11 6 8 7 28 16 24 14 34 30 46 43 41 12 35 19 20 38 39 31 49 25 45 15 13 26 47 48 42 2 

Inst_Index:112 	 City_Num:50 	 Concorde:5.584348 	 MCTS:5.582389 Improve:0.001958 	 Time:3.79 Seconds
Solution: 1 6 31 34 18 47 49 8 30 40 46 10 43 4 11 20 42 2 23 37 27 22 39 19 48 12 25 26 7 38 14 3 32 50 24 45 16 44 28 5 13 15 29 33 36 41 9 35 17 21 

Inst_Index:113 	 City_Num:50 	 Concorde:5.899100 	 MCTS:5.893404 Improve:0.005695 	 Time:3.76 Seconds
Solution: 1 47 18 29 43 26 38 3 32 10 23 31 35 19 44 8 50 34 14 46 20 4 9 49 12 45 27 48 25 37 41 30 5 6 11 21 28 36 24 16 13 33 7 17 39 2 15 42 40 22 

Inst_Index:114 	 City_Num:50 	 Concorde:5.691538 	 MCTS:5.691538 Improve:0.000000 	 Time:3.76 Seconds
Solution: 1 38 10 37 26 21 47 35 31 43 22 11 33 13 29 34 20 25 4 5 27 42 28 36 9 39 32 2 45 16 49 12 18 41 3 44 30 15 7 48 24 6 14 23 17 8 46 19 50 40 

Inst_Index:115 	 City_Num:50 	 Concorde:6.124321 	 MCTS:6.120164 Improve:0.004157 	 Time:3.76 Seconds
Solution: 1 13 16 34 24 33 36 46 11 17 38 37 9 49 23 8 2 29 35 39 43 10 40 42 45 21 12 5 22 31 7 18 26 50 28 32 25 44 14 47 48 27 15 4 3 30 19 20 6 41 

Inst_Index:116 	 City_Num:50 	 Concorde:5.866525 	 MCTS:5.866030 Improve:0.000494 	 Time:3.76 Seconds
Solution: 1 6 30 37 27 4 22 42 38 43 24 26 28 36 14 45 32 17 50 16 23 48 49 11 39 44 13 31 29 25 7 15 9 3 21 19 35 41 47 33 20 34 12 2 40 5 10 8 46 18 

Inst_Index:117 	 City_Num:50 	 Concorde:5.848526 	 MCTS:5.848526 Improve:0.000000 	 Time:3.77 Seconds
Solution: 1 19 22 2 20 15 38 13 24 31 48 49 42 10 14 25 47 40 9 34 28 12 41 21 44 35 18 23 37 46 7 29 27 39 45 33 16 17 4 26 11 43 8 30 50 36 5 32 6 3 

Inst_Index:118 	 City_Num:50 	 Concorde:5.426890 	 MCTS:5.426890 Improve:0.000000 	 Time:3.77 Seconds
Solution: 1 34 13 29 21 35 9 11 18 2 20 19 50 15 5 28 10 44 12 36 40 32 30 14 24 17 16 23 8 38 4 46 37 42 33 41 48 6 7 3 47 26 27 31 45 49 25 43 22 39 

Inst_Index:119 	 City_Num:50 	 Concorde:5.841448 	 MCTS:5.841448 Improve:-0.000000 	 Time:3.76 Seconds
Solution: 1 3 18 46 44 42 17 10 21 23 38 9 39 31 41 49 12 13 6 2 20 30 25 48 34 45 47 24 15 36 33 11 40 14 4 37 29 5 50 32 22 19 35 28 7 27 43 8 16 26 

Inst_Index:120 	 City_Num:50 	 Concorde:5.318322 	 MCTS:5.314943 Improve:0.003379 	 Time:3.76 Seconds
Solution: 1 28 30 17 25 12 35 11 38 34 21 7 36 16 13 42 29 45 39 4 46 47 8 41 22 5 49 14 33 9 44 20 6 48 43 10 31 19 3 40 24 50 32 26 18 23 27 37 2 15 

Inst_Index:121 	 City_Num:50 	 Concorde:5.456844 	 MCTS:5.456844 Improve:0.000000 	 Time:3.75 Seconds
Solution: 1 12 2 26 45 18 4 30 13 24 5 27 21 34 43 41 19 15 14 46 16 28 42 11 7 8 47 23 29 50 25 10 22 6 38 37 3 40 44 36 39 49 33 31 9 32 20 17 48 35 

Inst_Index:122 	 City_Num:50 	 Concorde:5.788829 	 MCTS:5.788829 Improve:-0.000000 	 Time:3.75 Seconds
Solution: 1 27 46 43 31 39 6 45 15 38 14 44 33 4 37 49 47 8 20 30 26 13 25 7 2 11 48 40 34 50 16 9 19 22 41 18 24 12 32 28 29 10 23 42 36 3 5 21 35 17 

Inst_Index:123 	 City_Num:50 	 Concorde:5.402750 	 MCTS:5.402750 Improve:0.000000 	 Time:3.76 Seconds
Solution: 1 17 6 9 23 11 13 24 32 2 31 20 48 38 35 8 12 28 47 26 50 10 41 14 27 36 5 22 49 43 7 37 33 16 18 3 25 4 46 42 19 39 34 21 29 30 40 44 15 45 

Inst_Index:124 	 City_Num:50 	 Concorde:5.328866 	 MCTS:5.325601 Improve:0.003265 	 Time:3.76 Seconds
Solution: 1 44 17 2 22 47 46 48 42 45 43 5 15 4 34 20 7 35 50 37 31 32 10 30 25 28 27 16 23 14 6 18 13 21 9 36 3 49 33 26 8 24 11 41 19 12 29 39 38 40 

Inst_Index:125 	 City_Num:50 	 Concorde:5.179083 	 MCTS:5.178854 Improve:0.000229 	 Time:3.76 Seconds
Solution: 1 46 4 9 12 2 40 35 10 43 29 14 24 50 38 36 22 11 34 21 28 37 47 23 30 16 48 39 32 45 33 17 19 27 6 13 15 8 3 44 26 5 42 7 31 20 49 18 25 41 

Inst_Index:126 	 City_Num:50 	 Concorde:5.827512 	 MCTS:5.827512 Improve:-0.000000 	 Time:3.75 Seconds
Solution: 1 49 30 46 18 33 42 26 35 43 27 14 6 41 37 32 44 48 36 17 40 39 21 50 47 20 3 22 5 10 7 4 15 11 13 25 24 16 19 28 34 9 45 23 29 38 31 12 8 2 

Inst_Index:127 	 City_Num:50 	 Concorde:5.748223 	 MCTS:5.745826 Improve:0.002397 	 Time:3.77 Seconds
Solution: 1 35 5 27 18 48 34 13 42 33 36 28 29 21 31 26 25 3 14 17 19 37 7 6 38 16 10 50 9 24 23 47 11 45 43 30 12 46 15 40 41 49 4 2 32 44 20 22 8 39 

Inst_Index:128 	 City_Num:50 	 Concorde:5.759990 	 MCTS:5.759990 Improve:-0.000000 	 Time:3.75 Seconds
Solution: 1 37 36 17 6 2 40 44 29 43 14 30 25 46 13 18 4 49 34 11 38 28 31 12 20 41 22 7 42 9 15 26 39 33 24 5 21 27 16 19 3 23 8 32 47 48 10 35 45 50 

Inst_Index:129 	 City_Num:50 	 Concorde:5.154307 	 MCTS:5.154307 Improve:0.000000 	 Time:3.75 Seconds
Solution: 1 15 9 3 8 25 14 36 37 22 35 41 16 34 45 24 50 39 19 49 10 27 48 2 18 7 20 47 30 33 38 28 6 12 4 29 17 46 21 13 26 5 23 43 40 32 11 31 42 44 

Inst_Index:130 	 City_Num:50 	 Concorde:5.832220 	 MCTS:5.831002 Improve:0.001218 	 Time:3.76 Seconds
Solution: 1 41 16 12 20 33 38 10 11 34 22 3 24 30 49 32 39 40 36 37 42 7 13 2 28 9 25 47 29 23 27 5 50 19 15 35 18 44 31 48 17 6 8 4 14 26 21 43 45 46 

Inst_Index:131 	 City_Num:50 	 Concorde:5.770958 	 MCTS:5.767451 Improve:0.003506 	 Time:3.75 Seconds
Solution: 1 18 13 11 22 10 8 5 39 26 45 31 23 49 15 42 46 7 19 40 41 17 2 30 33 21 28 24 4 50 6 32 16 14 38 48 9 36 25 34 3 12 20 35 44 43 27 37 47 29 

Inst_Index:132 	 City_Num:50 	 Concorde:5.915748 	 MCTS:5.915748 Improve:-0.000000 	 Time:3.76 Seconds
Solution: 1 45 11 5 49 12 30 7 40 3 23 47 2 10 18 19 35 38 37 42 48 27 15 17 50 28 16 43 6 26 36 24 31 29 32 25 33 44 9 8 22 39 34 13 21 41 46 4 14 20 

Inst_Index:133 	 City_Num:50 	 Concorde:5.626040 	 MCTS:5.626040 Improve:0.000000 	 Time:3.76 Seconds
Solution: 1 12 36 42 26 45 41 39 15 30 6 32 3 48 11 33 34 25 31 40 17 38 28 27 21 49 8 19 20 43 29 22 2 5 46 18 35 44 23 9 14 7 16 47 50 24 10 4 37 13 

Inst_Index:134 	 City_Num:50 	 Concorde:5.659349 	 MCTS:5.650371 Improve:0.008978 	 Time:3.77 Seconds
Solution: 1 8 4 2 20 5 23 38 47 3 19 6 48 28 41 40 30 32 43 7 31 21 45 36 37 24 34 9 12 29 16 10 17 49 33 39 35 46 25 26 11 22 18 14 44 42 27 15 50 13 

Inst_Index:135 	 City_Num:50 	 Concorde:5.271244 	 MCTS:5.271244 Improve:-0.000000 	 Time:3.76 Seconds
Solution: 1 5 48 27 44 28 8 43 30 29 14 49 26 12 23 41 2 17 10 22 40 19 6 35 34 50 46 33 47 15 32 25 9 7 39 21 38 4 31 37 45 13 42 3 20 18 11 24 16 36 

Inst_Index:136 	 City_Num:50 	 Concorde:5.572128 	 MCTS:5.569700 Improve:0.002428 	 Time:3.77 Seconds
Solution: 1 23 37 19 28 34 45 18 47 26 22 9 40 8 17 41 3 43 20 27 46 42 50 36 29 48 24 7 44 35 39 16 33 13 30 15 21 4 25 5 6 11 2 49 14 12 10 32 31 38 

Inst_Index:137 	 City_Num:50 	 Concorde:5.521177 	 MCTS:5.515381 Improve:0.005797 	 Time:3.75 Seconds
Solution: 1 18 24 44 9 7 34 28 40 21 25 8 47 23 41 35 39 15 36 17 48 43 20 31 37 33 22 6 27 49 5 4 30 3 26 2 42 14 11 12 10 32 16 50 46 45 19 29 13 38 

Inst_Index:138 	 City_Num:50 	 Concorde:5.392732 	 MCTS:5.392732 Improve:0.000000 	 Time:3.76 Seconds
Solution: 1 3 22 29 46 34 15 8 49 35 44 25 2 17 37 7 31 26 14 10 9 27 41 24 42 30 50 45 11 38 19 18 16 23 6 40 12 28 33 47 21 48 13 43 39 4 32 5 36 20 

Inst_Index:139 	 City_Num:50 	 Concorde:5.930537 	 MCTS:5.930537 Improve:0.000000 	 Time:3.76 Seconds
Solution: 1 3 44 26 45 42 28 43 21 11 9 40 20 14 18 23 5 33 47 15 50 34 36 48 49 2 25 24 12 31 38 17 19 30 13 8 29 22 41 4 16 6 46 32 27 39 7 37 10 35 

Inst_Index:140 	 City_Num:50 	 Concorde:5.212174 	 MCTS:5.212174 Improve:-0.000000 	 Time:3.77 Seconds
Solution: 1 13 47 33 22 36 2 9 41 19 23 24 12 30 20 28 14 38 46 18 3 45 42 39 27 8 25 16 44 5 7 17 26 31 32 34 40 48 49 10 21 29 4 11 15 6 37 50 35 43 

Inst_Index:141 	 City_Num:50 	 Concorde:6.002272 	 MCTS:6.002272 Improve:-0.000000 	 Time:3.75 Seconds
Solution: 1 31 9 50 27 36 49 7 40 33 46 45 35 48 19 30 34 6 11 28 29 47 26 32 14 12 13 15 38 24 20 21 10 22 44 43 17 3 23 25 5 4 37 2 41 18 16 8 39 42 

Inst_Index:142 	 City_Num:50 	 Concorde:5.769629 	 MCTS:5.769629 Improve:-0.000000 	 Time:3.75 Seconds
Solution: 1 10 47 22 32 49 31 36 48 37 38 12 11 15 34 35 9 3 17 14 33 24 26 40 50 45 7 2 41 30 27 42 20 28 25 39 16 8 19 5 6 43 21 13 29 23 18 44 46 4 

Inst_Index:143 	 City_Num:50 	 Concorde:5.958815 	 MCTS:5.955427 Improve:0.003388 	 Time:3.76 Seconds
Solution: 1 6 11 20 9 48 47 10 3 45 41 31 2 38 4 36 34 49 7 44 43 28 46 13 17 42 40 15 12 24 50 32 33 23 30 39 29 19 21 16 26 22 27 5 35 18 25 8 37 14 

Inst_Index:144 	 City_Num:50 	 Concorde:5.714638 	 MCTS:5.712214 Improve:0.002424 	 Time:3.76 Seconds
Solution: 1 11 28 19 23 21 33 17 8 50 47 7 15 48 18 40 27 16 22 46 49 30 10 2 14 37 43 26 4 25 9 41 44 29 39 24 3 45 5 36 32 12 34 20 38 13 42 35 6 31 

Inst_Index:145 	 City_Num:50 	 Concorde:6.000118 	 MCTS:5.995786 Improve:0.004332 	 Time:3.75 Seconds
Solution: 1 22 15 50 39 17 31 48 46 42 44 47 35 3 37 14 28 18 45 6 4 43 32 26 36 2 23 16 8 34 10 27 41 30 40 33 38 9 7 20 25 19 12 49 24 21 5 11 29 13 

Inst_Index:146 	 City_Num:50 	 Concorde:5.637565 	 MCTS:5.637565 Improve:0.000000 	 Time:3.76 Seconds
Solution: 1 32 2 3 30 37 6 47 35 49 33 11 50 48 43 10 46 5 41 44 38 12 25 31 16 14 36 21 39 18 7 40 26 28 20 13 29 9 34 4 45 19 24 23 42 22 8 15 27 17 

Inst_Index:147 	 City_Num:50 	 Concorde:5.598675 	 MCTS:5.596324 Improve:0.002350 	 Time:3.76 Seconds
Solution: 1 6 48 20 5 19 31 18 33 21 38 13 17 41 47 11 22 14 12 35 29 42 7 26 34 44 49 24 36 4 8 37 15 50 3 30 46 40 16 28 39 10 2 27 32 9 25 45 43 23 

Inst_Index:148 	 City_Num:50 	 Concorde:5.626008 	 MCTS:5.625575 Improve:0.000433 	 Time:3.77 Seconds
Solution: 1 16 28 50 18 6 9 37 4 24 44 46 29 30 42 10 48 5 43 7 34 22 33 45 17 32 31 8 49 41 3 26 47 36 39 21 11 23 15 13 38 20 2 27 12 35 14 19 40 25 

Inst_Index:149 	 City_Num:50 	 Concorde:5.891970 	 MCTS:5.891970 Improve:-0.000000 	 Time:3.75 Seconds
Solution: 1 42 41 3 2 32 9 34 45 25 33 49 30 6 48 46 19 27 21 18 11 22 38 5 40 17 24 14 16 15 26 10 37 47 23 35 29 43 44 28 4 20 8 12 36 7 39 31 13 50 

Inst_Index:150 	 City_Num:50 	 Concorde:5.676883 	 MCTS:5.676883 Improve:0.000000 	 Time:3.76 Seconds
Solution: 1 50 33 19 20 13 4 27 2 10 11 45 9 41 46 7 32 3 49 21 43 25 42 5 26 12 16 31 28 22 34 23 6 38 17 24 29 40 44 39 8 18 15 35 47 36 37 30 48 14 

Inst_Index:151 	 City_Num:50 	 Concorde:5.929260 	 MCTS:5.929260 Improve:-0.000000 	 Time:3.77 Seconds
Solution: 1 23 27 36 5 44 10 50 2 24 15 49 25 45 43 40 22 12 6 28 16 18 26 14 48 17 30 11 4 8 7 13 3 32 33 47 46 20 21 35 29 34 31 9 37 38 19 39 42 41 

Inst_Index:152 	 City_Num:50 	 Concorde:5.929639 	 MCTS:5.929639 Improve:0.000000 	 Time:3.76 Seconds
Solution: 1 39 44 13 33 31 27 5 38 28 8 37 3 41 6 46 11 50 16 12 49 30 19 17 18 42 7 47 24 15 26 22 23 2 10 25 4 45 34 35 40 32 43 14 20 48 29 9 21 36 

Inst_Index:153 	 City_Num:50 	 Concorde:5.725879 	 MCTS:5.725879 Improve:0.000000 	 Time:3.76 Seconds
Solution: 1 19 43 5 36 24 31 47 16 50 42 7 40 20 23 27 26 38 12 14 17 41 3 48 6 37 45 10 13 49 32 4 28 39 46 25 18 11 29 22 44 15 2 35 21 33 34 30 8 9 

Inst_Index:154 	 City_Num:50 	 Concorde:5.777123 	 MCTS:5.777123 Improve:-0.000000 	 Time:3.76 Seconds
Solution: 1 23 36 43 24 40 47 39 20 7 44 34 50 29 27 48 13 26 35 32 42 3 22 33 31 21 16 37 10 25 6 49 19 9 45 11 5 12 18 14 17 28 46 2 41 30 38 4 8 15 

Inst_Index:155 	 City_Num:50 	 Concorde:5.769826 	 MCTS:5.769826 Improve:0.000000 	 Time:3.77 Seconds
Solution: 1 19 47 25 49 32 35 44 28 30 5 18 9 34 14 40 8 2 4 10 37 3 17 23 39 13 6 48 38 31 46 15 26 29 21 50 27 24 11 7 41 20 42 45 43 36 16 33 22 12 

Inst_Index:156 	 City_Num:50 	 Concorde:5.694637 	 MCTS:5.688834 Improve:0.005803 	 Time:3.76 Seconds
Solution: 1 14 23 49 40 6 43 29 8 30 39 4 11 28 25 13 2 35 16 10 26 20 32 12 50 3 19 48 15 33 27 21 5 18 47 38 41 36 31 9 22 37 45 17 24 34 7 44 42 46 

Inst_Index:157 	 City_Num:50 	 Concorde:5.392450 	 MCTS:5.392450 Improve:0.000000 	 Time:3.76 Seconds
Solution: 1 47 42 17 2 43 11 9 33 44 24 14 20 25 26 36 22 6 31 3 27 7 15 28 34 38 4 45 39 40 30 10 41 21 23 48 19 29 8 46 12 50 18 35 16 5 37 13 32 49 

Inst_Index:158 	 City_Num:50 	 Concorde:5.472486 	 MCTS:5.472486 Improve:-0.000000 	 Time:3.75 Seconds
Solution: 1 47 46 20 39 17 13 5 8 49 27 2 24 45 29 7 32 30 16 42 4 25 15 11 43 34 48 18 10 28 19 23 22 36 9 33 38 35 3 14 26 21 37 40 41 6 44 50 12 31 

Inst_Index:159 	 City_Num:50 	 Concorde:5.745939 	 MCTS:5.745939 Improve:0.000000 	 Time:3.75 Seconds
Solution: 1 23 48 46 35 21 40 4 31 16 15 27 20 24 28 33 12 11 25 49 3 17 26 44 30 22 7 9 37 47 39 32 36 14 42 50 8 45 41 38 5 10 19 29 13 2 6 34 18 43 

Inst_Index:160 	 City_Num:50 	 Concorde:5.707072 	 MCTS:5.703718 Improve:0.003354 	 Time:3.76 Seconds
Solution: 1 35 2 27 39 7 47 38 9 28 40 34 41 26 11 23 32 31 12 20 19 6 36 17 24 50 48 46 43 5 21 33 3 14 4 29 22 18 8 49 16 37 15 44 25 13 30 45 10 42 

Inst_Index:161 	 City_Num:50 	 Concorde:5.901674 	 MCTS:5.894954 Improve:0.006720 	 Time:3.75 Seconds
Solution: 1 35 13 45 44 41 9 24 8 18 34 31 5 12 43 50 10 27 7 17 20 48 29 49 25 2 23 46 32 40 30 26 6 11 36 28 39 15 37 4 42 3 16 21 14 19 47 22 38 33 

Inst_Index:162 	 City_Num:50 	 Concorde:5.467080 	 MCTS:5.467080 Improve:-0.000000 	 Time:3.76 Seconds
Solution: 1 37 41 44 16 30 3 39 48 27 13 31 34 7 14 23 38 21 35 43 11 8 33 50 42 10 19 25 17 15 4 32 49 26 18 47 40 20 12 45 28 2 6 5 46 9 29 36 24 22 

Inst_Index:163 	 City_Num:50 	 Concorde:5.788860 	 MCTS:5.788860 Improve:0.000000 	 Time:3.77 Seconds
Solution: 1 3 16 38 40 26 15 17 12 20 31 21 2 46 30 5 8 47 48 28 18 35 50 10 42 22 39 19 49 27 7 4 25 9 13 11 14 24 6 45 43 33 32 34 29 23 36 41 44 37 

Inst_Index:164 	 City_Num:50 	 Concorde:5.889210 	 MCTS:5.889210 Improve:-0.000000 	 Time:3.77 Seconds
Solution: 1 36 17 33 5 11 23 15 39 44 35 41 22 13 47 46 40 29 3 14 18 42 10 8 9 19 31 26 12 30 25 48 50 24 38 43 37 49 27 32 2 21 45 4 7 6 34 28 16 20 

Inst_Index:165 	 City_Num:50 	 Concorde:5.636767 	 MCTS:5.636767 Improve:-0.000000 	 Time:3.76 Seconds
Solution: 1 3 32 43 11 27 29 5 14 38 50 6 49 17 30 42 48 21 44 19 45 12 4 39 41 9 2 20 16 7 31 10 33 34 13 37 46 24 28 40 36 25 22 8 47 23 35 15 18 26 

Inst_Index:166 	 City_Num:50 	 Concorde:5.443533 	 MCTS:5.443533 Improve:0.000000 	 Time:3.76 Seconds
Solution: 1 36 5 2 12 43 46 37 48 25 22 16 40 34 29 31 26 30 47 10 17 39 15 6 7 45 13 21 41 50 27 18 49 23 19 9 20 42 28 38 11 3 14 44 24 32 8 4 35 33 

Inst_Index:167 	 City_Num:50 	 Concorde:5.866247 	 MCTS:5.860468 Improve:0.005779 	 Time:3.76 Seconds
Solution: 1 38 3 4 41 37 34 35 40 31 44 47 7 5 36 25 20 21 2 8 43 22 11 46 50 45 26 32 24 42 27 23 9 17 10 6 33 49 13 19 12 48 18 14 39 28 30 29 15 16 

Inst_Index:168 	 City_Num:50 	 Concorde:5.903796 	 MCTS:5.903796 Improve:0.000000 	 Time:3.76 Seconds
Solution: 1 50 4 18 37 25 30 43 16 6 10 14 11 29 15 3 34 13 9 36 31 48 47 49 17 2 46 42 28 41 12 40 22 8 35 7 26 24 33 39 23 32 20 44 19 21 5 45 27 38 

Inst_Index:169 	 City_Num:50 	 Concorde:5.736022 	 MCTS:5.736022 Improve:-0.000000 	 Time:3.76 Seconds
Solution: 1 28 34 4 18 20 12 6 42 33 30 5 46 43 44 23 32 7 49 38 11 37 31 24 2 26 17 40 21 36 48 27 47 29 22 14 50 35 25 8 10 13 19 15 9 45 3 39 16 41 

Inst_Index:170 	 City_Num:50 	 Concorde:5.462731 	 MCTS:5.461865 Improve:0.000866 	 Time:3.76 Seconds
Solution: 1 13 26 10 34 40 39 21 41 7 18 36 5 44 38 42 11 32 8 43 47 27 16 23 35 9 48 19 15 20 30 46 45 37 22 49 14 33 4 6 29 12 50 31 25 28 24 2 3 17 

Inst_Index:171 	 City_Num:50 	 Concorde:5.398975 	 MCTS:5.398975 Improve:0.000000 	 Time:3.76 Seconds
Solution: 1 42 19 33 47 18 29 45 44 39 21 11 41 5 36 3 27 23 24 6 32 50 20 43 15 7 35 12 38 13 28 8 46 10 17 22 16 48 4 40 31 26 34 37 49 2 14 25 30 9 

Inst_Index:172 	 City_Num:50 	 Concorde:5.495599 	 MCTS:5.495599 Improve:0.000000 	 Time:3.77 Seconds
Solution: 1 6 25 14 4 2 42 17 35 22 7 21 36 47 9 50 40 38 46 31 24 32 23 11 45 29 26 49 41 44 20 13 18 15 8 39 5 28 19 27 43 48 16 3 12 33 37 10 34 30 

Inst_Index:173 	 City_Num:50 	 Concorde:5.796080 	 MCTS:5.780967 Improve:0.015112 	 Time:3.77 Seconds
Solution: 1 4 27 9 20 29 15 31 13 14 35 5 10 7 34 19 21 17 12 2 23 3 40 43 11 37 48 33 36 50 45 26 46 18 41 44 49 22 42 24 8 38 16 39 30 28 25 6 32 47 

Inst_Index:174 	 City_Num:50 	 Concorde:5.648931 	 MCTS:5.648931 Improve:0.000000 	 Time:3.76 Seconds
Solution: 1 10 31 34 17 42 47 29 43 28 48 5 23 8 30 32 4 45 27 6 16 41 49 24 44 25 19 40 35 36 15 39 13 12 22 11 50 20 46 7 38 14 9 21 26 33 3 18 2 37 

Inst_Index:175 	 City_Num:50 	 Concorde:6.035846 	 MCTS:6.035846 Improve:0.000000 	 Time:3.77 Seconds
Solution: 1 23 13 19 8 7 47 45 43 28 16 6 15 49 17 30 11 20 42 10 37 36 41 26 22 35 14 2 4 50 32 46 48 21 38 24 27 12 3 9 18 33 29 40 25 31 44 5 34 39 

Inst_Index:176 	 City_Num:50 	 Concorde:5.471782 	 MCTS:5.471782 Improve:0.000000 	 Time:3.77 Seconds
Solution: 1 25 9 49 13 34 24 44 29 11 37 45 4 16 36 39 20 47 33 18 43 41 35 7 23 26 15 40 27 42 8 3 28 48 17 21 31 38 22 2 5 10 19 32 14 12 6 50 30 46 

Inst_Index:177 	 City_Num:50 	 Concorde:5.405947 	 MCTS:5.405802 Improve:0.000145 	 Time:3.77 Seconds
Solution: 1 41 35 4 39 22 7 48 16 18 20 5 17 13 32 30 21 31 15 9 36 26 25 12 8 27 40 49 45 19 38 37 11 33 14 24 50 29 44 43 47 34 23 46 28 10 6 2 42 3 

Inst_Index:178 	 City_Num:50 	 Concorde:5.830790 	 MCTS:5.830790 Improve:0.000000 	 Time:3.76 Seconds
Solution: 1 2 43 31 35 13 24 49 42 14 44 10 27 50 4 9 34 23 47 46 38 16 18 11 41 37 6 32 28 45 19 12 17 8 5 3 29 48 21 40 25 7 39 36 20 26 15 22 30 33 

Inst_Index:179 	 City_Num:50 	 Concorde:5.400385 	 MCTS:5.400385 Improve:0.000000 	 Time:3.76 Seconds
Solution: 1 43 14 11 4 34 28 29 40 3 33 31 49 42 45 38 35 10 27 47 22 2 48 25 46 24 44 23 5 26 12 13 50 30 19 6 21 39 15 36 41 37 32 9 16 20 17 7 18 8 

Inst_Index:180 	 City_Num:50 	 Concorde:5.556495 	 MCTS:5.556100 Improve:0.000396 	 Time:3.75 Seconds
Solution: 1 12 17 46 38 18 33 47 11 39 15 50 49 26 40 29 25 30 10 5 24 16 3 9 44 14 20 37 19 32 7 27 45 48 35 42 43 2 23 21 28 36 4 13 22 31 41 6 8 34 

Inst_Index:181 	 City_Num:50 	 Concorde:5.617391 	 MCTS:5.617391 Improve:-0.000000 	 Time:3.76 Seconds
Solution: 1 32 34 3 19 33 30 6 28 7 40 38 11 23 47 41 20 50 22 36 18 35 14 13 21 31 27 5 46 12 37 9 29 42 39 43 24 48 16 17 15 26 4 10 44 49 25 45 2 8 

Inst_Index:182 	 City_Num:50 	 Concorde:5.777364 	 MCTS:5.777364 Improve:0.000000 	 Time:3.76 Seconds
Solution: 1 44 11 28 13 39 46 22 36 31 17 24 7 37 12 5 20 40 19 18 47 15 43 9 3 49 48 23 25 21 38 27 16 30 42 14 2 41 4 6 35 8 10 26 33 32 50 45 34 29 

Inst_Index:183 	 City_Num:50 	 Concorde:5.862498 	 MCTS:5.862195 Improve:0.000303 	 Time:3.76 Seconds
Solution: 1 33 7 42 40 28 16 2 36 41 14 32 9 34 6 43 26 24 22 46 48 17 47 11 31 25 37 27 21 23 30 18 3 49 29 50 39 19 13 8 10 12 4 35 20 5 15 44 45 38 

Inst_Index:184 	 City_Num:50 	 Concorde:5.652712 	 MCTS:5.652712 Improve:0.000000 	 Time:3.77 Seconds
Solution: 1 28 30 16 32 36 3 45 23 17 39 13 41 31 25 26 19 4 18 49 5 42 10 8 38 7 29 6 40 21 20 48 47 9 35 43 12 22 2 46 14 24 37 33 44 34 50 15 27 11 

Inst_Index:185 	 City_Num:50 	 Concorde:5.934890 	 MCTS:5.927394 Improve:0.007496 	 Time:3.76 Seconds
Solution: 1 17 41 40 35 12 9 27 36 20 31 44 23 50 10 16 24 14 45 6 2 28 43 18 5 37 33 7 39 4 15 29 26 3 21 42 11 22 25 46 13 30 34 48 8 19 38 32 47 49 

Inst_Index:186 	 City_Num:50 	 Concorde:5.272177 	 MCTS:5.265368 Improve:0.006809 	 Time:3.76 Seconds
Solution: 1 20 11 2 12 46 32 39 31 37 28 5 42 22 50 15 7 36 45 16 43 13 41 14 47 30 9 23 24 49 33 44 34 40 25 18 8 29 10 19 17 6 38 3 4 35 48 21 27 26 

Inst_Index:187 	 City_Num:50 	 Concorde:6.005704 	 MCTS:6.005704 Improve:0.000000 	 Time:3.76 Seconds
Solution: 1 9 42 19 23 31 25 44 47 10 8 41 34 48 20 2 39 36 11 27 50 49 33 43 38 3 37 13 46 21 45 14 32 7 12 17 18 30 24 29 28 40 35 5 22 15 16 4 26 6 

Inst_Index:188 	 City_Num:50 	 Concorde:5.069594 	 MCTS:5.068548 Improve:0.001047 	 Time:3.76 Seconds
Solution: 1 14 41 43 4 18 34 35 40 28 3 20 13 8 39 10 31 36 17 47 50 12 49 9 7 30 5 22 15 44 2 21 16 26 45 46 37 29 38 27 24 42 23 6 32 11 33 25 19 48 

Inst_Index:189 	 City_Num:50 	 Concorde:5.418809 	 MCTS:5.413506 Improve:0.005303 	 Time:3.76 Seconds
Solution: 1 18 47 3 40 50 20 30 35 6 16 21 36 2 17 29 9 49 10 25 45 31 42 33 11 13 22 44 39 14 27 37 48 28 5 38 41 4 46 26 32 34 23 7 19 15 24 43 12 8 

Inst_Index:190 	 City_Num:50 	 Concorde:5.277120 	 MCTS:5.273355 Improve:0.003764 	 Time:3.79 Seconds
Solution: 1 32 34 8 4 14 48 37 27 33 19 23 44 24 2 28 39 17 21 40 29 18 7 12 26 3 50 45 30 43 49 46 6 20 42 16 31 13 5 25 10 15 41 22 36 35 38 11 47 9 

Inst_Index:191 	 City_Num:50 	 Concorde:5.618540 	 MCTS:5.618540 Improve:0.000000 	 Time:3.76 Seconds
Solution: 1 21 46 32 42 10 26 39 14 47 15 40 41 49 45 16 28 33 5 3 37 24 20 13 8 50 19 7 34 43 6 48 36 2 31 22 18 27 17 29 44 30 4 35 38 25 9 11 23 12 

Inst_Index:192 	 City_Num:50 	 Concorde:5.740546 	 MCTS:5.733665 Improve:0.006881 	 Time:3.77 Seconds
Solution: 1 20 18 10 8 6 42 9 38 29 21 12 50 7 14 47 44 19 23 33 49 17 11 2 15 4 34 24 45 3 31 27 16 13 32 40 30 28 43 39 46 48 22 25 36 35 41 26 5 37 

Inst_Index:193 	 City_Num:50 	 Concorde:5.877774 	 MCTS:5.877248 Improve:0.000527 	 Time:3.75 Seconds
Solution: 1 36 22 2 24 41 17 46 33 42 16 8 15 21 25 14 43 11 47 34 9 32 37 28 50 13 29 26 35 6 39 12 18 49 40 5 38 10 19 30 7 31 44 45 27 20 48 23 4 3 

Inst_Index:194 	 City_Num:50 	 Concorde:6.013166 	 MCTS:6.013166 Improve:0.000000 	 Time:3.76 Seconds
Solution: 1 37 11 5 13 44 8 40 49 38 30 15 31 33 43 27 41 50 7 18 34 9 36 4 47 6 19 39 25 22 26 12 48 42 24 45 23 28 3 21 2 17 29 46 14 20 35 32 10 16 

Inst_Index:195 	 City_Num:50 	 Concorde:5.456848 	 MCTS:5.456848 Improve:0.000000 	 Time:3.75 Seconds
Solution: 1 39 35 40 47 50 30 20 31 24 45 22 34 41 37 15 9 25 21 38 2 49 33 28 10 11 6 13 42 29 32 18 7 27 17 36 12 3 44 5 46 8 19 48 16 4 26 14 23 43 

Inst_Index:196 	 City_Num:50 	 Concorde:5.390938 	 MCTS:5.390938 Improve:0.000000 	 Time:3.76 Seconds
Solution: 1 34 10 22 2 12 26 11 41 18 9 48 7 36 49 19 35 38 25 5 21 32 27 31 46 20 14 23 6 8 43 50 3 42 29 40 28 16 24 44 33 30 37 17 45 47 13 39 4 15 

Inst_Index:197 	 City_Num:50 	 Concorde:5.958711 	 MCTS:5.958711 Improve:0.000000 	 Time:3.77 Seconds
Solution: 1 17 31 23 39 19 8 14 7 24 42 35 15 34 2 43 16 49 12 27 13 3 4 37 47 11 38 18 5 40 30 28 48 26 36 46 10 22 50 44 45 9 25 29 33 6 20 41 21 32 

Inst_Index:198 	 City_Num:50 	 Concorde:5.924074 	 MCTS:5.924074 Improve:0.000000 	 Time:3.76 Seconds
Solution: 1 33 36 19 41 8 31 23 5 39 30 40 18 9 37 49 14 13 24 7 4 44 21 15 45 22 48 12 47 25 34 29 6 38 27 2 3 50 17 28 43 26 42 46 11 32 10 20 16 35 

Inst_Index:199 	 City_Num:50 	 Concorde:5.844126 	 MCTS:5.844126 Improve:0.000000 	 Time:3.76 Seconds
Solution: 1 18 47 48 2 45 19 41 40 42 9 10 23 32 15 27 35 22 29 39 33 30 12 6 44 14 49 16 13 26 38 25 50 34 7 4 43 11 46 37 17 31 20 3 21 36 24 28 8 5 

Inst_Index:200 	 City_Num:50 	 Concorde:5.567123 	 MCTS:5.565638 Improve:0.001485 	 Time:3.78 Seconds
Solution: 1 15 43 34 44 48 49 16 41 42 17 20 13 37 2 18 23 35 25 40 3 22 19 27 7 12 39 14 4 50 30 33 38 11 6 21 32 47 45 24 10 5 36 8 31 29 46 28 9 26 

Inst_Index:201 	 City_Num:50 	 Concorde:5.187996 	 MCTS:5.184333 Improve:0.003663 	 Time:3.75 Seconds
Solution: 1 20 42 41 31 36 34 50 48 40 11 45 23 24 46 25 15 3 38 16 2 13 18 43 8 9 32 26 4 6 49 47 10 37 35 28 30 21 33 19 44 17 7 5 39 12 27 29 14 22 

Inst_Index:202 	 City_Num:50 	 Concorde:5.768570 	 MCTS:5.766779 Improve:0.001791 	 Time:3.77 Seconds
Solution: 1 35 17 39 24 50 7 27 47 15 36 42 41 22 45 8 23 37 25 2 33 26 20 48 10 5 12 18 34 38 28 32 43 44 46 29 21 13 6 9 4 19 40 31 30 16 49 14 11 3 

Inst_Index:203 	 City_Num:50 	 Concorde:5.365949 	 MCTS:5.365949 Improve:0.000000 	 Time:3.76 Seconds
Solution: 1 21 24 10 28 6 43 13 29 40 16 15 36 2 17 46 32 4 42 20 3 30 37 50 11 49 22 9 26 48 47 35 33 25 12 18 45 31 23 7 41 27 8 38 39 14 44 19 34 5 

Inst_Index:204 	 City_Num:50 	 Concorde:5.852447 	 MCTS:5.852447 Improve:-0.000000 	 Time:3.75 Seconds
Solution: 1 5 19 18 15 26 43 12 35 28 48 8 2 40 30 23 31 27 32 13 45 37 3 6 39 29 33 16 22 11 9 50 46 14 20 10 25 4 42 36 34 41 7 24 44 47 49 17 21 38 

Inst_Index:205 	 City_Num:50 	 Concorde:5.842468 	 MCTS:5.837990 Improve:0.004478 	 Time:3.77 Seconds
Solution: 1 46 2 37 38 8 32 4 7 50 13 49 30 36 31 22 35 27 45 34 41 16 47 48 12 24 33 40 44 21 43 42 3 9 20 10 11 26 6 15 5 25 23 28 39 18 14 17 29 19 

Inst_Index:206 	 City_Num:50 	 Concorde:5.697063 	 MCTS:5.692337 Improve:0.004726 	 Time:3.77 Seconds
Solution: 1 8 7 2 3 13 49 50 38 41 42 44 27 46 4 34 32 25 39 21 9 31 12 45 14 33 22 18 26 29 6 20 28 43 17 24 15 5 11 19 47 35 30 10 16 36 23 37 40 48 

Inst_Index:207 	 City_Num:50 	 Concorde:5.621937 	 MCTS:5.616924 Improve:0.005013 	 Time:3.76 Seconds
Solution: 1 14 12 38 32 33 11 43 40 17 24 27 15 47 36 22 44 26 45 25 6 18 34 16 2 46 7 21 5 13 31 39 9 49 30 35 41 4 19 20 23 50 8 28 37 48 3 29 42 10 

Inst_Index:208 	 City_Num:50 	 Concorde:5.550329 	 MCTS:5.550329 Improve:0.000000 	 Time:3.77 Seconds
Solution: 1 17 2 24 20 16 26 37 3 29 22 4 9 32 10 45 21 43 47 28 30 25 41 11 46 34 44 48 15 42 7 36 5 49 31 35 13 38 23 8 12 40 18 6 14 27 19 50 33 39 

Inst_Index:209 	 City_Num:50 	 Concorde:5.688223 	 MCTS:5.681012 Improve:0.007211 	 Time:3.76 Seconds
Solution: 1 28 30 32 14 21 22 29 34 26 23 18 2 42 17 39 43 47 13 20 10 45 12 4 33 19 49 5 41 44 24 40 31 11 38 27 36 35 25 15 3 16 48 8 6 9 46 7 37 50 

Inst_Index:210 	 City_Num:50 	 Concorde:5.943011 	 MCTS:5.939821 Improve:0.003189 	 Time:3.76 Seconds
Solution: 1 39 31 22 28 9 15 2 21 37 34 8 4 35 10 36 49 29 20 42 19 13 3 26 45 14 16 48 47 27 30 33 12 46 7 44 11 38 43 17 25 32 50 5 18 24 6 40 23 41 

Inst_Index:211 	 City_Num:50 	 Concorde:5.802643 	 MCTS:5.802643 Improve:0.000000 	 Time:3.77 Seconds
Solution: 1 40 28 6 9 34 8 50 24 7 30 47 39 44 19 32 4 26 12 17 21 41 18 46 43 48 13 22 37 15 3 36 10 31 25 29 2 23 14 42 11 5 38 45 49 33 16 27 20 35 

Inst_Index:212 	 City_Num:50 	 Concorde:6.332758 	 MCTS:6.332758 Improve:0.000000 	 Time:3.76 Seconds
Solution: 1 38 30 15 48 4 50 25 23 22 27 6 2 33 24 46 41 28 36 11 26 19 35 31 12 34 20 29 44 32 16 8 49 18 42 21 14 3 43 45 9 13 17 7 37 10 5 39 40 47 

Inst_Index:213 	 City_Num:50 	 Concorde:5.559894 	 MCTS:5.559894 Improve:0.000000 	 Time:3.75 Seconds
Solution: 1 8 27 32 13 36 30 41 23 48 40 45 18 5 38 3 29 28 44 47 43 20 2 6 17 12 49 16 22 15 50 46 42 19 10 26 4 14 34 7 9 37 11 24 39 25 21 31 35 33 

Inst_Index:214 	 City_Num:50 	 Concorde:5.805241 	 MCTS:5.796120 Improve:0.009121 	 Time:3.76 Seconds
Solution: 1 5 18 25 47 32 17 39 22 43 28 15 44 3 34 30 8 49 11 35 42 10 14 6 48 27 23 2 26 19 31 36 12 33 16 50 7 38 40 45 4 21 13 29 46 37 20 24 41 9 

Inst_Index:215 	 City_Num:50 	 Concorde:5.687278 	 MCTS:5.687278 Improve:0.000000 	 Time:3.75 Seconds
Solution: 1 48 26 22 17 14 44 24 47 49 21 12 50 5 9 35 8 37 42 13 15 19 39 43 31 34 16 20 41 38 25 3 6 32 4 36 45 27 7 30 11 18 40 10 46 29 28 23 2 33 

Inst_Index:216 	 City_Num:50 	 Concorde:5.581971 	 MCTS:5.581671 Improve:0.000299 	 Time:3.76 Seconds
Solution: 1 11 21 28 23 3 22 8 5 29 44 41 35 49 9 10 4 31 38 45 36 20 24 25 26 13 7 50 6 27 30 40 47 39 19 17 42 32 14 12 37 46 48 34 15 18 43 33 16 2 

Inst_Index:217 	 City_Num:50 	 Concorde:5.338831 	 MCTS:5.338831 Improve:-0.000000 	 Time:3.75 Seconds
Solution: 1 39 7 36 15 22 37 11 17 50 23 30 3 32 48 10 26 6 42 40 28 13 49 43 16 2 47 18 5 9 46 31 44 45 29 19 41 12 24 21 38 8 14 20 33 34 25 4 35 27 

Inst_Index:218 	 City_Num:50 	 Concorde:5.458433 	 MCTS:5.458433 Improve:0.000000 	 Time:3.76 Seconds
Solution: 1 50 2 39 26 41 36 43 19 15 30 44 5 27 9 14 11 35 34 40 28 23 22 32 17 42 21 3 25 48 4 45 20 16 18 29 8 13 38 33 10 12 49 46 47 37 31 7 24 6 

Inst_Index:219 	 City_Num:50 	 Concorde:6.024298 	 MCTS:6.022297 Improve:0.002001 	 Time:3.75 Seconds
Solution: 1 27 6 3 19 7 10 14 43 30 4 25 29 42 44 48 16 31 5 9 18 34 37 20 15 13 11 22 41 50 23 35 24 32 39 40 38 26 12 49 8 17 33 2 46 45 47 36 28 21 

Inst_Index:220 	 City_Num:50 	 Concorde:5.724603 	 MCTS:5.724603 Improve:-0.000000 	 Time:3.77 Seconds
Solution: 1 29 36 25 12 42 9 20 15 2 17 4 47 3 14 23 43 32 35 21 30 49 33 27 16 8 34 50 5 11 40 7 19 45 39 26 6 48 46 41 10 44 37 24 38 22 28 31 13 18 

Inst_Index:221 	 City_Num:50 	 Concorde:5.942383 	 MCTS:5.942383 Improve:-0.000000 	 Time:3.76 Seconds
Solution: 1 22 30 14 24 10 19 17 46 26 33 49 23 11 48 27 42 45 4 12 21 32 36 18 47 5 7 25 15 29 41 9 44 39 13 37 38 43 40 2 31 28 16 8 34 3 50 20 6 35 

Inst_Index:222 	 City_Num:50 	 Concorde:5.651328 	 MCTS:5.651328 Improve:-0.000000 	 Time:3.76 Seconds
Solution: 1 47 49 37 42 25 41 48 5 18 11 46 43 8 4 22 2 39 36 3 30 45 16 6 31 34 40 50 19 27 10 29 17 15 33 14 26 7 44 35 32 38 23 28 12 13 21 9 24 20 

Inst_Index:223 	 City_Num:50 	 Concorde:5.413979 	 MCTS:5.413979 Improve:-0.000000 	 Time:3.77 Seconds
Solution: 1 45 36 13 34 16 17 50 42 10 25 8 24 33 28 39 43 41 26 4 27 30 12 20 47 38 46 14 40 3 48 31 11 2 5 21 18 7 35 6 23 19 15 37 44 22 32 49 29 9 

Inst_Index:224 	 City_Num:50 	 Concorde:5.345840 	 MCTS:5.344873 Improve:0.000966 	 Time:3.75 Seconds
Solution: 1 13 17 45 35 4 36 2 18 27 11 23 21 9 7 6 48 26 19 43 5 16 20 3 10 12 47 22 40 24 14 29 38 8 31 28 37 44 33 39 30 34 15 49 32 42 46 25 50 41 

Inst_Index:225 	 City_Num:50 	 Concorde:6.016627 	 MCTS:6.010492 Improve:0.006135 	 Time:3.77 Seconds
Solution: 1 6 48 39 46 13 29 36 32 22 2 37 11 19 27 34 26 24 23 8 4 16 14 30 10 31 18 49 40 43 47 35 15 3 44 45 42 25 21 5 17 20 12 9 50 7 41 33 28 38 

Inst_Index:226 	 City_Num:50 	 Concorde:5.699775 	 MCTS:5.699775 Improve:0.000000 	 Time:3.76 Seconds
Solution: 1 3 5 7 12 8 34 28 26 21 25 2 10 18 6 33 11 30 17 37 31 32 24 14 23 44 29 16 4 50 27 39 48 42 40 45 47 35 36 49 43 15 19 13 20 41 38 22 46 9 

Inst_Index:227 	 City_Num:50 	 Concorde:5.591072 	 MCTS:5.589685 Improve:0.001387 	 Time:3.76 Seconds
Solution: 1 27 36 2 15 26 10 50 43 5 39 29 23 19 30 17 35 46 48 12 8 20 38 41 6 22 7 44 18 11 24 9 45 28 4 47 32 49 16 3 25 42 37 31 33 34 14 21 40 13 

Inst_Index:228 	 City_Num:50 	 Concorde:5.401819 	 MCTS:5.401819 Improve:0.000000 	 Time:3.76 Seconds
Solution: 1 35 40 3 48 16 25 46 15 47 14 31 36 8 13 29 44 43 42 45 17 26 20 27 24 5 21 41 6 18 49 4 33 7 12 9 38 28 11 23 2 19 22 50 37 34 32 30 10 39 

Inst_Index:229 	 City_Num:50 	 Concorde:5.616915 	 MCTS:5.616915 Improve:-0.000000 	 Time:3.75 Seconds
Solution: 1 13 24 49 40 35 39 48 30 47 33 23 2 19 27 16 12 9 28 29 5 44 21 15 34 36 46 42 50 38 20 3 4 6 8 25 10 26 11 7 14 41 22 45 31 37 32 43 17 18 

Inst_Index:230 	 City_Num:50 	 Concorde:5.777537 	 MCTS:5.777537 Improve:-0.000000 	 Time:3.76 Seconds
Solution: 1 45 28 42 24 7 36 34 48 49 14 22 41 33 19 6 27 16 25 35 39 47 17 2 37 23 15 4 29 46 38 20 12 50 26 21 10 3 44 5 31 13 8 40 32 43 30 11 18 9 

Inst_Index:231 	 City_Num:50 	 Concorde:5.998373 	 MCTS:5.998373 Improve:0.000000 	 Time:3.76 Seconds
Solution: 1 27 44 17 20 43 10 29 36 24 14 41 47 11 46 32 7 4 40 22 49 39 8 34 33 45 37 38 5 23 2 12 26 35 6 16 15 48 9 13 30 19 3 25 42 31 50 18 21 28 

Inst_Index:232 	 City_Num:50 	 Concorde:5.752008 	 MCTS:5.752008 Improve:-0.000000 	 Time:3.76 Seconds
Solution: 1 17 9 34 41 11 36 35 32 22 6 48 13 7 16 4 18 44 30 27 12 38 10 19 21 45 31 23 3 5 47 28 15 39 2 33 40 42 24 49 43 29 46 25 26 37 50 8 14 20 

Inst_Index:233 	 City_Num:50 	 Concorde:5.673032 	 MCTS:5.673032 Improve:0.000000 	 Time:3.76 Seconds
Solution: 1 9 24 25 34 35 10 28 37 15 11 50 31 14 42 19 33 7 21 32 12 5 30 4 26 39 48 47 45 44 6 13 16 20 46 8 29 38 22 36 27 43 23 17 3 2 40 18 41 49 

Inst_Index:234 	 City_Num:50 	 Concorde:5.787606 	 MCTS:5.787606 Improve:-0.000000 	 Time:3.76 Seconds
Solution: 1 23 37 22 6 15 30 32 36 38 9 4 14 5 7 8 49 13 26 25 3 20 33 45 34 31 28 11 17 24 39 42 29 44 27 18 43 40 50 35 12 2 41 48 47 46 19 10 16 21 

Inst_Index:235 	 City_Num:50 	 Concorde:5.574630 	 MCTS:5.569427 Improve:0.005203 	 Time:3.77 Seconds
Solution: 1 45 32 28 19 41 33 35 39 43 9 18 50 13 29 10 44 34 20 27 24 37 46 5 2 15 42 36 22 7 8 31 17 48 11 16 38 14 30 26 49 21 4 40 47 12 6 3 23 25 

Inst_Index:236 	 City_Num:50 	 Concorde:5.150481 	 MCTS:5.150481 Improve:0.000000 	 Time:3.75 Seconds
Solution: 1 41 34 46 5 16 17 43 8 40 24 18 36 30 4 33 2 13 12 49 27 48 19 21 15 7 29 31 28 25 32 35 50 42 44 11 20 9 23 14 22 10 6 47 3 26 37 38 39 45 

Inst_Index:237 	 City_Num:50 	 Concorde:5.760067 	 MCTS:5.760067 Improve:0.000000 	 Time:3.76 Seconds
Solution: 1 26 4 29 38 2 14 11 22 35 47 16 42 41 40 50 27 36 46 6 45 8 7 39 33 17 9 19 24 44 12 23 31 48 32 28 37 49 10 25 21 18 5 43 3 20 15 34 30 13 

Inst_Index:238 	 City_Num:50 	 Concorde:5.517328 	 MCTS:5.517328 Improve:0.000000 	 Time:3.76 Seconds
Solution: 1 28 33 3 38 25 35 9 47 42 24 8 36 34 45 20 30 15 19 11 12 37 39 40 13 41 6 26 5 31 46 23 17 27 4 16 48 21 22 43 32 2 29 14 10 49 7 18 44 50 

Inst_Index:239 	 City_Num:50 	 Concorde:5.763951 	 MCTS:5.763774 Improve:0.000178 	 Time:3.77 Seconds
Solution: 1 36 13 37 28 48 15 8 4 40 2 5 31 42 50 30 44 21 9 33 47 46 16 26 11 17 3 7 6 20 23 18 39 38 25 41 34 10 43 45 19 29 35 32 22 12 27 24 14 49 

Inst_Index:240 	 City_Num:50 	 Concorde:5.218937 	 MCTS:5.204852 Improve:0.014085 	 Time:3.76 Seconds
Solution: 1 2 4 28 15 19 10 18 6 16 50 40 36 32 21 9 41 43 46 12 44 49 39 42 25 31 38 30 24 45 13 22 29 20 11 5 48 7 23 34 3 47 14 17 37 27 8 35 33 26 

Inst_Index:241 	 City_Num:50 	 Concorde:5.932130 	 MCTS:5.924999 Improve:0.007131 	 Time:3.75 Seconds
Solution: 1 10 16 17 48 29 22 21 14 32 39 41 5 3 37 31 2 11 7 45 13 26 43 47 18 4 25 44 27 24 19 42 49 38 34 28 46 8 20 40 12 33 50 23 36 9 6 30 35 15 

Inst_Index:242 	 City_Num:50 	 Concorde:5.821315 	 MCTS:5.821315 Improve:0.000000 	 Time:3.76 Seconds
Solution: 1 27 2 23 29 21 20 45 17 15 44 35 5 7 43 30 4 33 31 34 42 16 3 36 40 49 14 28 25 22 19 47 10 50 39 8 6 46 18 11 12 38 37 24 26 9 41 32 13 48 

Inst_Index:243 	 City_Num:50 	 Concorde:6.185509 	 MCTS:6.185509 Improve:-0.000000 	 Time:3.77 Seconds
Solution: 1 23 41 15 26 48 16 22 14 29 42 5 46 40 3 13 4 21 35 18 12 28 27 47 36 2 33 25 8 44 49 9 38 19 32 45 31 30 39 50 11 7 37 10 24 34 20 17 6 43 

Inst_Index:244 	 City_Num:50 	 Concorde:5.766315 	 MCTS:5.766315 Improve:0.000000 	 Time:3.76 Seconds
Solution: 1 34 36 35 31 8 4 29 16 32 38 44 25 26 20 22 19 17 9 48 3 13 39 41 12 6 5 7 46 27 37 33 50 40 2 24 45 14 10 43 23 49 15 42 28 21 18 47 11 30 

Inst_Index:245 	 City_Num:50 	 Concorde:5.449953 	 MCTS:5.449812 Improve:0.000142 	 Time:3.76 Seconds
Solution: 1 18 30 29 7 42 32 28 27 39 45 8 43 44 11 17 34 10 47 23 3 25 13 48 24 22 9 6 19 21 50 12 4 37 14 5 20 46 41 38 40 31 16 2 26 49 35 36 15 33 

Inst_Index:246 	 City_Num:50 	 Concorde:5.978695 	 MCTS:5.978199 Improve:0.000496 	 Time:3.76 Seconds
Solution: 1 19 13 46 48 38 27 12 36 34 43 35 25 39 14 5 9 45 3 28 26 6 44 22 40 29 18 7 49 32 17 42 16 2 47 31 50 10 37 20 23 4 33 11 30 21 24 41 8 15 

Inst_Index:247 	 City_Num:50 	 Concorde:5.907958 	 MCTS:5.907958 Improve:0.000000 	 Time:3.76 Seconds
Solution: 1 5 11 13 12 30 27 17 38 40 23 20 29 2 8 31 18 45 41 9 16 26 14 28 4 10 43 25 37 15 7 47 19 48 39 22 21 49 50 32 46 42 44 6 33 24 34 3 36 35 

Inst_Index:248 	 City_Num:50 	 Concorde:5.938753 	 MCTS:5.938753 Improve:0.000000 	 Time:3.77 Seconds
Solution: 1 33 43 15 46 47 30 28 10 44 21 31 32 6 19 45 36 18 11 4 40 12 41 9 34 26 14 22 50 24 17 23 37 29 38 3 13 2 16 39 5 25 35 42 20 49 48 7 8 27 

Inst_Index:249 	 City_Num:50 	 Concorde:5.668056 	 MCTS:5.663215 Improve:0.004840 	 Time:3.76 Seconds
Solution: 1 33 23 16 47 10 48 35 13 45 9 41 46 40 36 21 25 19 22 44 30 24 37 28 43 31 11 34 42 4 26 5 7 20 27 38 14 12 2 6 15 3 17 29 50 18 8 32 39 49 

Inst_Index:250 	 City_Num:50 	 Concorde:5.698165 	 MCTS:5.698165 Improve:-0.000000 	 Time:3.75 Seconds
Solution: 1 18 41 15 48 11 8 5 38 26 10 7 37 25 34 33 27 6 2 23 32 49 20 24 19 36 16 21 31 29 40 43 13 12 42 39 47 45 3 35 9 22 4 46 30 28 17 50 14 44 

Inst_Index:251 	 City_Num:50 	 Concorde:5.665498 	 MCTS:5.661290 Improve:0.004208 	 Time:3.76 Seconds
Solution: 1 22 27 19 35 10 12 36 43 41 20 23 13 47 26 2 4 28 30 49 5 50 48 14 17 15 34 40 45 16 24 21 29 6 39 9 11 44 46 18 33 8 25 7 42 3 32 37 31 38 

Inst_Index:252 	 City_Num:50 	 Concorde:5.550311 	 MCTS:5.550311 Improve:0.000000 	 Time:3.76 Seconds
Solution: 1 18 42 27 44 22 26 19 34 32 4 36 48 10 17 41 11 24 47 9 5 16 23 37 21 12 13 35 39 43 14 2 20 7 29 31 46 6 28 15 30 45 3 25 38 49 33 50 40 8 

Inst_Index:253 	 City_Num:50 	 Concorde:5.373616 	 MCTS:5.371563 Improve:0.002053 	 Time:3.77 Seconds
Solution: 1 4 13 42 41 27 20 31 25 40 30 9 48 22 10 26 23 21 18 28 33 50 14 39 47 32 37 7 29 43 3 6 34 44 35 45 12 2 8 49 46 15 5 38 19 36 11 24 16 17 

Inst_Index:254 	 City_Num:50 	 Concorde:5.464589 	 MCTS:5.464589 Improve:-0.000000 	 Time:3.75 Seconds
Solution: 1 29 38 6 7 32 13 47 46 4 27 5 33 12 48 3 35 41 20 24 44 23 8 39 9 31 30 15 19 10 42 45 18 37 49 26 28 50 36 17 14 43 40 2 34 11 25 22 21 16 

Inst_Index:255 	 City_Num:50 	 Concorde:6.049032 	 MCTS:6.046386 Improve:0.002645 	 Time:3.75 Seconds
Solution: 1 26 8 29 33 46 24 10 37 40 19 50 18 16 14 47 23 28 4 11 12 31 38 17 43 45 3 36 9 30 39 41 35 6 13 21 5 15 44 25 32 2 20 22 49 7 42 48 34 27 

Inst_Index:256 	 City_Num:50 	 Concorde:5.669808 	 MCTS:5.669808 Improve:0.000000 	 Time:3.77 Seconds
Solution: 1 24 30 18 26 6 10 39 9 48 46 29 41 28 43 35 15 11 3 34 19 37 22 45 13 2 31 40 50 7 49 36 17 33 38 14 23 44 20 4 42 5 21 27 16 8 25 12 32 47 

Inst_Index:257 	 City_Num:50 	 Concorde:5.569832 	 MCTS:5.569724 Improve:0.000108 	 Time:3.75 Seconds
Solution: 1 32 46 22 24 27 20 29 34 12 16 48 10 33 18 39 17 36 45 11 44 47 4 37 19 30 14 31 40 23 25 28 9 38 42 3 6 7 43 35 26 49 13 2 41 15 5 50 8 21 

Inst_Index:258 	 City_Num:50 	 Concorde:5.177178 	 MCTS:5.177178 Improve:0.000000 	 Time:3.75 Seconds
Solution: 1 19 49 8 17 23 32 3 50 21 37 35 27 28 25 30 40 4 16 7 43 6 31 39 33 38 2 22 24 34 44 45 47 20 29 42 48 41 26 10 11 14 9 5 36 18 13 46 12 15 

Inst_Index:259 	 City_Num:50 	 Concorde:5.829311 	 MCTS:5.827967 Improve:0.001344 	 Time:3.77 Seconds
Solution: 1 16 9 14 33 12 36 22 11 30 34 21 7 37 35 13 32 49 20 8 24 17 44 45 5 41 26 25 2 3 46 50 38 43 18 48 47 31 15 6 42 39 40 28 27 4 19 29 23 10 

Inst_Index:260 	 City_Num:50 	 Concorde:5.852522 	 MCTS:5.852522 Improve:-0.000000 	 Time:3.76 Seconds
Solution: 1 8 37 28 47 43 29 44 19 49 10 46 13 22 18 4 38 2 23 5 25 24 16 41 15 35 40 6 20 27 17 42 33 45 36 3 31 7 34 21 9 32 11 12 14 26 39 30 50 48 

Inst_Index:261 	 City_Num:50 	 Concorde:5.588531 	 MCTS:5.588531 Improve:0.000000 	 Time:3.75 Seconds
Solution: 1 16 4 42 31 28 33 44 47 12 25 49 7 22 50 13 29 26 2 37 20 35 19 10 5 14 15 18 45 32 30 11 36 6 27 9 46 21 34 41 48 17 24 39 8 38 40 23 3 43 

Inst_Index:262 	 City_Num:50 	 Concorde:5.301135 	 MCTS:5.301135 Improve:-0.000000 	 Time:3.76 Seconds
Solution: 1 15 13 3 24 48 44 41 36 47 45 21 32 25 18 30 26 49 4 20 40 37 22 34 31 39 9 2 42 8 5 7 28 6 43 16 38 35 27 46 23 12 10 29 17 33 50 14 19 11 

Inst_Index:263 	 City_Num:50 	 Concorde:5.633094 	 MCTS:5.632842 Improve:0.000251 	 Time:3.77 Seconds
Solution: 1 12 50 47 27 35 34 38 23 40 4 20 46 13 37 24 21 32 10 8 5 18 43 33 16 14 30 28 9 2 39 44 7 17 19 6 41 26 45 22 11 31 42 15 49 36 48 3 25 29 

Inst_Index:264 	 City_Num:50 	 Concorde:5.737836 	 MCTS:5.737414 Improve:0.000423 	 Time:3.76 Seconds
Solution: 1 38 37 34 6 10 12 20 48 14 24 25 5 27 19 26 36 7 15 28 41 2 49 43 8 9 44 11 50 3 17 18 4 32 31 39 42 30 22 21 47 16 29 40 13 35 45 33 23 46 

Inst_Index:265 	 City_Num:50 	 Concorde:5.446937 	 MCTS:5.446937 Improve:-0.000000 	 Time:3.76 Seconds
Solution: 1 13 39 47 35 7 33 14 10 43 12 5 40 45 11 34 4 30 26 37 25 9 49 16 18 31 38 36 21 27 42 23 2 29 28 3 17 48 50 8 6 32 15 19 46 20 41 24 22 44 

Inst_Index:266 	 City_Num:50 	 Concorde:5.800355 	 MCTS:5.795177 Improve:0.005178 	 Time:3.77 Seconds
Solution: 1 27 46 8 13 20 16 15 42 44 9 24 6 45 18 36 49 41 22 30 48 33 35 47 2 3 50 31 34 40 19 11 43 12 26 23 29 21 38 10 17 28 4 32 25 39 5 37 7 14 

Inst_Index:267 	 City_Num:50 	 Concorde:5.882594 	 MCTS:5.880492 Improve:0.002102 	 Time:3.76 Seconds
Solution: 1 46 38 50 17 15 35 5 9 26 18 23 37 33 2 40 13 11 22 39 34 48 20 30 47 27 25 19 24 44 14 6 4 8 31 16 43 7 29 28 3 10 49 41 32 12 42 45 21 36 

Inst_Index:268 	 City_Num:50 	 Concorde:5.467298 	 MCTS:5.460542 Improve:0.006755 	 Time:3.76 Seconds
Solution: 1 41 21 50 40 26 30 18 49 45 7 43 48 42 46 20 25 22 28 13 4 35 38 47 6 15 5 31 3 27 10 11 39 32 29 8 19 16 44 14 37 33 9 12 17 24 23 36 34 2 

Inst_Index:269 	 City_Num:50 	 Concorde:5.921504 	 MCTS:5.921504 Improve:0.000000 	 Time:3.75 Seconds
Solution: 1 13 32 49 33 4 29 39 25 16 24 38 40 14 46 26 3 30 12 43 15 44 35 19 18 21 2 17 28 22 6 27 34 11 10 48 41 5 7 47 9 8 37 31 36 20 42 23 45 50 

Inst_Index:270 	 City_Num:50 	 Concorde:5.741372 	 MCTS:5.733710 Improve:0.007662 	 Time:3.76 Seconds
Solution: 1 41 18 23 19 46 13 27 32 20 39 33 17 48 7 24 10 8 22 35 6 47 16 50 40 37 21 14 9 5 38 15 30 12 31 29 42 11 26 36 2 3 43 28 25 44 34 49 45 4 

Inst_Index:271 	 City_Num:50 	 Concorde:5.301750 	 MCTS:5.301750 Improve:0.000000 	 Time:3.77 Seconds
Solution: 1 46 18 38 24 47 22 34 32 12 40 14 7 3 8 50 13 15 10 20 45 6 44 28 16 11 29 2 48 25 37 35 26 19 41 42 5 49 39 30 4 9 31 23 33 36 43 21 17 27 

Inst_Index:272 	 City_Num:50 	 Concorde:6.013288 	 MCTS:6.012527 Improve:0.000761 	 Time:3.77 Seconds
Solution: 1 17 3 30 4 45 7 13 31 9 24 8 27 46 34 48 20 12 6 10 50 42 21 35 33 22 36 5 40 41 32 43 18 23 28 25 39 29 26 44 15 2 38 14 49 19 16 11 37 47 

Inst_Index:273 	 City_Num:50 	 Concorde:5.924337 	 MCTS:5.921577 Improve:0.002759 	 Time:3.76 Seconds
Solution: 1 8 29 39 37 45 7 26 25 13 5 38 33 21 50 11 6 40 9 4 35 32 47 49 46 27 36 43 28 44 19 41 3 34 30 12 24 2 18 23 48 20 22 15 17 14 31 42 10 16 

Inst_Index:274 	 City_Num:50 	 Concorde:6.045000 	 MCTS:6.035129 Improve:0.009871 	 Time:3.77 Seconds
Solution: 1 44 6 32 25 16 31 22 20 42 50 36 9 11 17 41 7 46 28 23 2 45 14 12 18 19 37 30 29 21 3 48 38 24 39 10 43 4 15 26 27 47 40 34 33 5 13 35 49 8 

Inst_Index:275 	 City_Num:50 	 Concorde:5.738581 	 MCTS:5.738581 Improve:-0.000000 	 Time:3.76 Seconds
Solution: 1 10 2 13 44 8 33 32 39 9 37 43 21 38 31 40 25 15 20 22 35 14 5 42 26 50 16 19 36 23 17 11 4 6 30 12 49 29 3 41 48 27 47 18 34 46 28 24 7 45 

Inst_Index:276 	 City_Num:50 	 Concorde:5.638063 	 MCTS:5.633415 Improve:0.004648 	 Time:3.77 Seconds
Solution: 1 29 9 26 49 38 4 31 50 25 44 5 43 12 45 21 40 18 30 39 46 19 8 22 15 33 10 28 11 16 48 20 14 35 37 27 32 23 42 7 17 47 3 24 34 2 6 41 13 36 

Inst_Index:277 	 City_Num:50 	 Concorde:5.999460 	 MCTS:5.999460 Improve:0.000000 	 Time:3.76 Seconds
Solution: 1 41 26 36 25 49 47 44 27 43 29 18 39 16 28 48 10 37 17 14 22 9 30 32 45 31 50 38 5 6 40 46 7 3 15 13 23 33 12 4 2 21 19 11 42 24 8 35 34 20 

Inst_Index:278 	 City_Num:50 	 Concorde:5.433713 	 MCTS:5.433713 Improve:-0.000000 	 Time:3.77 Seconds
Solution: 1 19 50 40 12 46 26 30 29 22 20 37 42 25 5 38 27 34 43 16 17 23 3 13 11 4 28 9 7 48 45 32 2 18 14 33 47 31 24 49 44 41 39 10 8 15 21 36 6 35 

Inst_Index:279 	 City_Num:50 	 Concorde:5.448526 	 MCTS:5.448526 Improve:0.000000 	 Time:3.77 Seconds
Solution: 1 13 31 41 25 42 19 14 7 24 37 36 21 6 48 30 43 20 17 3 27 28 32 12 18 26 4 38 22 8 33 40 2 39 10 9 49 34 11 5 15 47 35 46 50 44 16 45 23 29 

Inst_Index:280 	 City_Num:50 	 Concorde:5.922705 	 MCTS:5.922167 Improve:0.000538 	 Time:3.75 Seconds
Solution: 1 7 2 43 30 48 8 29 35 39 36 42 21 31 14 38 45 6 40 46 34 44 22 18 26 13 19 9 12 49 50 24 10 28 32 27 37 16 5 4 11 23 15 20 25 47 3 33 17 41 

Inst_Index:281 	 City_Num:50 	 Concorde:5.709326 	 MCTS:5.706143 Improve:0.003183 	 Time:3.76 Seconds
Solution: 1 50 20 45 22 48 27 38 40 9 31 42 3 18 47 35 24 4 21 15 12 44 17 33 46 23 6 32 14 34 30 49 2 5 43 19 16 26 11 41 25 10 28 29 39 13 36 8 7 37 

Inst_Index:282 	 City_Num:50 	 Concorde:5.870598 	 MCTS:5.870598 Improve:0.000000 	 Time:3.77 Seconds
Solution: 1 44 35 41 39 46 32 30 36 6 2 15 5 10 29 21 31 28 19 27 9 42 47 3 40 37 43 45 34 12 49 18 13 11 16 22 25 33 17 38 7 4 14 20 23 8 24 50 26 48 

Inst_Index:283 	 City_Num:50 	 Concorde:5.463009 	 MCTS:5.453526 Improve:0.009483 	 Time:3.77 Seconds
Solution: 1 34 17 15 49 2 16 41 38 26 12 9 20 36 44 7 32 22 18 3 10 45 8 19 33 47 30 25 50 13 4 31 21 46 6 29 40 23 14 39 27 24 37 48 11 5 28 43 42 35 

Inst_Index:284 	 City_Num:50 	 Concorde:5.661278 	 MCTS:5.661278 Improve:-0.000000 	 Time:3.77 Seconds
Solution: 1 7 39 48 36 25 18 49 37 12 29 2 21 8 14 30 40 33 9 47 46 38 16 20 11 5 17 45 28 34 50 10 44 3 13 23 15 27 42 43 26 4 22 32 6 41 35 24 19 31 

Inst_Index:285 	 City_Num:50 	 Concorde:5.620367 	 MCTS:5.620367 Improve:0.000000 	 Time:3.76 Seconds
Solution: 1 38 39 15 7 3 5 9 34 21 42 17 48 30 50 16 29 8 20 19 47 22 25 36 32 49 45 35 11 46 37 24 44 18 13 23 43 40 2 26 10 4 12 33 27 28 41 6 31 14 

Inst_Index:286 	 City_Num:50 	 Concorde:5.770503 	 MCTS:5.766960 Improve:0.003543 	 Time:3.77 Seconds
Solution: 1 31 34 30 22 50 8 49 14 9 24 39 12 44 4 18 37 42 41 23 27 48 7 36 43 33 38 45 6 11 20 26 19 40 29 35 28 3 15 32 47 21 16 46 13 10 17 25 5 2 

Inst_Index:287 	 City_Num:50 	 Concorde:6.394821 	 MCTS:6.394821 Improve:-0.000000 	 Time:3.76 Seconds
Solution: 1 10 17 31 13 9 4 37 14 25 34 44 48 46 22 26 11 38 30 15 42 36 19 3 12 27 24 5 29 33 50 41 32 47 7 43 49 16 6 20 23 45 21 39 2 18 40 28 35 8 

Inst_Index:288 	 City_Num:50 	 Concorde:5.809514 	 MCTS:5.809514 Improve:0.000000 	 Time:3.75 Seconds
Solution: 1 4 6 33 29 10 2 24 11 42 14 16 36 5 47 48 45 27 43 7 49 18 50 8 38 26 35 34 41 15 37 17 12 31 21 19 23 22 3 28 9 32 44 13 46 39 25 40 20 30 

Inst_Index:289 	 City_Num:50 	 Concorde:5.473750 	 MCTS:5.470821 Improve:0.002930 	 Time:3.76 Seconds
Solution: 1 31 19 36 35 2 8 23 14 29 13 24 16 25 34 18 10 45 37 12 17 32 40 49 44 43 6 21 42 33 9 4 38 15 30 5 22 48 11 39 46 47 3 27 41 26 28 20 7 50 

Inst_Index:290 	 City_Num:50 	 Concorde:5.519852 	 MCTS:5.519852 Improve:-0.000000 	 Time:3.77 Seconds
Solution: 1 41 10 20 24 37 28 18 23 27 39 45 8 4 9 49 7 31 30 47 17 6 33 43 34 35 40 25 3 13 12 21 32 16 14 22 48 29 5 11 19 46 44 42 2 38 36 26 15 50 

Inst_Index:291 	 City_Num:50 	 Concorde:5.836976 	 MCTS:5.836976 Improve:-0.000000 	 Time:3.77 Seconds
Solution: 1 27 28 42 25 17 11 2 31 10 18 19 38 37 23 6 32 40 29 50 3 34 46 20 45 33 44 13 5 48 16 26 35 4 9 14 47 30 49 36 24 8 41 43 15 22 21 12 39 7 

Inst_Index:292 	 City_Num:50 	 Concorde:5.765406 	 MCTS:5.765406 Improve:0.000000 	 Time:3.76 Seconds
Solution: 1 28 49 33 37 45 30 5 39 6 2 14 41 17 27 18 40 26 44 34 22 47 13 31 15 19 32 20 16 4 23 9 12 38 3 10 24 7 25 48 11 35 21 36 29 46 42 50 43 8 

Inst_Index:293 	 City_Num:50 	 Concorde:5.546625 	 MCTS:5.546625 Improve:-0.000000 	 Time:3.75 Seconds
Solution: 1 20 37 45 3 33 14 8 29 6 34 30 43 31 38 39 47 7 46 24 5 41 44 21 42 9 2 12 26 13 4 11 17 36 35 18 15 49 48 25 40 22 16 23 32 10 19 28 27 50 

Inst_Index:294 	 City_Num:50 	 Concorde:5.746582 	 MCTS:5.744033 Improve:0.002549 	 Time:3.77 Seconds
Solution: 1 36 10 13 27 29 48 4 12 43 44 25 45 41 34 31 17 47 24 2 37 3 46 6 14 39 50 42 8 35 26 19 11 16 18 20 38 33 49 21 9 23 15 28 30 40 5 7 22 32 

Inst_Index:295 	 City_Num:50 	 Concorde:5.249600 	 MCTS:5.249600 Improve:0.000000 	 Time:3.75 Seconds
Solution: 1 49 34 7 29 21 39 43 17 3 27 26 50 6 4 14 18 11 37 44 36 22 48 23 46 28 45 42 35 38 8 41 15 5 47 13 31 19 2 12 32 40 24 9 33 16 30 25 20 10 

Inst_Index:296 	 City_Num:50 	 Concorde:5.912315 	 MCTS:5.912315 Improve:-0.000000 	 Time:3.76 Seconds
Solution: 1 16 8 10 33 42 25 6 32 15 20 23 46 36 13 17 34 40 3 45 29 14 43 49 26 39 19 35 31 21 12 30 44 41 38 7 18 5 37 28 48 50 4 22 9 27 11 47 24 2 

Inst_Index:297 	 City_Num:50 	 Concorde:5.994677 	 MCTS:5.994677 Improve:0.000000 	 Time:3.78 Seconds
Solution: 1 4 40 16 50 17 44 6 47 28 41 38 35 46 32 36 8 15 48 31 49 42 9 43 34 5 37 20 12 22 39 10 29 19 21 13 45 18 23 11 27 2 7 3 25 33 30 24 26 14 

Inst_Index:298 	 City_Num:50 	 Concorde:5.714667 	 MCTS:5.714667 Improve:0.000000 	 Time:3.77 Seconds
Solution: 1 43 2 39 30 14 5 41 20 37 47 6 27 33 23 46 34 44 45 35 40 25 12 8 26 24 13 10 19 31 18 32 42 22 11 16 17 9 28 29 3 38 48 50 7 21 15 49 4 36 

Inst_Index:299 	 City_Num:50 	 Concorde:6.025632 	 MCTS:6.021423 Improve:0.004210 	 Time:3.78 Seconds
Solution: 1 25 41 29 39 50 30 12 36 28 34 20 2 22 17 13 15 16 14 37 4 6 35 33 27 45 9 40 5 32 18 48 31 38 7 44 10 47 19 8 42 11 46 43 3 21 23 26 49 24 

Inst_Index:300 	 City_Num:50 	 Concorde:5.059830 	 MCTS:5.059830 Improve:0.000000 	 Time:3.76 Seconds
Solution: 1 37 40 3 30 16 14 2 42 7 20 27 18 26 13 48 6 41 4 44 12 32 23 39 19 9 36 28 21 17 31 46 22 50 10 49 47 8 38 5 45 25 43 24 29 33 11 35 34 15 

Inst_Index:301 	 City_Num:50 	 Concorde:5.319071 	 MCTS:5.319071 Improve:-0.000000 	 Time:3.76 Seconds
Solution: 1 7 6 16 44 8 12 20 13 2 50 49 15 9 5 43 39 35 14 42 37 22 23 29 4 24 46 45 31 26 41 18 17 36 47 32 11 34 10 28 25 19 48 40 3 27 33 21 30 38 

Inst_Index:302 	 City_Num:50 	 Concorde:5.665718 	 MCTS:5.662542 Improve:0.003177 	 Time:3.75 Seconds
Solution: 1 26 45 49 19 31 39 33 16 5 22 43 35 41 2 34 28 47 7 3 15 44 14 38 42 46 11 13 9 29 50 40 4 36 37 30 24 10 8 17 48 12 6 20 27 32 21 23 25 18 

Inst_Index:303 	 City_Num:50 	 Concorde:5.580164 	 MCTS:5.577866 Improve:0.002298 	 Time:3.76 Seconds
Solution: 1 5 6 9 4 18 3 47 8 48 21 16 27 42 22 10 37 11 44 14 45 40 26 13 2 43 15 46 31 25 35 34 49 12 32 30 36 50 41 28 19 33 39 7 23 24 17 20 29 38 

Inst_Index:304 	 City_Num:50 	 Concorde:6.116021 	 MCTS:6.116021 Improve:0.000000 	 Time:3.77 Seconds
Solution: 1 36 16 7 23 12 15 11 13 21 30 26 8 27 19 40 41 34 48 44 4 5 20 39 18 43 10 49 35 14 32 42 6 31 46 38 24 50 33 25 28 47 22 3 9 37 2 29 17 45 

Inst_Index:305 	 City_Num:50 	 Concorde:5.458687 	 MCTS:5.458687 Improve:0.000000 	 Time:3.76 Seconds
Solution: 1 2 50 38 17 4 27 21 12 6 34 16 7 36 43 29 18 15 19 31 37 10 47 26 8 24 32 20 46 14 11 33 22 40 13 48 25 28 41 42 39 23 45 49 35 3 44 5 30 9 

Inst_Index:306 	 City_Num:50 	 Concorde:5.146357 	 MCTS:5.146357 Improve:0.000000 	 Time:3.76 Seconds
Solution: 1 30 5 19 2 36 14 10 11 39 20 17 40 6 4 28 49 16 42 31 47 48 27 45 7 32 24 50 21 9 29 33 25 43 23 12 3 37 35 22 34 13 15 18 26 44 38 8 41 46 

Inst_Index:307 	 City_Num:50 	 Concorde:5.520250 	 MCTS:5.516750 Improve:0.003499 	 Time:3.76 Seconds
Solution: 1 44 31 19 14 16 25 39 23 3 47 43 38 4 7 42 45 27 12 41 15 5 30 49 9 40 50 35 8 26 33 36 18 17 2 13 28 34 11 48 6 21 29 20 24 10 22 32 37 46 

Inst_Index:308 	 City_Num:50 	 Concorde:5.599742 	 MCTS:5.599742 Improve:-0.000000 	 Time:3.75 Seconds
Solution: 1 23 27 15 26 46 18 14 12 50 31 25 40 22 37 44 4 29 30 5 24 8 17 36 34 2 35 16 49 28 32 3 43 19 41 33 11 21 47 7 20 39 48 13 10 38 6 9 42 45 

Inst_Index:309 	 City_Num:50 	 Concorde:5.818360 	 MCTS:5.817576 Improve:0.000784 	 Time:3.76 Seconds
Solution: 1 46 34 29 28 9 47 26 32 10 6 42 16 15 5 7 33 38 19 17 43 36 12 37 8 14 41 13 21 40 50 31 20 45 39 11 48 2 4 3 35 30 44 23 27 18 49 24 25 22 

Inst_Index:310 	 City_Num:50 	 Concorde:5.710830 	 MCTS:5.710830 Improve:-0.000000 	 Time:3.77 Seconds
Solution: 1 44 27 10 6 48 5 33 4 26 11 32 28 17 50 21 34 24 43 38 40 15 8 46 13 30 25 35 37 7 23 20 39 3 47 36 12 14 49 45 9 19 16 18 42 29 22 31 2 41 

Inst_Index:311 	 City_Num:50 	 Concorde:5.506539 	 MCTS:5.504782 Improve:0.001756 	 Time:3.76 Seconds
Solution: 1 43 24 36 21 42 30 9 19 39 5 15 29 40 27 16 7 31 47 13 18 10 45 28 35 14 32 37 49 48 46 38 25 3 50 12 23 34 26 17 44 41 2 20 33 8 4 11 6 22 

Inst_Index:312 	 City_Num:50 	 Concorde:5.735024 	 MCTS:5.731906 Improve:0.003118 	 Time:3.76 Seconds
Solution: 1 10 23 15 37 39 40 11 21 2 6 32 19 4 50 9 36 29 46 28 47 18 12 20 41 34 30 13 31 35 5 27 25 38 44 26 43 7 16 48 24 8 49 22 17 3 42 14 45 33 

Inst_Index:313 	 City_Num:50 	 Concorde:5.329851 	 MCTS:5.329851 Improve:0.000000 	 Time:3.76 Seconds
Solution: 1 24 32 20 44 4 29 39 3 13 18 36 45 38 17 5 22 27 50 12 48 10 23 6 16 31 49 11 15 14 42 28 34 8 33 46 47 25 37 7 43 19 9 21 26 2 35 30 41 40 


Avg_Concorde_Distance: 5.674005 Avg_MCTS_Distance: 5.672721 Avg_Gap: -0.000226 Total_Time: 1178.32 Seconds 
 Beat_Best_Known_Times: 119 Match_Best_Known_Times: 194 Miss_Best_Known_Times: 0 
