Number_of_Instances_In_Current_Batch: 313

Inst_Index:8765 	 City_Num:50 	 Concorde:5.668384 	 MCTS:5.667160 Improve:0.001223 	 Time:3.76 Seconds
Solution: 1 9 32 16 40 50 24 21 12 25 29 47 31 5 2 34 27 36 38 13 33 23 10 39 18 26 28 37 43 15 48 7 42 17 11 20 4 45 19 35 49 14 46 41 3 8 22 30 44 6 

Inst_Index:8766 	 City_Num:50 	 Concorde:5.931133 	 MCTS:5.930886 Improve:0.000247 	 Time:3.76 Seconds
Solution: 1 31 18 45 22 37 29 36 13 42 20 28 33 43 38 12 14 47 6 26 2 41 7 35 9 34 39 3 4 32 30 40 19 44 16 17 8 27 25 15 21 11 23 46 5 10 24 50 49 48 

Inst_Index:8767 	 City_Num:50 	 Concorde:6.288895 	 MCTS:6.285903 Improve:0.002991 	 Time:3.77 Seconds
Solution: 1 21 26 2 5 38 11 24 45 17 32 48 27 30 10 29 39 35 23 20 49 36 16 3 34 40 18 37 15 19 47 22 41 6 46 14 9 8 43 50 44 7 33 4 28 13 31 25 42 12 

Inst_Index:8768 	 City_Num:50 	 Concorde:5.885123 	 MCTS:5.884943 Improve:0.000181 	 Time:3.76 Seconds
Solution: 1 32 35 3 34 37 7 24 9 36 28 15 12 31 23 19 8 21 10 41 4 46 11 16 5 39 6 29 47 40 33 20 25 14 27 43 26 17 50 38 2 18 13 48 44 42 30 22 45 49 

Inst_Index:8769 	 City_Num:50 	 Concorde:5.824593 	 MCTS:5.820205 Improve:0.004388 	 Time:3.76 Seconds
Solution: 1 34 22 46 31 3 17 5 7 39 10 2 20 42 36 14 30 23 19 25 15 37 47 24 12 28 38 50 27 26 43 33 18 29 21 4 11 9 35 45 16 49 44 32 8 6 13 48 41 40 

Inst_Index:8770 	 City_Num:50 	 Concorde:5.589370 	 MCTS:5.589370 Improve:-0.000000 	 Time:3.76 Seconds
Solution: 1 17 43 20 32 50 22 36 42 9 24 39 48 19 8 6 23 46 41 31 12 49 37 47 35 13 3 40 29 11 28 30 5 38 7 34 14 4 33 15 25 21 18 26 2 16 27 10 45 44 

Inst_Index:8771 	 City_Num:50 	 Concorde:5.439258 	 MCTS:5.439258 Improve:-0.000000 	 Time:3.76 Seconds
Solution: 1 10 43 28 8 29 27 2 17 25 21 32 5 50 19 45 48 42 16 15 30 49 24 22 9 35 7 36 37 31 18 14 20 38 26 41 12 46 13 33 11 6 4 47 34 40 23 39 44 3 

Inst_Index:8772 	 City_Num:50 	 Concorde:5.778954 	 MCTS:5.775080 Improve:0.003874 	 Time:3.75 Seconds
Solution: 1 33 26 31 6 41 14 27 13 34 32 16 17 44 45 29 21 47 30 19 9 3 2 20 46 22 12 23 36 15 42 28 40 50 43 48 10 11 38 25 5 39 49 4 37 8 24 35 18 7 

Inst_Index:8773 	 City_Num:50 	 Concorde:5.420777 	 MCTS:5.410787 Improve:0.009991 	 Time:3.75 Seconds
Solution: 1 15 39 32 33 14 24 42 48 34 45 23 11 2 41 28 46 17 22 40 21 30 38 7 31 16 36 35 25 4 18 6 5 3 20 12 27 47 49 50 10 9 43 19 29 44 37 13 26 8 

Inst_Index:8774 	 City_Num:50 	 Concorde:5.916784 	 MCTS:5.916784 Improve:0.000000 	 Time:3.77 Seconds
Solution: 1 5 41 29 19 14 45 12 21 48 36 40 50 39 38 49 27 6 33 34 17 4 31 15 2 32 37 30 44 10 25 9 23 28 47 26 35 24 22 16 8 11 43 42 7 18 20 13 46 3 

Inst_Index:8775 	 City_Num:50 	 Concorde:5.853251 	 MCTS:5.849784 Improve:0.003467 	 Time:3.76 Seconds
Solution: 1 27 22 26 35 34 36 38 2 12 50 39 30 29 42 46 17 45 43 40 21 9 15 48 28 13 47 6 41 16 4 5 7 3 8 24 37 32 23 11 10 49 19 20 14 18 31 33 25 44 

Inst_Index:8776 	 City_Num:50 	 Concorde:6.002017 	 MCTS:6.002017 Improve:0.000000 	 Time:3.76 Seconds
Solution: 1 19 46 50 28 41 10 33 13 48 32 23 8 38 12 22 17 25 24 6 27 30 16 37 14 20 40 15 29 39 3 47 5 34 31 9 44 36 49 26 7 11 42 4 2 18 21 45 43 35 

Inst_Index:8777 	 City_Num:50 	 Concorde:5.524002 	 MCTS:5.524002 Improve:0.000000 	 Time:3.76 Seconds
Solution: 1 35 8 24 20 5 40 27 19 47 21 39 49 25 22 9 44 13 10 38 17 36 31 28 16 37 30 4 41 29 46 26 6 50 33 12 3 15 42 32 7 34 2 18 11 45 23 48 43 14 

Inst_Index:8778 	 City_Num:50 	 Concorde:6.058033 	 MCTS:6.058033 Improve:0.000000 	 Time:3.75 Seconds
Solution: 1 30 7 6 24 18 15 3 50 2 42 14 23 27 13 47 32 40 17 4 48 29 38 26 10 35 43 37 20 45 44 39 31 36 22 8 9 12 11 33 28 5 21 49 34 41 16 46 19 25 

Inst_Index:8779 	 City_Num:50 	 Concorde:5.361484 	 MCTS:5.356179 Improve:0.005305 	 Time:3.75 Seconds
Solution: 1 8 46 42 2 41 15 24 13 35 18 22 14 12 3 11 47 32 17 30 44 49 16 27 19 48 5 10 26 9 29 21 37 40 7 45 31 23 28 4 36 25 39 6 38 43 50 34 20 33 

Inst_Index:8780 	 City_Num:50 	 Concorde:5.921509 	 MCTS:5.921509 Improve:-0.000000 	 Time:3.76 Seconds
Solution: 1 4 30 28 38 15 9 19 18 26 13 46 50 12 20 27 43 6 11 36 45 32 39 34 31 2 25 35 17 10 44 7 48 37 16 3 14 23 21 22 47 8 5 24 42 33 41 40 29 49 

Inst_Index:8781 	 City_Num:50 	 Concorde:5.736922 	 MCTS:5.732093 Improve:0.004828 	 Time:3.75 Seconds
Solution: 1 10 43 7 4 34 49 2 24 36 18 42 48 19 37 22 26 25 21 8 30 29 31 45 27 40 35 44 39 41 17 5 23 12 11 50 47 13 3 38 15 46 28 14 20 32 16 6 9 33 

Inst_Index:8782 	 City_Num:50 	 Concorde:5.831862 	 MCTS:5.831862 Improve:0.000000 	 Time:3.76 Seconds
Solution: 1 7 36 46 5 28 23 17 33 27 37 2 20 16 34 14 25 15 48 49 21 39 30 31 6 26 22 13 43 35 12 11 29 44 10 4 50 19 41 42 40 9 38 45 32 24 8 3 18 47 

Inst_Index:8783 	 City_Num:50 	 Concorde:5.515839 	 MCTS:5.513760 Improve:0.002079 	 Time:3.76 Seconds
Solution: 1 14 39 12 32 47 19 23 30 16 13 49 17 38 36 31 42 4 21 25 2 11 5 22 35 46 29 33 6 41 15 24 3 10 37 26 9 28 20 48 50 40 44 27 45 18 8 43 34 7 

Inst_Index:8784 	 City_Num:50 	 Concorde:5.925171 	 MCTS:5.925171 Improve:0.000000 	 Time:3.77 Seconds
Solution: 1 44 35 31 23 26 22 43 10 37 13 49 11 20 19 17 40 4 32 3 42 33 25 30 46 9 18 41 14 2 27 48 38 29 5 39 50 6 34 45 21 16 12 7 47 24 36 8 28 15 

Inst_Index:8785 	 City_Num:50 	 Concorde:5.733734 	 MCTS:5.733734 Improve:0.000000 	 Time:3.76 Seconds
Solution: 1 3 43 13 23 26 18 15 4 7 5 40 31 20 30 25 39 10 27 14 46 41 42 19 2 37 12 21 11 9 38 48 47 17 36 22 49 6 50 34 33 16 35 45 24 44 28 29 8 32 

Inst_Index:8786 	 City_Num:50 	 Concorde:5.752054 	 MCTS:5.751359 Improve:0.000695 	 Time:3.76 Seconds
Solution: 1 19 40 22 24 48 3 21 35 50 2 12 49 25 42 47 32 23 8 17 20 43 28 44 26 45 5 14 30 27 38 16 10 9 37 41 4 33 7 46 13 18 36 31 15 29 39 34 11 6 

Inst_Index:8787 	 City_Num:50 	 Concorde:6.164714 	 MCTS:6.158068 Improve:0.006646 	 Time:3.75 Seconds
Solution: 1 12 25 50 4 45 41 42 23 40 46 37 28 8 19 15 18 17 24 34 49 29 43 33 22 48 11 10 47 3 30 39 9 36 31 35 13 16 14 21 6 7 2 26 44 5 27 32 20 38 

Inst_Index:8788 	 City_Num:50 	 Concorde:6.000698 	 MCTS:5.999107 Improve:0.001592 	 Time:3.76 Seconds
Solution: 1 39 2 36 3 9 8 10 22 27 44 28 13 35 23 32 41 43 34 47 14 24 50 26 48 12 40 38 15 19 46 21 11 6 29 17 7 42 33 49 45 30 31 18 16 37 5 25 20 4 

Inst_Index:8789 	 City_Num:50 	 Concorde:5.745338 	 MCTS:5.745338 Improve:-0.000000 	 Time:3.76 Seconds
Solution: 1 22 28 41 33 29 48 36 35 10 18 24 30 23 25 12 42 34 7 3 5 4 49 6 45 9 26 46 32 2 14 11 47 38 39 13 19 21 44 31 37 20 17 27 43 50 15 16 40 8 

Inst_Index:8790 	 City_Num:50 	 Concorde:5.736485 	 MCTS:5.736485 Improve:-0.000000 	 Time:3.75 Seconds
Solution: 1 24 46 7 32 49 23 28 31 5 47 9 18 34 43 22 33 39 12 2 6 4 13 8 37 21 11 20 25 36 16 42 35 45 19 29 17 40 27 14 38 30 41 44 15 10 50 3 48 26 

Inst_Index:8791 	 City_Num:50 	 Concorde:5.601265 	 MCTS:5.601265 Improve:0.000000 	 Time:3.77 Seconds
Solution: 1 43 21 38 28 6 9 16 19 48 39 3 41 7 2 23 15 33 12 35 46 18 5 17 14 36 8 30 50 24 4 27 26 11 44 49 29 22 20 42 13 40 37 47 45 31 32 34 10 25 

Inst_Index:8792 	 City_Num:50 	 Concorde:5.717085 	 MCTS:5.717085 Improve:0.000000 	 Time:3.75 Seconds
Solution: 1 25 6 26 39 41 14 43 30 35 10 18 50 21 4 17 2 33 46 40 11 49 45 8 20 36 24 7 32 5 15 34 38 12 13 47 42 19 16 9 3 28 22 23 44 27 29 48 31 37 

Inst_Index:8793 	 City_Num:50 	 Concorde:5.493489 	 MCTS:5.493489 Improve:0.000000 	 Time:3.76 Seconds
Solution: 1 45 22 34 19 23 47 29 36 2 6 8 16 28 35 5 50 40 18 32 24 21 42 9 48 49 31 27 26 25 41 38 33 39 20 37 3 43 7 13 14 44 46 15 17 12 10 30 4 11 

Inst_Index:8794 	 City_Num:50 	 Concorde:6.028186 	 MCTS:6.021897 Improve:0.006288 	 Time:3.76 Seconds
Solution: 1 5 23 40 48 50 38 3 29 14 46 33 24 20 6 41 26 44 34 17 9 19 45 7 21 13 28 47 43 2 27 15 10 32 22 35 31 8 37 16 42 11 36 30 39 18 4 49 25 12 

Inst_Index:8795 	 City_Num:50 	 Concorde:5.742158 	 MCTS:5.739775 Improve:0.002384 	 Time:3.76 Seconds
Solution: 1 50 11 48 9 28 20 44 38 8 24 7 3 32 37 33 31 41 34 14 40 12 42 35 25 36 26 17 27 29 10 4 22 6 46 18 5 15 43 23 19 16 49 47 21 30 2 39 45 13 

Inst_Index:8796 	 City_Num:50 	 Concorde:5.892714 	 MCTS:5.884193 Improve:0.008521 	 Time:3.76 Seconds
Solution: 1 7 30 2 50 4 46 28 35 45 32 19 48 38 21 34 42 10 36 49 15 26 33 13 16 44 8 31 37 43 41 20 29 18 12 23 14 3 17 5 11 9 40 39 6 27 25 22 24 47 

Inst_Index:8797 	 City_Num:50 	 Concorde:5.721568 	 MCTS:5.721568 Improve:0.000000 	 Time:3.76 Seconds
Solution: 1 42 8 39 36 40 22 46 50 3 27 28 35 14 44 18 21 31 4 38 45 10 37 13 16 11 25 48 15 34 12 24 32 6 2 47 43 33 19 7 26 20 9 23 17 5 49 30 29 41 

Inst_Index:8798 	 City_Num:50 	 Concorde:5.877075 	 MCTS:5.877075 Improve:0.000000 	 Time:3.77 Seconds
Solution: 1 9 30 10 42 4 40 36 43 24 5 33 3 50 44 23 8 28 35 46 14 39 6 21 26 48 11 47 13 49 20 29 31 22 12 37 27 15 32 25 18 45 7 38 41 34 17 2 16 19 

Inst_Index:8799 	 City_Num:50 	 Concorde:5.553727 	 MCTS:5.552672 Improve:0.001055 	 Time:3.75 Seconds
Solution: 1 20 26 17 8 22 31 35 38 28 9 21 32 25 11 24 30 3 37 29 48 18 23 36 27 34 41 16 5 47 33 6 46 15 7 44 45 12 4 19 39 40 13 14 10 43 50 2 42 49 

Inst_Index:8800 	 City_Num:50 	 Concorde:5.609951 	 MCTS:5.608135 Improve:0.001816 	 Time:3.75 Seconds
Solution: 1 48 10 2 15 3 8 11 31 6 42 14 49 19 32 39 33 34 26 12 36 46 47 29 27 20 50 17 18 45 28 24 7 9 16 25 40 21 4 5 35 43 41 13 30 38 22 37 44 23 

Inst_Index:8801 	 City_Num:50 	 Concorde:6.004484 	 MCTS:6.004484 Improve:0.000000 	 Time:3.76 Seconds
Solution: 1 21 29 13 11 50 47 17 10 15 45 41 37 35 12 24 44 46 23 49 36 20 33 22 31 3 25 27 7 42 48 34 30 26 28 40 38 4 6 5 32 9 2 14 19 16 43 39 18 8 

Inst_Index:8802 	 City_Num:50 	 Concorde:6.057058 	 MCTS:6.057058 Improve:0.000000 	 Time:3.75 Seconds
Solution: 1 18 5 21 8 33 6 10 41 49 35 20 31 30 7 13 46 2 19 43 39 17 16 11 42 9 14 34 25 27 12 3 47 40 23 22 36 38 26 15 32 45 50 4 29 28 24 37 48 44 

Inst_Index:8803 	 City_Num:50 	 Concorde:5.189081 	 MCTS:5.189081 Improve:-0.000000 	 Time:3.75 Seconds
Solution: 1 26 4 44 14 28 48 27 35 30 8 38 12 5 33 15 29 19 50 32 34 45 18 36 39 20 43 9 40 25 11 24 3 47 16 41 31 2 6 21 49 7 22 23 42 10 17 13 37 46 

Inst_Index:8804 	 City_Num:50 	 Concorde:5.946949 	 MCTS:5.946949 Improve:0.000000 	 Time:3.77 Seconds
Solution: 1 41 46 26 42 39 24 5 32 28 12 4 30 7 37 16 19 20 29 38 36 47 27 31 25 2 44 9 13 48 40 10 49 18 8 6 14 50 22 33 34 3 43 23 11 17 21 45 15 35 

Inst_Index:8805 	 City_Num:50 	 Concorde:5.524983 	 MCTS:5.521813 Improve:0.003170 	 Time:3.75 Seconds
Solution: 1 45 44 46 13 18 7 37 24 50 38 20 25 28 40 2 10 6 11 26 49 34 9 27 33 17 30 8 22 15 36 43 5 3 31 48 12 23 29 4 19 42 39 14 21 32 16 35 41 47 

Inst_Index:8806 	 City_Num:50 	 Concorde:5.167739 	 MCTS:5.163484 Improve:0.004254 	 Time:3.76 Seconds
Solution: 1 36 20 40 33 35 50 24 26 25 37 31 23 3 29 15 2 44 39 12 49 5 7 8 22 6 10 38 47 34 11 30 41 13 28 45 16 17 21 43 46 14 42 4 32 27 9 19 48 18 

Inst_Index:8807 	 City_Num:50 	 Concorde:6.000049 	 MCTS:5.998442 Improve:0.001607 	 Time:3.76 Seconds
Solution: 1 26 5 36 23 47 3 14 48 22 17 20 41 4 25 18 30 24 49 16 15 7 2 40 8 37 38 19 6 42 21 39 50 9 32 11 10 28 13 27 43 46 34 29 12 35 45 44 31 33 

Inst_Index:8808 	 City_Num:50 	 Concorde:5.508685 	 MCTS:5.508685 Improve:-0.000000 	 Time:3.75 Seconds
Solution: 1 19 45 15 18 13 39 35 44 47 31 48 9 33 23 29 37 49 11 3 46 27 42 17 24 40 10 38 25 12 14 28 36 6 8 26 41 20 43 30 16 50 22 2 4 32 34 7 5 21 

Inst_Index:8809 	 City_Num:50 	 Concorde:5.877335 	 MCTS:5.877335 Improve:0.000000 	 Time:3.76 Seconds
Solution: 1 35 27 8 45 25 37 29 34 18 32 46 13 24 41 17 5 19 12 6 40 21 22 31 36 26 14 9 47 15 49 4 20 3 48 42 43 38 39 28 33 44 16 11 7 30 2 23 10 50 

Inst_Index:8810 	 City_Num:50 	 Concorde:5.257473 	 MCTS:5.257299 Improve:0.000174 	 Time:3.76 Seconds
Solution: 1 16 36 33 15 43 40 47 34 4 2 46 39 5 41 32 30 10 13 9 25 20 50 26 31 14 49 22 23 44 18 29 24 45 11 17 3 35 8 7 19 42 21 37 48 38 12 27 6 28 

Inst_Index:8811 	 City_Num:50 	 Concorde:4.868264 	 MCTS:4.865913 Improve:0.002351 	 Time:3.76 Seconds
Solution: 1 28 34 27 50 44 7 9 17 3 25 14 45 19 47 49 10 33 21 36 42 16 11 41 24 18 12 22 35 15 46 23 31 43 32 13 20 39 38 8 48 26 4 29 30 5 2 37 40 6 

Inst_Index:8812 	 City_Num:50 	 Concorde:5.634659 	 MCTS:5.634659 Improve:0.000000 	 Time:3.75 Seconds
Solution: 1 33 42 34 25 7 22 48 26 3 28 9 17 37 36 39 32 45 6 10 43 20 30 27 35 41 31 29 23 13 50 2 14 47 44 12 16 49 21 18 46 40 24 11 8 4 15 19 38 5 

Inst_Index:8813 	 City_Num:50 	 Concorde:5.811091 	 MCTS:5.811091 Improve:0.000000 	 Time:3.75 Seconds
Solution: 1 31 42 12 30 10 44 4 38 9 8 32 36 11 22 35 2 16 20 39 21 41 43 3 48 49 45 13 37 26 24 29 18 15 6 34 25 47 33 46 19 50 14 7 40 23 17 27 28 5 

Inst_Index:8814 	 City_Num:50 	 Concorde:5.703898 	 MCTS:5.698768 Improve:0.005130 	 Time:3.77 Seconds
Solution: 1 22 13 49 5 38 2 7 3 9 44 35 11 32 46 31 28 17 29 6 27 42 47 34 14 15 8 12 4 24 48 50 45 37 21 33 25 40 16 23 36 19 26 39 30 43 10 41 20 18 

Inst_Index:8815 	 City_Num:50 	 Concorde:5.382136 	 MCTS:5.382136 Improve:0.000000 	 Time:3.75 Seconds
Solution: 1 26 7 3 30 41 43 50 46 38 15 14 24 48 8 28 4 11 6 40 5 45 22 35 47 10 16 49 34 39 9 2 37 33 13 17 21 36 42 18 23 44 25 31 27 12 20 32 19 29 

Inst_Index:8816 	 City_Num:50 	 Concorde:5.268166 	 MCTS:5.268166 Improve:0.000000 	 Time:3.77 Seconds
Solution: 1 8 43 6 48 47 22 9 2 29 18 21 33 30 34 28 50 49 31 45 4 36 46 42 19 26 10 16 20 27 12 41 3 25 13 38 23 44 14 37 24 15 39 11 32 17 5 40 35 7 

Inst_Index:8817 	 City_Num:50 	 Concorde:5.474547 	 MCTS:5.474547 Improve:-0.000000 	 Time:3.75 Seconds
Solution: 1 31 45 20 13 44 6 18 14 29 36 28 3 43 35 32 38 22 4 23 19 7 33 41 24 25 46 42 2 30 50 15 37 27 5 48 34 21 49 9 8 26 16 47 39 40 10 17 11 12 

Inst_Index:8818 	 City_Num:50 	 Concorde:5.533914 	 MCTS:5.533914 Improve:0.000000 	 Time:3.75 Seconds
Solution: 1 22 21 30 34 40 23 41 49 9 32 45 25 13 7 35 38 27 28 44 6 16 39 26 24 18 46 19 48 17 33 4 31 2 11 47 42 3 12 5 37 29 43 36 50 10 20 14 15 8 

Inst_Index:8819 	 City_Num:50 	 Concorde:5.727604 	 MCTS:5.727604 Improve:-0.000000 	 Time:3.76 Seconds
Solution: 1 47 37 35 31 36 11 21 23 42 16 19 33 14 4 20 29 13 7 44 17 10 48 34 3 9 39 43 27 41 50 8 30 24 46 6 5 40 26 22 28 12 45 2 38 32 18 49 25 15 

Inst_Index:8820 	 City_Num:50 	 Concorde:5.821988 	 MCTS:5.821988 Improve:0.000000 	 Time:3.75 Seconds
Solution: 1 11 13 4 10 3 24 33 48 45 27 20 40 21 35 28 44 41 9 38 47 12 15 25 49 39 7 22 42 14 29 36 18 34 16 50 43 17 8 46 23 6 5 32 31 2 37 26 19 30 

Inst_Index:8821 	 City_Num:50 	 Concorde:5.692975 	 MCTS:5.692975 Improve:0.000000 	 Time:3.76 Seconds
Solution: 1 37 33 30 3 45 11 27 41 17 50 2 25 35 5 46 12 49 21 9 18 29 32 42 8 4 39 10 19 38 22 47 16 40 36 31 48 26 44 20 23 14 6 7 13 34 43 24 28 15 

Inst_Index:8822 	 City_Num:50 	 Concorde:5.371715 	 MCTS:5.371715 Improve:-0.000000 	 Time:3.76 Seconds
Solution: 1 16 49 36 29 17 32 7 34 19 26 28 9 10 42 14 3 37 46 27 21 4 50 11 24 25 5 23 18 15 41 47 33 13 35 40 45 48 30 2 44 39 43 31 6 12 8 20 38 22 

Inst_Index:8823 	 City_Num:50 	 Concorde:5.814044 	 MCTS:5.807540 Improve:0.006504 	 Time:3.76 Seconds
Solution: 1 28 11 24 2 32 34 45 47 49 19 5 35 26 38 22 6 43 15 23 17 44 36 9 12 40 33 20 39 16 10 30 46 31 14 4 37 25 29 13 48 41 50 21 42 18 7 27 8 3 

Inst_Index:8824 	 City_Num:50 	 Concorde:5.598918 	 MCTS:5.598859 Improve:0.000059 	 Time:3.76 Seconds
Solution: 1 46 21 48 15 36 2 17 3 35 42 32 10 45 33 18 5 41 11 16 6 38 47 49 37 29 39 26 44 28 31 25 34 13 24 23 30 19 22 4 40 27 8 12 50 14 9 20 7 43 

Inst_Index:8825 	 City_Num:50 	 Concorde:5.710161 	 MCTS:5.708024 Improve:0.002137 	 Time:3.75 Seconds
Solution: 1 48 2 29 40 45 14 26 5 22 49 32 28 37 39 33 47 15 31 27 43 21 23 3 24 35 19 34 25 13 7 50 20 41 42 16 18 4 10 38 12 46 36 8 9 17 44 30 11 6 

Inst_Index:8826 	 City_Num:50 	 Concorde:5.530711 	 MCTS:5.530711 Improve:-0.000000 	 Time:3.75 Seconds
Solution: 1 17 13 22 10 39 16 49 43 27 14 32 29 12 28 26 35 6 19 47 50 7 37 2 30 20 23 33 3 21 41 25 5 36 4 24 15 9 40 18 44 48 42 31 11 34 45 46 8 38 

Inst_Index:8827 	 City_Num:50 	 Concorde:5.676943 	 MCTS:5.676943 Improve:0.000000 	 Time:3.78 Seconds
Solution: 1 39 36 43 25 8 47 14 21 30 50 37 34 18 41 35 46 27 20 19 29 44 26 5 13 11 28 45 31 15 33 6 2 4 10 40 22 32 38 16 48 42 24 23 3 12 49 9 17 7 

Inst_Index:8828 	 City_Num:50 	 Concorde:5.494333 	 MCTS:5.494333 Improve:0.000000 	 Time:3.76 Seconds
Solution: 1 14 12 9 33 47 21 6 50 29 28 7 4 18 48 27 8 34 41 35 45 22 19 24 2 38 3 10 13 36 17 25 16 37 32 30 11 15 40 20 44 23 42 43 46 31 26 49 5 39 

Inst_Index:8829 	 City_Num:50 	 Concorde:5.961470 	 MCTS:5.953854 Improve:0.007616 	 Time:3.76 Seconds
Solution: 1 45 5 29 39 20 4 49 23 11 31 8 27 42 16 30 41 48 3 14 44 13 10 50 24 35 17 38 7 28 6 25 32 18 22 15 12 37 2 21 36 46 34 33 47 19 43 26 40 9 

Inst_Index:8830 	 City_Num:50 	 Concorde:5.600540 	 MCTS:5.600540 Improve:0.000000 	 Time:3.75 Seconds
Solution: 1 46 15 35 3 13 9 29 47 2 30 31 33 12 4 11 28 49 18 17 22 27 16 44 32 6 26 7 39 25 41 23 8 5 48 36 40 14 37 34 45 21 19 38 20 24 50 43 42 10 

Inst_Index:8831 	 City_Num:50 	 Concorde:5.654496 	 MCTS:5.649353 Improve:0.005142 	 Time:3.75 Seconds
Solution: 1 13 18 46 19 41 35 8 25 45 33 37 5 2 22 17 38 15 28 24 36 42 39 26 50 30 20 47 32 31 9 4 48 29 12 40 49 23 7 6 14 11 34 43 3 16 21 44 10 27 

Inst_Index:8832 	 City_Num:50 	 Concorde:5.353308 	 MCTS:5.353308 Improve:-0.000000 	 Time:3.76 Seconds
Solution: 1 32 18 3 17 33 38 4 49 45 26 25 15 31 6 40 5 50 43 10 30 7 14 47 37 13 16 8 27 42 19 24 11 12 20 28 22 36 29 44 35 39 21 23 41 2 9 48 46 34 

Inst_Index:8833 	 City_Num:50 	 Concorde:5.817185 	 MCTS:5.817185 Improve:0.000000 	 Time:3.75 Seconds
Solution: 1 11 36 39 6 17 16 18 8 9 14 46 20 42 50 3 2 29 30 5 40 13 43 22 44 15 10 48 35 23 12 49 41 31 37 24 7 19 21 25 32 4 28 38 33 45 47 27 34 26 

Inst_Index:8834 	 City_Num:50 	 Concorde:5.247090 	 MCTS:5.247090 Improve:0.000000 	 Time:3.77 Seconds
Solution: 1 24 34 8 28 41 48 20 19 38 31 33 25 27 45 5 9 12 47 16 30 42 23 40 22 15 4 21 3 6 29 2 36 18 11 39 44 35 43 10 49 14 50 17 32 26 7 46 13 37 

Inst_Index:8835 	 City_Num:50 	 Concorde:5.730608 	 MCTS:5.728375 Improve:0.002233 	 Time:3.76 Seconds
Solution: 1 49 33 9 12 28 44 21 30 40 47 34 11 50 13 17 16 18 45 5 2 22 37 26 46 36 4 7 14 43 41 29 39 23 31 19 20 15 27 3 25 10 42 48 32 24 35 38 6 8 

Inst_Index:8836 	 City_Num:50 	 Concorde:5.842146 	 MCTS:5.842146 Improve:0.000000 	 Time:3.76 Seconds
Solution: 1 22 36 17 2 4 10 44 16 27 40 49 14 15 7 5 9 50 43 6 47 21 37 39 32 31 45 42 18 41 13 24 11 30 20 23 26 28 29 33 38 3 8 19 25 48 46 35 34 12 

Inst_Index:8837 	 City_Num:50 	 Concorde:5.782765 	 MCTS:5.782765 Improve:0.000000 	 Time:3.77 Seconds
Solution: 1 20 19 29 36 30 16 3 34 41 38 17 47 4 42 24 35 6 43 10 48 18 22 40 44 28 5 9 7 49 32 25 45 50 39 12 31 37 23 8 26 15 2 33 11 46 21 27 14 13 

Inst_Index:8838 	 City_Num:50 	 Concorde:5.643016 	 MCTS:5.642151 Improve:0.000865 	 Time:3.76 Seconds
Solution: 1 2 30 31 47 44 34 24 27 36 29 16 4 42 14 6 8 25 48 12 46 41 11 13 22 9 33 18 23 5 49 10 7 26 50 35 45 21 32 39 40 19 15 28 43 3 20 17 38 37 

Inst_Index:8839 	 City_Num:50 	 Concorde:5.491395 	 MCTS:5.491395 Improve:-0.000000 	 Time:3.76 Seconds
Solution: 1 15 36 43 48 6 21 3 40 12 32 45 7 42 29 16 24 35 47 28 20 25 41 9 4 30 49 17 8 23 37 14 11 5 27 38 39 44 26 18 22 10 31 2 19 13 33 46 34 50 

Inst_Index:8840 	 City_Num:50 	 Concorde:5.658401 	 MCTS:5.658401 Improve:0.000000 	 Time:3.76 Seconds
Solution: 1 19 42 28 17 31 21 9 49 11 37 38 32 43 50 12 47 14 5 44 45 35 40 33 39 6 8 41 46 34 7 30 48 29 13 16 25 20 23 27 18 36 2 3 24 26 10 22 15 4 

Inst_Index:8841 	 City_Num:50 	 Concorde:6.137594 	 MCTS:6.137594 Improve:0.000000 	 Time:3.75 Seconds
Solution: 1 41 10 17 6 29 47 36 22 39 38 8 24 31 20 4 34 25 5 26 15 23 18 40 49 2 37 35 13 50 9 48 14 11 28 44 3 27 21 7 32 19 16 43 30 12 33 45 46 42 

Inst_Index:8842 	 City_Num:50 	 Concorde:6.169242 	 MCTS:6.167290 Improve:0.001952 	 Time:3.75 Seconds
Solution: 1 20 28 41 32 31 12 45 44 26 2 4 27 5 18 14 22 3 39 49 36 13 8 37 46 10 7 33 9 35 15 34 25 16 48 6 40 19 30 42 24 17 11 29 23 38 21 47 50 43 

Inst_Index:8843 	 City_Num:50 	 Concorde:5.979332 	 MCTS:5.977505 Improve:0.001826 	 Time:3.77 Seconds
Solution: 1 35 15 3 25 29 44 12 8 2 19 31 50 16 22 41 49 36 24 30 48 32 5 17 7 18 11 14 10 6 28 37 38 39 40 43 46 26 47 42 45 27 21 9 20 33 34 4 23 13 

Inst_Index:8844 	 City_Num:50 	 Concorde:5.445109 	 MCTS:5.442324 Improve:0.002784 	 Time:3.77 Seconds
Solution: 1 24 8 3 37 20 19 45 23 35 27 36 33 16 4 49 34 41 6 32 29 42 47 10 7 28 46 40 43 17 15 26 38 22 31 5 11 12 25 13 9 2 50 30 18 14 44 21 48 39 

Inst_Index:8845 	 City_Num:50 	 Concorde:5.496085 	 MCTS:5.496085 Improve:-0.000000 	 Time:3.77 Seconds
Solution: 1 17 28 45 13 34 2 3 39 49 11 27 8 7 44 24 25 33 23 6 42 43 35 15 16 10 20 22 21 40 47 18 14 4 30 41 48 37 12 50 19 38 36 26 29 46 5 32 9 31 

Inst_Index:8846 	 City_Num:50 	 Concorde:5.939386 	 MCTS:5.939386 Improve:0.000000 	 Time:3.76 Seconds
Solution: 1 7 49 31 34 19 4 29 26 20 9 37 22 35 8 46 38 28 17 24 47 33 39 44 45 27 42 16 43 36 2 50 3 23 12 21 14 5 18 32 13 48 25 40 15 30 6 11 41 10 

Inst_Index:8847 	 City_Num:50 	 Concorde:5.506190 	 MCTS:5.502650 Improve:0.003540 	 Time:3.77 Seconds
Solution: 1 28 40 42 18 35 39 49 24 26 48 5 20 38 12 27 21 17 37 41 23 30 34 22 15 2 45 16 47 43 3 14 13 10 32 8 50 6 46 19 9 33 4 36 25 29 7 31 44 11 

Inst_Index:8848 	 City_Num:50 	 Concorde:6.051774 	 MCTS:6.051774 Improve:-0.000000 	 Time:3.76 Seconds
Solution: 1 16 39 45 41 13 38 23 27 50 34 14 10 20 47 8 3 44 37 2 7 46 17 19 33 9 11 36 15 6 18 28 32 5 4 42 21 12 24 25 29 30 43 22 40 49 31 48 26 35 

Inst_Index:8849 	 City_Num:50 	 Concorde:5.771613 	 MCTS:5.771613 Improve:-0.000000 	 Time:3.76 Seconds
Solution: 1 6 17 31 36 12 23 40 13 50 2 19 3 24 33 14 11 10 48 43 38 34 46 49 9 27 18 15 47 37 21 30 29 42 4 8 44 25 7 20 35 39 41 26 28 5 32 22 16 45 

Inst_Index:8850 	 City_Num:50 	 Concorde:5.573145 	 MCTS:5.573145 Improve:-0.000000 	 Time:3.75 Seconds
Solution: 1 40 13 18 46 41 8 36 22 20 45 12 21 50 39 19 4 2 14 15 30 9 11 23 28 16 10 6 49 42 7 34 43 44 3 27 38 31 32 29 25 24 48 47 17 33 5 26 35 37 

Inst_Index:8851 	 City_Num:50 	 Concorde:5.683243 	 MCTS:5.677643 Improve:0.005600 	 Time:3.75 Seconds
Solution: 1 47 19 48 9 40 4 14 3 49 33 36 43 35 38 45 26 34 21 7 20 24 50 22 2 15 18 44 39 32 29 12 31 25 5 13 10 42 16 6 11 30 41 17 28 27 23 37 46 8 

Inst_Index:8852 	 City_Num:50 	 Concorde:5.753904 	 MCTS:5.753904 Improve:0.000000 	 Time:3.77 Seconds
Solution: 1 46 47 44 7 50 34 41 8 21 43 31 38 23 37 2 45 24 9 3 17 12 20 5 48 18 29 28 27 33 49 40 35 32 26 19 14 6 13 36 16 10 25 22 4 39 30 11 15 42 

Inst_Index:8853 	 City_Num:50 	 Concorde:5.674311 	 MCTS:5.668427 Improve:0.005883 	 Time:3.76 Seconds
Solution: 1 32 49 6 8 34 27 12 31 38 41 15 7 28 5 22 39 24 19 25 46 44 21 14 45 3 37 26 30 11 35 48 40 47 10 50 43 16 33 29 13 36 9 17 20 18 23 42 2 4 

Inst_Index:8854 	 City_Num:50 	 Concorde:6.073291 	 MCTS:6.073291 Improve:-0.000000 	 Time:3.77 Seconds
Solution: 1 39 16 35 37 4 9 43 18 11 17 22 3 36 6 48 10 2 49 15 14 50 40 26 7 46 21 31 38 29 42 28 30 8 45 12 19 33 25 34 5 24 41 23 13 44 27 47 32 20 

Inst_Index:8855 	 City_Num:50 	 Concorde:5.789394 	 MCTS:5.784259 Improve:0.005135 	 Time:3.76 Seconds
Solution: 1 27 31 43 34 36 9 33 11 44 18 21 41 32 2 47 8 14 23 39 29 40 20 17 42 12 16 24 37 10 3 7 45 50 49 26 22 35 19 4 13 5 15 46 48 38 28 6 30 25 

Inst_Index:8856 	 City_Num:50 	 Concorde:5.401869 	 MCTS:5.401869 Improve:0.000000 	 Time:3.76 Seconds
Solution: 1 41 2 30 9 4 16 5 50 13 20 42 10 28 35 17 43 38 45 14 34 8 19 23 7 21 31 11 3 48 33 12 46 6 49 37 24 27 32 22 29 26 39 25 18 47 36 44 15 40 

Inst_Index:8857 	 City_Num:50 	 Concorde:5.769197 	 MCTS:5.768466 Improve:0.000731 	 Time:3.75 Seconds
Solution: 1 38 39 28 15 33 13 12 41 30 21 24 35 11 7 36 9 49 5 46 32 17 23 20 25 22 18 44 14 3 10 43 50 16 37 26 6 8 40 34 27 48 42 19 4 47 2 45 31 29 

Inst_Index:8858 	 City_Num:50 	 Concorde:5.368483 	 MCTS:5.368483 Improve:-0.000000 	 Time:3.76 Seconds
Solution: 1 47 27 13 10 26 39 21 20 2 3 41 50 35 24 15 28 22 37 44 29 34 14 30 4 43 16 32 9 38 48 11 36 12 40 17 45 42 46 5 31 33 8 6 23 19 25 49 18 7 

Inst_Index:8859 	 City_Num:50 	 Concorde:6.012503 	 MCTS:6.010713 Improve:0.001790 	 Time:3.76 Seconds
Solution: 1 32 44 37 33 34 4 42 50 11 30 39 20 13 14 21 46 35 7 10 43 3 6 38 24 47 9 25 28 49 27 48 45 16 23 18 17 36 5 31 8 2 15 12 40 29 41 19 22 26 

Inst_Index:8860 	 City_Num:50 	 Concorde:6.005933 	 MCTS:6.005933 Improve:0.000000 	 Time:3.77 Seconds
Solution: 1 33 39 30 6 27 13 10 49 41 48 32 43 31 40 26 9 22 36 14 34 38 20 44 7 18 50 5 12 46 2 25 8 3 16 4 42 35 29 24 11 45 15 19 37 23 28 47 21 17 

Inst_Index:8861 	 City_Num:50 	 Concorde:6.024329 	 MCTS:6.024180 Improve:0.000149 	 Time:3.76 Seconds
Solution: 1 44 30 6 41 12 28 25 8 23 37 45 46 3 15 34 38 18 35 32 5 40 31 14 11 39 27 42 36 47 29 33 50 16 13 20 26 4 22 9 43 7 48 10 2 21 49 17 24 19 

Inst_Index:8862 	 City_Num:50 	 Concorde:5.968485 	 MCTS:5.968485 Improve:-0.000000 	 Time:3.75 Seconds
Solution: 1 39 30 13 26 36 28 40 8 19 17 24 2 49 31 42 9 18 37 6 38 12 16 32 41 20 29 27 34 10 33 48 47 44 50 46 35 7 11 43 3 45 14 4 15 22 21 25 5 23 

Inst_Index:8863 	 City_Num:50 	 Concorde:5.904324 	 MCTS:5.904324 Improve:-0.000000 	 Time:3.76 Seconds
Solution: 1 14 50 35 8 34 46 11 38 30 19 15 48 27 45 49 6 33 5 24 42 18 36 4 44 7 28 3 29 20 32 17 10 16 21 26 25 41 43 13 23 37 12 9 40 39 47 22 31 2 

Inst_Index:8864 	 City_Num:50 	 Concorde:5.405132 	 MCTS:5.405132 Improve:0.000000 	 Time:3.76 Seconds
Solution: 1 34 4 42 22 6 27 30 37 36 50 49 7 10 11 9 28 44 23 26 24 48 39 3 25 14 40 47 2 31 8 5 29 17 20 13 41 32 33 35 12 19 43 46 18 15 21 45 16 38 

Inst_Index:8865 	 City_Num:50 	 Concorde:5.629603 	 MCTS:5.625879 Improve:0.003723 	 Time:3.75 Seconds
Solution: 1 17 24 48 8 14 21 27 19 39 30 42 20 3 31 23 12 10 25 22 41 11 36 37 9 33 28 40 47 45 49 38 2 6 7 26 13 46 44 35 50 32 15 43 34 5 18 29 4 16 

Inst_Index:8866 	 City_Num:50 	 Concorde:6.142191 	 MCTS:6.142034 Improve:0.000157 	 Time:3.75 Seconds
Solution: 1 18 9 5 48 3 41 13 4 34 26 39 47 8 43 10 45 50 27 44 23 37 35 46 38 20 32 15 14 25 40 31 29 11 36 19 17 24 16 42 33 30 7 12 28 6 2 22 21 49 

Inst_Index:8867 	 City_Num:50 	 Concorde:5.979312 	 MCTS:5.979312 Improve:0.000000 	 Time:3.76 Seconds
Solution: 1 5 40 39 6 49 25 45 43 37 3 35 16 4 32 41 20 48 18 14 29 19 21 47 10 34 8 17 33 38 23 30 24 22 2 27 42 31 9 36 44 11 26 7 12 13 15 46 28 50 

Inst_Index:8868 	 City_Num:50 	 Concorde:6.050361 	 MCTS:6.050361 Improve:0.000000 	 Time:3.75 Seconds
Solution: 1 17 30 49 33 37 44 29 34 48 10 16 31 12 46 26 28 21 18 23 42 9 14 22 8 40 39 35 6 15 38 5 36 19 43 11 20 27 47 32 50 24 2 7 45 13 3 25 41 4 

Inst_Index:8869 	 City_Num:50 	 Concorde:5.705316 	 MCTS:5.705316 Improve:-0.000000 	 Time:3.75 Seconds
Solution: 1 23 22 16 42 39 29 49 26 11 30 19 32 46 5 10 31 28 48 7 3 50 4 45 41 8 35 13 44 14 47 38 17 20 34 24 33 15 18 21 40 25 43 6 27 36 12 37 2 9 

Inst_Index:8870 	 City_Num:50 	 Concorde:5.448228 	 MCTS:5.448228 Improve:0.000000 	 Time:3.77 Seconds
Solution: 1 21 41 33 26 39 4 36 19 35 8 3 11 42 34 28 27 31 18 24 43 17 7 10 20 45 25 16 22 13 49 38 12 9 37 6 15 23 30 5 14 50 40 32 2 47 46 44 48 29 

Inst_Index:8871 	 City_Num:50 	 Concorde:5.589881 	 MCTS:5.589881 Improve:0.000000 	 Time:3.76 Seconds
Solution: 1 28 8 31 22 4 45 18 35 20 16 38 21 12 29 27 41 19 3 46 17 26 39 30 50 36 14 43 7 2 23 49 11 9 48 42 40 13 47 34 15 44 33 25 24 10 5 6 37 32 

Inst_Index:8872 	 City_Num:50 	 Concorde:5.598422 	 MCTS:5.598422 Improve:0.000000 	 Time:3.75 Seconds
Solution: 1 26 19 44 11 37 39 5 33 45 12 25 20 31 16 23 29 10 4 6 32 36 48 24 15 38 34 35 22 49 18 41 40 47 9 42 43 46 17 28 3 2 50 27 8 21 30 7 14 13 

Inst_Index:8873 	 City_Num:50 	 Concorde:5.658223 	 MCTS:5.657789 Improve:0.000434 	 Time:3.76 Seconds
Solution: 1 30 28 26 14 48 27 19 21 15 42 50 24 31 44 20 39 49 34 38 41 47 40 46 18 32 25 6 7 17 11 23 10 29 2 9 35 13 5 4 8 16 45 36 43 3 12 33 22 37 

Inst_Index:8874 	 City_Num:50 	 Concorde:5.570066 	 MCTS:5.570066 Improve:0.000000 	 Time:3.76 Seconds
Solution: 1 12 33 26 23 42 18 43 31 6 45 17 28 30 44 24 14 35 32 3 40 21 49 48 29 20 38 11 16 4 25 10 19 39 9 8 50 13 46 41 22 47 37 2 7 34 5 15 27 36 

Inst_Index:8875 	 City_Num:50 	 Concorde:5.710812 	 MCTS:5.710812 Improve:-0.000000 	 Time:3.75 Seconds
Solution: 1 32 48 46 33 12 2 23 14 9 40 47 19 36 38 25 42 41 29 11 35 45 28 22 16 13 5 6 17 15 21 4 44 10 7 37 27 24 8 50 39 26 43 18 31 20 34 49 30 3 

Inst_Index:8876 	 City_Num:50 	 Concorde:5.193416 	 MCTS:5.193416 Improve:-0.000000 	 Time:3.75 Seconds
Solution: 1 19 29 30 12 31 34 48 17 42 4 37 38 47 2 15 27 46 6 14 28 24 7 3 9 26 45 11 32 20 21 43 13 8 50 5 33 16 44 23 25 36 10 39 40 49 22 18 41 35 

Inst_Index:8877 	 City_Num:50 	 Concorde:5.895786 	 MCTS:5.895786 Improve:0.000000 	 Time:3.77 Seconds
Solution: 1 16 17 33 29 32 35 46 44 22 47 26 3 12 37 25 43 38 31 41 45 4 8 7 27 5 34 40 11 20 2 36 39 6 42 49 14 10 50 15 24 13 23 18 48 21 28 9 19 30 

Inst_Index:8878 	 City_Num:50 	 Concorde:5.923462 	 MCTS:5.923462 Improve:0.000000 	 Time:3.75 Seconds
Solution: 1 43 50 40 23 4 5 26 9 13 46 36 22 14 29 3 2 30 8 44 19 7 17 41 42 27 6 21 12 38 33 28 32 31 15 47 49 16 24 20 45 39 35 34 37 10 25 18 48 11 

Inst_Index:8879 	 City_Num:50 	 Concorde:5.416429 	 MCTS:5.413619 Improve:0.002810 	 Time:3.75 Seconds
Solution: 1 35 33 23 24 22 46 47 9 12 16 3 5 29 14 7 30 2 17 40 10 41 8 39 11 21 49 31 36 27 37 6 32 4 38 42 50 43 18 28 44 25 45 34 15 13 26 48 19 20 

Inst_Index:8880 	 City_Num:50 	 Concorde:5.370723 	 MCTS:5.370723 Improve:-0.000000 	 Time:3.77 Seconds
Solution: 1 39 33 17 47 14 41 4 23 3 25 7 11 46 30 5 8 37 50 34 49 36 27 12 2 22 16 38 42 29 48 26 9 45 21 28 32 24 35 19 10 18 43 13 20 6 40 44 31 15 

Inst_Index:8881 	 City_Num:50 	 Concorde:5.672751 	 MCTS:5.672751 Improve:0.000000 	 Time:3.76 Seconds
Solution: 1 23 49 19 25 43 8 3 31 10 7 18 45 40 15 36 35 14 33 11 9 5 21 46 34 27 37 44 41 28 50 30 39 6 20 42 32 22 38 47 2 16 48 13 12 24 17 29 26 4 

Inst_Index:8882 	 City_Num:50 	 Concorde:5.395690 	 MCTS:5.395690 Improve:0.000000 	 Time:3.77 Seconds
Solution: 1 38 11 40 49 25 13 43 4 14 48 50 26 5 16 45 21 27 9 10 28 17 2 8 42 37 24 31 22 23 32 44 34 3 33 15 47 12 7 35 29 36 30 20 18 41 19 39 46 6 

Inst_Index:8883 	 City_Num:50 	 Concorde:5.645543 	 MCTS:5.645543 Improve:-0.000000 	 Time:3.76 Seconds
Solution: 1 50 47 31 49 21 25 28 10 19 43 11 48 17 4 23 20 38 33 34 6 45 40 27 30 32 13 16 8 46 15 44 37 9 36 5 7 14 29 2 26 18 12 42 3 24 22 41 39 35 

Inst_Index:8884 	 City_Num:50 	 Concorde:5.835927 	 MCTS:5.835927 Improve:-0.000000 	 Time:3.76 Seconds
Solution: 1 5 41 3 16 48 39 37 25 49 44 18 28 29 23 42 17 47 9 45 10 4 7 50 22 15 38 34 31 33 14 11 2 6 24 32 43 40 12 27 36 26 13 46 19 20 8 30 35 21 

Inst_Index:8885 	 City_Num:50 	 Concorde:5.701577 	 MCTS:5.696370 Improve:0.005207 	 Time:3.75 Seconds
Solution: 1 32 33 28 31 35 50 17 3 37 23 38 41 29 26 40 6 9 18 15 16 48 39 45 13 7 44 43 4 49 24 19 5 8 11 34 21 27 30 25 42 12 2 20 36 22 46 47 14 10 

Inst_Index:8886 	 City_Num:50 	 Concorde:5.887543 	 MCTS:5.882699 Improve:0.004844 	 Time:3.76 Seconds
Solution: 1 47 28 44 36 6 8 19 49 12 41 21 30 20 24 17 15 32 27 18 39 46 25 33 4 45 3 2 13 43 22 35 34 23 50 14 11 29 26 31 42 38 10 9 7 48 16 37 5 40 

Inst_Index:8887 	 City_Num:50 	 Concorde:5.732158 	 MCTS:5.728346 Improve:0.003812 	 Time:3.76 Seconds
Solution: 1 42 37 4 21 38 40 8 49 12 13 17 6 48 19 46 47 26 23 43 15 35 2 31 28 39 9 41 33 11 30 24 29 20 44 7 5 34 50 3 45 36 14 22 18 10 16 25 32 27 

Inst_Index:8888 	 City_Num:50 	 Concorde:6.304860 	 MCTS:6.304860 Improve:0.000000 	 Time:3.77 Seconds
Solution: 1 15 43 30 7 38 25 47 4 32 39 41 50 14 29 24 17 27 33 19 20 13 21 48 9 12 6 8 11 36 28 42 46 22 23 34 45 3 44 31 16 49 18 40 35 37 26 2 10 5 

Inst_Index:8889 	 City_Num:50 	 Concorde:5.785722 	 MCTS:5.785722 Improve:0.000000 	 Time:3.75 Seconds
Solution: 1 38 8 28 29 47 30 27 26 34 41 46 48 2 10 7 24 32 31 42 20 37 36 18 39 21 5 15 6 23 17 33 44 43 35 25 49 14 45 9 16 4 12 3 50 22 13 40 19 11 

Inst_Index:8890 	 City_Num:50 	 Concorde:6.152125 	 MCTS:6.152125 Improve:0.000000 	 Time:3.77 Seconds
Solution: 1 22 4 23 40 27 42 36 41 10 33 32 29 48 19 49 46 11 9 21 35 30 31 2 13 38 6 14 12 34 47 24 15 44 20 43 3 26 8 7 45 16 28 50 25 39 37 5 17 18 

Inst_Index:8891 	 City_Num:50 	 Concorde:6.002534 	 MCTS:6.002534 Improve:0.000000 	 Time:3.78 Seconds
Solution: 1 12 21 36 13 5 44 10 35 50 41 15 11 3 29 6 24 32 20 19 25 42 14 40 31 7 17 9 39 8 23 48 37 33 26 34 22 2 4 49 16 43 46 38 27 30 28 47 18 45 

Inst_Index:8892 	 City_Num:50 	 Concorde:5.678787 	 MCTS:5.678787 Improve:-0.000000 	 Time:3.76 Seconds
Solution: 1 47 15 37 12 5 18 26 10 8 45 25 20 22 19 32 42 3 48 49 23 50 21 30 31 16 39 9 33 46 28 13 2 27 38 44 17 24 6 41 7 36 35 40 4 34 11 29 43 14 

Inst_Index:8893 	 City_Num:50 	 Concorde:5.702103 	 MCTS:5.702103 Improve:-0.000000 	 Time:3.76 Seconds
Solution: 1 7 4 27 21 29 15 35 9 32 20 5 6 49 16 18 47 23 46 14 22 33 3 36 43 10 25 40 34 37 28 30 12 2 39 45 31 48 19 41 42 11 50 13 38 8 44 26 17 24 

Inst_Index:8894 	 City_Num:50 	 Concorde:6.291459 	 MCTS:6.291459 Improve:0.000000 	 Time:3.78 Seconds
Solution: 1 46 6 14 21 29 42 8 27 30 41 9 38 35 11 49 23 4 43 22 39 34 13 10 47 5 25 24 32 17 16 19 26 36 12 31 3 2 33 15 18 50 45 44 37 48 28 40 20 7 

Inst_Index:8895 	 City_Num:50 	 Concorde:5.859300 	 MCTS:5.859300 Improve:-0.000000 	 Time:3.77 Seconds
Solution: 1 46 9 12 16 7 17 10 15 39 41 3 28 36 22 13 50 26 11 38 33 20 45 2 43 8 42 4 48 24 6 29 32 35 30 23 40 14 19 49 5 34 27 44 37 18 47 21 31 25 

Inst_Index:8896 	 City_Num:50 	 Concorde:5.375607 	 MCTS:5.375607 Improve:0.000000 	 Time:3.75 Seconds
Solution: 1 42 22 50 32 10 2 18 44 9 34 30 41 39 43 45 23 47 20 36 27 7 14 26 5 38 24 8 29 46 31 35 4 40 19 6 25 37 16 15 48 49 11 12 3 13 33 21 17 28 

Inst_Index:8897 	 City_Num:50 	 Concorde:5.789467 	 MCTS:5.789467 Improve:-0.000000 	 Time:3.76 Seconds
Solution: 1 48 6 12 36 42 11 33 31 37 27 15 16 43 50 17 21 35 13 18 5 28 49 40 14 20 34 32 46 4 44 22 30 29 2 25 3 19 39 8 45 38 7 23 41 26 47 10 24 9 

Inst_Index:8898 	 City_Num:50 	 Concorde:5.849707 	 MCTS:5.849707 Improve:-0.000000 	 Time:3.76 Seconds
Solution: 1 36 9 48 39 35 14 6 13 43 37 38 8 11 12 18 5 22 28 46 29 42 41 17 15 19 21 23 44 31 40 7 33 20 45 2 25 3 50 47 34 26 4 30 27 10 24 16 32 49 

Inst_Index:8899 	 City_Num:50 	 Concorde:5.741195 	 MCTS:5.737632 Improve:0.003563 	 Time:3.76 Seconds
Solution: 1 39 8 41 33 19 35 9 28 30 38 18 16 36 27 21 44 17 15 46 50 48 43 14 7 42 31 12 24 6 4 45 29 40 37 32 2 34 13 26 25 3 47 23 20 10 5 22 11 49 

Inst_Index:8900 	 City_Num:50 	 Concorde:5.787157 	 MCTS:5.784584 Improve:0.002573 	 Time:3.78 Seconds
Solution: 1 31 16 43 15 50 13 41 5 40 25 44 18 23 4 26 45 30 20 38 21 28 36 39 9 17 47 46 19 37 24 32 14 10 27 8 7 3 33 48 49 29 42 34 12 6 22 11 2 35 

Inst_Index:8901 	 City_Num:50 	 Concorde:5.568661 	 MCTS:5.568661 Improve:0.000000 	 Time:3.77 Seconds
Solution: 1 29 25 7 41 10 46 26 50 24 43 32 13 16 6 12 22 4 44 45 36 34 42 2 30 23 20 14 9 8 39 15 31 40 18 11 47 49 21 28 37 27 35 5 19 3 33 38 17 48 

Inst_Index:8902 	 City_Num:50 	 Concorde:5.053590 	 MCTS:5.049652 Improve:0.003937 	 Time:3.76 Seconds
Solution: 1 22 7 25 47 27 50 28 9 21 14 46 39 35 5 11 2 41 34 49 12 30 19 44 48 17 26 37 13 15 45 29 8 43 32 4 16 10 6 38 18 31 24 42 3 23 33 40 36 20 

Inst_Index:8903 	 City_Num:50 	 Concorde:6.114707 	 MCTS:6.110194 Improve:0.004513 	 Time:3.76 Seconds
Solution: 1 24 18 7 19 42 9 37 26 16 41 43 48 39 11 14 22 49 46 20 34 17 28 32 44 29 36 4 5 8 21 27 2 45 50 10 33 6 38 23 35 12 15 47 25 40 13 31 30 3 

Inst_Index:8904 	 City_Num:50 	 Concorde:5.549693 	 MCTS:5.548146 Improve:0.001547 	 Time:3.75 Seconds
Solution: 1 30 25 26 28 47 6 17 3 16 10 49 24 32 31 13 19 35 14 37 7 9 48 18 4 12 23 15 33 43 36 21 42 2 27 5 8 50 45 39 34 29 41 46 38 40 22 20 11 44 

Inst_Index:8905 	 City_Num:50 	 Concorde:5.260066 	 MCTS:5.260066 Improve:0.000000 	 Time:3.75 Seconds
Solution: 1 38 41 2 28 33 4 13 29 40 27 36 16 5 50 22 12 47 15 48 44 35 45 24 18 30 49 17 23 25 43 6 32 37 26 14 10 11 20 31 42 9 46 21 39 19 8 7 34 3 

Inst_Index:8906 	 City_Num:50 	 Concorde:5.387249 	 MCTS:5.387249 Improve:-0.000000 	 Time:3.76 Seconds
Solution: 1 28 24 15 25 5 40 44 2 14 18 48 30 38 32 35 19 36 7 11 8 46 33 49 27 6 17 22 16 26 43 21 3 50 37 41 20 23 10 47 13 34 12 29 9 39 45 31 4 42 

Inst_Index:8907 	 City_Num:50 	 Concorde:5.957771 	 MCTS:5.955175 Improve:0.002596 	 Time:3.76 Seconds
Solution: 1 47 23 11 40 27 14 19 36 43 12 38 31 45 24 50 32 8 30 28 46 6 15 22 10 29 39 48 17 5 21 49 42 4 3 33 16 25 7 44 34 35 13 41 20 2 18 9 26 37 

Inst_Index:8908 	 City_Num:50 	 Concorde:5.148013 	 MCTS:5.148013 Improve:0.000000 	 Time:3.76 Seconds
Solution: 1 22 12 50 27 18 4 35 2 31 26 9 16 11 36 3 32 25 7 39 19 49 43 5 14 42 41 28 40 30 38 48 17 6 33 21 13 45 46 47 15 29 8 44 34 10 20 37 23 24 

Inst_Index:8909 	 City_Num:50 	 Concorde:5.798568 	 MCTS:5.794949 Improve:0.003619 	 Time:3.75 Seconds
Solution: 1 30 45 47 9 11 16 10 28 7 23 17 2 8 6 18 14 3 13 32 5 44 33 20 42 4 37 48 46 43 15 34 40 12 49 25 19 38 24 29 41 36 21 39 27 50 22 31 26 35 

Inst_Index:8910 	 City_Num:50 	 Concorde:5.583139 	 MCTS:5.583139 Improve:0.000000 	 Time:3.76 Seconds
Solution: 1 37 15 24 20 45 34 10 29 19 42 41 8 25 27 7 28 13 6 40 17 4 43 11 26 12 16 14 32 23 31 47 49 48 35 30 2 44 9 5 39 50 22 33 3 38 18 21 46 36 

Inst_Index:8911 	 City_Num:50 	 Concorde:5.553903 	 MCTS:5.551797 Improve:0.002106 	 Time:3.77 Seconds
Solution: 1 46 18 9 17 28 34 39 30 31 19 27 21 14 43 11 15 37 3 10 26 45 2 4 5 6 32 23 35 12 50 7 49 33 42 29 48 8 47 20 22 16 38 41 25 36 24 13 40 44 

Inst_Index:8912 	 City_Num:50 	 Concorde:6.174879 	 MCTS:6.174879 Improve:0.000000 	 Time:3.75 Seconds
Solution: 1 13 47 24 18 43 22 16 41 21 42 17 49 7 36 40 6 26 38 34 3 12 10 23 39 25 27 4 14 50 33 19 30 8 44 35 46 29 5 31 45 15 2 20 9 48 32 28 11 37 

Inst_Index:8913 	 City_Num:50 	 Concorde:5.456387 	 MCTS:5.456387 Improve:0.000000 	 Time:3.76 Seconds
Solution: 1 17 18 12 19 50 16 34 5 41 20 45 35 14 11 9 38 29 43 46 7 37 42 3 23 25 15 22 21 36 47 32 8 26 40 31 39 2 48 28 13 49 10 33 4 27 44 6 30 24 

Inst_Index:8914 	 City_Num:50 	 Concorde:5.493726 	 MCTS:5.493726 Improve:0.000000 	 Time:3.75 Seconds
Solution: 1 6 45 44 23 10 21 18 13 29 33 12 32 11 16 40 26 28 4 36 15 20 27 22 17 37 39 38 48 9 49 3 46 8 31 42 2 24 43 14 47 50 25 35 34 41 7 19 30 5 

Inst_Index:8915 	 City_Num:50 	 Concorde:5.710363 	 MCTS:5.709739 Improve:0.000624 	 Time:3.76 Seconds
Solution: 1 28 45 43 22 26 32 46 18 27 39 15 41 33 34 19 30 4 35 24 49 7 42 9 13 29 20 11 8 25 48 31 21 50 6 44 16 14 12 36 10 2 3 38 37 23 17 40 47 5 

Inst_Index:8916 	 City_Num:50 	 Concorde:5.745165 	 MCTS:5.745165 Improve:-0.000000 	 Time:3.76 Seconds
Solution: 1 29 13 48 17 16 23 40 39 15 50 5 3 45 14 46 44 49 20 43 31 7 24 27 32 12 2 25 28 35 38 34 30 21 4 6 18 41 37 10 33 42 22 26 36 11 19 47 9 8 

Inst_Index:8917 	 City_Num:50 	 Concorde:5.916519 	 MCTS:5.916519 Improve:-0.000000 	 Time:3.76 Seconds
Solution: 1 13 50 12 20 35 49 31 25 14 4 22 17 30 5 26 43 47 7 38 19 28 29 15 34 6 23 21 40 45 46 33 24 27 32 10 8 36 42 16 9 18 41 11 3 44 39 2 48 37 

Inst_Index:8918 	 City_Num:50 	 Concorde:5.804974 	 MCTS:5.804974 Improve:-0.000000 	 Time:3.75 Seconds
Solution: 1 16 11 46 9 27 12 21 6 42 25 47 41 2 37 38 22 49 40 45 43 28 32 30 50 29 39 10 5 20 23 19 36 44 3 13 18 7 14 26 34 35 33 24 8 17 31 15 4 48 

Inst_Index:8919 	 City_Num:50 	 Concorde:5.521789 	 MCTS:5.517896 Improve:0.003893 	 Time:3.75 Seconds
Solution: 1 28 44 37 42 22 47 7 32 20 46 45 12 4 35 6 50 23 17 24 40 26 8 13 14 25 27 30 48 3 29 10 11 21 2 19 18 16 38 39 31 33 49 41 9 43 36 15 5 34 

Inst_Index:8920 	 City_Num:50 	 Concorde:5.768339 	 MCTS:5.763122 Improve:0.005217 	 Time:3.75 Seconds
Solution: 1 35 7 19 17 24 42 30 25 8 23 6 21 3 32 45 28 47 38 31 18 50 33 39 15 12 13 10 11 5 36 9 14 4 44 27 49 37 20 29 48 40 34 16 22 46 2 26 41 43 

Inst_Index:8921 	 City_Num:50 	 Concorde:5.565525 	 MCTS:5.565525 Improve:-0.000000 	 Time:3.77 Seconds
Solution: 1 25 16 10 44 36 12 19 32 22 49 31 45 35 9 29 11 24 48 2 20 18 43 30 41 34 13 37 15 38 5 7 50 47 40 28 39 46 23 42 14 8 4 27 21 33 6 26 3 17 

Inst_Index:8922 	 City_Num:50 	 Concorde:5.870806 	 MCTS:5.868831 Improve:0.001974 	 Time:3.77 Seconds
Solution: 1 18 50 14 38 42 8 13 45 3 39 11 29 46 17 41 37 47 27 25 49 31 32 24 16 35 4 12 15 2 30 6 43 9 5 7 28 20 19 22 10 21 48 34 23 26 33 36 40 44 

Inst_Index:8923 	 City_Num:50 	 Concorde:5.952873 	 MCTS:5.948866 Improve:0.004007 	 Time:3.77 Seconds
Solution: 1 8 19 28 3 39 42 38 20 29 4 40 23 32 46 5 35 15 34 9 48 47 22 44 6 31 10 25 2 11 43 16 26 30 27 24 7 36 45 50 14 18 33 21 41 49 13 37 12 17 

Inst_Index:8924 	 City_Num:50 	 Concorde:5.713426 	 MCTS:5.713426 Improve:0.000000 	 Time:3.75 Seconds
Solution: 1 19 37 21 15 6 3 20 50 4 12 38 17 13 43 10 48 49 2 29 24 33 16 25 28 23 44 8 18 41 46 39 31 32 40 35 34 27 7 42 9 30 11 26 36 45 14 47 22 5 

Inst_Index:8925 	 City_Num:50 	 Concorde:5.402148 	 MCTS:5.396379 Improve:0.005769 	 Time:3.75 Seconds
Solution: 1 46 11 15 14 25 28 32 42 19 7 8 6 22 36 21 41 35 12 44 27 17 9 33 26 20 47 18 37 31 34 38 48 29 16 4 45 5 24 39 10 2 49 13 30 3 23 40 50 43 

Inst_Index:8926 	 City_Num:50 	 Concorde:5.886931 	 MCTS:5.886931 Improve:-0.000000 	 Time:3.76 Seconds
Solution: 1 20 44 28 19 6 12 10 32 5 4 36 50 21 16 29 46 15 7 49 18 27 24 25 45 9 26 8 11 23 22 2 37 17 43 42 35 40 31 38 48 33 47 13 34 30 41 39 3 14 

Inst_Index:8927 	 City_Num:50 	 Concorde:5.751765 	 MCTS:5.751765 Improve:0.000000 	 Time:3.76 Seconds
Solution: 1 39 25 29 15 38 34 19 46 48 12 47 18 45 6 17 2 36 21 10 27 37 20 5 41 42 8 43 3 7 9 40 49 32 24 33 4 30 35 31 44 28 13 50 23 26 14 16 11 22 

Inst_Index:8928 	 City_Num:50 	 Concorde:5.623313 	 MCTS:5.617675 Improve:0.005638 	 Time:3.76 Seconds
Solution: 1 9 14 15 25 3 29 24 44 20 19 28 38 49 41 43 31 16 17 36 8 46 37 30 47 7 5 6 45 23 26 39 50 10 12 21 42 40 34 4 2 22 35 33 13 18 27 32 48 11 

Inst_Index:8929 	 City_Num:50 	 Concorde:5.933967 	 MCTS:5.933967 Improve:-0.000000 	 Time:3.75 Seconds
Solution: 1 6 27 48 38 8 28 29 15 4 24 5 50 45 13 49 10 31 14 46 23 34 26 42 7 16 36 44 19 37 22 40 11 3 33 30 41 18 35 32 9 17 43 12 25 39 47 21 2 20 

Inst_Index:8930 	 City_Num:50 	 Concorde:5.636589 	 MCTS:5.636589 Improve:-0.000000 	 Time:3.77 Seconds
Solution: 1 32 23 2 3 18 13 42 5 28 17 50 39 44 11 36 47 22 35 16 49 24 48 30 12 4 15 21 25 46 20 38 29 10 14 41 37 40 26 27 6 34 43 19 31 45 7 8 9 33 

Inst_Index:8931 	 City_Num:50 	 Concorde:5.498376 	 MCTS:5.498376 Improve:0.000000 	 Time:3.80 Seconds
Solution: 1 31 3 22 34 6 8 41 25 9 14 7 50 23 16 10 27 4 32 28 45 13 21 49 2 20 39 38 29 43 35 46 40 18 5 19 48 37 26 11 24 30 15 47 33 36 44 42 17 12 

Inst_Index:8932 	 City_Num:50 	 Concorde:5.358911 	 MCTS:5.358911 Improve:0.000000 	 Time:3.75 Seconds
Solution: 1 17 5 16 26 34 40 42 23 8 47 27 31 20 36 33 29 45 37 12 28 6 9 7 32 21 3 14 30 39 4 24 46 44 18 10 2 19 22 38 50 48 35 13 49 15 11 25 41 43 

Inst_Index:8933 	 City_Num:50 	 Concorde:5.324315 	 MCTS:5.319752 Improve:0.004563 	 Time:3.75 Seconds
Solution: 1 33 42 12 2 21 24 49 27 40 4 7 18 9 20 43 36 15 10 47 38 37 45 35 34 48 41 46 6 32 11 30 5 3 44 16 28 25 17 26 31 14 29 23 50 13 22 39 8 19 

Inst_Index:8934 	 City_Num:50 	 Concorde:5.398552 	 MCTS:5.398552 Improve:-0.000000 	 Time:3.77 Seconds
Solution: 1 26 44 4 30 6 25 43 16 48 24 3 28 38 46 15 47 39 2 23 40 18 50 32 17 34 9 11 12 10 20 36 42 31 8 41 19 14 13 33 21 37 22 49 35 7 45 29 5 27 

Inst_Index:8935 	 City_Num:50 	 Concorde:5.806806 	 MCTS:5.806806 Improve:-0.000000 	 Time:3.75 Seconds
Solution: 1 21 30 17 33 31 48 6 37 26 3 11 47 46 9 23 38 28 45 13 43 44 50 8 39 24 2 10 25 16 35 42 34 32 5 27 40 18 14 7 29 12 20 36 22 41 15 4 49 19 

Inst_Index:8936 	 City_Num:50 	 Concorde:5.607403 	 MCTS:5.607403 Improve:-0.000000 	 Time:3.76 Seconds
Solution: 1 41 40 35 32 36 15 5 37 50 46 38 24 20 2 22 12 30 47 16 11 25 7 26 45 33 3 44 49 6 43 28 8 23 29 10 42 48 9 39 31 4 34 17 13 18 19 21 14 27 

Inst_Index:8937 	 City_Num:50 	 Concorde:5.550885 	 MCTS:5.549870 Improve:0.001015 	 Time:3.75 Seconds
Solution: 1 20 27 32 38 2 14 37 10 21 22 9 44 31 42 39 3 26 29 19 46 48 6 30 47 49 25 50 17 4 23 45 5 16 35 15 18 8 40 28 24 43 34 12 11 33 36 13 7 41 

Inst_Index:8938 	 City_Num:50 	 Concorde:5.773442 	 MCTS:5.769957 Improve:0.003486 	 Time:3.75 Seconds
Solution: 1 4 3 27 38 43 24 19 12 13 23 28 26 9 45 10 41 5 11 30 29 8 32 37 17 18 7 25 34 6 48 16 14 35 20 50 21 36 2 31 47 44 33 22 49 15 46 40 42 39 

Inst_Index:8939 	 City_Num:50 	 Concorde:5.415024 	 MCTS:5.415024 Improve:0.000000 	 Time:3.77 Seconds
Solution: 1 44 31 32 34 20 38 5 42 37 30 8 26 47 4 48 49 17 36 13 40 46 2 22 18 28 12 35 29 19 11 24 23 43 3 27 39 10 45 41 9 21 14 6 50 25 16 33 7 15 

Inst_Index:8940 	 City_Num:50 	 Concorde:5.245846 	 MCTS:5.245846 Improve:0.000000 	 Time:3.77 Seconds
Solution: 1 5 50 39 7 28 10 6 8 15 22 17 37 42 16 34 25 33 2 38 47 14 46 49 18 45 4 32 43 13 27 20 21 23 26 24 9 36 44 31 11 29 19 12 3 40 41 48 35 30 

Inst_Index:8941 	 City_Num:50 	 Concorde:5.967984 	 MCTS:5.964941 Improve:0.003043 	 Time:3.76 Seconds
Solution: 1 43 7 6 9 25 4 33 44 12 14 29 26 10 18 11 28 37 5 50 19 41 40 49 3 47 21 2 31 15 46 16 22 30 23 34 20 38 39 17 8 13 27 45 24 35 32 42 36 48 

Inst_Index:8942 	 City_Num:50 	 Concorde:5.636780 	 MCTS:5.634148 Improve:0.002632 	 Time:3.75 Seconds
Solution: 1 40 28 8 14 50 4 19 2 37 17 11 48 24 44 26 49 46 41 42 29 36 22 35 30 15 34 20 25 12 45 27 6 23 9 43 3 7 21 38 47 33 5 39 13 31 16 10 32 18 

Inst_Index:8943 	 City_Num:50 	 Concorde:5.921501 	 MCTS:5.919166 Improve:0.002335 	 Time:3.76 Seconds
Solution: 1 34 25 45 13 24 36 5 11 10 37 17 41 33 47 26 18 39 28 12 27 4 32 42 49 30 31 19 44 20 21 9 16 22 29 48 7 43 3 15 38 23 8 35 14 2 40 6 50 46 

Inst_Index:8944 	 City_Num:50 	 Concorde:6.099085 	 MCTS:6.095495 Improve:0.003590 	 Time:3.75 Seconds
Solution: 1 48 25 8 33 9 43 24 34 14 44 12 5 21 16 6 46 15 7 31 10 20 45 30 40 41 39 47 27 19 37 11 4 3 38 32 13 2 26 17 50 23 49 22 36 35 28 29 42 18 

Inst_Index:8945 	 City_Num:50 	 Concorde:5.305300 	 MCTS:5.305300 Improve:0.000000 	 Time:3.76 Seconds
Solution: 1 47 50 43 4 32 9 27 11 2 21 5 49 22 26 24 13 34 41 15 19 45 10 14 42 25 48 33 23 6 3 18 36 28 44 35 17 29 12 8 37 38 20 39 31 7 30 46 16 40 

Inst_Index:8946 	 City_Num:50 	 Concorde:5.539389 	 MCTS:5.539389 Improve:0.000000 	 Time:3.76 Seconds
Solution: 1 37 21 28 18 29 6 5 2 27 9 40 42 48 15 39 38 25 14 13 50 32 35 46 34 49 47 17 4 31 7 24 16 36 23 3 19 45 8 11 44 30 20 41 12 22 43 26 10 33 

Inst_Index:8947 	 City_Num:50 	 Concorde:5.610799 	 MCTS:5.610799 Improve:0.000000 	 Time:3.76 Seconds
Solution: 1 17 11 36 40 35 4 28 46 43 49 9 14 5 16 29 20 26 19 13 38 3 6 45 31 27 21 23 2 42 37 24 33 12 15 44 30 32 39 8 34 47 25 41 7 18 48 22 50 10 

Inst_Index:8948 	 City_Num:50 	 Concorde:5.573195 	 MCTS:5.572652 Improve:0.000543 	 Time:3.76 Seconds
Solution: 1 46 50 38 25 29 16 36 23 39 49 42 26 2 47 28 7 3 17 5 35 43 13 10 21 33 45 41 40 34 6 8 4 37 12 9 14 24 22 18 19 32 44 11 20 48 15 31 30 27 

Inst_Index:8949 	 City_Num:50 	 Concorde:5.858226 	 MCTS:5.851426 Improve:0.006799 	 Time:3.77 Seconds
Solution: 1 8 45 26 19 21 22 14 46 43 5 11 42 44 40 29 30 20 27 15 25 2 48 41 7 33 36 10 39 50 28 23 32 17 49 4 24 37 3 13 34 18 9 38 35 6 31 12 47 16 

Inst_Index:8950 	 City_Num:50 	 Concorde:5.661699 	 MCTS:5.661184 Improve:0.000514 	 Time:3.77 Seconds
Solution: 1 9 43 5 37 12 7 49 15 27 47 17 41 3 14 25 16 29 21 32 24 2 39 35 31 6 33 13 45 4 10 20 40 18 48 50 23 11 36 46 34 28 38 19 42 44 26 22 30 8 

Inst_Index:8951 	 City_Num:50 	 Concorde:6.132658 	 MCTS:6.132658 Improve:0.000000 	 Time:3.77 Seconds
Solution: 1 21 9 35 3 39 14 36 34 37 25 5 6 45 23 19 31 33 26 43 29 47 41 32 8 38 7 27 18 13 2 42 46 24 17 12 10 48 15 20 22 50 4 40 30 11 44 28 16 49 

Inst_Index:8952 	 City_Num:50 	 Concorde:5.539899 	 MCTS:5.537428 Improve:0.002472 	 Time:3.75 Seconds
Solution: 1 23 25 16 37 50 21 24 31 4 17 29 39 26 3 41 20 33 14 8 47 7 13 48 10 22 44 40 18 5 46 6 9 49 43 42 15 12 2 28 34 32 35 36 19 30 27 45 11 38 

Inst_Index:8953 	 City_Num:50 	 Concorde:5.324141 	 MCTS:5.324141 Improve:-0.000000 	 Time:3.76 Seconds
Solution: 1 4 35 11 22 12 48 44 34 24 3 45 43 18 32 25 20 8 37 28 9 29 36 47 10 27 31 33 40 49 26 19 30 50 23 14 5 17 16 15 13 46 41 7 6 2 21 38 39 42 

Inst_Index:8954 	 City_Num:50 	 Concorde:5.534388 	 MCTS:5.534388 Improve:-0.000000 	 Time:3.76 Seconds
Solution: 1 24 49 28 32 47 14 13 50 35 9 26 30 31 34 43 46 4 48 39 23 36 16 41 40 7 10 19 22 42 45 6 2 11 29 3 33 5 18 17 25 12 27 44 8 15 21 37 20 38 

Inst_Index:8955 	 City_Num:50 	 Concorde:5.421781 	 MCTS:5.421781 Improve:-0.000000 	 Time:3.76 Seconds
Solution: 1 26 47 3 42 41 15 35 16 40 4 21 11 20 45 2 24 9 22 33 30 37 18 34 8 19 29 14 46 5 12 10 28 38 48 25 7 44 23 32 36 6 49 13 43 50 31 17 27 39 

Inst_Index:8956 	 City_Num:50 	 Concorde:6.209338 	 MCTS:6.209338 Improve:-0.000000 	 Time:3.76 Seconds
Solution: 1 34 40 20 49 5 33 28 29 26 13 27 16 21 47 24 41 3 45 19 37 50 48 9 10 25 35 8 42 43 6 12 44 7 32 17 15 22 11 23 46 30 4 36 18 14 2 31 38 39 

Inst_Index:8957 	 City_Num:50 	 Concorde:5.668102 	 MCTS:5.668102 Improve:-0.000000 	 Time:3.77 Seconds
Solution: 1 27 35 28 24 29 26 45 13 47 12 7 39 11 30 9 17 21 10 38 25 3 48 50 16 42 15 2 6 33 43 23 34 22 44 31 37 36 8 49 19 41 32 5 18 46 20 14 4 40 

Inst_Index:8958 	 City_Num:50 	 Concorde:5.640878 	 MCTS:5.640878 Improve:-0.000000 	 Time:3.76 Seconds
Solution: 1 10 40 39 19 9 2 5 34 22 26 32 33 29 18 14 6 11 24 31 45 35 17 3 30 41 15 20 43 12 47 46 25 37 48 8 27 23 4 16 21 28 42 44 38 13 36 7 50 49 

Inst_Index:8959 	 City_Num:50 	 Concorde:5.654836 	 MCTS:5.654769 Improve:0.000067 	 Time:3.75 Seconds
Solution: 1 33 36 12 11 30 24 16 27 47 9 13 20 31 42 6 18 17 35 41 23 34 39 43 45 40 3 46 29 25 37 44 14 2 5 8 4 15 49 38 21 10 32 50 22 26 48 7 19 28 

Inst_Index:8960 	 City_Num:50 	 Concorde:5.538606 	 MCTS:5.538606 Improve:-0.000000 	 Time:3.76 Seconds
Solution: 1 48 8 11 38 32 50 19 49 15 7 41 29 43 21 30 35 25 46 39 28 13 33 37 10 40 26 18 12 4 23 9 20 44 2 34 27 17 42 14 5 45 24 16 6 47 22 36 31 3 

Inst_Index:8961 	 City_Num:50 	 Concorde:5.925249 	 MCTS:5.924814 Improve:0.000434 	 Time:3.76 Seconds
Solution: 1 35 25 10 15 45 37 44 20 42 4 40 47 13 17 2 36 34 28 41 46 32 22 19 50 18 30 26 9 5 23 38 11 43 6 33 8 3 48 27 21 7 31 49 12 29 16 14 39 24 

Inst_Index:8962 	 City_Num:50 	 Concorde:5.650553 	 MCTS:5.650553 Improve:-0.000000 	 Time:3.76 Seconds
Solution: 1 23 32 17 43 5 39 46 49 6 41 44 24 9 36 8 18 26 31 42 48 38 30 4 19 3 37 15 13 50 47 33 10 11 14 20 29 22 12 35 16 7 27 25 34 40 45 21 28 2 

Inst_Index:8963 	 City_Num:50 	 Concorde:5.655390 	 MCTS:5.653254 Improve:0.002136 	 Time:3.76 Seconds
Solution: 1 25 26 39 13 45 15 16 47 10 29 33 49 30 19 27 40 7 24 17 32 3 46 37 50 6 8 35 21 44 20 34 41 11 36 4 23 14 22 48 38 5 43 42 18 31 28 2 9 12 

Inst_Index:8964 	 City_Num:50 	 Concorde:6.095852 	 MCTS:6.095843 Improve:0.000009 	 Time:3.76 Seconds
Solution: 1 23 12 26 31 14 5 32 2 20 21 7 48 30 35 28 46 27 11 13 4 15 47 29 36 16 50 49 8 43 25 40 37 6 42 33 34 24 41 39 38 44 10 9 19 22 45 17 3 18 

Inst_Index:8965 	 City_Num:50 	 Concorde:5.869821 	 MCTS:5.869821 Improve:0.000000 	 Time:3.76 Seconds
Solution: 1 40 18 12 33 28 45 5 3 38 20 41 11 36 48 23 27 49 30 22 6 31 9 13 34 14 8 19 10 35 16 32 46 4 7 44 26 42 43 24 29 15 25 37 17 50 2 39 21 47 

Inst_Index:8966 	 City_Num:50 	 Concorde:5.727990 	 MCTS:5.727990 Improve:0.000000 	 Time:3.76 Seconds
Solution: 1 44 47 43 50 40 24 36 37 25 5 33 6 4 39 38 41 35 10 28 22 8 30 46 32 49 26 27 7 48 17 19 21 15 9 20 29 14 13 12 34 16 45 3 18 2 42 11 31 23 

Inst_Index:8967 	 City_Num:50 	 Concorde:5.864978 	 MCTS:5.864978 Improve:0.000000 	 Time:3.76 Seconds
Solution: 1 37 21 9 34 20 2 41 13 26 10 42 35 28 14 22 49 18 19 33 38 39 24 4 27 36 40 3 12 30 11 44 46 32 17 25 23 5 7 8 31 50 29 47 6 48 45 15 43 16 

Inst_Index:8968 	 City_Num:50 	 Concorde:5.628571 	 MCTS:5.628571 Improve:0.000000 	 Time:3.78 Seconds
Solution: 1 3 2 27 21 17 24 12 11 35 29 50 26 14 49 23 33 44 15 32 48 5 20 39 4 41 25 46 36 31 19 34 43 6 8 9 40 13 18 47 7 30 37 16 42 22 38 45 28 10 

Inst_Index:8969 	 City_Num:50 	 Concorde:5.184710 	 MCTS:5.184710 Improve:0.000000 	 Time:3.76 Seconds
Solution: 1 26 24 44 19 35 2 12 11 43 14 10 13 38 30 32 25 41 21 50 15 4 37 29 34 3 42 8 20 28 16 22 40 45 49 31 9 7 23 46 18 36 39 33 48 6 5 17 27 47 

Inst_Index:8970 	 City_Num:50 	 Concorde:5.681998 	 MCTS:5.674793 Improve:0.007205 	 Time:3.75 Seconds
Solution: 1 33 34 16 40 35 15 10 2 45 48 12 44 28 46 4 42 26 50 6 24 30 39 43 49 27 36 13 20 18 5 29 41 22 9 21 31 17 32 19 25 8 7 14 38 23 11 37 3 47 

Inst_Index:8971 	 City_Num:50 	 Concorde:5.597816 	 MCTS:5.597816 Improve:0.000000 	 Time:3.76 Seconds
Solution: 1 8 24 18 9 13 48 43 38 11 35 32 33 21 47 7 25 29 19 39 37 50 36 34 12 42 20 41 14 28 4 31 40 16 23 26 22 44 27 5 30 46 49 3 2 45 10 6 17 15 

Inst_Index:8972 	 City_Num:50 	 Concorde:5.565317 	 MCTS:5.565317 Improve:-0.000000 	 Time:3.75 Seconds
Solution: 1 34 32 17 31 30 33 10 3 36 46 21 27 28 13 8 2 4 38 19 6 39 26 9 47 37 15 11 22 20 25 44 12 48 7 41 43 40 5 18 45 14 23 35 16 49 50 29 42 24 

Inst_Index:8973 	 City_Num:50 	 Concorde:5.667919 	 MCTS:5.667919 Improve:-0.000000 	 Time:3.75 Seconds
Solution: 1 30 39 3 42 18 12 4 50 11 38 37 45 19 13 17 25 32 27 41 26 15 48 33 10 43 49 2 20 31 36 35 34 14 46 22 16 21 23 24 28 44 40 47 29 9 5 8 7 6 

Inst_Index:8974 	 City_Num:50 	 Concorde:5.890301 	 MCTS:5.890301 Improve:0.000000 	 Time:3.76 Seconds
Solution: 1 10 42 34 3 28 31 8 22 26 21 14 50 16 33 30 41 47 45 4 18 36 17 32 13 23 2 37 12 38 6 49 27 19 9 35 46 15 44 29 24 43 25 7 20 39 48 5 40 11 

Inst_Index:8975 	 City_Num:50 	 Concorde:5.811945 	 MCTS:5.811945 Improve:0.000000 	 Time:3.75 Seconds
Solution: 1 20 35 14 28 16 43 32 24 44 3 12 41 30 47 37 9 27 6 48 7 15 5 42 17 21 18 25 45 4 2 49 8 23 11 31 29 50 26 10 34 40 22 13 46 38 39 33 19 36 

Inst_Index:8976 	 City_Num:50 	 Concorde:6.005003 	 MCTS:6.005003 Improve:-0.000000 	 Time:3.76 Seconds
Solution: 1 22 21 41 18 28 44 32 40 29 50 8 38 36 20 31 45 24 7 49 13 11 46 17 34 14 35 37 12 42 19 6 10 5 26 39 43 25 15 9 47 4 2 30 23 33 27 48 3 16 

Inst_Index:8977 	 City_Num:50 	 Concorde:5.948593 	 MCTS:5.948593 Improve:-0.000000 	 Time:3.78 Seconds
Solution: 1 33 49 25 11 31 40 24 12 45 42 48 13 38 2 3 4 47 16 37 22 20 5 44 50 27 14 32 41 36 6 26 46 28 34 19 21 30 7 17 8 23 29 9 39 35 10 43 15 18 

Inst_Index:8978 	 City_Num:50 	 Concorde:5.641177 	 MCTS:5.641177 Improve:0.000000 	 Time:3.76 Seconds
Solution: 1 9 5 3 22 37 47 15 43 12 34 31 24 36 40 23 26 6 29 2 27 41 16 19 13 33 45 25 48 8 11 50 14 42 32 30 28 20 39 35 21 4 46 38 7 10 49 18 17 44 

Inst_Index:8979 	 City_Num:50 	 Concorde:5.393589 	 MCTS:5.393589 Improve:-0.000000 	 Time:3.77 Seconds
Solution: 1 4 7 25 27 14 15 50 43 30 6 48 3 31 5 29 42 8 49 35 33 9 32 46 10 38 26 24 2 20 34 47 18 16 13 36 45 23 37 44 22 41 17 21 39 19 12 11 40 28 

Inst_Index:8980 	 City_Num:50 	 Concorde:5.577658 	 MCTS:5.577658 Improve:-0.000000 	 Time:3.76 Seconds
Solution: 1 11 31 2 15 28 34 38 40 10 42 25 30 44 16 13 29 14 39 37 3 8 47 18 12 17 9 36 21 33 49 20 7 48 23 5 32 27 19 6 35 45 50 26 43 22 46 41 24 4 

Inst_Index:8981 	 City_Num:50 	 Concorde:5.352623 	 MCTS:5.352623 Improve:0.000000 	 Time:3.75 Seconds
Solution: 1 36 6 7 23 5 2 17 37 50 38 10 28 3 30 34 24 14 42 8 49 19 31 41 22 35 43 40 13 39 32 9 18 47 20 25 11 46 12 21 48 4 45 15 44 26 27 16 29 33 

Inst_Index:8982 	 City_Num:50 	 Concorde:5.343293 	 MCTS:5.343293 Improve:-0.000000 	 Time:3.75 Seconds
Solution: 1 16 12 23 40 24 9 21 31 15 10 4 8 43 30 3 33 46 17 5 50 22 18 14 2 39 47 6 49 29 42 44 11 26 7 48 38 45 28 19 37 13 25 32 35 20 36 34 41 27 

Inst_Index:8983 	 City_Num:50 	 Concorde:6.031188 	 MCTS:6.024195 Improve:0.006993 	 Time:3.75 Seconds
Solution: 1 48 31 7 13 37 46 14 28 38 23 22 3 27 6 15 35 21 26 39 33 44 32 30 40 10 12 29 19 41 17 34 20 49 47 8 25 2 11 36 43 16 18 50 5 45 9 24 4 42 

Inst_Index:8984 	 City_Num:50 	 Concorde:5.743489 	 MCTS:5.743489 Improve:0.000000 	 Time:3.75 Seconds
Solution: 1 18 31 26 30 17 32 33 24 20 48 35 19 21 37 34 6 36 14 3 15 50 41 9 45 42 4 2 38 25 47 13 40 29 5 49 22 27 16 23 10 39 28 44 43 8 12 11 7 46 

Inst_Index:8985 	 City_Num:50 	 Concorde:5.336174 	 MCTS:5.332900 Improve:0.003274 	 Time:3.77 Seconds
Solution: 1 27 47 25 45 18 15 6 10 29 48 7 12 37 19 20 41 49 24 39 44 28 32 17 3 33 22 9 43 14 2 21 30 50 40 46 35 11 36 5 23 34 31 38 42 8 26 16 4 13 

Inst_Index:8986 	 City_Num:50 	 Concorde:4.975592 	 MCTS:4.975553 Improve:0.000038 	 Time:3.75 Seconds
Solution: 1 26 48 6 44 20 27 15 9 45 41 35 17 49 24 21 8 50 32 3 10 23 14 13 4 16 30 12 38 43 28 46 34 31 40 39 36 22 5 11 37 42 19 25 7 18 33 47 29 2 

Inst_Index:8987 	 City_Num:50 	 Concorde:5.660394 	 MCTS:5.660394 Improve:0.000000 	 Time:3.76 Seconds
Solution: 1 45 7 13 4 23 18 14 39 11 19 21 15 25 42 29 6 47 10 33 46 28 20 27 16 17 44 32 40 9 8 37 48 5 50 38 24 36 49 43 26 12 2 41 3 34 22 31 35 30 

Inst_Index:8988 	 City_Num:50 	 Concorde:5.635652 	 MCTS:5.634967 Improve:0.000685 	 Time:3.75 Seconds
Solution: 1 16 34 12 46 22 4 17 20 14 37 21 27 33 39 10 31 49 36 6 44 48 26 15 18 7 42 32 9 23 24 8 2 40 13 43 45 41 28 38 5 3 29 35 47 50 25 30 11 19 

Inst_Index:8989 	 City_Num:50 	 Concorde:5.566691 	 MCTS:5.566691 Improve:0.000000 	 Time:3.77 Seconds
Solution: 1 3 24 47 44 23 48 7 41 43 40 42 37 17 20 34 45 46 19 25 13 28 10 9 11 36 49 39 32 2 33 38 8 12 15 14 31 35 16 27 4 22 30 5 29 18 26 21 50 6 

Inst_Index:8990 	 City_Num:50 	 Concorde:5.519553 	 MCTS:5.519553 Improve:0.000000 	 Time:3.76 Seconds
Solution: 1 45 42 29 38 27 39 10 40 23 25 36 5 13 48 19 14 33 7 31 2 4 47 18 20 24 37 50 9 30 8 11 6 3 44 32 41 35 12 43 17 22 16 26 46 21 49 15 34 28 

Inst_Index:8991 	 City_Num:50 	 Concorde:5.778803 	 MCTS:5.778803 Improve:0.000000 	 Time:3.76 Seconds
Solution: 1 43 10 21 33 18 31 4 8 29 30 7 32 20 45 28 38 14 24 17 12 6 39 35 48 40 42 9 41 11 19 2 49 37 36 3 25 13 5 50 27 22 15 16 23 46 26 44 34 47 

Inst_Index:8992 	 City_Num:50 	 Concorde:6.119192 	 MCTS:6.119192 Improve:-0.000000 	 Time:3.77 Seconds
Solution: 1 33 43 35 13 5 17 4 28 30 32 23 10 24 37 19 9 50 45 11 46 21 48 16 8 26 49 7 3 25 47 2 27 14 38 34 31 29 22 40 44 18 15 36 41 39 12 42 20 6 

Inst_Index:8993 	 City_Num:50 	 Concorde:5.349092 	 MCTS:5.349092 Improve:0.000000 	 Time:3.77 Seconds
Solution: 1 29 17 32 8 35 23 12 33 20 37 36 24 21 31 22 34 43 50 7 14 11 48 10 44 40 6 4 46 13 5 38 25 16 28 19 41 42 2 47 9 26 18 39 15 3 49 45 27 30 

Inst_Index:8994 	 City_Num:50 	 Concorde:5.608761 	 MCTS:5.608761 Improve:0.000000 	 Time:3.77 Seconds
Solution: 1 20 33 39 49 41 16 46 22 50 44 11 43 13 36 26 24 9 8 5 40 31 27 34 35 37 2 48 23 6 7 21 18 19 47 38 42 32 28 15 14 3 30 17 29 10 4 45 25 12 

Inst_Index:8995 	 City_Num:50 	 Concorde:6.249857 	 MCTS:6.249857 Improve:-0.000000 	 Time:3.76 Seconds
Solution: 1 44 30 10 13 26 36 33 29 19 21 35 6 38 12 18 22 4 45 5 42 37 3 32 27 40 20 41 9 34 8 15 47 24 14 43 7 50 46 28 31 17 49 23 25 39 2 11 16 48 

Inst_Index:8996 	 City_Num:50 	 Concorde:5.789036 	 MCTS:5.785274 Improve:0.003762 	 Time:3.76 Seconds
Solution: 1 8 21 30 2 37 19 7 11 18 20 48 5 35 33 25 34 16 44 41 28 12 29 42 23 27 45 6 17 14 15 22 10 50 43 31 49 38 46 32 9 40 47 3 39 24 4 13 26 36 

Inst_Index:8997 	 City_Num:50 	 Concorde:6.025183 	 MCTS:6.025183 Improve:-0.000000 	 Time:3.76 Seconds
Solution: 1 43 13 49 36 24 39 15 14 25 26 5 32 35 21 30 7 29 8 42 28 38 12 44 37 20 2 34 16 19 31 46 10 45 40 11 9 47 6 33 17 50 18 23 3 41 27 4 22 48 

Inst_Index:8998 	 City_Num:50 	 Concorde:5.629739 	 MCTS:5.629739 Improve:0.000000 	 Time:3.77 Seconds
Solution: 1 8 43 32 10 44 14 33 37 11 21 16 17 45 42 3 4 47 26 6 39 24 41 29 36 27 18 12 31 9 34 28 7 48 50 46 5 25 38 23 19 49 20 2 22 40 13 35 30 15 

Inst_Index:8999 	 City_Num:50 	 Concorde:5.426604 	 MCTS:5.426604 Improve:0.000000 	 Time:3.75 Seconds
Solution: 1 4 34 22 48 19 40 18 7 13 39 45 38 42 11 50 47 9 46 32 17 43 41 27 25 23 49 29 2 28 20 37 33 5 31 21 12 15 30 10 44 16 14 36 26 24 3 6 8 35 

Inst_Index:9000 	 City_Num:50 	 Concorde:5.709197 	 MCTS:5.709197 Improve:-0.000000 	 Time:3.77 Seconds
Solution: 1 27 43 37 11 10 36 6 9 50 48 42 25 38 7 33 18 46 28 3 8 19 31 32 49 39 26 23 17 15 30 47 22 34 16 2 24 29 4 5 13 20 35 21 40 41 44 14 12 45 

Inst_Index:9001 	 City_Num:50 	 Concorde:5.984833 	 MCTS:5.984833 Improve:0.000000 	 Time:3.75 Seconds
Solution: 1 33 29 22 44 5 37 50 12 31 3 20 6 21 35 18 17 8 36 7 40 26 47 42 39 25 9 45 14 15 32 43 34 10 2 38 41 30 28 24 16 49 13 19 27 46 23 4 11 48 

Inst_Index:9002 	 City_Num:50 	 Concorde:5.702891 	 MCTS:5.702384 Improve:0.000507 	 Time:3.75 Seconds
Solution: 1 31 8 4 47 7 18 15 10 9 6 16 45 23 20 12 24 44 43 13 21 40 30 2 33 22 41 37 48 5 17 32 29 19 39 46 27 42 25 14 26 34 38 49 11 3 28 36 50 35 

Inst_Index:9003 	 City_Num:50 	 Concorde:5.987905 	 MCTS:5.984792 Improve:0.003113 	 Time:3.76 Seconds
Solution: 1 26 5 44 30 19 36 12 40 29 4 14 6 35 28 24 9 34 11 21 8 38 20 33 46 27 41 45 18 10 3 42 43 31 22 15 7 39 37 25 50 17 48 13 47 32 49 2 23 16 

Inst_Index:9004 	 City_Num:50 	 Concorde:5.580435 	 MCTS:5.580282 Improve:0.000153 	 Time:3.76 Seconds
Solution: 1 19 49 39 44 24 46 16 42 31 23 38 9 22 14 13 26 3 21 32 34 25 5 41 12 15 6 18 37 4 47 40 11 17 36 2 50 48 27 30 28 43 45 35 29 10 20 7 8 33 

Inst_Index:9005 	 City_Num:50 	 Concorde:5.815886 	 MCTS:5.812522 Improve:0.003364 	 Time:3.77 Seconds
Solution: 1 22 32 47 12 21 34 45 6 15 14 33 29 25 37 42 39 10 41 48 20 43 23 36 11 27 46 30 24 9 31 17 44 3 50 26 18 16 5 19 8 13 7 2 38 49 40 28 4 35 

Inst_Index:9006 	 City_Num:50 	 Concorde:5.693881 	 MCTS:5.693881 Improve:-0.000000 	 Time:3.76 Seconds
Solution: 1 47 23 39 46 4 24 20 10 40 11 26 25 17 13 29 50 19 38 37 42 22 14 9 32 6 3 44 45 21 31 5 8 49 12 41 36 15 2 34 27 30 7 18 33 28 48 43 35 16 

Inst_Index:9007 	 City_Num:50 	 Concorde:5.606464 	 MCTS:5.606464 Improve:0.000000 	 Time:3.75 Seconds
Solution: 1 48 42 12 13 23 20 4 45 14 11 22 16 41 26 39 38 17 18 31 8 32 10 44 29 27 7 30 47 21 50 37 19 35 9 2 24 40 34 49 15 43 46 28 5 33 6 25 36 3 

Inst_Index:9008 	 City_Num:50 	 Concorde:5.751664 	 MCTS:5.748645 Improve:0.003019 	 Time:3.75 Seconds
Solution: 1 49 15 30 31 4 23 11 44 8 50 5 48 20 17 29 7 37 21 40 32 16 22 45 43 25 35 18 33 42 14 39 9 2 41 12 10 19 36 34 28 13 6 46 27 47 3 24 26 38 

Inst_Index:9009 	 City_Num:50 	 Concorde:5.792634 	 MCTS:5.791219 Improve:0.001415 	 Time:3.75 Seconds
Solution: 1 27 8 44 40 16 47 49 50 39 18 31 23 10 5 36 29 3 21 46 15 34 6 9 20 12 4 22 13 38 17 33 42 25 24 32 26 41 35 7 19 28 14 2 43 30 45 37 48 11 

Inst_Index:9010 	 City_Num:50 	 Concorde:6.011126 	 MCTS:6.011126 Improve:0.000000 	 Time:3.76 Seconds
Solution: 1 7 50 43 18 47 46 44 40 16 27 38 26 29 8 49 19 4 22 11 17 24 34 25 28 33 23 37 21 30 10 36 41 45 42 13 31 12 2 32 20 6 39 15 35 48 5 3 9 14 

Inst_Index:9011 	 City_Num:50 	 Concorde:6.040671 	 MCTS:6.040671 Improve:-0.000000 	 Time:3.75 Seconds
Solution: 1 46 24 12 2 6 26 19 9 43 35 20 44 5 11 33 32 36 41 39 17 21 3 4 22 50 30 25 7 15 14 37 34 40 16 23 38 47 13 27 18 45 28 31 29 10 42 48 49 8 

Inst_Index:9012 	 City_Num:50 	 Concorde:5.670281 	 MCTS:5.670281 Improve:-0.000000 	 Time:3.76 Seconds
Solution: 1 27 33 2 12 23 29 8 47 15 7 24 43 19 50 28 46 39 21 17 11 5 49 38 41 10 35 25 42 4 48 40 13 31 37 20 45 34 22 18 14 44 16 9 32 26 30 6 3 36 

Inst_Index:9013 	 City_Num:50 	 Concorde:5.844566 	 MCTS:5.844566 Improve:0.000000 	 Time:3.76 Seconds
Solution: 1 21 46 31 40 47 30 24 23 36 43 38 3 28 13 8 39 50 42 17 7 32 14 29 16 33 10 4 18 5 27 49 35 48 2 26 45 6 34 20 25 15 9 41 11 19 12 22 44 37 

Inst_Index:9014 	 City_Num:50 	 Concorde:5.510806 	 MCTS:5.510806 Improve:0.000000 	 Time:3.75 Seconds
Solution: 1 35 9 18 25 41 23 33 22 12 28 32 14 21 49 3 20 16 24 45 47 2 8 40 48 11 7 17 36 43 39 10 15 31 46 19 50 4 34 44 13 6 29 30 38 42 37 5 27 26 

Inst_Index:9015 	 City_Num:50 	 Concorde:5.958852 	 MCTS:5.957465 Improve:0.001388 	 Time:3.75 Seconds
Solution: 1 31 26 5 4 16 32 7 17 50 45 12 36 11 23 39 43 15 44 13 28 49 2 27 35 25 9 41 20 34 37 8 47 33 30 14 46 22 40 18 21 42 10 29 6 3 38 24 48 19 

Inst_Index:9016 	 City_Num:50 	 Concorde:5.187179 	 MCTS:5.187179 Improve:0.000000 	 Time:3.76 Seconds
Solution: 1 8 36 12 40 22 48 14 18 4 27 23 39 34 3 13 50 5 24 16 31 17 11 42 45 29 44 49 26 38 25 47 43 41 7 2 6 35 46 37 10 21 28 33 15 20 19 32 9 30 

Inst_Index:9017 	 City_Num:50 	 Concorde:5.968416 	 MCTS:5.968416 Improve:0.000000 	 Time:3.76 Seconds
Solution: 1 6 5 20 35 28 2 42 10 31 13 33 40 43 16 29 7 3 12 46 38 11 15 21 22 36 49 37 44 30 19 45 41 50 34 39 9 14 27 25 24 32 17 18 23 26 47 48 8 4 

Inst_Index:9018 	 City_Num:50 	 Concorde:5.480817 	 MCTS:5.480817 Improve:-0.000000 	 Time:3.76 Seconds
Solution: 1 5 49 29 7 22 27 44 16 15 10 43 48 42 24 25 37 6 2 41 23 14 38 12 18 39 17 34 40 46 50 11 26 35 32 3 21 20 47 28 19 8 13 9 4 45 36 33 31 30 

Inst_Index:9019 	 City_Num:50 	 Concorde:5.894300 	 MCTS:5.894300 Improve:0.000000 	 Time:3.76 Seconds
Solution: 1 11 3 10 6 8 9 35 19 24 37 31 29 32 40 44 18 41 2 48 21 27 50 38 7 46 34 33 14 4 16 42 45 15 49 36 47 30 25 43 5 28 26 13 12 39 22 23 20 17 

Inst_Index:9020 	 City_Num:50 	 Concorde:5.431149 	 MCTS:5.431149 Improve:0.000000 	 Time:3.76 Seconds
Solution: 1 33 38 34 46 28 44 2 21 11 42 8 19 23 20 49 30 16 41 32 35 36 15 22 9 17 37 31 5 4 47 25 43 10 26 7 6 18 13 29 45 39 40 50 12 48 14 24 3 27 

Inst_Index:9021 	 City_Num:50 	 Concorde:5.545030 	 MCTS:5.545030 Improve:-0.000000 	 Time:3.76 Seconds
Solution: 1 6 27 49 41 30 31 34 9 14 19 28 24 38 25 17 4 40 35 50 45 43 10 33 12 3 42 32 29 22 21 36 5 15 13 20 2 44 47 26 8 7 16 11 39 23 37 48 46 18 

Inst_Index:9022 	 City_Num:50 	 Concorde:5.398076 	 MCTS:5.398076 Improve:0.000000 	 Time:3.76 Seconds
Solution: 1 14 34 28 11 16 48 8 30 23 50 40 38 37 31 49 32 27 25 6 33 10 19 2 42 24 18 22 12 46 47 45 41 20 7 15 13 35 43 4 26 5 36 21 9 44 29 3 39 17 

Inst_Index:9023 	 City_Num:50 	 Concorde:5.468580 	 MCTS:5.468580 Improve:0.000000 	 Time:3.78 Seconds
Solution: 1 10 31 18 36 13 35 27 50 33 4 14 8 23 7 24 15 46 44 28 47 45 34 30 5 40 37 39 49 29 17 2 41 19 38 48 16 26 9 20 22 21 42 25 43 3 32 12 11 6 

Inst_Index:9024 	 City_Num:50 	 Concorde:5.526413 	 MCTS:5.526413 Improve:0.000000 	 Time:3.75 Seconds
Solution: 1 39 29 14 22 25 3 45 32 4 6 23 18 2 41 50 27 47 15 12 40 19 42 20 43 7 46 11 33 28 35 44 17 16 36 13 9 49 30 31 26 21 5 10 38 48 34 37 8 24 

Inst_Index:9025 	 City_Num:50 	 Concorde:5.808416 	 MCTS:5.808416 Improve:-0.000000 	 Time:3.76 Seconds
Solution: 1 15 29 6 22 20 32 9 49 47 37 2 24 27 21 39 48 30 19 3 18 7 45 44 33 41 13 16 17 42 36 12 38 14 26 23 35 5 28 31 43 8 40 10 11 25 4 50 46 34 

Inst_Index:9026 	 City_Num:50 	 Concorde:5.947432 	 MCTS:5.947432 Improve:0.000000 	 Time:3.77 Seconds
Solution: 1 7 34 43 46 49 38 45 42 32 50 33 41 17 16 31 44 8 22 35 25 20 5 28 23 30 10 14 4 9 40 13 39 36 18 2 48 27 21 24 12 19 15 47 6 3 11 29 37 26 

Inst_Index:9027 	 City_Num:50 	 Concorde:5.938953 	 MCTS:5.938953 Improve:-0.000000 	 Time:3.75 Seconds
Solution: 1 15 43 46 30 40 7 11 5 37 49 13 8 41 45 14 23 4 12 9 18 2 34 38 19 10 26 50 28 6 35 3 36 25 20 21 44 47 42 17 29 27 24 48 16 32 33 31 39 22 

Inst_Index:9028 	 City_Num:50 	 Concorde:6.077082 	 MCTS:6.077082 Improve:0.000000 	 Time:3.76 Seconds
Solution: 1 24 18 41 31 34 14 4 20 16 42 37 32 25 2 30 47 35 5 27 44 40 36 3 39 13 45 28 6 29 46 11 7 8 49 12 22 50 26 10 38 15 17 43 23 19 48 33 21 9 

Inst_Index:9029 	 City_Num:50 	 Concorde:5.910330 	 MCTS:5.910330 Improve:-0.000000 	 Time:3.75 Seconds
Solution: 1 16 43 26 33 41 20 39 9 19 8 6 50 28 23 37 36 21 29 4 45 40 34 7 13 49 46 44 42 31 22 18 25 27 47 12 14 3 10 2 35 24 17 38 11 5 32 15 48 30 

Inst_Index:9030 	 City_Num:50 	 Concorde:6.034757 	 MCTS:6.034757 Improve:-0.000000 	 Time:3.76 Seconds
Solution: 1 14 34 3 41 19 23 32 6 21 17 20 45 46 49 33 29 36 4 15 2 8 30 9 13 39 27 16 47 48 37 50 35 26 5 12 22 38 18 31 28 43 42 7 25 10 24 40 11 44 

Inst_Index:9031 	 City_Num:50 	 Concorde:6.078794 	 MCTS:6.078794 Improve:0.000000 	 Time:3.75 Seconds
Solution: 1 30 47 40 48 45 14 38 36 17 21 49 42 11 13 37 3 20 28 34 15 19 7 2 46 12 8 9 26 31 18 24 16 4 32 41 10 22 25 27 23 35 29 6 5 43 44 33 50 39 

Inst_Index:9032 	 City_Num:50 	 Concorde:5.573482 	 MCTS:5.566896 Improve:0.006587 	 Time:3.77 Seconds
Solution: 1 8 9 50 21 17 31 12 43 14 41 4 45 32 22 24 3 34 30 25 27 7 35 48 11 19 6 29 37 28 2 36 38 10 33 46 16 26 47 13 18 15 5 39 20 44 42 40 23 49 

Inst_Index:9033 	 City_Num:50 	 Concorde:5.546052 	 MCTS:5.545117 Improve:0.000935 	 Time:3.75 Seconds
Solution: 1 24 47 8 46 37 14 18 22 16 27 20 41 10 19 50 43 13 25 29 9 3 39 40 26 23 32 5 44 48 49 2 15 28 36 31 45 21 6 42 30 33 38 11 17 4 12 7 35 34 

Inst_Index:9034 	 City_Num:50 	 Concorde:4.851022 	 MCTS:4.851022 Improve:0.000000 	 Time:3.76 Seconds
Solution: 1 36 31 8 22 27 50 28 30 23 29 6 35 20 47 7 18 13 44 11 49 10 48 37 19 46 3 42 2 16 38 39 14 4 15 34 24 32 40 26 43 45 17 12 9 21 41 25 5 33 

Inst_Index:9035 	 City_Num:50 	 Concorde:5.995236 	 MCTS:5.987286 Improve:0.007950 	 Time:3.76 Seconds
Solution: 1 11 41 21 23 13 43 8 26 47 25 34 46 9 31 14 4 10 32 28 2 36 22 38 35 37 27 16 44 24 20 12 3 6 42 15 17 49 45 29 7 50 40 39 33 30 5 48 19 18 

Inst_Index:9036 	 City_Num:50 	 Concorde:5.763562 	 MCTS:5.763562 Improve:-0.000000 	 Time:3.75 Seconds
Solution: 1 48 41 5 11 19 20 42 16 12 43 23 37 18 49 21 6 39 27 30 2 15 34 13 14 38 28 36 45 44 35 25 9 32 17 7 24 10 3 50 40 4 31 29 22 33 46 47 8 26 

Inst_Index:9037 	 City_Num:50 	 Concorde:5.704886 	 MCTS:5.704886 Improve:0.000000 	 Time:3.76 Seconds
Solution: 1 19 28 39 24 42 12 7 3 9 23 20 11 5 8 22 50 34 30 37 13 4 25 16 33 18 14 29 17 35 46 31 15 47 6 2 45 48 40 27 43 49 41 10 44 21 26 36 32 38 

Inst_Index:9038 	 City_Num:50 	 Concorde:5.712365 	 MCTS:5.712365 Improve:0.000000 	 Time:3.75 Seconds
Solution: 1 50 39 19 23 21 46 3 44 9 31 15 6 28 17 7 24 29 42 27 34 32 13 33 45 12 18 11 30 5 48 22 41 20 25 38 36 47 8 37 16 2 14 35 49 4 26 10 43 40 

Inst_Index:9039 	 City_Num:50 	 Concorde:5.691221 	 MCTS:5.691221 Improve:-0.000000 	 Time:3.76 Seconds
Solution: 1 26 7 31 20 5 40 30 33 49 36 22 2 11 3 17 47 42 29 8 25 39 6 48 45 23 19 38 24 16 21 34 13 37 9 41 32 27 15 12 50 44 46 35 18 14 43 28 10 4 

Inst_Index:9040 	 City_Num:50 	 Concorde:5.910005 	 MCTS:5.909162 Improve:0.000843 	 Time:3.75 Seconds
Solution: 1 3 33 21 16 38 45 26 32 13 25 7 15 27 4 31 50 47 28 41 46 18 36 42 22 48 24 5 49 9 20 8 35 29 6 23 30 44 43 37 2 39 40 10 12 17 14 11 34 19 

Inst_Index:9041 	 City_Num:50 	 Concorde:5.823895 	 MCTS:5.822082 Improve:0.001813 	 Time:3.76 Seconds
Solution: 1 8 10 9 33 45 3 2 19 31 16 28 43 42 24 6 40 47 37 49 5 50 44 32 29 25 27 14 34 39 11 18 46 17 15 20 26 48 21 7 4 36 30 22 23 13 41 12 35 38 

Inst_Index:9042 	 City_Num:50 	 Concorde:5.692325 	 MCTS:5.692079 Improve:0.000246 	 Time:3.76 Seconds
Solution: 1 5 40 28 36 2 29 30 15 34 47 21 49 42 33 48 19 31 7 35 11 27 43 10 13 41 39 37 32 9 16 12 22 18 3 45 46 14 26 50 38 44 24 20 4 8 17 25 6 23 

Inst_Index:9043 	 City_Num:50 	 Concorde:5.614275 	 MCTS:5.614275 Improve:-0.000000 	 Time:3.76 Seconds
Solution: 1 30 39 35 3 11 31 10 17 43 42 38 37 29 7 13 41 19 34 45 20 12 36 15 49 24 28 18 33 27 32 6 48 4 22 23 47 44 26 40 9 25 21 2 46 16 50 5 14 8 

Inst_Index:9044 	 City_Num:50 	 Concorde:5.604649 	 MCTS:5.599105 Improve:0.005544 	 Time:3.76 Seconds
Solution: 1 42 36 9 47 48 38 28 8 13 35 12 39 25 15 44 17 10 22 45 50 14 3 24 29 46 26 18 33 19 37 16 6 31 40 32 5 2 43 7 4 21 34 23 30 27 20 49 41 11 

Inst_Index:9045 	 City_Num:50 	 Concorde:5.852240 	 MCTS:5.852240 Improve:0.000000 	 Time:3.76 Seconds
Solution: 1 38 44 50 43 32 9 31 22 42 39 49 14 11 40 15 2 4 7 12 25 35 36 24 29 26 41 6 48 3 23 37 27 19 46 20 34 16 28 17 8 47 5 13 10 30 33 45 18 21 

Inst_Index:9046 	 City_Num:50 	 Concorde:5.624034 	 MCTS:5.624034 Improve:0.000000 	 Time:3.77 Seconds
Solution: 1 44 50 13 45 17 16 22 34 4 37 29 32 2 15 28 30 12 9 49 39 33 7 35 42 47 20 19 36 11 3 26 27 10 5 23 41 43 8 40 25 31 48 38 6 46 18 24 21 14 

Inst_Index:9047 	 City_Num:50 	 Concorde:5.961372 	 MCTS:5.961372 Improve:-0.000000 	 Time:3.76 Seconds
Solution: 1 50 41 22 20 35 25 13 6 9 36 14 2 40 44 43 24 23 42 26 47 16 34 15 28 18 11 27 38 10 45 39 12 29 21 37 4 33 32 46 17 19 8 30 5 7 48 31 49 3 

Inst_Index:9048 	 City_Num:50 	 Concorde:6.044381 	 MCTS:6.041203 Improve:0.003179 	 Time:3.75 Seconds
Solution: 1 26 12 42 41 30 40 24 23 38 44 50 14 48 25 11 16 18 39 46 9 2 32 33 6 10 27 13 45 29 28 47 21 7 37 22 15 49 17 20 19 31 4 36 35 3 5 8 34 43 

Inst_Index:9049 	 City_Num:50 	 Concorde:5.914674 	 MCTS:5.914674 Improve:-0.000000 	 Time:3.76 Seconds
Solution: 1 6 5 16 30 43 38 18 44 12 35 2 15 48 23 33 4 24 39 34 27 21 32 29 36 28 20 41 7 40 8 31 49 50 46 14 17 25 13 26 3 42 19 22 11 45 9 10 47 37 

Inst_Index:9050 	 City_Num:50 	 Concorde:5.672157 	 MCTS:5.668132 Improve:0.004025 	 Time:3.76 Seconds
Solution: 1 14 49 24 37 32 3 39 31 6 5 16 18 27 33 9 36 11 29 21 19 25 35 12 4 22 13 30 17 2 38 43 45 46 40 28 15 41 26 23 34 44 7 50 8 42 20 47 48 10 

Inst_Index:9051 	 City_Num:50 	 Concorde:5.235632 	 MCTS:5.231632 Improve:0.004000 	 Time:3.76 Seconds
Solution: 1 4 49 47 29 31 16 34 11 43 19 3 21 27 46 26 6 25 42 50 45 40 18 17 32 24 28 35 5 7 22 10 23 48 33 9 38 41 15 20 12 36 2 37 44 8 14 30 39 13 

Inst_Index:9052 	 City_Num:50 	 Concorde:5.665029 	 MCTS:5.663165 Improve:0.001864 	 Time:3.78 Seconds
Solution: 1 36 17 48 15 38 50 7 42 39 43 10 25 30 23 22 8 47 26 40 34 32 4 5 16 18 41 20 49 3 11 28 31 45 29 27 12 9 6 2 46 33 19 13 24 37 21 35 14 44 

Inst_Index:9053 	 City_Num:50 	 Concorde:5.547171 	 MCTS:5.547171 Improve:0.000000 	 Time:3.76 Seconds
Solution: 1 16 27 31 12 34 36 9 46 17 28 41 21 38 26 40 18 22 45 13 50 35 23 14 20 47 4 10 49 24 7 11 6 8 5 32 30 29 25 37 42 2 39 48 43 3 33 15 44 19 

Inst_Index:9054 	 City_Num:50 	 Concorde:5.335033 	 MCTS:5.335033 Improve:-0.000000 	 Time:3.76 Seconds
Solution: 1 3 30 43 19 33 26 40 28 50 10 32 9 37 29 13 39 42 11 44 49 24 36 21 4 8 45 48 20 47 41 18 23 12 15 31 46 27 7 6 25 35 2 17 38 34 5 22 14 16 

Inst_Index:9055 	 City_Num:50 	 Concorde:5.859034 	 MCTS:5.859034 Improve:-0.000000 	 Time:3.76 Seconds
Solution: 1 49 15 12 20 31 40 9 50 32 19 35 23 30 5 10 33 36 22 43 42 3 45 28 8 14 34 26 38 18 7 48 16 27 25 47 37 11 6 44 24 4 29 17 46 39 21 13 2 41 

Inst_Index:9056 	 City_Num:50 	 Concorde:5.674533 	 MCTS:5.674237 Improve:0.000296 	 Time:3.76 Seconds
Solution: 1 28 3 49 39 50 18 12 24 23 5 37 36 41 26 40 9 20 4 34 16 29 11 35 31 25 27 22 13 7 38 43 14 32 19 47 21 15 44 10 42 30 48 17 46 33 6 8 45 2 

Inst_Index:9057 	 City_Num:50 	 Concorde:5.893119 	 MCTS:5.888484 Improve:0.004636 	 Time:3.75 Seconds
Solution: 1 24 31 3 21 33 16 34 15 4 36 43 41 49 9 20 13 29 6 37 50 47 26 8 30 14 19 48 40 27 32 38 35 25 44 45 22 12 10 11 23 17 42 18 2 46 28 39 5 7 

Inst_Index:9058 	 City_Num:50 	 Concorde:5.612212 	 MCTS:5.609519 Improve:0.002693 	 Time:3.76 Seconds
Solution: 1 14 36 19 37 41 21 6 30 44 46 10 47 25 24 16 48 29 43 13 42 32 15 34 27 40 39 45 31 28 23 11 12 17 20 35 50 2 3 9 18 8 22 49 4 5 26 33 7 38 

Inst_Index:9059 	 City_Num:50 	 Concorde:5.789537 	 MCTS:5.789537 Improve:0.000000 	 Time:3.76 Seconds
Solution: 1 46 44 19 34 15 24 45 47 28 23 2 49 31 9 43 20 50 14 6 22 39 16 25 42 36 27 48 29 13 3 35 17 8 26 38 5 32 37 41 21 12 7 11 33 30 4 10 40 18 

Inst_Index:9060 	 City_Num:50 	 Concorde:5.543543 	 MCTS:5.540699 Improve:0.002844 	 Time:3.77 Seconds
Solution: 1 41 45 17 37 13 26 31 16 22 34 3 5 20 50 12 46 25 44 27 36 9 10 32 30 6 49 7 48 42 2 11 43 19 8 24 21 4 40 38 29 23 47 33 18 14 28 35 15 39 

Inst_Index:9061 	 City_Num:50 	 Concorde:6.027363 	 MCTS:6.027363 Improve:0.000000 	 Time:3.77 Seconds
Solution: 1 28 44 39 6 22 20 24 48 35 10 37 27 25 47 49 43 31 14 18 30 36 50 12 16 19 32 46 42 7 11 29 15 4 2 26 13 3 17 21 23 38 8 5 40 9 45 41 34 33 

Inst_Index:9062 	 City_Num:50 	 Concorde:5.331093 	 MCTS:5.331093 Improve:0.000000 	 Time:3.75 Seconds
Solution: 1 6 9 49 29 39 40 42 23 10 14 2 36 45 50 37 44 17 5 15 18 16 12 27 34 38 43 19 25 8 28 24 46 3 35 47 26 20 32 21 33 4 7 30 41 22 48 13 11 31 

Inst_Index:9063 	 City_Num:50 	 Concorde:5.494798 	 MCTS:5.494798 Improve:0.000000 	 Time:3.76 Seconds
Solution: 1 39 28 6 11 35 20 43 10 27 16 44 38 3 46 23 42 5 50 33 29 49 31 32 15 41 12 36 45 4 21 2 37 34 30 19 22 14 7 8 47 40 48 24 26 13 18 17 9 25 

Inst_Index:9064 	 City_Num:50 	 Concorde:6.166798 	 MCTS:6.166798 Improve:-0.000000 	 Time:3.76 Seconds
Solution: 1 36 27 18 8 40 15 23 24 22 7 34 21 29 41 11 3 14 44 45 5 35 39 30 12 16 25 17 31 2 50 43 46 32 9 38 26 19 37 4 47 33 20 49 13 6 10 28 42 48 

Inst_Index:9065 	 City_Num:50 	 Concorde:5.317501 	 MCTS:5.317501 Improve:0.000000 	 Time:3.78 Seconds
Solution: 1 20 25 30 6 4 39 17 38 42 19 13 2 43 44 15 47 37 32 36 21 50 35 41 12 49 5 8 24 34 7 28 16 33 11 9 29 27 45 18 40 26 22 23 14 31 3 48 10 46 

Inst_Index:9066 	 City_Num:50 	 Concorde:6.077759 	 MCTS:6.077759 Improve:-0.000000 	 Time:3.77 Seconds
Solution: 1 46 40 3 23 22 27 18 35 28 14 15 43 33 50 24 11 8 21 47 20 13 32 6 38 2 39 44 41 4 31 36 16 48 30 34 42 26 12 49 37 7 19 45 5 25 9 17 29 10 

Inst_Index:9067 	 City_Num:50 	 Concorde:5.933409 	 MCTS:5.933409 Improve:0.000000 	 Time:3.77 Seconds
Solution: 1 14 2 36 28 29 37 17 39 3 34 19 42 49 38 24 15 26 16 18 8 41 5 25 20 12 11 30 50 40 47 13 31 43 7 6 32 22 48 44 46 27 21 33 45 10 23 35 4 9 

Inst_Index:9068 	 City_Num:50 	 Concorde:6.126633 	 MCTS:6.123191 Improve:0.003442 	 Time:3.78 Seconds
Solution: 1 18 2 24 36 32 19 40 15 7 44 27 29 9 25 11 50 42 48 20 33 14 45 28 16 17 30 41 35 12 5 3 21 47 22 46 26 13 6 31 23 49 10 43 38 4 8 34 39 37 

Inst_Index:9069 	 City_Num:50 	 Concorde:5.549406 	 MCTS:5.549406 Improve:-0.000000 	 Time:3.77 Seconds
Solution: 1 38 40 16 20 49 13 11 9 50 37 30 41 27 36 4 44 12 19 43 8 32 14 10 3 28 15 26 45 33 46 25 22 35 42 17 48 31 34 7 18 5 6 21 24 23 29 2 47 39 

Inst_Index:9070 	 City_Num:50 	 Concorde:5.479238 	 MCTS:5.479238 Improve:0.000000 	 Time:3.76 Seconds
Solution: 1 33 9 8 39 34 28 27 10 26 25 36 14 2 24 22 18 13 12 15 4 17 5 37 6 45 32 41 7 49 50 46 3 40 48 30 35 44 29 42 47 21 19 31 20 43 16 38 23 11 

Inst_Index:9071 	 City_Num:50 	 Concorde:5.665017 	 MCTS:5.665017 Improve:0.000000 	 Time:3.76 Seconds
Solution: 1 46 45 34 39 24 35 13 6 33 8 16 14 4 22 10 17 9 12 25 20 40 23 21 2 15 44 7 50 18 26 11 37 36 38 28 3 30 41 47 5 19 31 49 42 32 43 27 48 29 

Inst_Index:9072 	 City_Num:50 	 Concorde:5.824228 	 MCTS:5.824228 Improve:0.000000 	 Time:3.76 Seconds
Solution: 1 37 8 42 29 28 11 17 9 12 3 21 41 2 5 23 18 19 27 36 40 31 20 6 50 30 7 49 33 26 35 14 43 13 46 34 25 47 10 38 48 22 45 4 15 39 16 44 32 24 

Inst_Index:9073 	 City_Num:50 	 Concorde:5.617789 	 MCTS:5.617789 Improve:-0.000000 	 Time:3.76 Seconds
Solution: 1 18 5 39 33 26 43 28 2 13 15 23 32 25 31 29 46 45 10 38 9 47 11 12 8 3 50 16 49 21 40 4 36 41 24 30 6 27 35 22 42 14 17 34 20 44 48 19 7 37 

Inst_Index:9074 	 City_Num:50 	 Concorde:5.463018 	 MCTS:5.462508 Improve:0.000510 	 Time:3.75 Seconds
Solution: 1 11 4 32 8 18 14 48 36 28 15 40 3 33 5 41 25 16 13 2 12 10 44 7 9 17 29 6 38 43 50 39 27 20 22 47 45 31 24 46 23 37 26 42 21 49 19 34 30 35 

Inst_Index:9075 	 City_Num:50 	 Concorde:5.957262 	 MCTS:5.957262 Improve:0.000000 	 Time:3.76 Seconds
Solution: 1 29 48 21 39 47 33 15 32 23 31 16 44 43 22 42 18 35 7 25 40 20 6 19 38 37 11 17 30 12 28 46 49 9 3 34 41 13 26 24 50 2 10 5 14 36 27 45 4 8 

Inst_Index:9076 	 City_Num:50 	 Concorde:5.819947 	 MCTS:5.818963 Improve:0.000984 	 Time:3.78 Seconds
Solution: 1 29 31 6 33 17 28 16 9 26 20 22 38 48 40 35 7 42 34 14 39 18 23 50 49 19 37 36 47 10 15 21 32 24 45 13 11 43 12 25 4 41 8 30 3 27 46 5 2 44 

Inst_Index:9077 	 City_Num:50 	 Concorde:5.959252 	 MCTS:5.951478 Improve:0.007774 	 Time:3.76 Seconds
Solution: 1 17 43 38 2 16 26 10 9 20 24 36 8 30 5 6 45 14 15 22 18 29 27 34 19 42 46 3 41 35 4 21 7 13 49 25 44 28 40 12 23 37 50 47 33 11 32 39 31 48 


Avg_Concorde_Distance: 5.704079 Avg_MCTS_Distance: 5.702994 Avg_Gap: -0.000189 Total_Time: 1177.96 Seconds 
 Beat_Best_Known_Times: 111 Match_Best_Known_Times: 202 Miss_Best_Known_Times: 0 
