Number_of_Instances_In_Current_Batch: 313

Inst_Index:9078 	 City_Num:50 	 Concorde:6.135112 	 MCTS:6.135112 Improve:0.000000 	 Time:3.76 Seconds
Solution: 1 25 10 36 20 32 48 15 44 4 42 49 28 9 43 16 31 11 13 34 39 7 12 35 37 19 17 3 47 41 23 26 50 2 46 27 33 21 18 14 29 5 22 30 6 45 38 8 40 24 

Inst_Index:9079 	 City_Num:50 	 Concorde:6.012224 	 MCTS:6.012224 Improve:0.000000 	 Time:3.76 Seconds
Solution: 1 12 29 41 42 43 13 17 8 38 22 3 30 9 10 26 49 44 37 31 28 27 7 46 2 25 4 5 14 47 36 19 32 23 35 50 21 11 40 34 48 15 24 6 20 16 33 18 45 39 

Inst_Index:9080 	 City_Num:50 	 Concorde:6.113782 	 MCTS:6.113782 Improve:-0.000000 	 Time:3.76 Seconds
Solution: 1 7 13 17 15 11 49 28 20 25 23 32 21 34 48 38 22 9 43 33 45 26 30 47 27 3 4 12 46 14 39 41 31 37 2 18 6 10 42 40 5 29 44 16 19 8 35 50 24 36 

Inst_Index:9081 	 City_Num:50 	 Concorde:5.184264 	 MCTS:5.184264 Improve:0.000000 	 Time:3.75 Seconds
Solution: 1 36 27 9 44 10 15 41 21 37 23 2 3 5 50 34 29 32 48 6 26 46 35 4 43 38 31 24 18 22 14 19 49 8 17 45 47 16 20 42 33 25 12 11 30 39 28 40 7 13 

Inst_Index:9082 	 City_Num:50 	 Concorde:5.798439 	 MCTS:5.792685 Improve:0.005753 	 Time:3.77 Seconds
Solution: 1 25 31 41 5 46 20 28 12 50 14 23 35 37 10 11 19 49 16 36 9 40 29 3 22 48 17 6 26 39 45 44 7 43 42 15 21 2 33 47 18 38 13 24 8 30 34 4 27 32 

Inst_Index:9083 	 City_Num:50 	 Concorde:5.593867 	 MCTS:5.593867 Improve:0.000000 	 Time:3.75 Seconds
Solution: 1 11 35 13 5 47 10 33 25 30 23 40 24 8 18 19 44 34 16 36 45 41 46 6 43 38 3 9 20 17 32 28 49 37 22 14 42 2 12 15 21 29 27 48 4 7 50 26 39 31 

Inst_Index:9084 	 City_Num:50 	 Concorde:5.430342 	 MCTS:5.430342 Improve:-0.000000 	 Time:3.76 Seconds
Solution: 1 33 36 22 16 9 17 13 41 26 19 42 44 45 10 8 43 35 12 7 6 28 23 21 34 37 50 47 25 20 40 3 29 49 2 39 15 27 24 31 11 48 46 4 18 32 38 5 30 14 

Inst_Index:9085 	 City_Num:50 	 Concorde:5.715761 	 MCTS:5.715761 Improve:0.000000 	 Time:3.77 Seconds
Solution: 1 42 33 31 30 16 41 14 39 9 5 47 20 49 38 34 46 3 22 6 8 13 24 44 27 12 2 37 17 48 19 50 11 26 15 18 7 4 43 25 10 29 21 40 32 28 23 45 36 35 

Inst_Index:9086 	 City_Num:50 	 Concorde:5.747233 	 MCTS:5.735820 Improve:0.011413 	 Time:3.76 Seconds
Solution: 1 2 37 32 8 13 42 39 36 27 26 14 49 25 3 11 45 48 12 24 35 20 16 44 28 17 6 29 40 19 43 10 33 31 50 23 4 47 21 7 18 15 34 5 9 22 41 38 30 46 

Inst_Index:9087 	 City_Num:50 	 Concorde:5.651663 	 MCTS:5.651663 Improve:-0.000000 	 Time:3.77 Seconds
Solution: 1 44 49 16 36 37 11 10 46 15 48 24 19 50 31 14 25 5 42 40 28 26 30 4 39 13 27 17 29 9 47 35 7 33 45 18 12 2 21 22 20 32 38 6 34 41 8 23 3 43 

Inst_Index:9088 	 City_Num:50 	 Concorde:5.651495 	 MCTS:5.647321 Improve:0.004174 	 Time:3.78 Seconds
Solution: 1 47 11 40 42 5 20 15 29 4 37 9 26 14 31 16 41 21 25 8 34 46 3 7 49 30 38 6 50 33 23 27 19 17 35 18 28 44 39 45 10 13 24 48 12 22 32 36 2 43 

Inst_Index:9089 	 City_Num:50 	 Concorde:5.745680 	 MCTS:5.744426 Improve:0.001254 	 Time:3.76 Seconds
Solution: 1 8 11 33 22 50 36 4 40 27 26 43 24 38 42 30 2 21 25 16 15 10 35 3 20 18 13 47 7 39 5 44 34 14 12 46 41 49 48 32 28 29 31 23 37 9 6 19 17 45 

Inst_Index:9090 	 City_Num:50 	 Concorde:5.719812 	 MCTS:5.712329 Improve:0.007483 	 Time:3.76 Seconds
Solution: 1 39 41 24 10 46 43 50 49 38 45 40 4 2 15 11 14 23 25 16 18 9 32 37 29 42 35 44 13 30 47 21 19 5 34 12 20 28 17 7 36 3 48 6 26 33 8 27 22 31 

Inst_Index:9091 	 City_Num:50 	 Concorde:5.809519 	 MCTS:5.807123 Improve:0.002396 	 Time:3.77 Seconds
Solution: 1 44 2 24 5 35 16 45 34 39 38 4 28 22 46 50 14 33 15 41 13 25 6 21 19 9 30 37 7 20 17 31 32 49 11 12 40 10 8 27 47 43 23 26 18 42 48 29 3 36 

Inst_Index:9092 	 City_Num:50 	 Concorde:5.664036 	 MCTS:5.663831 Improve:0.000205 	 Time:3.75 Seconds
Solution: 1 48 11 3 38 29 24 33 19 10 28 14 4 18 42 27 39 15 8 36 16 37 47 32 13 6 26 43 46 21 25 2 7 9 17 22 12 23 20 31 35 5 30 40 50 49 34 45 41 44 

Inst_Index:9093 	 City_Num:50 	 Concorde:5.847650 	 MCTS:5.844551 Improve:0.003099 	 Time:3.76 Seconds
Solution: 1 47 50 6 32 19 48 22 36 9 40 28 31 11 26 38 45 16 46 13 17 8 29 27 30 3 10 25 7 12 2 34 15 14 20 23 49 43 5 39 37 18 44 21 4 35 41 33 42 24 

Inst_Index:9094 	 City_Num:50 	 Concorde:6.122921 	 MCTS:6.122921 Improve:0.000000 	 Time:3.76 Seconds
Solution: 1 20 32 16 48 49 10 38 40 21 3 17 19 8 25 33 11 44 37 23 42 46 15 41 34 28 30 39 31 47 14 35 18 12 7 4 29 22 26 6 43 2 45 24 50 36 27 5 9 13 

Inst_Index:9095 	 City_Num:50 	 Concorde:5.526182 	 MCTS:5.526182 Improve:0.000000 	 Time:3.75 Seconds
Solution: 1 16 6 46 32 47 44 4 7 18 40 31 29 20 15 30 10 42 13 43 33 38 49 24 23 17 41 50 8 27 28 39 48 5 37 34 19 35 14 45 22 26 9 11 36 12 2 21 25 3 

Inst_Index:9096 	 City_Num:50 	 Concorde:6.142574 	 MCTS:6.136225 Improve:0.006349 	 Time:3.77 Seconds
Solution: 1 8 50 32 34 30 48 28 14 38 16 39 7 20 45 22 26 13 12 2 40 6 37 33 17 15 43 49 24 11 41 3 44 4 10 46 35 47 36 18 23 31 5 21 9 27 42 29 25 19 

Inst_Index:9097 	 City_Num:50 	 Concorde:5.781485 	 MCTS:5.781485 Improve:0.000000 	 Time:3.75 Seconds
Solution: 1 49 16 24 47 19 2 5 25 35 42 41 8 44 22 15 45 34 9 7 23 26 21 36 4 20 18 10 38 6 43 3 27 11 13 37 50 12 33 46 32 29 48 40 39 28 14 30 31 17 

Inst_Index:9098 	 City_Num:50 	 Concorde:5.535797 	 MCTS:5.535797 Improve:-0.000000 	 Time:3.77 Seconds
Solution: 1 5 11 3 18 14 9 36 34 49 41 7 16 10 23 50 37 48 19 33 29 39 42 30 25 26 32 22 38 4 12 13 21 31 40 27 35 17 46 8 2 47 15 43 20 6 24 45 44 28 

Inst_Index:9099 	 City_Num:50 	 Concorde:5.732060 	 MCTS:5.732060 Improve:-0.000000 	 Time:3.75 Seconds
Solution: 1 36 30 33 46 49 25 12 14 42 5 8 38 4 15 27 32 39 6 26 28 35 17 45 34 44 50 2 10 19 43 21 16 22 29 48 37 40 3 7 31 18 13 24 47 11 23 41 20 9 

Inst_Index:9100 	 City_Num:50 	 Concorde:5.762514 	 MCTS:5.762514 Improve:0.000000 	 Time:3.76 Seconds
Solution: 1 32 41 34 35 31 20 25 14 45 22 26 39 4 46 44 7 28 38 21 19 36 29 2 40 8 27 15 18 9 30 42 6 43 12 3 5 37 13 17 10 16 23 24 47 33 11 50 49 48 

Inst_Index:9101 	 City_Num:50 	 Concorde:5.689042 	 MCTS:5.689042 Improve:-0.000000 	 Time:3.75 Seconds
Solution: 1 6 22 38 11 42 45 15 2 36 24 18 31 37 13 35 3 17 10 44 49 34 4 5 47 40 48 21 20 33 25 29 30 26 9 50 19 23 39 43 28 12 32 14 16 7 8 27 41 46 

Inst_Index:9102 	 City_Num:50 	 Concorde:5.636379 	 MCTS:5.636379 Improve:0.000000 	 Time:3.78 Seconds
Solution: 1 13 11 45 23 2 38 7 43 42 40 37 36 9 20 46 35 30 21 25 10 14 27 31 17 3 48 49 50 8 4 26 18 22 29 24 15 12 41 28 32 44 47 5 16 6 34 19 39 33 

Inst_Index:9103 	 City_Num:50 	 Concorde:5.542924 	 MCTS:5.540871 Improve:0.002054 	 Time:3.76 Seconds
Solution: 1 12 16 7 20 37 8 46 26 2 18 44 50 19 32 25 13 27 14 3 31 48 9 15 10 21 33 40 42 35 30 24 34 11 23 45 17 28 4 5 38 29 49 6 39 47 22 41 36 43 

Inst_Index:9104 	 City_Num:50 	 Concorde:5.775597 	 MCTS:5.774881 Improve:0.000716 	 Time:3.76 Seconds
Solution: 1 13 9 28 40 35 50 5 2 37 19 8 24 20 11 46 14 26 36 3 43 21 48 39 31 25 18 34 49 42 41 10 44 33 22 15 17 45 38 6 23 29 30 12 16 32 27 47 4 7 

Inst_Index:9105 	 City_Num:50 	 Concorde:5.883117 	 MCTS:5.883117 Improve:0.000000 	 Time:3.77 Seconds
Solution: 1 8 9 31 39 14 27 36 45 21 17 3 11 32 13 19 48 43 15 25 4 7 33 34 28 5 18 49 37 30 6 2 26 12 46 23 29 20 40 16 24 10 38 22 47 50 35 44 42 41 

Inst_Index:9106 	 City_Num:50 	 Concorde:5.411246 	 MCTS:5.411246 Improve:0.000000 	 Time:3.75 Seconds
Solution: 1 38 16 15 28 42 6 22 25 13 50 43 40 36 35 14 17 5 41 39 21 12 19 27 49 26 47 9 10 24 31 32 20 34 3 18 48 8 37 46 30 4 45 33 44 29 23 11 2 7 

Inst_Index:9107 	 City_Num:50 	 Concorde:5.984345 	 MCTS:5.984345 Improve:0.000000 	 Time:3.76 Seconds
Solution: 1 27 33 10 50 35 40 9 11 25 13 16 21 18 14 22 6 45 29 39 15 44 5 30 28 42 37 41 31 34 4 43 47 2 12 7 19 24 23 17 20 38 8 26 48 3 36 32 49 46 

Inst_Index:9108 	 City_Num:50 	 Concorde:6.076831 	 MCTS:6.076831 Improve:0.000000 	 Time:3.76 Seconds
Solution: 1 9 27 35 41 46 13 15 33 29 3 18 5 26 34 50 32 14 17 39 2 21 24 10 11 22 45 7 42 40 37 30 38 19 23 31 36 4 28 48 16 8 47 25 43 12 6 49 44 20 

Inst_Index:9109 	 City_Num:50 	 Concorde:5.767687 	 MCTS:5.763314 Improve:0.004373 	 Time:3.76 Seconds
Solution: 1 29 36 21 28 49 35 23 15 8 41 3 50 2 31 39 14 4 48 46 32 20 24 16 45 5 18 30 9 12 34 25 17 19 7 38 26 6 47 27 40 33 11 22 10 13 37 43 44 42 

Inst_Index:9110 	 City_Num:50 	 Concorde:5.444698 	 MCTS:5.441122 Improve:0.003576 	 Time:3.76 Seconds
Solution: 1 9 2 34 36 48 21 32 8 30 24 27 47 11 42 49 10 38 22 43 15 13 16 33 41 12 17 6 45 23 19 4 26 3 39 20 35 50 44 31 18 46 7 25 37 40 5 28 14 29 

Inst_Index:9111 	 City_Num:50 	 Concorde:6.019994 	 MCTS:6.009688 Improve:0.010306 	 Time:3.75 Seconds
Solution: 1 5 45 35 46 31 13 42 24 11 28 8 49 26 33 14 15 17 7 43 44 9 29 19 22 36 38 25 3 10 4 40 37 21 39 34 48 12 32 50 20 16 30 23 2 47 6 41 27 18 

Inst_Index:9112 	 City_Num:50 	 Concorde:5.839715 	 MCTS:5.839715 Improve:0.000000 	 Time:3.76 Seconds
Solution: 1 7 36 32 38 50 19 43 35 13 33 17 41 48 24 27 20 22 25 46 15 4 5 47 45 16 6 39 34 12 8 37 42 18 14 10 21 49 31 26 9 44 29 3 2 11 40 23 28 30 

Inst_Index:9113 	 City_Num:50 	 Concorde:5.984073 	 MCTS:5.984073 Improve:0.000000 	 Time:3.77 Seconds
Solution: 1 49 27 20 17 5 30 9 39 45 37 29 38 50 8 2 21 3 11 48 10 4 14 12 41 33 19 43 40 22 24 35 18 13 7 25 32 31 44 36 23 46 42 16 26 6 34 28 15 47 

Inst_Index:9114 	 City_Num:50 	 Concorde:5.553728 	 MCTS:5.553728 Improve:0.000000 	 Time:3.75 Seconds
Solution: 1 43 2 18 21 25 6 50 45 12 48 4 22 14 15 24 42 33 46 10 47 36 37 19 17 20 39 34 40 31 26 3 8 35 28 32 30 27 16 5 7 29 9 44 49 11 13 41 38 23 

Inst_Index:9115 	 City_Num:50 	 Concorde:5.827069 	 MCTS:5.827069 Improve:0.000000 	 Time:3.77 Seconds
Solution: 1 32 10 35 42 45 25 3 22 33 24 21 9 26 37 36 43 34 28 19 17 30 44 39 46 16 49 31 40 11 47 41 38 15 4 20 5 12 2 27 13 23 18 14 29 6 8 48 7 50 

Inst_Index:9116 	 City_Num:50 	 Concorde:5.756151 	 MCTS:5.756151 Improve:0.000000 	 Time:3.77 Seconds
Solution: 1 6 25 34 3 33 47 28 27 41 4 23 18 29 49 22 19 15 46 13 8 9 21 44 24 7 17 37 11 12 30 45 32 2 20 14 40 5 43 48 26 36 39 10 50 16 31 42 38 35 

Inst_Index:9117 	 City_Num:50 	 Concorde:5.589651 	 MCTS:5.586277 Improve:0.003374 	 Time:3.77 Seconds
Solution: 1 30 35 42 20 43 8 19 28 29 50 10 21 46 38 37 3 18 26 41 6 45 12 5 47 14 17 2 11 34 49 24 7 40 31 27 33 4 9 16 36 44 13 15 39 32 22 48 23 25 

Inst_Index:9118 	 City_Num:50 	 Concorde:5.787545 	 MCTS:5.787545 Improve:0.000000 	 Time:3.76 Seconds
Solution: 1 18 30 40 5 2 15 11 31 19 20 10 8 13 43 37 47 48 46 44 42 32 14 50 23 28 24 29 45 7 39 34 26 27 22 49 35 38 9 3 21 16 4 6 33 12 25 17 36 41 

Inst_Index:9119 	 City_Num:50 	 Concorde:5.095443 	 MCTS:5.095443 Improve:-0.000000 	 Time:3.76 Seconds
Solution: 1 15 33 49 9 3 31 5 47 28 34 17 20 12 11 14 38 43 41 42 35 24 18 13 8 45 40 19 44 32 4 10 46 25 29 2 50 22 48 27 39 23 30 21 37 26 6 16 7 36 

Inst_Index:9120 	 City_Num:50 	 Concorde:6.010568 	 MCTS:6.010568 Improve:0.000000 	 Time:3.75 Seconds
Solution: 1 19 15 9 8 22 45 31 29 34 21 20 27 32 35 17 44 37 14 23 50 49 33 5 39 12 7 46 47 16 48 10 6 30 18 41 42 2 13 11 24 26 36 43 40 38 25 3 28 4 

Inst_Index:9121 	 City_Num:50 	 Concorde:5.522372 	 MCTS:5.521510 Improve:0.000862 	 Time:3.76 Seconds
Solution: 1 3 19 34 36 16 21 24 18 45 23 5 14 12 29 33 25 4 30 26 28 48 9 2 10 43 50 41 6 35 20 27 13 42 40 11 44 38 39 47 49 31 8 32 15 17 37 7 22 46 

Inst_Index:9122 	 City_Num:50 	 Concorde:5.473088 	 MCTS:5.467215 Improve:0.005873 	 Time:3.77 Seconds
Solution: 1 12 49 23 15 45 11 8 44 41 14 5 26 22 27 10 28 50 47 35 36 40 20 48 21 7 34 18 2 42 43 24 31 4 9 6 30 46 32 3 33 13 16 25 38 39 17 19 37 29 

Inst_Index:9123 	 City_Num:50 	 Concorde:5.819832 	 MCTS:5.819832 Improve:0.000000 	 Time:3.77 Seconds
Solution: 1 38 11 15 5 25 13 17 10 21 2 42 33 20 24 6 35 16 50 7 19 40 22 23 3 45 18 27 4 14 46 26 31 28 48 44 32 47 43 34 36 30 12 8 37 9 39 41 29 49 

Inst_Index:9124 	 City_Num:50 	 Concorde:6.136279 	 MCTS:6.136279 Improve:0.000000 	 Time:3.76 Seconds
Solution: 1 21 17 2 6 45 20 50 8 25 32 37 11 12 7 46 14 19 41 36 3 44 43 49 9 40 22 24 28 42 29 5 47 26 35 30 10 16 15 39 13 18 4 48 31 23 33 34 38 27 

Inst_Index:9125 	 City_Num:50 	 Concorde:5.093137 	 MCTS:5.093137 Improve:-0.000000 	 Time:3.75 Seconds
Solution: 1 12 7 5 25 18 16 38 37 4 20 29 23 10 32 44 13 11 50 40 39 45 9 43 24 27 42 28 17 6 48 14 46 35 15 2 30 21 26 8 36 33 19 3 47 34 31 22 49 41 

Inst_Index:9126 	 City_Num:50 	 Concorde:5.522872 	 MCTS:5.520958 Improve:0.001914 	 Time:3.75 Seconds
Solution: 1 46 15 9 20 44 28 5 43 48 29 13 49 39 10 35 12 24 37 8 4 36 21 42 3 45 30 33 14 47 25 22 23 6 40 2 34 27 31 26 18 19 16 7 38 11 50 32 17 41 

Inst_Index:9127 	 City_Num:50 	 Concorde:5.525276 	 MCTS:5.525276 Improve:-0.000000 	 Time:3.76 Seconds
Solution: 1 39 29 13 35 41 38 50 42 43 34 32 25 20 44 26 33 22 11 2 5 4 24 27 23 8 46 10 28 3 16 14 40 9 15 45 37 18 7 31 36 21 19 6 47 12 48 49 17 30 

Inst_Index:9128 	 City_Num:50 	 Concorde:5.239937 	 MCTS:5.239937 Improve:-0.000000 	 Time:3.76 Seconds
Solution: 1 27 6 31 45 43 15 49 29 50 22 19 7 17 48 34 10 2 25 32 35 36 9 16 20 41 39 44 38 26 46 21 8 47 11 37 12 3 42 13 33 14 23 5 28 4 40 24 18 30 

Inst_Index:9129 	 City_Num:50 	 Concorde:5.723855 	 MCTS:5.723505 Improve:0.000350 	 Time:3.75 Seconds
Solution: 1 24 26 41 19 11 7 25 33 15 36 23 16 31 2 17 28 14 47 50 22 4 32 6 38 45 30 29 37 46 27 8 21 3 9 18 5 13 42 39 12 49 35 20 44 10 34 43 40 48 

Inst_Index:9130 	 City_Num:50 	 Concorde:5.839788 	 MCTS:5.839788 Improve:-0.000000 	 Time:3.76 Seconds
Solution: 1 17 40 13 46 2 6 18 9 38 28 31 43 39 41 7 30 4 10 3 49 50 27 37 14 25 22 23 44 45 5 21 47 24 12 19 36 32 20 15 33 48 35 26 11 8 29 42 34 16 

Inst_Index:9131 	 City_Num:50 	 Concorde:5.837534 	 MCTS:5.833218 Improve:0.004317 	 Time:3.75 Seconds
Solution: 1 16 9 31 26 17 11 37 15 6 48 25 20 4 30 47 50 40 10 49 27 33 13 8 19 23 24 2 29 7 41 3 5 22 46 36 18 32 14 34 45 35 38 42 44 12 43 39 28 21 

Inst_Index:9132 	 City_Num:50 	 Concorde:5.225177 	 MCTS:5.225177 Improve:0.000000 	 Time:3.76 Seconds
Solution: 1 10 47 48 49 21 19 38 36 7 2 41 37 11 24 28 29 32 25 44 26 4 13 40 50 27 5 14 16 18 34 17 42 22 3 33 45 6 39 8 35 15 12 30 20 23 31 43 9 46 

Inst_Index:9133 	 City_Num:50 	 Concorde:5.366309 	 MCTS:5.366309 Improve:-0.000000 	 Time:3.75 Seconds
Solution: 1 48 4 30 8 22 25 12 19 24 18 20 37 15 27 33 23 45 11 7 6 5 50 44 9 10 28 49 31 40 16 38 36 41 43 47 13 26 35 42 29 3 21 32 2 34 46 17 14 39 

Inst_Index:9134 	 City_Num:50 	 Concorde:5.726822 	 MCTS:5.722108 Improve:0.004715 	 Time:3.75 Seconds
Solution: 1 26 21 32 33 20 45 48 12 8 37 7 9 31 36 47 15 38 22 30 23 28 46 3 10 27 11 39 42 16 24 44 41 40 49 17 50 4 35 6 25 5 13 18 34 14 2 43 29 19 

Inst_Index:9135 	 City_Num:50 	 Concorde:5.536758 	 MCTS:5.536758 Improve:0.000000 	 Time:3.76 Seconds
Solution: 1 21 50 47 35 27 15 12 25 38 11 17 41 10 8 37 23 28 40 33 39 16 4 2 29 5 34 32 24 42 30 3 26 49 9 31 45 48 20 14 36 43 46 44 7 19 13 18 22 6 

Inst_Index:9136 	 City_Num:50 	 Concorde:5.620575 	 MCTS:5.620575 Improve:0.000000 	 Time:3.77 Seconds
Solution: 1 11 3 8 36 2 15 45 25 23 9 28 18 44 31 32 40 10 6 22 41 13 43 16 17 50 30 38 42 12 14 46 35 49 5 4 34 19 37 21 29 48 27 24 20 39 26 47 7 33 

Inst_Index:9137 	 City_Num:50 	 Concorde:5.816451 	 MCTS:5.805393 Improve:0.011058 	 Time:3.76 Seconds
Solution: 1 20 14 17 41 12 15 49 46 27 37 16 40 32 6 38 42 8 18 10 11 31 13 48 21 47 33 25 29 43 34 45 28 30 24 26 50 39 19 36 4 22 9 23 5 44 35 2 7 3 

Inst_Index:9138 	 City_Num:50 	 Concorde:5.729328 	 MCTS:5.729328 Improve:-0.000000 	 Time:3.76 Seconds
Solution: 1 44 11 7 47 36 18 6 13 9 37 17 12 16 50 40 27 2 46 42 8 4 34 29 48 19 49 22 35 20 33 43 31 45 38 5 14 32 28 39 25 3 23 41 21 26 10 24 30 15 

Inst_Index:9139 	 City_Num:50 	 Concorde:6.185395 	 MCTS:6.181402 Improve:0.003994 	 Time:3.77 Seconds
Solution: 1 29 17 36 24 48 50 23 10 9 31 47 18 5 49 39 16 28 42 11 43 41 6 27 30 8 40 3 20 46 15 45 19 33 7 44 34 32 35 14 22 21 26 4 12 25 13 38 2 37 

Inst_Index:9140 	 City_Num:50 	 Concorde:5.219641 	 MCTS:5.209320 Improve:0.010321 	 Time:3.76 Seconds
Solution: 1 16 7 10 6 40 23 49 42 26 31 17 15 24 34 37 29 5 39 44 14 43 32 13 22 50 12 30 19 45 9 20 35 25 33 41 28 36 11 4 18 47 46 48 3 8 21 38 2 27 

Inst_Index:9141 	 City_Num:50 	 Concorde:5.664192 	 MCTS:5.664192 Improve:0.000000 	 Time:3.77 Seconds
Solution: 1 26 20 43 10 41 49 3 15 33 25 5 7 21 9 32 29 12 50 44 47 16 8 4 34 46 42 13 6 23 11 35 18 2 17 45 22 48 14 39 38 28 31 27 24 19 37 30 40 36 

Inst_Index:9142 	 City_Num:50 	 Concorde:5.395675 	 MCTS:5.395675 Improve:-0.000000 	 Time:3.78 Seconds
Solution: 1 24 4 41 5 25 38 9 15 13 32 46 40 6 16 39 8 48 19 30 27 50 45 31 10 28 17 20 44 2 21 49 26 36 33 3 35 12 22 47 23 42 34 11 18 43 14 7 29 37 

Inst_Index:9143 	 City_Num:50 	 Concorde:5.416908 	 MCTS:5.416908 Improve:-0.000000 	 Time:3.75 Seconds
Solution: 1 15 47 5 41 21 35 32 6 29 26 12 3 19 30 48 8 44 39 38 18 4 17 10 42 24 14 46 7 16 23 43 13 36 22 50 27 49 20 28 11 37 31 9 2 45 25 34 33 40 

Inst_Index:9144 	 City_Num:50 	 Concorde:5.843316 	 MCTS:5.843250 Improve:0.000066 	 Time:3.76 Seconds
Solution: 1 14 23 34 19 13 36 46 7 6 8 43 4 41 11 49 39 50 40 38 21 17 48 33 37 22 45 32 20 26 35 44 29 12 24 2 42 28 9 5 15 25 27 31 3 18 16 30 10 47 

Inst_Index:9145 	 City_Num:50 	 Concorde:5.546417 	 MCTS:5.546417 Improve:-0.000000 	 Time:3.76 Seconds
Solution: 1 9 20 28 17 43 15 39 49 22 10 24 40 32 6 5 48 34 19 36 12 25 46 38 33 4 26 16 45 35 50 18 2 41 44 29 30 27 23 11 42 37 13 8 21 14 7 3 31 47 

Inst_Index:9146 	 City_Num:50 	 Concorde:5.617823 	 MCTS:5.617823 Improve:0.000000 	 Time:3.76 Seconds
Solution: 1 36 22 5 3 13 48 8 6 35 50 25 4 45 19 16 40 17 9 7 12 26 21 44 46 34 14 23 2 39 41 24 47 43 10 11 27 37 28 33 38 30 15 20 49 29 32 31 18 42 

Inst_Index:9147 	 City_Num:50 	 Concorde:5.984684 	 MCTS:5.982713 Improve:0.001971 	 Time:3.76 Seconds
Solution: 1 16 15 34 14 42 6 7 41 46 11 17 35 28 43 20 2 49 29 10 45 48 32 50 30 13 26 33 22 38 36 5 27 37 31 3 4 19 25 18 47 12 23 21 9 8 44 39 24 40 

Inst_Index:9148 	 City_Num:50 	 Concorde:5.898124 	 MCTS:5.888899 Improve:0.009225 	 Time:3.76 Seconds
Solution: 1 6 13 32 43 27 10 38 14 34 9 11 30 37 42 35 28 26 22 45 8 5 44 19 48 46 18 23 15 3 16 21 25 47 33 31 40 20 2 41 50 17 49 12 7 24 29 4 39 36 

Inst_Index:9149 	 City_Num:50 	 Concorde:5.769972 	 MCTS:5.769972 Improve:-0.000000 	 Time:3.76 Seconds
Solution: 1 37 47 40 18 14 38 13 46 49 30 41 20 7 16 5 2 42 8 17 22 12 50 34 6 27 36 11 29 9 3 24 10 25 35 48 26 23 45 43 33 19 32 28 4 31 44 15 21 39 

Inst_Index:9150 	 City_Num:50 	 Concorde:6.130948 	 MCTS:6.130119 Improve:0.000829 	 Time:3.76 Seconds
Solution: 1 32 40 12 36 28 15 38 41 11 2 45 4 21 31 29 30 5 20 46 50 24 23 25 49 44 48 18 8 17 14 34 43 27 39 6 47 16 35 3 33 13 37 9 42 10 26 22 19 7 

Inst_Index:9151 	 City_Num:50 	 Concorde:6.054439 	 MCTS:6.054439 Improve:0.000000 	 Time:3.77 Seconds
Solution: 1 13 22 27 38 12 16 4 50 9 44 48 31 45 14 21 24 8 20 6 19 11 47 42 7 39 30 18 32 25 33 36 46 40 5 37 23 28 26 29 2 43 34 41 49 3 10 35 15 17 

Inst_Index:9152 	 City_Num:50 	 Concorde:6.139050 	 MCTS:6.139050 Improve:0.000000 	 Time:3.75 Seconds
Solution: 1 28 25 39 42 20 46 18 48 33 4 27 23 36 47 38 15 43 44 26 34 32 19 8 12 14 5 37 41 40 2 50 21 22 13 16 49 17 29 24 10 11 45 6 9 3 31 30 35 7 

Inst_Index:9153 	 City_Num:50 	 Concorde:5.556751 	 MCTS:5.556751 Improve:-0.000000 	 Time:3.75 Seconds
Solution: 1 11 49 10 32 30 22 14 9 7 41 4 13 16 28 35 21 3 6 29 24 15 20 27 34 42 45 26 12 46 19 25 50 5 40 48 38 2 18 43 17 23 8 33 36 39 31 37 44 47 

Inst_Index:9154 	 City_Num:50 	 Concorde:5.123118 	 MCTS:5.120353 Improve:0.002765 	 Time:3.76 Seconds
Solution: 1 9 50 16 35 31 47 44 36 18 34 26 17 45 10 39 38 27 33 3 7 15 48 21 37 22 40 23 6 20 8 14 32 25 29 13 49 12 42 43 28 41 4 19 46 30 5 11 2 24 

Inst_Index:9155 	 City_Num:50 	 Concorde:5.577913 	 MCTS:5.577913 Improve:0.000000 	 Time:3.76 Seconds
Solution: 1 44 38 26 15 31 39 2 21 28 9 46 11 13 50 45 22 43 5 19 47 25 35 48 17 32 12 34 20 8 27 24 7 23 14 36 29 41 3 40 4 6 30 33 10 18 16 37 42 49 

Inst_Index:9156 	 City_Num:50 	 Concorde:5.714324 	 MCTS:5.707597 Improve:0.006727 	 Time:3.76 Seconds
Solution: 1 7 47 43 4 48 34 40 9 16 37 25 14 39 18 32 12 24 46 38 30 44 50 17 45 19 29 42 33 20 35 6 26 8 10 27 22 3 2 13 31 36 5 21 49 23 28 41 11 15 

Inst_Index:9157 	 City_Num:50 	 Concorde:5.853427 	 MCTS:5.853427 Improve:0.000000 	 Time:3.75 Seconds
Solution: 1 33 10 34 8 25 21 3 24 14 42 50 26 38 47 30 4 40 6 18 9 28 20 17 37 29 49 13 45 27 23 5 15 48 36 31 44 39 22 35 7 46 19 11 41 12 16 2 43 32 

Inst_Index:9158 	 City_Num:50 	 Concorde:5.788936 	 MCTS:5.788247 Improve:0.000689 	 Time:3.76 Seconds
Solution: 1 31 15 49 50 11 21 48 22 36 12 7 38 37 14 24 25 17 39 41 18 28 9 32 13 26 10 8 20 27 33 3 47 42 46 29 45 2 6 44 4 5 34 40 16 30 23 19 43 35 

Inst_Index:9159 	 City_Num:50 	 Concorde:5.450245 	 MCTS:5.444835 Improve:0.005410 	 Time:3.75 Seconds
Solution: 1 21 37 22 6 18 24 33 9 12 11 7 23 5 2 32 25 28 40 4 3 46 8 50 43 26 36 13 38 17 49 29 20 16 27 10 39 42 44 34 48 47 31 41 30 19 14 15 35 45 

Inst_Index:9160 	 City_Num:50 	 Concorde:5.843765 	 MCTS:5.843765 Improve:-0.000000 	 Time:3.77 Seconds
Solution: 1 39 32 21 50 31 36 13 40 41 24 33 38 9 4 18 37 3 19 42 34 46 11 7 8 2 22 20 47 35 43 25 12 14 28 49 45 16 30 10 27 17 48 5 15 44 29 23 6 26 

Inst_Index:9161 	 City_Num:50 	 Concorde:5.527737 	 MCTS:5.524454 Improve:0.003282 	 Time:3.76 Seconds
Solution: 1 49 46 24 40 47 32 20 38 12 35 13 36 3 28 9 16 29 22 43 27 41 6 21 17 37 10 14 15 4 42 25 19 5 34 45 39 18 7 48 8 30 50 11 33 26 31 23 2 44 

Inst_Index:9162 	 City_Num:50 	 Concorde:5.966506 	 MCTS:5.966506 Improve:0.000000 	 Time:3.75 Seconds
Solution: 1 31 33 12 48 41 37 14 9 44 29 35 10 34 3 27 4 25 5 7 11 24 26 43 40 30 2 42 20 13 28 23 17 6 8 45 50 49 32 16 22 15 18 19 39 47 38 46 21 36 

Inst_Index:9163 	 City_Num:50 	 Concorde:6.040809 	 MCTS:6.040809 Improve:0.000000 	 Time:3.76 Seconds
Solution: 1 44 25 46 21 20 34 38 7 49 23 50 19 35 45 6 36 15 3 27 40 30 41 39 24 29 47 31 13 33 2 10 28 16 18 42 48 4 12 8 22 43 11 17 32 26 9 14 5 37 

Inst_Index:9164 	 City_Num:50 	 Concorde:5.882453 	 MCTS:5.882453 Improve:-0.000000 	 Time:3.77 Seconds
Solution: 1 30 24 29 11 2 13 47 14 16 36 9 12 22 34 46 31 7 19 43 44 27 10 28 3 40 21 4 35 49 26 48 39 20 15 38 50 8 5 45 42 23 33 41 32 25 37 6 17 18 

Inst_Index:9165 	 City_Num:50 	 Concorde:5.467194 	 MCTS:5.466625 Improve:0.000570 	 Time:3.76 Seconds
Solution: 1 44 38 40 24 37 9 50 2 26 25 35 32 30 20 12 5 29 34 41 49 16 14 43 4 31 36 21 6 15 33 8 17 23 28 3 45 19 10 7 13 47 27 48 46 39 18 11 22 42 

Inst_Index:9166 	 City_Num:50 	 Concorde:5.634714 	 MCTS:5.634514 Improve:0.000200 	 Time:3.77 Seconds
Solution: 1 47 45 20 40 30 41 28 11 25 21 10 44 13 43 33 2 24 18 6 48 7 23 36 15 39 22 19 37 27 3 17 50 32 12 8 4 16 31 29 49 38 26 42 46 9 35 14 5 34 

Inst_Index:9167 	 City_Num:50 	 Concorde:5.959700 	 MCTS:5.959700 Improve:0.000000 	 Time:3.76 Seconds
Solution: 1 22 25 42 8 7 29 28 33 4 38 26 27 5 17 48 23 24 16 6 44 19 11 50 36 43 37 47 45 12 40 14 30 35 31 18 2 46 32 34 20 15 39 41 49 10 21 3 13 9 

Inst_Index:9168 	 City_Num:50 	 Concorde:5.833641 	 MCTS:5.828590 Improve:0.005050 	 Time:3.75 Seconds
Solution: 1 21 11 49 8 45 44 34 47 48 46 18 27 35 30 42 19 24 16 23 17 28 6 2 5 37 15 26 29 36 4 32 12 3 31 40 43 20 7 50 22 9 10 39 25 14 13 33 38 41 

Inst_Index:9169 	 City_Num:50 	 Concorde:5.605317 	 MCTS:5.600952 Improve:0.004365 	 Time:3.75 Seconds
Solution: 1 20 33 30 40 23 32 22 28 36 37 14 10 26 41 44 24 3 4 8 16 46 29 5 45 48 31 2 11 13 21 34 38 18 43 7 49 19 15 17 25 12 50 6 27 35 9 42 39 47 

Inst_Index:9170 	 City_Num:50 	 Concorde:5.536620 	 MCTS:5.536620 Improve:0.000000 	 Time:3.76 Seconds
Solution: 1 36 2 41 18 37 49 25 32 3 10 4 50 34 5 47 29 28 40 15 33 24 7 12 48 23 9 22 27 6 19 31 26 42 11 14 39 30 16 46 13 20 44 21 8 43 38 45 35 17 

Inst_Index:9171 	 City_Num:50 	 Concorde:6.183360 	 MCTS:6.183360 Improve:0.000000 	 Time:3.76 Seconds
Solution: 1 46 24 23 27 15 31 19 30 33 22 2 16 21 50 49 14 28 26 13 41 6 45 47 20 40 37 44 3 35 43 11 12 18 38 8 32 42 36 5 29 9 48 10 34 39 7 25 4 17 

Inst_Index:9172 	 City_Num:50 	 Concorde:5.638555 	 MCTS:5.638555 Improve:-0.000000 	 Time:3.76 Seconds
Solution: 1 39 46 19 42 43 4 29 13 28 27 15 48 17 9 38 22 32 10 24 47 26 23 20 25 5 45 31 8 16 44 50 33 18 41 7 30 3 6 12 37 40 35 11 36 49 34 2 21 14 

Inst_Index:9173 	 City_Num:50 	 Concorde:5.390624 	 MCTS:5.381466 Improve:0.009158 	 Time:3.77 Seconds
Solution: 1 19 27 44 36 50 15 2 6 46 10 43 37 17 7 25 32 40 49 45 13 8 18 23 34 31 35 22 12 28 39 29 47 30 42 48 5 16 4 20 14 3 26 21 9 38 41 33 24 11 

Inst_Index:9174 	 City_Num:50 	 Concorde:5.739813 	 MCTS:5.736317 Improve:0.003496 	 Time:3.76 Seconds
Solution: 1 50 12 35 6 34 26 38 31 43 11 49 17 36 10 16 8 7 47 45 3 46 24 2 44 13 41 4 23 30 15 5 22 32 18 48 20 29 27 9 40 33 39 19 42 37 14 25 28 21 

Inst_Index:9175 	 City_Num:50 	 Concorde:5.414462 	 MCTS:5.414462 Improve:-0.000000 	 Time:3.76 Seconds
Solution: 1 14 40 39 16 37 41 30 9 25 34 32 50 27 35 24 33 12 46 2 4 44 13 11 5 17 43 19 49 7 23 45 31 18 47 22 42 36 28 38 10 15 21 6 29 26 48 20 8 3 

Inst_Index:9176 	 City_Num:50 	 Concorde:5.779264 	 MCTS:5.779264 Improve:0.000000 	 Time:3.75 Seconds
Solution: 1 6 27 45 2 38 19 5 31 12 17 43 24 35 13 26 48 41 25 8 9 40 18 7 46 21 11 34 47 49 44 32 29 23 20 15 3 28 4 16 36 33 30 22 42 10 50 37 39 14 

Inst_Index:9177 	 City_Num:50 	 Concorde:5.139877 	 MCTS:5.139877 Improve:0.000000 	 Time:3.75 Seconds
Solution: 1 29 18 34 4 38 49 30 37 22 33 40 41 43 32 8 11 13 5 28 45 12 47 23 46 50 27 35 21 6 16 7 31 39 19 42 36 26 17 2 14 48 25 44 24 20 15 3 10 9 

Inst_Index:9178 	 City_Num:50 	 Concorde:5.329923 	 MCTS:5.329923 Improve:0.000000 	 Time:3.77 Seconds
Solution: 1 43 19 14 35 10 5 45 44 18 32 46 36 3 9 31 4 41 20 6 39 34 16 15 7 28 22 24 26 13 11 23 47 50 38 21 49 37 30 33 29 12 17 8 42 2 48 27 25 40 

Inst_Index:9179 	 City_Num:50 	 Concorde:5.854382 	 MCTS:5.849810 Improve:0.004571 	 Time:3.75 Seconds
Solution: 1 19 7 30 33 9 17 43 24 36 48 11 2 31 41 34 20 13 37 45 22 16 6 10 44 4 47 46 23 29 50 32 26 35 25 39 21 42 3 40 15 28 8 12 38 14 5 18 27 49 

Inst_Index:9180 	 City_Num:50 	 Concorde:5.508621 	 MCTS:5.508621 Improve:-0.000000 	 Time:3.76 Seconds
Solution: 1 4 17 39 42 7 47 48 25 34 5 35 50 49 32 40 45 15 14 33 44 3 13 16 21 2 9 28 46 41 6 36 8 38 37 27 43 11 31 19 26 12 29 23 10 30 18 22 20 24 

Inst_Index:9181 	 City_Num:50 	 Concorde:5.857724 	 MCTS:5.857724 Improve:-0.000000 	 Time:3.76 Seconds
Solution: 1 15 18 50 19 17 21 49 33 23 31 26 12 6 40 46 24 32 42 38 45 8 35 20 9 29 44 3 37 11 4 5 39 25 7 14 27 34 13 30 47 43 22 48 36 10 41 16 2 28 

Inst_Index:9182 	 City_Num:50 	 Concorde:6.081024 	 MCTS:6.081024 Improve:0.000000 	 Time:3.75 Seconds
Solution: 1 9 7 35 49 34 11 32 44 21 47 24 6 30 14 45 17 39 5 37 31 43 46 42 38 48 22 16 27 15 12 33 8 40 13 4 28 41 18 3 36 23 25 26 19 2 29 20 10 50 

Inst_Index:9183 	 City_Num:50 	 Concorde:5.699025 	 MCTS:5.693100 Improve:0.005925 	 Time:3.79 Seconds
Solution: 1 15 24 21 41 14 23 18 11 43 36 30 25 7 27 33 20 48 5 8 13 35 22 31 12 28 17 38 46 44 40 50 19 10 26 29 2 4 49 47 39 9 16 37 6 3 45 34 32 42 

Inst_Index:9184 	 City_Num:50 	 Concorde:5.237982 	 MCTS:5.237390 Improve:0.000593 	 Time:3.76 Seconds
Solution: 1 48 32 12 3 47 19 15 17 31 9 13 46 35 20 45 29 6 33 24 18 14 16 5 26 22 37 43 28 34 44 38 23 30 41 10 2 42 50 21 49 25 4 8 36 27 40 11 7 39 

Inst_Index:9185 	 City_Num:50 	 Concorde:5.278310 	 MCTS:5.266394 Improve:0.011916 	 Time:3.78 Seconds
Solution: 1 21 33 44 46 47 29 10 18 48 40 35 7 12 22 2 32 8 39 37 5 28 20 31 3 6 14 4 36 25 38 34 16 24 49 23 9 45 19 15 41 26 50 43 11 30 27 13 42 17 

Inst_Index:9186 	 City_Num:50 	 Concorde:5.241899 	 MCTS:5.241899 Improve:0.000000 	 Time:3.76 Seconds
Solution: 1 34 21 48 20 13 33 3 10 28 9 8 6 29 50 32 37 44 2 49 15 24 25 41 31 40 46 11 27 26 39 38 47 43 18 16 30 42 12 5 19 14 4 17 35 22 23 36 7 45 

Inst_Index:9187 	 City_Num:50 	 Concorde:5.584515 	 MCTS:5.584515 Improve:0.000000 	 Time:3.75 Seconds
Solution: 1 38 10 20 46 50 41 26 22 39 24 47 21 36 18 35 14 44 23 49 31 25 48 5 34 45 6 9 43 3 12 33 37 11 40 4 30 8 13 42 15 32 19 17 7 16 2 28 27 29 

Inst_Index:9188 	 City_Num:50 	 Concorde:5.784542 	 MCTS:5.784542 Improve:0.000000 	 Time:3.75 Seconds
Solution: 1 31 19 33 47 17 34 22 38 40 45 3 20 16 4 6 32 43 7 10 39 29 25 28 13 35 12 26 30 37 27 15 49 50 48 46 36 2 23 41 9 42 21 44 11 24 8 14 5 18 

Inst_Index:9189 	 City_Num:50 	 Concorde:5.927470 	 MCTS:5.927470 Improve:0.000000 	 Time:3.75 Seconds
Solution: 1 33 38 31 44 15 23 3 16 37 41 22 21 2 39 7 47 13 9 25 27 12 43 29 32 17 34 5 6 20 40 45 49 48 8 30 24 18 10 11 28 50 35 46 26 14 42 19 36 4 

Inst_Index:9190 	 City_Num:50 	 Concorde:5.650180 	 MCTS:5.650180 Improve:-0.000000 	 Time:3.77 Seconds
Solution: 1 22 36 17 40 46 13 19 25 27 24 47 45 3 18 42 10 2 44 16 21 39 20 29 41 7 35 32 43 30 50 9 8 28 26 6 34 12 14 48 33 31 37 15 38 23 5 11 49 4 

Inst_Index:9191 	 City_Num:50 	 Concorde:5.731291 	 MCTS:5.729794 Improve:0.001497 	 Time:3.75 Seconds
Solution: 1 34 17 14 7 4 2 9 41 16 22 21 47 18 38 44 5 24 45 11 39 15 23 43 31 20 42 6 50 48 37 29 19 26 40 10 3 49 12 33 32 27 35 25 46 30 13 28 8 36 

Inst_Index:9192 	 City_Num:50 	 Concorde:5.790319 	 MCTS:5.790319 Improve:0.000000 	 Time:3.77 Seconds
Solution: 1 14 26 36 2 11 10 19 37 21 33 44 48 30 6 35 13 4 12 16 49 50 32 46 8 3 17 25 41 27 42 34 20 38 39 28 18 5 31 9 45 40 29 7 47 24 15 22 43 23 

Inst_Index:9193 	 City_Num:50 	 Concorde:5.411525 	 MCTS:5.411525 Improve:0.000000 	 Time:3.76 Seconds
Solution: 1 24 33 30 40 5 11 34 32 4 25 15 45 9 41 42 29 14 20 48 31 16 46 2 39 28 43 19 38 8 6 23 17 22 49 47 26 44 21 50 12 13 35 18 3 27 37 36 10 7 

Inst_Index:9194 	 City_Num:50 	 Concorde:5.373972 	 MCTS:5.373972 Improve:0.000000 	 Time:3.75 Seconds
Solution: 1 6 30 22 10 17 35 44 46 3 28 33 24 23 26 16 49 48 27 11 5 37 32 50 2 39 12 8 25 7 47 13 34 29 31 19 20 45 36 43 15 4 18 40 9 42 14 21 38 41 

Inst_Index:9195 	 City_Num:50 	 Concorde:6.064158 	 MCTS:6.062251 Improve:0.001907 	 Time:3.75 Seconds
Solution: 1 23 12 44 9 22 25 47 45 7 15 50 17 31 48 37 3 2 11 26 20 41 35 16 14 32 42 40 43 27 5 46 13 36 6 19 21 33 49 34 24 4 28 29 39 8 10 30 38 18 

Inst_Index:9196 	 City_Num:50 	 Concorde:5.702312 	 MCTS:5.702312 Improve:-0.000000 	 Time:3.75 Seconds
Solution: 1 7 33 5 30 47 43 26 44 13 36 27 8 22 42 25 19 45 37 46 32 24 38 6 28 17 4 40 11 20 12 41 23 15 31 16 3 14 39 35 34 49 48 10 2 21 50 29 18 9 

Inst_Index:9197 	 City_Num:50 	 Concorde:5.652651 	 MCTS:5.651313 Improve:0.001338 	 Time:3.76 Seconds
Solution: 1 26 42 30 28 40 7 43 41 45 37 18 29 10 39 33 2 46 34 9 20 23 48 49 31 16 50 11 4 25 5 44 36 12 27 32 14 17 8 47 19 15 6 3 13 24 21 22 38 35 

Inst_Index:9198 	 City_Num:50 	 Concorde:5.513260 	 MCTS:5.513260 Improve:-0.000000 	 Time:3.75 Seconds
Solution: 1 34 44 31 3 20 13 21 16 17 40 38 47 43 42 15 8 7 28 4 5 36 50 37 25 6 19 45 46 26 10 23 14 39 49 32 27 24 30 22 48 9 35 18 29 12 2 41 33 11 

Inst_Index:9199 	 City_Num:50 	 Concorde:5.312363 	 MCTS:5.307629 Improve:0.004734 	 Time:3.76 Seconds
Solution: 1 4 47 12 43 27 46 32 6 48 30 37 23 9 22 35 21 41 5 14 20 25 3 8 11 49 29 19 18 13 2 17 10 24 42 40 33 36 31 15 39 45 26 38 7 50 44 16 28 34 

Inst_Index:9200 	 City_Num:50 	 Concorde:5.735257 	 MCTS:5.734999 Improve:0.000258 	 Time:3.76 Seconds
Solution: 1 43 28 12 3 15 4 27 48 9 24 42 36 20 10 11 13 31 39 7 8 30 41 22 44 35 5 32 17 25 38 2 49 37 47 26 40 29 21 16 45 50 6 19 14 18 34 46 33 23 

Inst_Index:9201 	 City_Num:50 	 Concorde:5.684411 	 MCTS:5.684411 Improve:0.000000 	 Time:3.75 Seconds
Solution: 1 30 27 36 37 16 40 38 12 41 14 44 47 46 22 18 9 6 49 32 33 35 39 17 23 43 48 10 11 31 15 24 25 20 7 5 45 50 13 19 8 29 21 4 26 34 2 42 3 28 

Inst_Index:9202 	 City_Num:50 	 Concorde:5.673669 	 MCTS:5.669800 Improve:0.003868 	 Time:3.75 Seconds
Solution: 1 28 2 13 19 49 36 24 16 31 29 44 35 8 3 38 12 41 10 40 21 25 14 34 22 46 23 20 9 30 27 26 18 33 47 5 48 15 39 7 43 37 4 45 42 50 6 11 32 17 

Inst_Index:9203 	 City_Num:50 	 Concorde:5.906001 	 MCTS:5.906001 Improve:-0.000000 	 Time:3.76 Seconds
Solution: 1 33 25 47 9 13 10 28 29 6 16 31 24 21 41 12 8 20 40 23 14 39 22 38 44 15 32 18 3 36 26 5 27 34 11 30 49 4 48 46 50 19 7 35 43 45 37 17 42 2 

Inst_Index:9204 	 City_Num:50 	 Concorde:5.513642 	 MCTS:5.513642 Improve:-0.000000 	 Time:3.76 Seconds
Solution: 1 33 6 20 7 29 30 44 2 13 46 10 40 47 15 26 8 31 39 28 19 41 3 36 22 49 35 11 4 14 27 24 42 34 16 38 37 9 32 43 25 5 18 48 17 21 45 23 12 50 

Inst_Index:9205 	 City_Num:50 	 Concorde:5.126348 	 MCTS:5.126348 Improve:-0.000000 	 Time:3.76 Seconds
Solution: 1 22 50 46 49 6 31 12 32 29 33 34 38 44 30 13 18 24 2 28 19 3 35 10 37 39 27 43 41 7 20 26 4 15 11 9 45 42 40 8 25 36 16 5 14 48 23 47 21 17 

Inst_Index:9206 	 City_Num:50 	 Concorde:5.760759 	 MCTS:5.760759 Improve:-0.000000 	 Time:3.75 Seconds
Solution: 1 2 21 36 39 45 41 10 14 30 40 29 35 3 37 9 49 15 5 33 25 28 8 46 19 23 12 27 32 47 44 6 48 11 31 13 38 26 4 43 50 20 34 24 42 18 16 17 7 22 

Inst_Index:9207 	 City_Num:50 	 Concorde:5.718538 	 MCTS:5.715886 Improve:0.002652 	 Time:3.76 Seconds
Solution: 1 16 19 28 38 21 29 45 6 33 42 27 8 13 24 23 41 26 9 15 12 20 48 2 39 5 18 34 31 14 40 43 11 37 47 32 25 3 49 30 17 46 35 10 44 36 22 7 50 4 

Inst_Index:9208 	 City_Num:50 	 Concorde:5.505983 	 MCTS:5.505983 Improve:0.000000 	 Time:3.75 Seconds
Solution: 1 49 42 47 40 22 31 3 44 16 18 2 15 35 50 11 41 36 9 38 26 5 17 12 23 33 32 20 25 43 4 37 30 7 14 24 45 28 27 48 8 39 29 10 46 13 21 6 34 19 

Inst_Index:9209 	 City_Num:50 	 Concorde:5.725051 	 MCTS:5.725051 Improve:0.000000 	 Time:3.76 Seconds
Solution: 1 13 2 39 23 22 40 27 5 42 26 49 50 37 47 3 6 36 30 24 20 43 15 46 19 41 35 48 18 4 16 44 9 34 7 31 21 32 25 8 14 33 10 38 28 17 45 11 29 12 

Inst_Index:9210 	 City_Num:50 	 Concorde:5.428827 	 MCTS:5.428827 Improve:-0.000000 	 Time:3.76 Seconds
Solution: 1 47 32 31 17 25 7 4 2 24 16 33 41 11 15 49 23 19 36 44 48 9 35 3 12 14 29 45 21 39 50 10 40 38 46 37 27 28 30 34 42 20 5 8 13 18 43 6 26 22 

Inst_Index:9211 	 City_Num:50 	 Concorde:5.715902 	 MCTS:5.714534 Improve:0.001368 	 Time:3.76 Seconds
Solution: 1 36 5 21 35 27 31 45 26 11 22 37 10 30 9 48 28 13 41 39 8 43 15 40 4 44 38 49 2 42 14 29 47 6 34 18 7 12 23 19 50 33 17 3 20 46 32 24 25 16 

Inst_Index:9212 	 City_Num:50 	 Concorde:5.805174 	 MCTS:5.805174 Improve:-0.000000 	 Time:3.76 Seconds
Solution: 1 11 12 23 7 26 48 45 38 22 46 28 32 25 50 31 33 5 49 35 41 47 15 8 43 4 6 10 2 40 24 34 37 13 30 20 16 27 39 17 44 14 3 9 21 36 19 42 29 18 

Inst_Index:9213 	 City_Num:50 	 Concorde:5.523490 	 MCTS:5.523490 Improve:0.000000 	 Time:3.75 Seconds
Solution: 1 44 39 26 7 22 13 11 21 38 46 32 12 23 27 29 4 20 40 35 24 8 48 5 41 10 43 36 6 30 15 2 37 14 19 47 9 18 49 28 45 42 3 31 17 33 16 34 25 50 

Inst_Index:9214 	 City_Num:50 	 Concorde:5.497647 	 MCTS:5.497647 Improve:0.000000 	 Time:3.75 Seconds
Solution: 1 9 22 20 19 25 26 10 46 47 30 6 12 2 7 28 13 33 16 36 43 18 3 35 27 34 42 17 14 41 44 45 49 50 24 31 5 8 11 48 15 37 23 21 40 38 4 39 32 29 

Inst_Index:9215 	 City_Num:50 	 Concorde:5.633691 	 MCTS:5.633691 Improve:0.000000 	 Time:3.76 Seconds
Solution: 1 42 38 21 40 15 29 5 27 6 30 26 7 20 37 46 22 28 31 4 44 2 24 35 34 10 9 8 23 12 17 32 33 45 25 18 48 19 50 43 16 39 3 36 49 41 14 47 11 13 

Inst_Index:9216 	 City_Num:50 	 Concorde:5.735472 	 MCTS:5.735472 Improve:-0.000000 	 Time:3.76 Seconds
Solution: 1 21 41 17 13 18 5 3 31 28 30 8 11 25 26 42 9 22 46 27 39 29 32 7 44 48 34 6 16 35 15 2 43 33 38 4 36 14 23 10 12 45 47 24 37 50 40 49 20 19 

Inst_Index:9217 	 City_Num:50 	 Concorde:5.626372 	 MCTS:5.626286 Improve:0.000086 	 Time:3.76 Seconds
Solution: 1 10 9 36 39 42 24 50 40 32 19 46 5 29 26 15 35 17 34 25 31 41 48 23 37 45 18 28 14 43 30 49 12 27 7 21 38 20 22 16 8 47 33 44 6 3 4 2 13 11 

Inst_Index:9218 	 City_Num:50 	 Concorde:5.826873 	 MCTS:5.816196 Improve:0.010678 	 Time:3.76 Seconds
Solution: 1 28 44 22 43 33 5 45 8 16 30 40 20 37 2 15 4 27 12 38 32 21 23 29 34 48 24 25 42 49 36 18 39 31 13 14 47 35 3 17 19 41 11 26 7 6 50 10 46 9 

Inst_Index:9219 	 City_Num:50 	 Concorde:6.201479 	 MCTS:6.201479 Improve:0.000000 	 Time:3.77 Seconds
Solution: 1 28 15 7 45 49 36 38 18 43 20 19 41 33 50 46 4 48 5 29 32 16 3 24 42 12 26 14 10 22 13 8 17 6 39 37 2 11 21 25 44 40 27 30 9 34 35 31 47 23 

Inst_Index:9220 	 City_Num:50 	 Concorde:5.873681 	 MCTS:5.873681 Improve:-0.000000 	 Time:3.77 Seconds
Solution: 1 22 6 30 28 2 19 27 14 41 26 43 35 24 47 32 25 11 36 9 4 21 17 15 44 39 23 3 10 42 20 33 18 49 8 29 50 12 34 48 38 13 45 7 16 46 37 5 31 40 

Inst_Index:9221 	 City_Num:50 	 Concorde:5.907305 	 MCTS:5.901820 Improve:0.005485 	 Time:3.75 Seconds
Solution: 1 13 20 39 30 38 46 29 26 40 3 14 22 49 15 8 11 47 44 6 31 32 34 28 5 16 43 21 33 9 36 45 17 42 24 19 27 2 10 4 25 48 12 41 18 37 35 7 50 23 

Inst_Index:9222 	 City_Num:50 	 Concorde:5.429718 	 MCTS:5.424668 Improve:0.005050 	 Time:3.76 Seconds
Solution: 1 19 45 21 47 31 40 37 36 41 48 18 23 10 39 5 11 7 9 17 24 26 49 3 42 13 6 29 43 35 22 12 25 8 44 34 20 38 15 33 28 27 32 16 50 46 4 14 2 30 

Inst_Index:9223 	 City_Num:50 	 Concorde:5.241428 	 MCTS:5.239941 Improve:0.001487 	 Time:3.75 Seconds
Solution: 1 36 38 20 9 11 15 47 40 6 49 41 16 4 42 3 18 12 7 14 2 44 19 26 8 13 39 48 10 21 45 29 17 43 30 28 31 35 33 23 25 50 24 46 32 27 34 5 37 22 

Inst_Index:9224 	 City_Num:50 	 Concorde:5.687092 	 MCTS:5.687092 Improve:-0.000000 	 Time:3.77 Seconds
Solution: 1 4 9 6 18 23 27 14 31 10 44 12 28 36 3 11 32 22 34 40 48 43 15 13 39 5 38 24 19 16 37 25 29 33 17 49 41 42 7 47 30 26 35 8 21 45 50 2 46 20 

Inst_Index:9225 	 City_Num:50 	 Concorde:5.502846 	 MCTS:5.501940 Improve:0.000906 	 Time:3.75 Seconds
Solution: 1 7 28 34 44 13 47 36 39 33 9 31 27 16 45 20 14 11 15 4 29 8 42 12 38 30 3 5 48 17 25 26 37 22 35 19 10 21 43 50 32 23 2 6 41 49 18 46 24 40 

Inst_Index:9226 	 City_Num:50 	 Concorde:5.580495 	 MCTS:5.572984 Improve:0.007510 	 Time:3.76 Seconds
Solution: 1 42 44 45 7 36 11 30 38 50 19 17 26 24 29 10 6 35 12 5 37 41 21 2 16 33 25 14 23 15 46 48 31 27 49 28 40 4 8 39 3 32 13 20 43 9 34 47 18 22 

Inst_Index:9227 	 City_Num:50 	 Concorde:5.293601 	 MCTS:5.293242 Improve:0.000359 	 Time:3.76 Seconds
Solution: 1 7 10 42 31 50 26 41 39 2 15 5 45 8 22 46 34 13 48 20 30 18 11 47 33 27 36 38 49 37 19 12 6 3 17 32 44 24 40 4 16 25 28 35 23 14 9 43 29 21 

Inst_Index:9228 	 City_Num:50 	 Concorde:5.540178 	 MCTS:5.540178 Improve:0.000000 	 Time:3.78 Seconds
Solution: 1 32 14 35 27 49 11 38 31 42 23 10 28 12 7 18 33 50 5 41 13 36 2 15 47 29 6 8 43 48 30 26 45 44 34 9 46 25 20 19 24 17 40 39 21 22 3 16 4 37 

Inst_Index:9229 	 City_Num:50 	 Concorde:5.780155 	 MCTS:5.776303 Improve:0.003853 	 Time:3.77 Seconds
Solution: 1 40 30 39 38 7 50 19 18 47 6 25 33 3 14 32 5 34 17 15 41 31 36 45 11 26 4 28 22 42 16 49 48 9 12 44 2 46 24 21 10 23 13 43 27 37 29 8 35 20 

Inst_Index:9230 	 City_Num:50 	 Concorde:5.926839 	 MCTS:5.920678 Improve:0.006161 	 Time:3.76 Seconds
Solution: 1 26 28 23 36 50 14 15 17 3 4 5 44 9 20 27 46 48 30 13 29 41 31 37 43 6 16 19 10 35 2 39 18 49 21 33 38 34 47 25 12 8 45 22 24 42 32 11 7 40 

Inst_Index:9231 	 City_Num:50 	 Concorde:5.839232 	 MCTS:5.839232 Improve:0.000000 	 Time:3.76 Seconds
Solution: 1 18 39 45 50 16 22 17 28 12 24 27 19 32 10 36 38 3 11 46 14 41 35 33 43 49 30 6 29 20 25 2 26 5 48 42 34 37 31 40 9 44 8 7 13 4 47 15 21 23 

Inst_Index:9232 	 City_Num:50 	 Concorde:5.730458 	 MCTS:5.728710 Improve:0.001748 	 Time:3.77 Seconds
Solution: 1 23 35 27 48 12 47 6 19 40 14 8 11 13 9 17 10 31 37 24 46 32 30 29 16 21 22 44 38 2 39 7 4 43 28 25 50 41 36 33 18 42 15 20 3 26 45 34 5 49 

Inst_Index:9233 	 City_Num:50 	 Concorde:6.106060 	 MCTS:6.105736 Improve:0.000324 	 Time:3.75 Seconds
Solution: 1 4 47 20 30 27 28 2 42 21 16 44 10 19 11 5 31 3 43 39 22 48 25 8 17 29 13 50 49 34 6 41 40 45 9 24 46 14 12 26 23 18 37 36 32 7 15 38 33 35 

Inst_Index:9234 	 City_Num:50 	 Concorde:5.808791 	 MCTS:5.808549 Improve:0.000242 	 Time:3.76 Seconds
Solution: 1 3 13 9 45 29 41 4 5 30 11 47 12 21 10 33 15 6 42 43 16 23 36 39 28 35 25 26 48 49 44 46 19 14 18 7 40 20 38 22 24 2 27 31 32 8 50 37 34 17 

Inst_Index:9235 	 City_Num:50 	 Concorde:5.708264 	 MCTS:5.708264 Improve:0.000000 	 Time:3.77 Seconds
Solution: 1 50 39 28 42 32 36 14 9 10 35 7 25 6 2 13 16 17 37 15 48 19 3 47 27 40 44 24 38 26 41 34 31 43 49 11 12 18 22 21 4 20 33 45 5 30 23 29 46 8 

Inst_Index:9236 	 City_Num:50 	 Concorde:6.135313 	 MCTS:6.135313 Improve:0.000000 	 Time:3.78 Seconds
Solution: 1 32 9 21 34 35 37 5 14 10 8 23 40 19 20 45 4 16 38 15 44 12 2 49 48 27 24 3 47 42 6 13 22 41 43 28 33 39 25 46 30 50 29 31 26 17 11 36 18 7 

Inst_Index:9237 	 City_Num:50 	 Concorde:5.407288 	 MCTS:5.407126 Improve:0.000162 	 Time:3.77 Seconds
Solution: 1 22 20 21 48 9 39 41 43 35 6 33 10 14 7 42 50 36 38 29 16 13 26 18 31 23 32 40 17 15 24 46 19 12 4 8 34 45 37 5 25 3 47 30 11 27 49 28 44 2 

Inst_Index:9238 	 City_Num:50 	 Concorde:5.837564 	 MCTS:5.837564 Improve:-0.000000 	 Time:3.78 Seconds
Solution: 1 35 26 10 49 47 43 38 20 42 28 21 11 19 24 30 14 36 7 8 2 18 45 15 44 39 5 48 4 25 37 46 13 40 33 16 31 3 6 34 17 50 23 27 32 22 29 41 9 12 

Inst_Index:9239 	 City_Num:50 	 Concorde:5.546108 	 MCTS:5.546108 Improve:0.000000 	 Time:3.76 Seconds
Solution: 1 41 4 29 19 48 27 28 34 2 50 44 14 42 35 45 6 16 31 23 17 40 30 8 25 9 11 12 7 46 47 32 13 21 43 22 3 39 37 26 36 10 5 15 49 20 38 33 18 24 

Inst_Index:9240 	 City_Num:50 	 Concorde:5.894937 	 MCTS:5.894937 Improve:0.000000 	 Time:3.76 Seconds
Solution: 1 10 33 45 48 35 3 31 21 20 47 28 36 39 9 17 18 16 6 11 41 19 40 30 32 49 44 34 27 13 2 15 38 25 46 26 22 4 43 23 29 24 8 12 50 14 7 37 5 42 

Inst_Index:9241 	 City_Num:50 	 Concorde:6.289636 	 MCTS:6.288086 Improve:0.001551 	 Time:3.76 Seconds
Solution: 1 4 30 48 3 27 35 19 28 22 11 50 26 47 41 32 8 9 6 31 24 39 18 49 12 33 40 15 25 7 2 42 34 23 36 45 5 10 16 43 21 38 14 17 46 37 29 44 20 13 

Inst_Index:9242 	 City_Num:50 	 Concorde:6.032471 	 MCTS:6.032471 Improve:0.000000 	 Time:3.76 Seconds
Solution: 1 2 44 32 43 19 15 6 40 13 7 46 24 35 38 31 21 50 14 16 30 18 12 22 42 4 20 41 37 34 23 47 33 49 26 48 5 29 36 17 11 27 8 39 45 25 10 28 9 3 

Inst_Index:9243 	 City_Num:50 	 Concorde:5.750056 	 MCTS:5.750056 Improve:0.000000 	 Time:3.75 Seconds
Solution: 1 28 47 50 16 7 12 23 3 9 29 49 45 40 18 41 6 10 32 38 25 42 15 33 4 11 24 26 8 44 20 27 19 14 5 37 34 39 36 43 35 48 31 22 21 13 2 30 17 46 

Inst_Index:9244 	 City_Num:50 	 Concorde:5.274410 	 MCTS:5.274085 Improve:0.000326 	 Time:3.77 Seconds
Solution: 1 21 27 31 30 3 10 43 23 38 12 39 8 45 49 14 9 37 6 26 7 29 28 50 18 35 41 32 2 24 47 36 46 19 11 16 5 25 48 22 44 34 15 20 42 33 17 13 40 4 

Inst_Index:9245 	 City_Num:50 	 Concorde:5.317812 	 MCTS:5.317476 Improve:0.000336 	 Time:3.75 Seconds
Solution: 1 15 40 38 9 30 39 16 47 17 45 49 6 33 41 4 7 27 43 48 42 23 32 28 24 3 25 20 37 18 35 34 21 2 46 12 19 5 10 26 31 11 8 36 50 29 14 22 13 44 

Inst_Index:9246 	 City_Num:50 	 Concorde:5.928241 	 MCTS:5.928241 Improve:-0.000000 	 Time:3.76 Seconds
Solution: 1 25 24 50 40 35 46 37 22 17 43 21 39 28 5 20 15 27 8 31 29 10 2 16 13 6 30 12 14 34 47 38 18 9 23 36 26 3 32 7 41 19 33 49 4 42 48 44 11 45 

Inst_Index:9247 	 City_Num:50 	 Concorde:6.202030 	 MCTS:6.202030 Improve:0.000000 	 Time:3.76 Seconds
Solution: 1 23 38 40 28 24 33 26 22 8 46 42 14 5 45 20 10 30 7 27 39 16 4 34 2 3 29 44 12 13 31 48 25 15 21 41 49 43 19 36 35 6 18 11 50 17 47 37 32 9 

Inst_Index:9248 	 City_Num:50 	 Concorde:5.862971 	 MCTS:5.862454 Improve:0.000517 	 Time:3.76 Seconds
Solution: 1 41 44 6 50 4 19 20 45 11 42 2 36 15 7 31 46 43 40 49 8 37 26 27 23 24 16 3 48 18 30 28 34 13 5 17 38 33 39 47 10 21 32 22 35 29 14 9 12 25 

Inst_Index:9249 	 City_Num:50 	 Concorde:5.408729 	 MCTS:5.408729 Improve:-0.000000 	 Time:3.76 Seconds
Solution: 1 4 28 49 44 24 46 41 3 26 22 30 35 32 27 14 50 15 34 20 43 47 9 23 18 39 11 5 40 8 31 6 45 48 37 19 16 38 36 21 17 2 25 10 13 7 29 12 42 33 

Inst_Index:9250 	 City_Num:50 	 Concorde:5.463409 	 MCTS:5.455724 Improve:0.007685 	 Time:3.75 Seconds
Solution: 1 28 9 6 18 2 23 32 30 50 41 11 7 5 21 33 22 43 45 27 25 16 20 40 34 12 35 36 47 26 42 29 44 4 15 10 24 38 31 46 48 39 14 17 19 13 3 37 49 8 

Inst_Index:9251 	 City_Num:50 	 Concorde:5.719759 	 MCTS:5.717243 Improve:0.002516 	 Time:3.76 Seconds
Solution: 1 11 19 26 23 13 32 49 16 42 48 12 6 40 24 20 37 8 38 43 25 15 21 45 34 47 30 33 22 4 31 17 2 36 9 14 50 44 35 27 39 46 28 3 7 10 41 5 29 18 

Inst_Index:9252 	 City_Num:50 	 Concorde:5.705614 	 MCTS:5.705614 Improve:0.000000 	 Time:3.77 Seconds
Solution: 1 13 14 50 32 11 35 12 33 7 18 8 24 48 31 5 17 45 3 36 44 19 10 28 15 46 38 21 49 27 22 6 2 47 41 34 9 16 30 29 4 43 39 23 25 40 20 42 26 37 

Inst_Index:9253 	 City_Num:50 	 Concorde:5.962742 	 MCTS:5.961577 Improve:0.001165 	 Time:3.75 Seconds
Solution: 1 30 42 38 29 45 34 39 44 4 46 48 33 35 43 41 47 49 32 16 24 3 12 36 13 23 25 22 31 20 5 28 11 40 14 19 8 10 37 26 7 50 18 6 2 17 21 15 27 9 

Inst_Index:9254 	 City_Num:50 	 Concorde:5.592091 	 MCTS:5.586673 Improve:0.005418 	 Time:3.76 Seconds
Solution: 1 49 21 23 32 22 37 7 42 39 12 11 50 13 30 29 38 5 9 25 16 44 48 34 14 10 19 3 2 35 31 18 15 8 41 24 20 26 33 45 27 47 4 40 46 17 6 36 28 43 

Inst_Index:9255 	 City_Num:50 	 Concorde:5.686165 	 MCTS:5.685804 Improve:0.000361 	 Time:3.76 Seconds
Solution: 1 36 49 28 31 6 20 11 47 34 33 40 2 43 38 10 45 19 26 35 21 41 22 9 17 48 30 46 50 4 13 29 18 14 42 5 15 24 16 12 3 23 32 8 44 27 7 25 39 37 

Inst_Index:9256 	 City_Num:50 	 Concorde:6.083973 	 MCTS:6.081910 Improve:0.002062 	 Time:3.76 Seconds
Solution: 1 31 46 12 22 50 11 17 15 8 34 42 30 3 26 40 29 23 39 37 43 32 38 21 16 33 14 24 20 48 18 7 9 49 41 19 10 35 6 27 28 2 4 44 45 36 5 47 25 13 

Inst_Index:9257 	 City_Num:50 	 Concorde:5.247969 	 MCTS:5.247969 Improve:-0.000000 	 Time:3.75 Seconds
Solution: 1 37 36 44 18 42 5 9 35 3 50 12 39 14 17 48 41 26 16 33 27 2 31 4 46 49 43 25 20 38 15 22 11 29 28 40 24 23 19 7 30 8 34 21 45 6 13 47 32 10 

Inst_Index:9258 	 City_Num:50 	 Concorde:5.654745 	 MCTS:5.654745 Improve:0.000000 	 Time:3.75 Seconds
Solution: 1 49 50 32 24 27 3 47 19 10 15 45 17 21 28 11 8 5 38 43 31 2 36 40 7 16 46 37 26 12 23 33 22 39 18 35 48 42 41 20 29 4 6 34 13 9 30 25 14 44 

Inst_Index:9259 	 City_Num:50 	 Concorde:5.634440 	 MCTS:5.634440 Improve:0.000000 	 Time:3.76 Seconds
Solution: 1 28 17 10 47 50 9 12 40 16 39 2 36 21 37 24 32 8 26 34 44 33 11 35 25 20 23 7 46 5 42 22 4 49 41 27 45 14 15 29 38 19 3 6 18 31 43 48 30 13 

Inst_Index:9260 	 City_Num:50 	 Concorde:5.884690 	 MCTS:5.884690 Improve:-0.000000 	 Time:3.75 Seconds
Solution: 1 5 7 11 23 6 47 19 24 36 27 37 49 14 46 29 10 18 26 43 22 35 17 48 33 44 13 20 28 4 39 32 15 45 8 3 38 16 25 42 41 31 2 30 9 50 40 34 12 21 

Inst_Index:9261 	 City_Num:50 	 Concorde:5.635616 	 MCTS:5.635616 Improve:-0.000000 	 Time:3.77 Seconds
Solution: 1 35 25 27 33 30 38 48 18 26 37 41 13 43 24 11 16 15 29 9 7 44 10 47 36 8 50 23 22 28 3 17 46 49 14 39 31 5 6 45 4 20 42 32 21 19 34 40 2 12 

Inst_Index:9262 	 City_Num:50 	 Concorde:5.542466 	 MCTS:5.539147 Improve:0.003320 	 Time:3.75 Seconds
Solution: 1 4 20 25 35 21 28 33 30 29 22 44 10 11 12 19 5 26 39 50 37 7 16 6 38 2 27 17 45 36 31 34 8 43 24 14 42 32 9 23 3 18 40 47 13 48 41 15 49 46 

Inst_Index:9263 	 City_Num:50 	 Concorde:5.486254 	 MCTS:5.486254 Improve:0.000000 	 Time:3.76 Seconds
Solution: 1 18 4 47 48 49 42 20 30 22 3 2 37 44 35 24 10 33 8 16 5 19 27 25 34 17 45 14 15 41 31 28 46 38 43 39 13 6 9 23 11 21 50 12 26 29 7 36 32 40 

Inst_Index:9264 	 City_Num:50 	 Concorde:5.408799 	 MCTS:5.401705 Improve:0.007094 	 Time:3.76 Seconds
Solution: 1 12 30 48 15 13 45 29 16 17 23 25 7 20 37 5 42 27 36 24 44 22 4 11 47 46 8 9 33 28 31 39 14 26 38 40 2 19 6 21 34 32 43 3 50 49 35 41 10 18 

Inst_Index:9265 	 City_Num:50 	 Concorde:5.773261 	 MCTS:5.771086 Improve:0.002175 	 Time:3.76 Seconds
Solution: 1 3 46 30 34 43 32 35 28 31 48 19 13 26 9 40 33 14 18 8 27 36 5 12 2 22 15 23 50 11 39 42 25 41 38 20 24 21 49 10 16 47 45 7 29 6 44 37 17 4 

Inst_Index:9266 	 City_Num:50 	 Concorde:6.145705 	 MCTS:6.145705 Improve:-0.000000 	 Time:3.76 Seconds
Solution: 1 10 40 9 13 41 44 26 4 21 22 18 15 2 5 32 30 49 27 11 37 33 34 48 28 12 43 19 24 36 38 45 23 50 39 16 14 8 17 25 3 29 31 35 20 6 42 46 7 47 

Inst_Index:9267 	 City_Num:50 	 Concorde:5.805229 	 MCTS:5.805229 Improve:-0.000000 	 Time:3.76 Seconds
Solution: 1 22 28 39 32 41 16 12 25 26 3 36 49 6 30 4 34 45 42 23 47 24 33 7 40 13 48 5 19 44 10 31 21 17 29 18 50 27 20 35 14 15 43 8 46 9 38 2 37 11 

Inst_Index:9268 	 City_Num:50 	 Concorde:6.021474 	 MCTS:6.019312 Improve:0.002161 	 Time:3.76 Seconds
Solution: 1 20 5 13 24 49 11 10 39 3 18 41 44 17 8 37 9 23 4 26 36 15 30 50 12 22 32 46 14 48 27 29 31 45 2 34 42 6 19 40 25 35 47 28 7 38 21 33 43 16 

Inst_Index:9269 	 City_Num:50 	 Concorde:5.985107 	 MCTS:5.985107 Improve:-0.000000 	 Time:3.78 Seconds
Solution: 1 13 38 14 34 45 44 23 2 37 49 3 22 28 8 43 39 31 46 30 47 9 19 41 4 18 48 26 6 40 7 5 12 25 32 21 50 35 10 27 29 42 16 11 15 17 36 20 33 24 

Inst_Index:9270 	 City_Num:50 	 Concorde:5.436754 	 MCTS:5.436754 Improve:-0.000000 	 Time:3.76 Seconds
Solution: 1 24 25 16 22 50 48 9 46 8 42 11 29 31 34 5 15 41 20 6 12 27 2 18 4 10 44 17 45 39 28 3 23 26 30 47 19 32 35 13 7 40 33 37 49 14 36 21 38 43 

Inst_Index:9271 	 City_Num:50 	 Concorde:5.307275 	 MCTS:5.307275 Improve:0.000000 	 Time:3.75 Seconds
Solution: 1 23 19 3 18 22 43 46 41 10 49 40 17 50 37 16 42 25 31 5 7 8 30 4 14 33 9 26 36 29 28 13 15 24 45 21 27 12 39 48 2 38 11 47 44 34 35 6 20 32 

Inst_Index:9272 	 City_Num:50 	 Concorde:5.628042 	 MCTS:5.628042 Improve:-0.000000 	 Time:3.75 Seconds
Solution: 1 9 21 36 5 24 3 12 48 37 33 4 30 28 23 10 18 17 14 29 8 15 31 38 22 45 46 7 32 6 34 41 35 19 43 2 16 20 26 44 47 50 27 25 11 39 13 49 40 42 

Inst_Index:9273 	 City_Num:50 	 Concorde:5.576802 	 MCTS:5.576802 Improve:-0.000000 	 Time:3.76 Seconds
Solution: 1 34 48 40 19 16 30 46 47 23 22 15 24 41 21 35 49 14 33 3 4 31 26 20 28 39 44 42 5 11 32 43 6 17 12 25 38 10 7 27 50 36 13 37 18 29 8 2 45 9 

Inst_Index:9274 	 City_Num:50 	 Concorde:5.519850 	 MCTS:5.518822 Improve:0.001028 	 Time:3.77 Seconds
Solution: 1 38 4 43 8 3 31 2 20 13 46 26 48 14 37 7 33 19 17 25 23 42 34 29 49 10 21 40 5 36 24 12 15 32 39 28 44 11 9 35 47 30 22 45 18 27 50 6 41 16 

Inst_Index:9275 	 City_Num:50 	 Concorde:6.106512 	 MCTS:6.106512 Improve:0.000000 	 Time:3.76 Seconds
Solution: 1 32 15 6 4 10 50 37 34 30 7 8 12 23 16 26 14 38 46 48 44 25 3 9 40 35 17 18 42 20 21 19 33 22 24 45 29 49 47 27 2 43 13 31 39 36 5 41 11 28 

Inst_Index:9276 	 City_Num:50 	 Concorde:5.899344 	 MCTS:5.898333 Improve:0.001011 	 Time:3.77 Seconds
Solution: 1 42 23 3 28 16 40 45 32 13 2 41 35 20 24 30 50 46 48 11 26 34 6 25 47 18 43 38 31 4 9 19 29 21 7 10 37 27 17 36 44 8 33 5 22 49 14 39 12 15 

Inst_Index:9277 	 City_Num:50 	 Concorde:6.012972 	 MCTS:6.012288 Improve:0.000684 	 Time:3.76 Seconds
Solution: 1 18 38 25 29 23 5 34 35 16 49 42 47 50 45 15 7 40 17 9 28 14 31 21 11 30 12 22 19 2 4 36 26 39 43 41 20 46 24 37 10 27 6 44 32 33 13 8 3 48 

Inst_Index:9278 	 City_Num:50 	 Concorde:5.933073 	 MCTS:5.933073 Improve:-0.000000 	 Time:3.77 Seconds
Solution: 1 39 14 24 18 7 35 42 16 17 30 40 8 11 6 38 12 34 45 21 28 43 15 49 44 23 36 31 37 27 33 50 10 3 29 9 41 19 25 20 32 46 47 4 48 13 5 26 2 22 

Inst_Index:9279 	 City_Num:50 	 Concorde:5.227953 	 MCTS:5.227953 Improve:-0.000000 	 Time:3.76 Seconds
Solution: 1 39 17 12 42 30 16 5 33 35 29 10 27 8 28 18 48 24 9 38 21 31 40 25 41 47 3 50 15 32 14 43 7 19 34 36 46 22 26 37 2 6 45 49 11 20 4 23 44 13 

Inst_Index:9280 	 City_Num:50 	 Concorde:5.870525 	 MCTS:5.865279 Improve:0.005246 	 Time:3.76 Seconds
Solution: 1 14 20 16 11 49 37 12 5 29 32 7 21 34 31 9 19 39 22 4 3 2 28 30 13 47 36 17 6 38 45 10 18 48 44 35 50 27 8 41 46 42 23 40 15 26 33 43 24 25 

Inst_Index:9281 	 City_Num:50 	 Concorde:5.802531 	 MCTS:5.798753 Improve:0.003778 	 Time:3.75 Seconds
Solution: 1 28 33 16 25 26 20 32 48 11 10 5 3 34 37 41 30 36 22 8 17 35 9 24 13 49 18 4 2 46 50 39 44 45 7 38 6 42 14 19 21 27 23 12 29 15 31 43 47 40 

Inst_Index:9282 	 City_Num:50 	 Concorde:5.510985 	 MCTS:5.510985 Improve:-0.000000 	 Time:3.75 Seconds
Solution: 1 46 23 12 32 47 22 44 3 39 29 10 30 2 26 13 50 24 19 4 49 41 17 18 7 42 35 14 16 34 20 28 33 11 45 9 27 8 40 43 25 36 15 37 38 21 31 48 5 6 

Inst_Index:9283 	 City_Num:50 	 Concorde:5.554056 	 MCTS:5.554056 Improve:-0.000000 	 Time:3.75 Seconds
Solution: 1 44 20 2 42 22 45 41 15 34 50 26 21 47 18 30 36 31 16 33 6 14 32 9 25 8 17 4 11 39 43 40 38 24 3 23 46 13 10 27 7 28 48 12 29 49 5 37 35 19 

Inst_Index:9284 	 City_Num:50 	 Concorde:5.438840 	 MCTS:5.438840 Improve:0.000000 	 Time:3.77 Seconds
Solution: 1 22 29 2 9 28 3 26 25 36 24 11 12 14 44 23 37 47 48 46 21 17 15 45 7 35 13 19 16 33 43 31 5 38 39 40 41 27 32 20 18 50 42 4 6 8 49 30 10 34 

Inst_Index:9285 	 City_Num:50 	 Concorde:5.538490 	 MCTS:5.538490 Improve:-0.000000 	 Time:3.76 Seconds
Solution: 1 33 38 20 44 5 7 24 18 21 31 19 25 36 34 11 9 49 35 43 3 4 48 42 12 50 41 15 23 29 17 40 16 46 2 27 6 32 37 47 45 28 22 13 8 26 10 39 14 30 

Inst_Index:9286 	 City_Num:50 	 Concorde:5.739612 	 MCTS:5.739612 Improve:0.000000 	 Time:3.76 Seconds
Solution: 1 30 7 48 34 50 37 44 35 41 2 4 3 22 12 42 17 29 28 23 38 15 36 11 24 31 6 9 40 32 5 33 16 39 13 27 20 10 46 43 8 19 18 45 25 49 14 47 26 21 

Inst_Index:9287 	 City_Num:50 	 Concorde:5.942781 	 MCTS:5.942781 Improve:0.000000 	 Time:3.75 Seconds
Solution: 1 33 25 14 16 20 43 15 17 19 47 23 32 10 9 40 44 35 37 21 27 34 28 22 39 31 18 11 6 42 12 50 46 2 41 45 49 29 3 30 38 4 8 7 36 26 5 24 48 13 

Inst_Index:9288 	 City_Num:50 	 Concorde:5.354449 	 MCTS:5.354449 Improve:-0.000000 	 Time:3.78 Seconds
Solution: 1 35 40 10 43 19 22 39 29 16 27 34 28 25 3 44 4 20 32 12 21 37 48 8 13 23 38 30 11 50 31 17 24 47 7 14 15 5 18 49 36 9 2 46 41 26 33 45 42 6 

Inst_Index:9289 	 City_Num:50 	 Concorde:5.397213 	 MCTS:5.397213 Improve:-0.000000 	 Time:3.76 Seconds
Solution: 1 29 20 19 22 41 13 33 4 45 34 36 15 46 21 2 35 12 43 47 14 23 10 8 25 38 27 24 17 16 31 3 7 5 40 49 39 18 37 26 32 30 42 28 48 11 50 9 44 6 

Inst_Index:9290 	 City_Num:50 	 Concorde:5.930337 	 MCTS:5.930337 Improve:-0.000000 	 Time:3.76 Seconds
Solution: 1 4 18 35 50 25 40 21 43 11 46 8 13 38 20 48 22 31 12 42 37 33 30 27 3 39 19 36 47 26 34 29 45 10 32 5 24 28 44 2 15 7 14 16 41 6 23 17 49 9 

Inst_Index:9291 	 City_Num:50 	 Concorde:5.480189 	 MCTS:5.472822 Improve:0.007367 	 Time:3.75 Seconds
Solution: 1 47 2 22 17 30 18 24 40 36 26 37 13 23 6 21 15 38 19 27 50 46 14 9 16 32 20 39 11 5 35 44 49 25 4 45 42 43 41 7 28 31 34 8 12 48 29 33 3 10 

Inst_Index:9292 	 City_Num:50 	 Concorde:5.889936 	 MCTS:5.889936 Improve:0.000000 	 Time:3.76 Seconds
Solution: 1 30 36 43 14 13 18 15 47 46 16 24 2 29 35 26 3 40 34 17 19 28 38 32 10 33 49 37 41 48 23 8 20 45 5 4 11 42 7 25 22 31 44 6 12 50 9 39 27 21 

Inst_Index:9293 	 City_Num:50 	 Concorde:5.844468 	 MCTS:5.844468 Improve:-0.000000 	 Time:3.77 Seconds
Solution: 1 28 11 9 22 12 4 7 37 10 40 8 39 20 30 14 43 49 33 35 2 45 31 18 6 46 23 32 15 27 26 17 5 29 16 41 50 42 19 3 21 34 24 44 48 13 47 25 36 38 

Inst_Index:9294 	 City_Num:50 	 Concorde:5.802411 	 MCTS:5.802411 Improve:0.000000 	 Time:3.76 Seconds
Solution: 1 9 13 5 49 17 36 37 28 6 15 8 3 24 4 42 46 32 44 43 47 27 19 22 50 12 14 23 48 31 7 26 25 21 20 41 18 10 16 45 2 33 35 39 34 40 30 11 29 38 

Inst_Index:9295 	 City_Num:50 	 Concorde:5.472687 	 MCTS:5.470079 Improve:0.002608 	 Time:3.76 Seconds
Solution: 1 46 21 7 24 45 34 28 47 5 10 16 22 3 15 23 13 42 14 2 4 41 50 26 31 37 9 17 48 36 29 11 43 30 39 6 38 8 44 33 32 18 20 40 19 25 49 27 35 12 

Inst_Index:9296 	 City_Num:50 	 Concorde:5.906819 	 MCTS:5.906819 Improve:-0.000000 	 Time:3.75 Seconds
Solution: 1 46 13 17 8 4 39 44 3 12 47 45 19 18 38 42 10 14 29 15 36 34 2 5 32 6 16 23 31 25 43 50 24 30 28 48 11 7 37 27 49 41 40 22 20 35 33 9 26 21 

Inst_Index:9297 	 City_Num:50 	 Concorde:5.831348 	 MCTS:5.831348 Improve:-0.000000 	 Time:3.75 Seconds
Solution: 1 18 9 25 7 32 42 23 19 46 50 36 4 43 24 26 31 28 33 30 11 39 27 13 20 16 8 49 22 5 15 6 44 38 2 37 17 35 14 10 40 45 47 21 12 3 48 34 29 41 

Inst_Index:9298 	 City_Num:50 	 Concorde:6.086551 	 MCTS:6.079779 Improve:0.006772 	 Time:3.76 Seconds
Solution: 1 38 29 16 18 12 43 31 6 22 35 40 32 17 34 41 49 11 50 26 44 27 13 15 37 14 36 4 7 28 45 5 10 25 39 20 19 33 8 9 48 47 42 30 46 2 3 23 24 21 

Inst_Index:9299 	 City_Num:50 	 Concorde:5.571066 	 MCTS:5.566508 Improve:0.004558 	 Time:3.76 Seconds
Solution: 1 4 40 46 44 9 48 28 29 24 18 7 50 31 47 11 14 15 10 21 25 8 2 45 33 36 37 5 16 13 39 30 19 35 42 20 23 6 49 12 3 22 43 32 38 26 27 34 17 41 

Inst_Index:9300 	 City_Num:50 	 Concorde:5.182703 	 MCTS:5.182703 Improve:0.000000 	 Time:3.75 Seconds
Solution: 1 49 33 31 32 21 44 27 3 50 35 36 34 19 46 14 43 5 7 9 40 12 22 24 23 13 30 18 8 10 26 17 38 6 20 42 16 48 41 47 11 29 39 2 25 15 28 37 45 4 

Inst_Index:9301 	 City_Num:50 	 Concorde:5.783378 	 MCTS:5.783378 Improve:0.000000 	 Time:3.76 Seconds
Solution: 1 33 25 13 49 14 10 41 34 4 20 29 26 5 30 39 47 22 27 18 3 19 37 8 9 6 15 38 46 50 45 42 11 12 16 44 43 32 23 40 2 48 24 21 31 36 7 17 28 35 

Inst_Index:9302 	 City_Num:50 	 Concorde:5.824170 	 MCTS:5.824170 Improve:-0.000000 	 Time:3.77 Seconds
Solution: 1 27 17 32 38 46 31 39 4 45 49 7 2 30 19 35 15 13 12 42 20 41 5 16 29 47 14 44 37 25 48 23 50 6 22 34 11 21 8 18 3 43 40 36 9 26 10 24 28 33 

Inst_Index:9303 	 City_Num:50 	 Concorde:5.545708 	 MCTS:5.545708 Improve:-0.000000 	 Time:3.76 Seconds
Solution: 1 17 50 32 43 38 11 14 18 41 23 48 25 24 31 3 45 10 39 9 36 46 42 19 30 5 16 6 28 37 15 8 7 4 40 22 21 13 2 26 20 34 49 27 47 33 29 44 35 12 

Inst_Index:9304 	 City_Num:50 	 Concorde:5.814031 	 MCTS:5.814031 Improve:-0.000000 	 Time:3.76 Seconds
Solution: 1 23 38 20 14 28 45 21 31 27 15 48 50 24 8 33 46 13 16 40 5 22 36 47 26 25 19 37 43 34 3 4 49 11 7 17 10 32 29 41 42 44 18 35 2 12 39 30 6 9 

Inst_Index:9305 	 City_Num:50 	 Concorde:5.724075 	 MCTS:5.723652 Improve:0.000423 	 Time:3.76 Seconds
Solution: 1 10 20 37 50 13 49 5 43 34 32 15 38 3 19 31 24 45 11 46 41 39 12 36 28 7 9 2 33 16 27 35 44 6 26 47 18 14 25 23 29 42 21 17 30 22 48 8 40 4 

Inst_Index:9306 	 City_Num:50 	 Concorde:5.554641 	 MCTS:5.554072 Improve:0.000569 	 Time:3.76 Seconds
Solution: 1 44 21 23 46 33 2 41 31 37 24 40 15 7 6 45 9 49 29 8 22 11 18 50 13 48 19 34 25 12 38 5 43 27 30 39 42 32 14 17 28 20 3 47 36 35 4 26 10 16 

Inst_Index:9307 	 City_Num:50 	 Concorde:5.653978 	 MCTS:5.653978 Improve:0.000000 	 Time:3.76 Seconds
Solution: 1 2 29 35 32 42 5 13 24 28 36 14 12 31 26 21 30 4 3 38 10 41 50 17 23 48 37 49 33 46 8 15 11 16 27 43 40 18 20 34 22 7 39 9 47 6 19 45 25 44 

Inst_Index:9308 	 City_Num:50 	 Concorde:5.537346 	 MCTS:5.536784 Improve:0.000562 	 Time:3.77 Seconds
Solution: 1 47 39 19 37 15 30 38 34 9 48 4 10 45 49 13 31 11 7 6 16 25 14 21 43 40 50 41 20 42 17 2 33 29 3 46 32 44 8 35 27 12 36 23 24 22 26 28 5 18 

Inst_Index:9309 	 City_Num:50 	 Concorde:5.759064 	 MCTS:5.759064 Improve:-0.000000 	 Time:3.76 Seconds
Solution: 1 41 28 49 26 42 15 38 19 2 27 43 33 47 32 3 22 23 50 21 48 34 20 6 18 45 11 7 37 12 30 35 17 25 9 24 40 14 4 8 5 10 29 13 39 44 31 16 46 36 

Inst_Index:9310 	 City_Num:50 	 Concorde:5.409138 	 MCTS:5.409138 Improve:-0.000000 	 Time:3.75 Seconds
Solution: 1 6 46 23 26 50 5 44 37 7 28 31 35 34 16 14 48 11 17 25 39 10 20 12 22 2 41 24 27 32 36 40 3 33 15 4 9 43 38 8 49 45 29 13 30 47 19 18 42 21 

Inst_Index:9311 	 City_Num:50 	 Concorde:5.588618 	 MCTS:5.588618 Improve:-0.000000 	 Time:3.75 Seconds
Solution: 1 32 49 27 46 7 44 25 47 20 14 50 33 26 8 11 13 19 42 6 22 21 5 36 15 18 24 30 35 37 39 40 2 48 31 38 17 41 34 9 12 28 10 23 4 29 3 16 43 45 

Inst_Index:9312 	 City_Num:50 	 Concorde:5.590886 	 MCTS:5.583839 Improve:0.007048 	 Time:3.76 Seconds
Solution: 1 21 12 9 22 37 43 27 28 19 36 32 31 4 8 13 42 49 3 34 39 18 16 50 35 20 10 45 2 33 14 29 17 6 15 44 48 38 24 30 41 25 47 5 46 11 7 26 40 23 

Inst_Index:9313 	 City_Num:50 	 Concorde:5.854661 	 MCTS:5.850893 Improve:0.003768 	 Time:3.76 Seconds
Solution: 1 45 38 32 30 44 48 2 40 9 42 4 11 17 27 35 41 26 47 14 12 36 50 5 25 24 7 10 37 16 19 34 33 8 29 21 23 3 13 31 22 46 18 15 28 49 39 6 20 43 

Inst_Index:9314 	 City_Num:50 	 Concorde:5.265841 	 MCTS:5.265841 Improve:0.000000 	 Time:3.76 Seconds
Solution: 1 50 5 29 25 39 7 6 30 26 36 8 14 23 41 37 13 20 33 44 22 12 19 28 45 48 2 18 31 43 34 32 24 46 15 40 38 4 11 49 42 21 3 47 9 16 27 17 35 10 

Inst_Index:9315 	 City_Num:50 	 Concorde:5.996793 	 MCTS:5.993031 Improve:0.003762 	 Time:3.76 Seconds
Solution: 1 23 28 46 25 44 50 5 18 19 17 11 7 33 40 48 16 14 2 37 21 12 3 20 6 35 36 22 41 26 27 32 45 34 39 13 30 24 4 43 42 8 31 10 38 49 15 47 9 29 

Inst_Index:9316 	 City_Num:50 	 Concorde:5.384133 	 MCTS:5.384133 Improve:0.000000 	 Time:3.75 Seconds
Solution: 1 43 2 38 25 29 9 46 10 40 32 44 17 11 39 15 31 41 36 7 45 14 30 3 5 24 12 8 33 19 23 47 22 42 27 28 50 20 4 35 49 26 13 18 48 6 16 37 21 34 

Inst_Index:9317 	 City_Num:50 	 Concorde:5.824564 	 MCTS:5.821707 Improve:0.002858 	 Time:3.76 Seconds
Solution: 1 6 5 47 9 15 48 26 28 19 23 27 4 24 13 46 42 18 22 38 12 36 33 16 49 34 2 35 11 50 30 21 39 29 41 14 10 32 45 43 7 31 17 20 3 40 25 44 8 37 

Inst_Index:9318 	 City_Num:50 	 Concorde:5.559321 	 MCTS:5.559321 Improve:0.000000 	 Time:3.76 Seconds
Solution: 1 27 18 41 34 35 6 12 25 28 19 20 13 42 30 15 8 49 9 37 10 17 11 2 32 48 43 50 23 45 16 26 40 39 31 46 14 36 38 47 33 29 24 5 3 44 7 22 21 4 

Inst_Index:9319 	 City_Num:50 	 Concorde:5.786423 	 MCTS:5.784418 Improve:0.002004 	 Time:3.76 Seconds
Solution: 1 48 38 4 15 46 11 9 24 26 21 3 32 7 33 6 8 49 50 2 31 29 25 5 47 40 13 10 22 18 39 14 45 37 12 23 30 42 28 27 44 35 41 43 17 20 36 19 34 16 

Inst_Index:9320 	 City_Num:50 	 Concorde:6.159663 	 MCTS:6.159663 Improve:0.000000 	 Time:3.76 Seconds
Solution: 1 26 21 42 8 33 23 34 35 11 48 5 16 30 28 44 47 10 25 39 29 20 14 19 13 36 6 22 40 49 3 2 45 12 15 31 32 24 41 18 7 38 43 50 46 17 37 4 27 9 

Inst_Index:9321 	 City_Num:50 	 Concorde:5.478123 	 MCTS:5.478123 Improve:-0.000000 	 Time:3.77 Seconds
Solution: 1 12 49 25 8 22 6 13 40 43 17 32 41 36 2 21 48 26 23 7 9 30 28 5 29 47 34 18 14 20 37 16 11 44 27 38 3 50 19 10 35 45 24 46 33 4 39 31 15 42 

Inst_Index:9322 	 City_Num:50 	 Concorde:5.686204 	 MCTS:5.665650 Improve:0.020554 	 Time:3.76 Seconds
Solution: 1 38 33 7 16 9 14 23 25 28 36 40 13 29 26 12 48 39 22 4 50 44 10 21 17 3 35 42 8 6 30 47 32 31 18 46 41 19 5 49 43 37 24 34 27 11 45 2 20 15 

Inst_Index:9323 	 City_Num:50 	 Concorde:6.121553 	 MCTS:6.121553 Improve:0.000000 	 Time:3.75 Seconds
Solution: 1 31 2 32 21 26 39 19 25 27 44 5 3 43 50 45 20 14 42 9 10 12 15 22 49 13 16 41 30 33 48 17 34 4 40 29 23 11 37 28 36 18 8 47 35 38 7 46 24 6 

Inst_Index:9324 	 City_Num:50 	 Concorde:5.440419 	 MCTS:5.440419 Improve:-0.000000 	 Time:3.75 Seconds
Solution: 1 29 10 12 31 42 18 50 15 43 8 20 36 49 44 11 5 34 39 33 26 3 41 28 7 4 30 2 46 47 22 32 27 37 45 6 40 25 21 17 35 9 24 19 23 16 38 13 14 48 

Inst_Index:9325 	 City_Num:50 	 Concorde:5.174880 	 MCTS:5.174880 Improve:-0.000000 	 Time:3.75 Seconds
Solution: 1 20 8 33 29 36 10 15 5 42 25 2 34 37 12 7 27 31 49 19 46 24 47 50 30 18 14 16 39 6 35 43 28 32 4 26 21 13 40 48 23 22 3 17 44 11 41 9 38 45 

Inst_Index:9326 	 City_Num:50 	 Concorde:5.868735 	 MCTS:5.866102 Improve:0.002633 	 Time:3.77 Seconds
Solution: 1 32 39 28 19 20 16 35 38 7 50 18 27 4 37 17 43 36 29 15 21 33 12 14 9 22 47 42 2 10 48 44 49 25 41 30 34 40 13 23 5 26 6 8 31 45 11 3 24 46 

Inst_Index:9327 	 City_Num:50 	 Concorde:5.571116 	 MCTS:5.571116 Improve:0.000000 	 Time:3.77 Seconds
Solution: 1 11 18 40 10 20 48 14 37 12 16 42 6 13 46 44 32 23 8 9 38 5 2 50 39 21 47 22 41 33 45 35 49 31 19 25 4 17 27 36 30 15 24 43 34 7 3 26 28 29 

Inst_Index:9328 	 City_Num:50 	 Concorde:5.892547 	 MCTS:5.887887 Improve:0.004660 	 Time:3.75 Seconds
Solution: 1 12 50 5 36 43 27 2 31 19 25 32 11 41 38 8 45 4 21 28 6 18 22 35 29 14 26 48 23 34 17 7 20 40 46 9 42 44 49 39 16 33 37 47 10 24 13 3 30 15 

Inst_Index:9329 	 City_Num:50 	 Concorde:5.371561 	 MCTS:5.370307 Improve:0.001254 	 Time:3.75 Seconds
Solution: 1 27 47 15 23 12 44 33 36 42 25 29 50 35 17 13 2 18 32 28 10 8 38 7 3 24 49 43 48 26 37 22 41 46 19 9 31 40 20 30 21 14 6 4 45 5 11 16 34 39 

Inst_Index:9330 	 City_Num:50 	 Concorde:5.328568 	 MCTS:5.328568 Improve:0.000000 	 Time:3.75 Seconds
Solution: 1 35 34 9 20 27 42 22 41 37 30 28 15 36 43 25 19 31 48 47 8 44 6 4 21 46 23 33 49 13 24 40 16 11 14 18 29 10 50 2 32 17 38 39 7 26 3 5 12 45 

Inst_Index:9331 	 City_Num:50 	 Concorde:5.784314 	 MCTS:5.784314 Improve:0.000000 	 Time:3.75 Seconds
Solution: 1 25 12 39 28 20 32 30 47 9 31 35 45 10 50 17 44 49 24 3 43 7 19 22 29 4 40 15 6 8 33 41 42 14 11 23 13 21 27 2 16 46 37 5 38 26 34 36 48 18 

Inst_Index:9332 	 City_Num:50 	 Concorde:5.934708 	 MCTS:5.934708 Improve:0.000000 	 Time:3.76 Seconds
Solution: 1 18 19 29 34 8 25 38 23 9 17 46 39 41 36 14 44 2 50 20 27 35 48 49 7 13 28 11 42 3 43 12 26 10 37 6 5 33 4 22 47 32 16 30 15 21 31 45 24 40 

Inst_Index:9333 	 City_Num:50 	 Concorde:5.437201 	 MCTS:5.437201 Improve:0.000000 	 Time:3.76 Seconds
Solution: 1 26 36 10 4 50 42 13 28 20 43 40 5 27 2 19 31 48 44 15 8 29 7 34 37 35 14 30 47 18 39 24 16 41 33 45 9 17 6 11 46 21 25 12 49 22 23 3 38 32 

Inst_Index:9334 	 City_Num:50 	 Concorde:5.638498 	 MCTS:5.633437 Improve:0.005062 	 Time:3.75 Seconds
Solution: 1 29 18 32 34 22 26 50 5 30 2 16 8 4 12 31 15 7 13 17 24 9 41 42 33 47 20 14 39 35 36 28 10 21 25 44 38 3 11 49 48 27 46 40 43 6 19 23 45 37 

Inst_Index:9335 	 City_Num:50 	 Concorde:5.596400 	 MCTS:5.596400 Improve:0.000000 	 Time:3.76 Seconds
Solution: 1 7 43 21 29 26 41 6 17 12 14 34 46 38 25 9 18 42 5 36 44 35 47 48 3 8 10 20 19 37 32 30 11 39 40 28 13 24 23 33 27 50 49 16 45 15 31 4 22 2 

Inst_Index:9336 	 City_Num:50 	 Concorde:5.798037 	 MCTS:5.798037 Improve:-0.000000 	 Time:3.76 Seconds
Solution: 1 4 23 11 26 19 14 48 9 22 31 45 43 21 15 18 12 2 40 44 42 37 13 47 41 25 33 24 46 7 39 29 8 16 5 35 20 50 34 38 36 17 6 30 10 49 32 28 27 3 

Inst_Index:9337 	 City_Num:50 	 Concorde:5.851320 	 MCTS:5.851320 Improve:0.000000 	 Time:3.75 Seconds
Solution: 1 43 35 42 23 34 10 46 11 37 9 26 39 30 4 49 20 12 36 17 50 22 19 31 15 24 2 13 38 16 21 33 28 8 3 18 47 25 32 44 6 40 27 7 5 48 41 45 29 14 

Inst_Index:9338 	 City_Num:50 	 Concorde:5.739231 	 MCTS:5.739231 Improve:0.000000 	 Time:3.76 Seconds
Solution: 1 45 26 11 36 23 40 9 8 22 20 24 29 31 44 6 12 4 42 47 15 33 49 18 50 32 48 10 43 7 3 41 37 2 34 16 5 25 19 13 27 30 46 17 28 38 21 35 39 14 

Inst_Index:9339 	 City_Num:50 	 Concorde:6.207434 	 MCTS:6.207434 Improve:-0.000000 	 Time:3.75 Seconds
Solution: 1 46 28 29 12 16 49 44 27 25 22 23 39 30 50 6 4 17 9 42 32 37 3 33 31 48 47 45 15 5 40 11 18 21 41 24 34 2 43 35 38 10 8 19 14 26 7 13 36 20 

Inst_Index:9340 	 City_Num:50 	 Concorde:5.691940 	 MCTS:5.689794 Improve:0.002147 	 Time:3.77 Seconds
Solution: 1 47 26 15 29 37 22 28 7 5 50 10 11 45 2 23 4 35 13 31 48 43 49 30 41 16 39 3 12 19 42 34 44 40 17 32 46 27 33 9 14 8 20 21 24 6 38 18 25 36 

Inst_Index:9341 	 City_Num:50 	 Concorde:5.797685 	 MCTS:5.797685 Improve:0.000000 	 Time:3.77 Seconds
Solution: 1 39 36 43 50 29 26 44 34 46 9 17 20 40 18 5 3 30 35 12 49 24 7 11 2 10 31 37 21 4 48 38 14 25 47 23 41 45 32 8 15 33 16 28 22 19 13 27 42 6 

Inst_Index:9342 	 City_Num:50 	 Concorde:5.700511 	 MCTS:5.695989 Improve:0.004522 	 Time:3.76 Seconds
Solution: 1 12 29 6 46 19 50 39 20 36 2 14 10 40 24 27 13 22 4 17 7 43 32 25 15 42 34 44 30 47 18 5 3 33 26 23 49 48 31 45 16 8 35 38 37 21 41 28 9 11 

Inst_Index:9343 	 City_Num:50 	 Concorde:5.709675 	 MCTS:5.709675 Improve:-0.000000 	 Time:3.76 Seconds
Solution: 1 27 23 45 39 36 34 49 4 32 38 48 41 46 26 47 10 18 20 5 2 42 25 33 37 9 50 43 19 8 15 35 28 22 17 14 31 24 6 12 40 11 7 30 44 16 3 13 21 29 

Inst_Index:9344 	 City_Num:50 	 Concorde:5.807082 	 MCTS:5.807082 Improve:0.000000 	 Time:3.78 Seconds
Solution: 1 10 22 24 11 41 38 35 36 13 21 4 28 25 37 46 9 42 15 2 45 34 17 14 32 8 47 48 44 43 33 16 39 40 26 27 18 31 12 6 3 29 50 49 23 5 30 7 20 19 

Inst_Index:9345 	 City_Num:50 	 Concorde:5.454095 	 MCTS:5.452029 Improve:0.002067 	 Time:3.77 Seconds
Solution: 1 17 38 5 16 9 32 46 45 24 36 35 10 4 33 23 40 47 19 37 28 29 42 18 6 31 26 27 34 15 12 14 22 8 39 25 11 7 30 43 21 49 41 20 44 50 48 2 3 13 

Inst_Index:9346 	 City_Num:50 	 Concorde:5.403238 	 MCTS:5.403238 Improve:-0.000000 	 Time:3.76 Seconds
Solution: 1 46 47 35 8 3 41 14 30 2 21 32 28 42 4 50 22 6 12 39 18 25 49 37 48 13 24 36 16 43 38 29 20 17 9 11 44 27 5 33 19 45 34 26 23 15 10 7 31 40 

Inst_Index:9347 	 City_Num:50 	 Concorde:5.645307 	 MCTS:5.634891 Improve:0.010416 	 Time:3.75 Seconds
Solution: 1 33 42 21 5 46 23 28 44 3 43 38 49 12 40 36 9 2 29 37 20 25 48 16 18 13 26 47 15 17 45 34 27 35 41 4 11 31 10 7 24 19 50 32 8 30 6 39 22 14 

Inst_Index:9348 	 City_Num:50 	 Concorde:5.557833 	 MCTS:5.557444 Improve:0.000389 	 Time:3.75 Seconds
Solution: 1 48 46 32 20 33 14 3 27 15 2 50 6 10 30 39 29 41 16 11 9 22 28 49 43 24 23 44 21 13 25 34 18 36 8 31 35 12 19 42 40 47 7 4 5 17 38 37 45 26 

Inst_Index:9349 	 City_Num:50 	 Concorde:6.032378 	 MCTS:6.029932 Improve:0.002446 	 Time:3.77 Seconds
Solution: 1 40 3 15 32 2 41 24 12 46 44 7 26 48 33 34 35 42 10 29 36 22 19 43 9 4 14 17 21 16 50 38 13 6 20 28 11 5 8 39 30 27 23 25 31 49 37 45 47 18 

Inst_Index:9350 	 City_Num:50 	 Concorde:5.755295 	 MCTS:5.755295 Improve:-0.000000 	 Time:3.79 Seconds
Solution: 1 49 26 5 34 27 15 21 20 46 29 43 36 45 11 13 24 35 42 12 22 30 47 41 8 9 19 7 3 14 16 48 40 44 6 18 2 23 28 39 25 38 32 10 37 50 17 33 4 31 

Inst_Index:9351 	 City_Num:50 	 Concorde:5.759089 	 MCTS:5.756589 Improve:0.002501 	 Time:3.76 Seconds
Solution: 1 50 15 23 44 25 13 22 40 48 14 24 34 17 20 11 35 31 12 27 39 10 42 4 36 7 26 29 33 43 18 8 16 5 45 32 46 21 47 9 2 49 30 37 3 41 38 6 19 28 

Inst_Index:9352 	 City_Num:50 	 Concorde:5.820987 	 MCTS:5.817372 Improve:0.003615 	 Time:3.75 Seconds
Solution: 1 47 23 26 24 31 42 8 4 48 6 25 7 11 28 16 36 18 41 35 5 15 44 39 17 40 43 19 14 46 12 10 38 37 21 33 3 30 45 9 20 49 50 29 32 13 22 34 27 2 

Inst_Index:9353 	 City_Num:50 	 Concorde:5.550318 	 MCTS:5.550318 Improve:0.000000 	 Time:3.77 Seconds
Solution: 1 13 20 27 37 3 5 25 21 44 22 47 45 41 34 12 42 26 16 32 9 46 14 2 40 50 7 10 49 28 36 35 24 17 31 18 38 4 19 6 29 11 23 43 39 33 15 48 8 30 

Inst_Index:9354 	 City_Num:50 	 Concorde:5.399791 	 MCTS:5.399791 Improve:0.000000 	 Time:3.76 Seconds
Solution: 1 49 21 39 38 29 30 7 12 22 11 2 47 33 35 27 18 14 9 45 36 42 13 23 40 3 4 48 24 26 37 43 15 50 25 31 46 28 6 17 8 32 34 10 41 20 16 44 19 5 

Inst_Index:9355 	 City_Num:50 	 Concorde:5.508508 	 MCTS:5.508508 Improve:-0.000000 	 Time:3.76 Seconds
Solution: 1 48 13 24 7 33 19 11 43 35 2 41 36 16 18 4 49 9 31 5 40 12 10 50 8 30 20 21 26 17 47 6 23 25 27 38 28 37 42 39 44 29 14 15 32 46 34 45 22 3 

Inst_Index:9356 	 City_Num:50 	 Concorde:6.287073 	 MCTS:6.283679 Improve:0.003393 	 Time:3.78 Seconds
Solution: 1 40 2 41 35 32 30 5 31 42 46 7 44 10 19 33 37 17 13 16 49 21 22 3 39 26 50 29 48 9 6 47 4 28 36 11 15 14 20 18 23 43 27 12 25 38 24 45 8 34 

Inst_Index:9357 	 City_Num:50 	 Concorde:5.237269 	 MCTS:5.233985 Improve:0.003284 	 Time:3.76 Seconds
Solution: 1 4 39 45 24 44 11 34 42 48 8 30 50 13 10 32 5 38 6 46 16 17 21 49 7 47 15 31 2 28 12 36 9 22 43 3 35 25 18 37 27 29 40 20 19 41 33 26 14 23 

Inst_Index:9358 	 City_Num:50 	 Concorde:5.556319 	 MCTS:5.556319 Improve:-0.000000 	 Time:3.75 Seconds
Solution: 1 45 40 13 15 29 18 27 49 32 26 28 31 38 34 46 12 24 30 33 19 48 11 10 21 6 5 4 25 22 44 23 42 14 3 7 20 2 8 36 35 39 47 50 17 43 9 37 41 16 

Inst_Index:9359 	 City_Num:50 	 Concorde:5.536267 	 MCTS:5.536267 Improve:-0.000000 	 Time:3.76 Seconds
Solution: 1 5 50 8 33 7 49 23 12 29 38 21 40 36 27 28 39 34 14 25 31 37 13 45 17 24 44 41 16 18 19 6 46 10 30 32 22 35 43 3 9 4 47 11 48 20 2 15 26 42 

Inst_Index:9360 	 City_Num:50 	 Concorde:5.629115 	 MCTS:5.617272 Improve:0.011843 	 Time:3.77 Seconds
Solution: 1 10 40 45 41 50 37 17 13 2 5 24 16 29 39 18 23 19 15 25 47 28 11 48 35 27 4 31 30 12 38 36 33 46 21 43 49 22 44 9 7 8 32 3 14 20 26 6 34 42 

Inst_Index:9361 	 City_Num:50 	 Concorde:5.697394 	 MCTS:5.697394 Improve:0.000000 	 Time:3.76 Seconds
Solution: 1 47 9 39 44 14 37 38 18 23 41 15 7 33 30 5 27 48 22 26 28 35 46 43 3 6 13 21 16 29 12 2 45 11 24 42 31 19 10 36 25 34 8 17 49 4 50 20 40 32 

Inst_Index:9362 	 City_Num:50 	 Concorde:5.758107 	 MCTS:5.758107 Improve:0.000000 	 Time:3.75 Seconds
Solution: 1 6 17 15 5 31 10 21 23 42 48 47 39 43 14 37 38 3 28 49 50 18 8 40 11 36 9 22 25 24 7 45 44 46 12 35 4 27 29 19 2 41 16 13 20 32 26 34 30 33 

Inst_Index:9363 	 City_Num:50 	 Concorde:6.152772 	 MCTS:6.152772 Improve:-0.000000 	 Time:3.77 Seconds
Solution: 1 15 20 24 4 29 42 8 27 6 19 32 36 31 46 3 50 18 47 35 22 12 41 30 26 2 21 49 23 13 39 33 14 38 5 48 43 16 7 44 9 37 40 34 28 11 17 25 45 10 

Inst_Index:9364 	 City_Num:50 	 Concorde:5.701875 	 MCTS:5.701056 Improve:0.000819 	 Time:3.76 Seconds
Solution: 1 3 5 34 2 46 33 40 30 25 18 27 31 28 36 4 19 21 35 44 13 24 43 22 39 20 45 29 15 38 42 26 32 49 23 47 50 9 37 7 10 16 41 17 14 11 12 6 8 48 

Inst_Index:9365 	 City_Num:50 	 Concorde:5.712116 	 MCTS:5.712116 Improve:0.000000 	 Time:3.76 Seconds
Solution: 1 45 29 15 12 41 44 32 26 35 38 47 27 20 42 9 22 6 39 4 16 19 23 40 49 37 7 33 31 36 43 24 21 10 30 5 17 18 11 50 3 2 8 13 25 46 48 28 34 14 

Inst_Index:9366 	 City_Num:50 	 Concorde:5.812151 	 MCTS:5.811836 Improve:0.000315 	 Time:3.76 Seconds
Solution: 1 41 30 12 3 6 38 39 7 22 36 5 31 18 37 9 20 40 48 50 21 19 43 34 28 26 11 17 15 16 13 2 49 33 47 14 25 23 8 10 42 35 29 4 46 32 24 44 45 27 

Inst_Index:9367 	 City_Num:50 	 Concorde:5.430026 	 MCTS:5.427790 Improve:0.002236 	 Time:3.77 Seconds
Solution: 1 9 34 25 6 23 37 48 43 20 45 10 49 50 5 26 41 17 38 28 35 46 14 44 4 31 8 16 27 19 33 24 7 40 36 29 2 12 11 47 15 22 30 42 18 32 3 39 21 13 

Inst_Index:9368 	 City_Num:50 	 Concorde:5.629583 	 MCTS:5.627114 Improve:0.002469 	 Time:3.79 Seconds
Solution: 1 4 41 44 8 42 47 43 46 18 15 40 29 27 37 24 28 13 19 25 26 3 11 12 7 14 39 36 31 9 22 48 35 16 34 20 2 5 17 50 21 6 45 10 49 30 23 33 38 32 

Inst_Index:9369 	 City_Num:50 	 Concorde:5.241847 	 MCTS:5.241847 Improve:0.000000 	 Time:3.75 Seconds
Solution: 1 23 50 9 32 34 11 45 42 43 16 22 5 33 14 26 44 10 35 38 2 46 25 8 7 18 15 39 40 47 24 20 6 17 30 37 21 31 49 48 13 19 27 36 12 29 41 28 4 3 

Inst_Index:9370 	 City_Num:50 	 Concorde:5.642711 	 MCTS:5.639810 Improve:0.002901 	 Time:3.75 Seconds
Solution: 1 40 42 41 31 23 50 14 21 43 34 35 10 45 22 44 38 30 13 20 26 15 48 33 27 11 8 3 36 16 37 18 24 46 29 17 32 6 2 7 25 47 49 5 28 4 39 12 19 9 

Inst_Index:9371 	 City_Num:50 	 Concorde:6.152661 	 MCTS:6.152661 Improve:-0.000000 	 Time:3.78 Seconds
Solution: 1 20 21 6 30 12 18 9 50 10 2 42 25 8 46 39 11 17 14 38 40 36 32 41 48 22 28 3 43 16 7 45 4 19 27 15 47 44 5 31 35 33 29 26 37 13 24 23 34 49 

Inst_Index:9372 	 City_Num:50 	 Concorde:5.756579 	 MCTS:5.756579 Improve:-0.000000 	 Time:3.76 Seconds
Solution: 1 11 49 2 10 30 41 15 37 5 44 31 3 50 48 17 7 6 16 9 35 29 21 19 23 47 12 43 28 40 46 42 25 8 45 38 32 34 13 39 33 22 20 24 26 27 18 14 4 36 

Inst_Index:9373 	 City_Num:50 	 Concorde:6.046424 	 MCTS:6.042355 Improve:0.004070 	 Time:3.75 Seconds
Solution: 1 13 7 28 35 38 17 41 4 44 40 39 8 19 32 27 37 21 50 15 25 6 9 42 34 31 33 22 10 23 3 45 14 24 16 36 49 46 5 47 43 11 12 18 29 30 26 2 48 20 

Inst_Index:9374 	 City_Num:50 	 Concorde:5.412201 	 MCTS:5.411100 Improve:0.001101 	 Time:3.76 Seconds
Solution: 1 45 3 39 50 8 13 11 37 18 22 34 15 43 10 49 26 46 44 27 40 5 28 24 33 38 19 41 23 12 20 48 47 36 21 6 42 16 14 30 31 4 32 29 25 17 7 9 2 35 

Inst_Index:9375 	 City_Num:50 	 Concorde:5.955319 	 MCTS:5.950853 Improve:0.004466 	 Time:3.76 Seconds
Solution: 1 15 6 32 16 40 3 25 33 35 24 4 22 45 9 18 42 34 37 8 48 19 43 26 27 23 46 21 47 38 30 36 14 41 50 17 2 10 39 13 5 44 7 49 28 29 31 12 20 11 

Inst_Index:9376 	 City_Num:50 	 Concorde:5.792455 	 MCTS:5.792455 Improve:-0.000000 	 Time:3.77 Seconds
Solution: 1 24 21 16 33 41 46 34 17 39 42 10 31 37 28 30 11 29 45 38 47 8 2 14 49 15 44 19 9 25 36 7 12 13 26 43 23 5 32 48 22 20 50 35 4 6 27 3 18 40 

Inst_Index:9377 	 City_Num:50 	 Concorde:5.275482 	 MCTS:5.275482 Improve:0.000000 	 Time:3.75 Seconds
Solution: 1 42 48 3 13 24 35 41 23 46 50 2 5 33 49 22 30 21 20 16 39 47 19 40 38 27 18 44 7 12 10 17 29 6 14 34 8 36 4 32 28 26 37 31 25 15 11 43 9 45 

Inst_Index:9378 	 City_Num:50 	 Concorde:5.953530 	 MCTS:5.953530 Improve:0.000000 	 Time:3.76 Seconds
Solution: 1 2 45 21 47 7 24 6 40 34 11 38 50 26 44 37 14 19 10 5 23 27 36 32 8 18 42 15 3 20 35 29 28 46 4 43 9 31 49 30 13 25 12 17 33 41 39 16 22 48 

Inst_Index:9379 	 City_Num:50 	 Concorde:5.730771 	 MCTS:5.730771 Improve:0.000000 	 Time:3.76 Seconds
Solution: 1 7 20 37 5 38 23 3 4 26 41 36 50 18 2 47 45 6 46 14 8 48 32 25 28 22 49 19 17 11 29 13 34 35 9 16 42 15 21 24 10 40 31 30 33 43 39 44 27 12 

Inst_Index:9380 	 City_Num:50 	 Concorde:5.600277 	 MCTS:5.600277 Improve:-0.000000 	 Time:3.76 Seconds
Solution: 1 4 6 47 43 3 18 33 2 28 17 13 27 14 10 26 44 8 39 46 41 48 7 12 45 42 24 30 20 49 37 35 38 15 23 25 11 29 16 19 9 22 31 21 5 36 50 40 32 34 

Inst_Index:9381 	 City_Num:50 	 Concorde:5.718581 	 MCTS:5.716399 Improve:0.002182 	 Time:3.76 Seconds
Solution: 1 35 18 13 43 32 17 3 42 11 48 38 40 44 12 4 2 46 7 24 50 9 31 19 21 14 25 10 30 23 27 28 20 45 36 29 34 47 8 6 49 39 37 33 5 26 22 41 16 15 

Inst_Index:9382 	 City_Num:50 	 Concorde:5.394267 	 MCTS:5.394267 Improve:-0.000000 	 Time:3.76 Seconds
Solution: 1 46 22 27 9 48 47 36 38 13 8 12 3 33 15 17 30 6 16 14 50 40 43 49 11 41 25 5 37 21 39 4 42 19 29 45 34 28 2 32 20 24 7 18 26 10 23 31 44 35 

Inst_Index:9383 	 City_Num:50 	 Concorde:5.342755 	 MCTS:5.342755 Improve:0.000000 	 Time:3.76 Seconds
Solution: 1 13 7 26 2 18 44 39 14 30 15 23 16 10 40 34 19 8 5 21 43 11 12 49 37 32 29 20 9 45 48 4 25 33 42 24 17 47 50 3 46 27 31 22 6 36 41 38 28 35 

Inst_Index:9384 	 City_Num:50 	 Concorde:5.563814 	 MCTS:5.563814 Improve:0.000000 	 Time:3.76 Seconds
Solution: 1 42 46 31 16 8 9 28 43 39 3 20 34 26 45 15 2 14 32 38 21 33 23 19 47 25 10 44 17 48 49 41 4 35 12 36 13 40 22 30 18 50 24 11 6 37 29 7 5 27 

Inst_Index:9385 	 City_Num:50 	 Concorde:6.404084 	 MCTS:6.404084 Improve:0.000000 	 Time:3.75 Seconds
Solution: 1 43 46 26 41 14 23 50 40 29 4 42 27 10 3 38 15 30 49 47 19 5 48 20 37 7 13 22 45 17 12 35 28 34 31 9 11 33 32 24 8 39 21 36 25 6 18 44 16 2 

Inst_Index:9386 	 City_Num:50 	 Concorde:5.721537 	 MCTS:5.718989 Improve:0.002548 	 Time:3.76 Seconds
Solution: 1 6 41 8 49 38 32 45 33 27 15 34 21 30 40 20 3 19 29 22 43 18 36 7 44 11 4 16 46 14 10 23 24 17 50 28 48 39 2 42 31 35 5 47 13 9 26 12 25 37 

Inst_Index:9387 	 City_Num:50 	 Concorde:5.881157 	 MCTS:5.881157 Improve:0.000000 	 Time:3.76 Seconds
Solution: 1 29 6 13 30 15 44 2 11 3 40 18 38 46 41 27 7 50 23 31 47 5 8 28 26 25 36 45 14 16 24 17 33 48 35 12 21 43 20 19 9 49 42 10 34 4 37 22 39 32 

Inst_Index:9388 	 City_Num:50 	 Concorde:5.779929 	 MCTS:5.779929 Improve:0.000000 	 Time:3.75 Seconds
Solution: 1 33 4 40 47 21 3 36 20 19 7 34 29 18 49 11 16 2 46 43 31 9 12 14 38 28 8 6 35 32 22 13 25 26 24 50 48 30 5 39 37 45 42 27 10 44 23 41 15 17 

Inst_Index:9389 	 City_Num:50 	 Concorde:5.983892 	 MCTS:5.981464 Improve:0.002428 	 Time:3.76 Seconds
Solution: 1 43 35 37 22 10 12 39 6 24 44 33 29 25 23 47 17 45 42 5 16 49 41 20 30 27 14 46 7 40 32 4 18 26 19 9 21 13 2 31 8 11 3 50 48 28 15 34 36 38 

Inst_Index:9390 	 City_Num:50 	 Concorde:6.144498 	 MCTS:6.144498 Improve:0.000000 	 Time:3.77 Seconds
Solution: 1 8 23 22 17 42 21 19 24 41 25 47 15 26 45 6 13 31 14 36 34 4 7 50 16 9 48 2 46 12 49 18 30 28 5 39 43 44 37 40 27 35 29 32 20 10 33 3 38 11 


Avg_Concorde_Distance: 5.693767 Avg_MCTS_Distance: 5.692344 Avg_Gap: -0.000250 Total_Time: 1178.12 Seconds 
 Beat_Best_Known_Times: 123 Match_Best_Known_Times: 190 Miss_Best_Known_Times: 0 
