Number_of_Instances_In_Current_Batch: 313

Inst_Index:3757 	 City_Num:50 	 Concorde:5.592913 	 MCTS:5.592913 Improve:-0.000000 	 Time:3.77 Seconds
Solution: 1 5 12 48 32 9 10 16 43 19 49 40 42 37 31 17 20 23 21 34 45 36 7 15 27 44 11 39 3 35 8 28 38 18 26 30 41 29 4 25 13 50 22 14 46 24 2 6 47 33 

Inst_Index:3758 	 City_Num:50 	 Concorde:5.992690 	 MCTS:5.992690 Improve:-0.000000 	 Time:3.75 Seconds
Solution: 1 14 37 31 7 27 20 24 34 16 3 36 25 30 8 5 43 45 4 17 13 46 32 9 35 22 47 41 10 39 33 23 28 26 38 50 18 48 49 40 12 15 44 6 2 11 19 29 21 42 

Inst_Index:3759 	 City_Num:50 	 Concorde:5.954900 	 MCTS:5.954900 Improve:-0.000000 	 Time:3.76 Seconds
Solution: 1 44 40 32 15 46 42 12 29 43 2 33 23 31 19 30 25 45 24 38 22 6 9 7 11 4 18 35 41 26 47 20 49 8 36 28 50 39 13 17 21 14 10 5 37 27 34 16 48 3 

Inst_Index:3760 	 City_Num:50 	 Concorde:5.626362 	 MCTS:5.626362 Improve:-0.000000 	 Time:3.77 Seconds
Solution: 1 49 9 48 44 42 50 15 43 21 40 41 30 39 29 20 36 12 38 17 33 45 23 18 26 28 47 37 32 19 14 5 3 31 13 11 22 16 35 7 25 2 34 6 8 27 10 24 4 46 

Inst_Index:3761 	 City_Num:50 	 Concorde:5.520971 	 MCTS:5.520971 Improve:-0.000000 	 Time:3.77 Seconds
Solution: 1 35 16 2 23 49 10 14 26 8 37 6 24 3 30 19 25 12 34 44 46 47 45 32 27 5 4 20 18 7 22 36 38 31 33 42 40 17 21 9 15 29 39 13 11 41 48 43 50 28 

Inst_Index:3762 	 City_Num:50 	 Concorde:5.668805 	 MCTS:5.666846 Improve:0.001959 	 Time:3.76 Seconds
Solution: 1 49 11 38 41 48 21 10 9 36 23 39 15 45 31 46 50 4 47 3 6 28 24 33 14 7 43 22 27 35 44 13 32 30 26 19 17 25 37 29 16 18 8 5 12 34 20 42 2 40 

Inst_Index:3763 	 City_Num:50 	 Concorde:5.685885 	 MCTS:5.685885 Improve:0.000000 	 Time:3.76 Seconds
Solution: 1 42 36 12 31 40 37 43 2 10 4 41 39 46 16 15 47 18 8 38 32 49 9 35 34 13 26 19 17 25 20 44 21 33 45 30 28 48 29 7 3 11 6 24 22 50 5 14 23 27 

Inst_Index:3764 	 City_Num:50 	 Concorde:5.872275 	 MCTS:5.872275 Improve:0.000000 	 Time:3.75 Seconds
Solution: 1 21 42 43 9 38 29 39 19 37 32 22 36 14 11 47 40 17 13 6 35 4 45 46 16 25 24 34 12 10 15 18 7 5 2 27 31 41 26 48 20 23 8 28 50 49 44 30 33 3 

Inst_Index:3765 	 City_Num:50 	 Concorde:5.775531 	 MCTS:5.775531 Improve:-0.000000 	 Time:3.76 Seconds
Solution: 1 50 19 23 22 20 42 3 44 29 27 48 40 5 15 37 14 49 45 18 12 2 11 26 6 28 43 38 7 34 47 4 9 41 21 35 30 16 13 36 24 10 32 17 33 25 39 46 8 31 

Inst_Index:3766 	 City_Num:50 	 Concorde:5.777609 	 MCTS:5.777609 Improve:0.000000 	 Time:3.76 Seconds
Solution: 1 24 30 47 6 44 19 50 7 18 23 27 17 20 45 43 29 34 16 33 35 41 49 26 37 10 13 38 42 22 46 5 36 32 2 15 21 4 8 12 40 9 25 31 28 48 11 39 3 14 

Inst_Index:3767 	 City_Num:50 	 Concorde:5.410732 	 MCTS:5.410732 Improve:-0.000000 	 Time:3.77 Seconds
Solution: 1 43 28 18 30 14 41 8 31 12 19 42 13 49 32 26 48 37 23 44 34 35 22 46 16 21 36 5 2 10 15 25 6 7 39 40 4 33 17 9 20 3 47 45 24 29 11 27 38 50 

Inst_Index:3768 	 City_Num:50 	 Concorde:5.150332 	 MCTS:5.150332 Improve:0.000000 	 Time:3.77 Seconds
Solution: 1 4 10 23 21 42 7 2 14 22 26 15 46 47 13 29 48 3 34 35 8 43 16 6 20 33 5 32 19 27 28 12 40 11 31 39 30 36 41 45 44 9 18 17 24 25 50 37 38 49 

Inst_Index:3769 	 City_Num:50 	 Concorde:5.604572 	 MCTS:5.604572 Improve:0.000000 	 Time:3.76 Seconds
Solution: 1 18 10 38 19 36 17 46 42 44 11 3 30 6 2 34 9 23 45 26 40 50 31 13 47 43 16 8 22 37 4 12 21 5 33 49 35 48 15 27 24 39 32 28 25 41 29 14 20 7 

Inst_Index:3770 	 City_Num:50 	 Concorde:5.465717 	 MCTS:5.465717 Improve:0.000000 	 Time:3.77 Seconds
Solution: 1 48 39 49 50 32 42 41 11 45 24 26 36 28 27 20 17 35 37 7 12 21 6 18 15 40 16 44 14 29 2 34 5 3 25 9 47 10 22 38 46 13 23 19 43 30 4 33 31 8 

Inst_Index:3771 	 City_Num:50 	 Concorde:5.597706 	 MCTS:5.594192 Improve:0.003513 	 Time:3.76 Seconds
Solution: 1 17 19 22 50 41 18 9 40 20 38 7 46 47 6 4 13 48 45 8 31 26 24 29 30 36 42 49 33 43 14 37 12 27 32 28 34 25 16 23 5 44 10 3 11 15 39 35 21 2 

Inst_Index:3772 	 City_Num:50 	 Concorde:5.522997 	 MCTS:5.522997 Improve:0.000000 	 Time:3.76 Seconds
Solution: 1 27 23 20 9 31 43 45 44 22 29 42 15 10 30 46 41 26 4 17 25 39 5 38 47 35 8 18 49 48 24 37 40 36 21 7 50 14 2 3 16 32 28 13 33 6 34 11 19 12 

Inst_Index:3773 	 City_Num:50 	 Concorde:5.545901 	 MCTS:5.540588 Improve:0.005313 	 Time:3.75 Seconds
Solution: 1 3 24 18 26 40 32 28 46 20 13 27 49 50 43 33 35 6 44 41 36 12 5 23 16 11 9 37 39 22 10 15 34 42 25 14 38 45 2 4 47 19 29 7 17 30 21 8 48 31 

Inst_Index:3774 	 City_Num:50 	 Concorde:5.192791 	 MCTS:5.186322 Improve:0.006469 	 Time:3.75 Seconds
Solution: 1 46 41 39 43 14 29 25 38 9 8 21 44 20 42 45 4 2 17 40 23 35 26 19 6 12 3 34 32 37 15 50 7 47 22 28 11 31 33 13 48 10 49 18 27 24 30 5 16 36 

Inst_Index:3775 	 City_Num:50 	 Concorde:5.678271 	 MCTS:5.676967 Improve:0.001305 	 Time:3.77 Seconds
Solution: 1 18 45 41 9 8 22 30 50 15 12 14 13 43 16 34 7 17 37 47 31 28 35 24 5 42 4 6 33 2 27 10 26 36 20 19 21 3 39 25 11 40 29 38 44 32 23 49 46 48 

Inst_Index:3776 	 City_Num:50 	 Concorde:5.329893 	 MCTS:5.329893 Improve:0.000000 	 Time:3.77 Seconds
Solution: 1 15 48 24 17 14 47 38 9 10 45 23 13 20 4 42 44 43 30 34 5 36 39 18 46 21 19 3 33 28 12 6 32 2 16 29 8 35 31 25 50 11 41 27 22 49 40 7 26 37 

Inst_Index:3777 	 City_Num:50 	 Concorde:5.700911 	 MCTS:5.700911 Improve:0.000000 	 Time:3.75 Seconds
Solution: 1 2 11 50 4 46 48 14 30 16 10 12 39 18 37 32 42 49 5 28 8 3 31 35 38 22 21 34 17 29 47 7 45 33 27 13 36 40 9 20 26 44 41 15 19 6 23 25 43 24 

Inst_Index:3778 	 City_Num:50 	 Concorde:5.618206 	 MCTS:5.617796 Improve:0.000410 	 Time:3.77 Seconds
Solution: 1 27 47 12 2 10 43 29 34 20 44 45 6 36 25 9 37 18 35 15 13 33 38 48 46 40 17 50 39 24 19 7 42 8 21 16 32 4 31 23 49 22 14 41 11 5 28 26 3 30 

Inst_Index:3779 	 City_Num:50 	 Concorde:5.497337 	 MCTS:5.497337 Improve:-0.000000 	 Time:3.76 Seconds
Solution: 1 46 45 40 30 47 37 10 25 7 43 15 8 6 31 36 23 14 35 24 22 21 17 33 2 38 11 49 41 12 13 28 18 20 16 48 26 27 42 29 3 39 32 19 44 4 34 50 9 5 

Inst_Index:3780 	 City_Num:50 	 Concorde:5.806026 	 MCTS:5.806026 Improve:0.000000 	 Time:3.76 Seconds
Solution: 1 43 11 13 8 23 24 35 41 34 2 50 30 33 5 36 31 48 26 28 12 38 45 40 46 20 16 14 9 4 47 3 27 7 29 44 42 15 37 10 49 19 17 21 22 18 25 32 6 39 

Inst_Index:3781 	 City_Num:50 	 Concorde:5.648130 	 MCTS:5.648130 Improve:0.000000 	 Time:3.77 Seconds
Solution: 1 49 34 44 24 21 2 26 46 19 38 18 15 28 16 39 33 4 30 22 9 50 31 3 40 45 43 35 5 13 20 29 47 25 36 14 41 12 37 23 17 48 10 7 8 27 42 11 32 6 

Inst_Index:3782 	 City_Num:50 	 Concorde:5.612979 	 MCTS:5.612979 Improve:-0.000000 	 Time:3.75 Seconds
Solution: 1 50 20 35 38 27 34 6 17 42 9 7 48 40 11 32 31 16 28 23 14 37 13 3 15 33 5 21 36 39 49 30 44 29 47 25 46 2 24 26 8 18 10 41 45 4 12 19 22 43 

Inst_Index:3783 	 City_Num:50 	 Concorde:5.555345 	 MCTS:5.555345 Improve:-0.000000 	 Time:3.77 Seconds
Solution: 1 49 39 29 40 4 2 8 10 24 46 17 38 16 37 9 23 32 13 25 18 12 34 50 45 20 3 47 5 42 6 33 22 48 7 30 14 19 36 26 31 35 27 15 11 28 44 21 43 41 

Inst_Index:3784 	 City_Num:50 	 Concorde:5.895982 	 MCTS:5.892316 Improve:0.003666 	 Time:3.75 Seconds
Solution: 1 40 33 9 38 18 24 34 22 20 37 42 12 47 13 26 44 14 10 6 8 49 4 30 15 48 2 19 31 36 7 11 29 3 27 28 41 35 46 17 32 5 39 16 21 45 23 50 25 43 

Inst_Index:3785 	 City_Num:50 	 Concorde:5.912716 	 MCTS:5.912716 Improve:-0.000000 	 Time:3.76 Seconds
Solution: 1 39 21 35 37 46 49 34 27 30 36 12 44 48 24 31 14 32 42 33 20 8 25 19 22 6 47 43 3 10 15 50 7 9 2 41 4 45 13 40 5 18 38 16 11 23 29 17 28 26 

Inst_Index:3786 	 City_Num:50 	 Concorde:6.173604 	 MCTS:6.173604 Improve:-0.000000 	 Time:3.75 Seconds
Solution: 1 4 3 12 31 34 17 43 2 32 21 45 27 41 8 20 23 7 26 46 28 36 9 50 44 38 11 48 18 39 25 30 14 40 22 15 10 29 35 49 42 13 24 37 33 16 19 5 47 6 

Inst_Index:3787 	 City_Num:50 	 Concorde:5.967709 	 MCTS:5.967709 Improve:0.000000 	 Time:3.76 Seconds
Solution: 1 5 25 27 24 29 47 13 39 50 32 7 17 20 11 2 6 40 48 28 22 45 38 14 37 43 46 42 15 3 36 19 49 18 8 9 10 4 26 21 12 23 31 33 16 44 30 41 35 34 

Inst_Index:3788 	 City_Num:50 	 Concorde:5.672979 	 MCTS:5.672979 Improve:-0.000000 	 Time:3.75 Seconds
Solution: 1 21 39 45 10 7 38 22 48 8 35 12 37 42 26 16 29 32 31 2 3 40 49 11 6 46 9 18 24 33 19 50 13 41 20 36 47 5 25 28 30 17 15 23 43 27 4 34 14 44 

Inst_Index:3789 	 City_Num:50 	 Concorde:5.369056 	 MCTS:5.369056 Improve:0.000000 	 Time:3.76 Seconds
Solution: 1 26 37 41 42 30 40 22 36 24 6 15 17 38 32 18 8 45 28 35 3 44 11 47 12 16 21 33 10 46 23 13 50 34 20 39 7 14 43 48 5 9 31 19 4 29 2 25 27 49 

Inst_Index:3790 	 City_Num:50 	 Concorde:5.909570 	 MCTS:5.909207 Improve:0.000363 	 Time:3.75 Seconds
Solution: 1 24 10 44 28 16 46 15 9 30 40 45 33 13 48 31 22 23 17 14 39 19 37 41 36 38 32 25 50 35 11 4 20 18 29 2 6 5 43 26 12 34 27 8 21 49 7 47 3 42 

Inst_Index:3791 	 City_Num:50 	 Concorde:5.715696 	 MCTS:5.715532 Improve:0.000165 	 Time:3.76 Seconds
Solution: 1 47 34 23 2 38 32 19 24 10 50 9 40 17 46 39 42 48 25 31 26 49 20 43 14 7 37 30 13 3 29 18 12 28 4 35 16 27 6 11 8 22 44 36 33 5 15 21 45 41 

Inst_Index:3792 	 City_Num:50 	 Concorde:5.418859 	 MCTS:5.415835 Improve:0.003024 	 Time:3.77 Seconds
Solution: 1 45 11 13 10 12 14 4 29 36 18 43 25 30 35 49 17 32 28 21 23 33 5 38 8 50 47 40 9 48 7 37 20 41 19 24 16 2 15 6 42 26 34 27 31 39 22 44 46 3 

Inst_Index:3793 	 City_Num:50 	 Concorde:5.802054 	 MCTS:5.797056 Improve:0.004997 	 Time:3.76 Seconds
Solution: 1 24 35 6 18 41 25 29 19 43 10 33 31 44 46 42 34 17 15 32 7 37 14 13 3 27 36 12 26 4 11 20 16 39 45 50 40 49 47 28 5 23 38 48 2 22 30 9 21 8 

Inst_Index:3794 	 City_Num:50 	 Concorde:5.725754 	 MCTS:5.725754 Improve:0.000000 	 Time:3.76 Seconds
Solution: 1 15 32 7 39 16 46 21 34 41 24 10 42 8 50 19 13 28 2 35 38 11 3 6 43 27 47 29 30 17 23 5 14 45 12 44 40 48 22 37 26 33 18 4 25 20 9 49 31 36 

Inst_Index:3795 	 City_Num:50 	 Concorde:5.283318 	 MCTS:5.283318 Improve:0.000000 	 Time:3.75 Seconds
Solution: 1 3 18 15 14 41 35 44 21 10 30 11 17 42 45 37 39 48 26 47 16 2 7 29 13 12 40 22 24 49 46 33 5 36 38 4 28 8 34 20 31 23 32 6 25 19 50 27 43 9 

Inst_Index:3796 	 City_Num:50 	 Concorde:5.750929 	 MCTS:5.750333 Improve:0.000596 	 Time:3.76 Seconds
Solution: 1 23 6 20 43 22 7 4 18 27 9 17 49 40 34 44 16 39 10 31 5 28 50 19 2 24 45 25 13 11 15 30 14 3 29 32 46 12 42 26 37 33 36 38 47 41 8 21 35 48 

Inst_Index:3797 	 City_Num:50 	 Concorde:6.030099 	 MCTS:6.030099 Improve:0.000000 	 Time:3.77 Seconds
Solution: 1 33 2 3 24 26 46 32 25 14 44 38 19 12 37 36 11 18 23 28 47 39 9 40 48 42 10 5 13 49 22 43 34 50 21 27 8 20 41 16 7 35 30 6 15 29 31 17 4 45 

Inst_Index:3798 	 City_Num:50 	 Concorde:5.693777 	 MCTS:5.693643 Improve:0.000134 	 Time:3.75 Seconds
Solution: 1 30 5 9 37 33 45 23 32 40 29 38 25 8 18 3 42 7 34 16 41 24 48 11 39 2 4 26 12 13 50 49 19 15 44 43 47 22 36 35 6 46 31 21 14 10 28 17 27 20 

Inst_Index:3799 	 City_Num:50 	 Concorde:5.949109 	 MCTS:5.949109 Improve:0.000000 	 Time:3.75 Seconds
Solution: 1 44 20 23 40 42 48 46 28 25 24 14 50 21 5 22 34 29 38 15 7 31 11 39 13 30 16 17 35 18 43 32 19 33 12 49 45 26 37 27 10 6 4 9 2 41 3 47 36 8 

Inst_Index:3800 	 City_Num:50 	 Concorde:5.584991 	 MCTS:5.584912 Improve:0.000079 	 Time:3.75 Seconds
Solution: 1 16 50 39 3 12 24 46 15 25 47 44 13 41 40 20 17 45 22 34 10 37 31 38 42 32 4 36 6 29 35 5 30 7 48 33 23 26 19 2 27 43 11 28 9 49 18 8 14 21 

Inst_Index:3801 	 City_Num:50 	 Concorde:5.589728 	 MCTS:5.589728 Improve:0.000000 	 Time:3.75 Seconds
Solution: 1 36 2 12 42 8 17 21 7 39 47 33 10 37 4 50 15 3 28 34 30 44 20 9 29 6 23 32 45 14 35 19 25 22 24 41 46 13 11 49 38 5 31 40 43 27 26 48 16 18 

Inst_Index:3802 	 City_Num:50 	 Concorde:5.724662 	 MCTS:5.724246 Improve:0.000416 	 Time:3.78 Seconds
Solution: 1 46 20 45 8 47 2 35 22 16 49 11 4 26 25 23 31 27 41 12 48 7 40 29 10 17 18 37 44 13 9 30 34 14 32 43 39 15 38 33 19 24 50 3 6 36 21 28 42 5 

Inst_Index:3803 	 City_Num:50 	 Concorde:6.033906 	 MCTS:6.033906 Improve:0.000000 	 Time:3.76 Seconds
Solution: 1 45 2 44 38 33 10 26 48 18 13 50 20 28 47 27 8 12 49 46 29 24 36 22 6 11 7 15 31 5 25 4 21 34 16 40 37 32 9 39 14 19 30 41 23 43 17 35 3 42 

Inst_Index:3804 	 City_Num:50 	 Concorde:5.523589 	 MCTS:5.520940 Improve:0.002649 	 Time:3.76 Seconds
Solution: 1 48 17 33 8 18 13 37 22 49 26 32 21 31 50 30 16 46 41 7 11 19 43 36 35 23 5 15 2 3 42 25 14 45 40 39 47 6 34 4 10 27 44 24 29 38 20 28 12 9 

Inst_Index:3805 	 City_Num:50 	 Concorde:5.855632 	 MCTS:5.855632 Improve:0.000000 	 Time:3.76 Seconds
Solution: 1 35 14 48 8 30 24 10 12 21 49 32 27 6 16 20 13 42 38 17 37 45 11 39 34 46 40 9 33 7 43 26 29 31 19 2 28 4 50 41 22 25 3 23 5 44 36 15 18 47 

Inst_Index:3806 	 City_Num:50 	 Concorde:6.053125 	 MCTS:6.053026 Improve:0.000098 	 Time:3.78 Seconds
Solution: 1 9 10 36 3 6 24 8 13 14 28 19 17 44 21 47 48 45 39 49 38 27 5 15 42 37 20 31 4 23 16 2 26 50 7 18 35 29 12 33 41 40 25 46 11 32 43 34 22 30 

Inst_Index:3807 	 City_Num:50 	 Concorde:5.701898 	 MCTS:5.701083 Improve:0.000815 	 Time:3.76 Seconds
Solution: 1 39 18 45 37 30 11 36 25 12 49 3 9 16 17 44 20 2 13 40 27 48 19 33 22 10 32 7 23 47 29 26 24 35 8 34 4 42 38 28 46 43 5 15 21 41 50 14 6 31 

Inst_Index:3808 	 City_Num:50 	 Concorde:5.764443 	 MCTS:5.764443 Improve:0.000000 	 Time:3.76 Seconds
Solution: 1 44 50 14 40 8 28 49 48 5 17 38 6 26 16 13 39 37 21 41 29 33 19 45 4 24 27 23 31 46 2 35 15 36 25 34 9 18 30 12 3 7 10 11 20 22 47 32 42 43 

Inst_Index:3809 	 City_Num:50 	 Concorde:5.949070 	 MCTS:5.949070 Improve:0.000000 	 Time:3.76 Seconds
Solution: 1 16 48 35 37 50 29 36 27 8 20 34 3 4 6 15 11 18 42 44 2 39 40 22 38 21 41 13 12 19 7 46 33 49 32 28 23 47 9 45 14 24 26 30 25 17 10 5 43 31 

Inst_Index:3810 	 City_Num:50 	 Concorde:5.776771 	 MCTS:5.776771 Improve:0.000000 	 Time:3.76 Seconds
Solution: 1 15 7 37 8 25 3 39 20 40 30 18 16 28 10 49 34 44 14 29 21 42 45 4 35 6 11 13 22 38 17 50 47 31 19 48 32 27 5 23 24 26 9 36 41 46 43 12 2 33 

Inst_Index:3811 	 City_Num:50 	 Concorde:5.932536 	 MCTS:5.932536 Improve:-0.000000 	 Time:3.76 Seconds
Solution: 1 49 14 47 48 35 40 32 36 38 9 6 50 23 42 16 46 17 10 2 19 39 7 22 28 12 44 25 26 4 15 34 41 13 20 43 3 5 45 29 37 18 31 11 21 8 30 33 24 27 

Inst_Index:3812 	 City_Num:50 	 Concorde:5.775833 	 MCTS:5.770890 Improve:0.004943 	 Time:3.76 Seconds
Solution: 1 28 4 9 32 41 17 49 7 25 26 39 44 38 11 24 15 42 45 18 3 35 40 23 34 29 6 50 48 30 31 22 27 20 19 47 33 14 16 43 8 5 21 12 2 46 37 10 36 13 

Inst_Index:3813 	 City_Num:50 	 Concorde:5.761346 	 MCTS:5.761346 Improve:-0.000000 	 Time:3.76 Seconds
Solution: 1 9 35 41 16 23 7 50 22 19 45 43 12 33 44 10 46 11 28 37 15 2 48 8 25 6 18 4 26 40 29 36 38 14 24 47 17 27 31 32 34 49 42 20 3 5 39 13 30 21 

Inst_Index:3814 	 City_Num:50 	 Concorde:5.605951 	 MCTS:5.605951 Improve:0.000000 	 Time:3.75 Seconds
Solution: 1 36 12 22 5 42 40 23 3 17 19 33 4 29 48 7 38 16 30 14 46 37 31 6 43 28 49 24 34 26 44 2 50 9 21 32 35 18 45 47 11 15 25 27 10 8 13 39 41 20 

Inst_Index:3815 	 City_Num:50 	 Concorde:5.757024 	 MCTS:5.757024 Improve:-0.000000 	 Time:3.77 Seconds
Solution: 1 45 20 23 47 6 48 40 42 16 14 50 38 41 26 12 44 49 22 15 18 34 27 11 43 3 25 29 32 28 39 17 46 31 8 5 21 10 2 4 13 19 35 36 30 33 7 37 24 9 

Inst_Index:3816 	 City_Num:50 	 Concorde:5.738132 	 MCTS:5.737848 Improve:0.000284 	 Time:3.75 Seconds
Solution: 1 21 22 46 13 42 35 7 9 2 48 39 17 3 30 27 4 8 50 32 38 47 26 5 49 33 12 40 10 11 43 25 23 18 41 28 14 44 31 15 45 24 20 29 19 34 36 6 16 37 

Inst_Index:3817 	 City_Num:50 	 Concorde:5.773454 	 MCTS:5.773454 Improve:0.000000 	 Time:3.75 Seconds
Solution: 1 40 41 48 50 13 39 5 38 15 10 26 42 20 18 4 14 7 47 31 27 22 46 36 45 2 44 43 29 6 19 30 28 49 23 21 9 11 33 35 34 8 16 3 37 12 25 32 17 24 

Inst_Index:3818 	 City_Num:50 	 Concorde:5.561046 	 MCTS:5.559697 Improve:0.001350 	 Time:3.77 Seconds
Solution: 1 9 14 21 15 6 8 29 33 25 46 47 32 2 10 41 26 34 42 11 22 5 39 35 28 7 37 24 13 4 45 48 30 20 27 16 43 38 31 50 12 40 18 36 23 3 49 17 19 44 

Inst_Index:3819 	 City_Num:50 	 Concorde:5.986435 	 MCTS:5.982334 Improve:0.004101 	 Time:3.77 Seconds
Solution: 1 18 24 45 37 15 27 28 19 26 30 38 20 46 39 31 5 36 32 12 22 9 49 40 6 8 13 33 3 42 2 34 21 10 50 35 25 48 43 29 11 7 47 23 14 16 44 41 17 4 

Inst_Index:3820 	 City_Num:50 	 Concorde:6.062900 	 MCTS:6.062900 Improve:0.000000 	 Time:3.75 Seconds
Solution: 1 8 4 6 36 33 37 26 18 39 30 2 21 28 22 7 19 9 47 45 34 50 48 38 24 5 23 20 41 43 10 46 40 13 29 15 42 25 32 11 35 14 12 44 17 49 16 31 3 27 

Inst_Index:3821 	 City_Num:50 	 Concorde:5.921962 	 MCTS:5.921962 Improve:-0.000000 	 Time:3.76 Seconds
Solution: 1 23 26 49 33 47 42 36 5 7 50 46 8 19 30 16 20 4 29 22 24 37 12 11 10 31 13 15 2 6 34 9 28 43 18 17 3 25 44 48 45 40 38 32 27 39 41 14 21 35 

Inst_Index:3822 	 City_Num:50 	 Concorde:5.665888 	 MCTS:5.662379 Improve:0.003508 	 Time:3.76 Seconds
Solution: 1 13 7 28 31 48 40 42 49 44 21 23 47 34 18 29 25 41 15 33 37 19 26 22 32 27 4 9 24 12 39 8 16 11 10 5 3 38 35 36 20 46 43 2 14 50 30 17 6 45 

Inst_Index:3823 	 City_Num:50 	 Concorde:5.226889 	 MCTS:5.226889 Improve:0.000000 	 Time:3.77 Seconds
Solution: 1 15 44 40 46 36 11 25 32 48 14 26 34 2 43 8 12 22 47 45 33 10 38 13 3 7 23 5 4 39 28 29 24 50 42 6 30 41 19 20 17 21 31 18 16 35 49 37 27 9 

Inst_Index:3824 	 City_Num:50 	 Concorde:5.871348 	 MCTS:5.871348 Improve:0.000000 	 Time:3.76 Seconds
Solution: 1 8 19 39 6 26 20 25 48 14 41 24 21 38 37 47 35 40 31 44 4 10 46 9 32 22 16 17 49 33 11 34 43 42 18 13 45 50 15 23 28 36 2 27 3 7 30 29 5 12 

Inst_Index:3825 	 City_Num:50 	 Concorde:5.184262 	 MCTS:5.184262 Improve:0.000000 	 Time:3.75 Seconds
Solution: 1 11 32 46 21 38 48 40 20 9 31 15 13 17 47 5 43 16 25 50 33 36 26 28 42 37 3 4 23 14 44 35 18 19 30 2 8 24 34 10 12 22 45 49 41 6 27 7 39 29 

Inst_Index:3826 	 City_Num:50 	 Concorde:5.679385 	 MCTS:5.676224 Improve:0.003161 	 Time:3.76 Seconds
Solution: 1 15 43 31 23 10 46 22 9 20 14 25 21 32 29 16 27 11 4 19 26 49 42 3 13 33 18 50 47 2 28 41 12 30 17 35 37 45 5 8 7 6 48 24 36 39 34 44 38 40 

Inst_Index:3827 	 City_Num:50 	 Concorde:5.990230 	 MCTS:5.990230 Improve:-0.000000 	 Time:3.75 Seconds
Solution: 1 15 35 45 10 19 28 11 13 46 23 9 36 34 7 24 12 39 41 43 3 50 4 40 18 20 22 29 27 44 47 37 8 16 26 48 14 33 30 5 42 25 38 2 6 17 21 49 32 31 

Inst_Index:3828 	 City_Num:50 	 Concorde:5.689899 	 MCTS:5.687993 Improve:0.001905 	 Time:3.75 Seconds
Solution: 1 26 49 11 5 17 45 37 47 27 48 25 13 20 19 46 43 23 6 29 3 44 4 22 12 18 21 40 42 30 31 2 24 16 32 14 34 35 10 50 38 15 39 8 41 7 28 9 33 36 

Inst_Index:3829 	 City_Num:50 	 Concorde:6.021989 	 MCTS:6.020902 Improve:0.001088 	 Time:3.77 Seconds
Solution: 1 48 47 15 3 18 2 21 16 9 35 28 23 33 8 37 38 11 43 13 34 39 49 22 29 40 5 24 20 31 10 27 42 14 19 50 46 25 26 12 45 30 6 44 41 36 7 17 4 32 

Inst_Index:3830 	 City_Num:50 	 Concorde:5.510246 	 MCTS:5.504656 Improve:0.005590 	 Time:3.77 Seconds
Solution: 1 17 44 50 26 43 10 20 35 33 29 24 7 31 47 23 19 18 36 38 5 48 27 16 45 42 49 28 37 30 15 3 25 9 11 13 8 4 21 39 46 40 2 34 32 6 41 22 12 14 

Inst_Index:3831 	 City_Num:50 	 Concorde:5.328755 	 MCTS:5.328755 Improve:0.000000 	 Time:3.76 Seconds
Solution: 1 4 22 17 21 11 42 3 36 32 12 2 19 40 35 33 5 47 26 43 38 18 41 48 49 39 25 28 13 15 45 31 14 10 24 50 9 20 16 34 46 30 27 23 37 29 6 8 7 44 

Inst_Index:3832 	 City_Num:50 	 Concorde:5.466356 	 MCTS:5.466356 Improve:0.000000 	 Time:3.77 Seconds
Solution: 1 7 43 46 8 42 38 33 5 4 39 15 26 35 19 44 28 9 40 11 24 32 34 21 12 3 41 45 48 14 20 36 2 10 49 16 31 6 37 50 27 29 13 30 18 25 23 47 17 22 

Inst_Index:3833 	 City_Num:50 	 Concorde:5.979265 	 MCTS:5.979265 Improve:0.000000 	 Time:3.75 Seconds
Solution: 1 20 26 29 40 8 2 12 36 49 48 7 25 10 23 34 4 28 50 33 42 24 31 39 18 37 45 17 35 11 41 15 3 22 27 46 43 9 14 13 32 44 16 5 47 6 21 30 38 19 

Inst_Index:3834 	 City_Num:50 	 Concorde:6.031935 	 MCTS:6.031935 Improve:-0.000000 	 Time:3.76 Seconds
Solution: 1 20 35 41 23 6 39 15 7 16 12 44 5 28 14 24 31 21 40 45 25 37 13 17 3 2 18 50 30 10 33 38 19 42 47 32 26 48 46 11 8 34 49 36 29 9 22 4 43 27 

Inst_Index:3835 	 City_Num:50 	 Concorde:5.903678 	 MCTS:5.903678 Improve:0.000000 	 Time:3.76 Seconds
Solution: 1 2 37 22 29 15 12 28 35 6 8 23 32 16 20 19 9 11 36 27 47 50 5 25 33 38 14 46 44 43 4 45 18 31 42 34 13 48 40 49 24 17 39 7 30 10 26 21 3 41 

Inst_Index:3836 	 City_Num:50 	 Concorde:5.336867 	 MCTS:5.335972 Improve:0.000896 	 Time:3.76 Seconds
Solution: 1 6 18 28 46 21 31 9 15 22 35 30 3 25 5 45 16 47 44 38 40 13 50 36 32 24 11 43 39 34 14 8 42 4 12 29 33 2 27 10 48 20 7 17 41 19 37 26 23 49 

Inst_Index:3837 	 City_Num:50 	 Concorde:5.590325 	 MCTS:5.590325 Improve:0.000000 	 Time:3.75 Seconds
Solution: 1 47 45 10 23 42 15 44 43 19 3 22 4 20 39 21 37 26 40 32 41 31 34 17 16 29 13 38 35 50 12 18 46 49 14 8 48 7 25 2 6 5 11 33 24 36 27 28 9 30 

Inst_Index:3838 	 City_Num:50 	 Concorde:6.155767 	 MCTS:6.154033 Improve:0.001734 	 Time:3.75 Seconds
Solution: 1 40 16 2 3 43 26 22 24 9 5 37 25 38 21 31 36 13 28 45 17 15 20 7 19 4 47 11 49 34 27 41 10 35 30 12 29 50 8 23 42 44 39 6 14 46 48 18 32 33 

Inst_Index:3839 	 City_Num:50 	 Concorde:5.514938 	 MCTS:5.514938 Improve:-0.000000 	 Time:3.76 Seconds
Solution: 1 40 17 25 30 7 44 26 28 20 35 22 18 32 12 6 33 46 36 31 38 47 48 21 8 19 3 29 11 41 42 34 15 45 50 24 2 14 39 13 49 27 10 5 23 9 37 43 16 4 

Inst_Index:3840 	 City_Num:50 	 Concorde:5.464297 	 MCTS:5.464297 Improve:0.000000 	 Time:3.75 Seconds
Solution: 1 17 9 34 45 20 10 29 21 28 44 39 12 25 7 27 43 24 46 16 19 6 4 26 14 30 37 42 8 5 38 11 2 41 47 22 33 3 31 50 15 13 48 35 18 36 23 40 49 32 

Inst_Index:3841 	 City_Num:50 	 Concorde:5.645769 	 MCTS:5.645769 Improve:0.000000 	 Time:3.75 Seconds
Solution: 1 35 14 5 18 37 44 9 30 24 41 22 25 17 34 40 48 46 39 38 33 31 23 4 32 21 27 19 20 13 12 43 49 15 29 45 50 42 2 7 8 11 36 16 10 6 28 26 3 47 

Inst_Index:3842 	 City_Num:50 	 Concorde:5.717668 	 MCTS:5.717668 Improve:-0.000000 	 Time:3.77 Seconds
Solution: 1 20 21 46 31 44 40 41 16 13 2 23 30 49 14 7 35 36 26 43 3 24 9 27 15 47 50 37 17 33 45 10 12 29 42 48 5 28 8 25 34 38 32 39 4 11 18 6 22 19 

Inst_Index:3843 	 City_Num:50 	 Concorde:5.319274 	 MCTS:5.319274 Improve:-0.000000 	 Time:3.76 Seconds
Solution: 1 28 39 12 19 4 45 11 31 25 32 44 17 16 3 24 22 5 15 20 13 26 49 23 30 46 2 33 7 14 36 18 8 47 40 6 41 34 10 37 38 21 27 35 29 42 43 9 50 48 

Inst_Index:3844 	 City_Num:50 	 Concorde:5.535195 	 MCTS:5.532256 Improve:0.002939 	 Time:3.76 Seconds
Solution: 1 31 7 29 17 45 46 34 19 37 32 44 15 27 43 10 26 42 48 11 5 39 40 41 23 47 14 35 2 25 50 28 22 21 38 4 9 3 30 16 49 12 8 13 33 6 18 36 20 24 

Inst_Index:3845 	 City_Num:50 	 Concorde:5.684580 	 MCTS:5.684580 Improve:0.000000 	 Time:3.75 Seconds
Solution: 1 30 29 9 5 7 36 8 24 38 37 25 3 50 6 46 48 2 33 44 20 49 10 31 43 22 28 13 17 39 32 26 14 42 41 45 19 11 16 4 18 15 12 23 21 35 47 34 27 40 

Inst_Index:3846 	 City_Num:50 	 Concorde:5.607054 	 MCTS:5.607054 Improve:-0.000000 	 Time:3.77 Seconds
Solution: 1 31 4 10 41 50 20 26 15 5 30 33 40 35 25 11 13 6 34 16 18 27 21 37 7 22 42 46 23 14 39 48 17 49 43 44 24 8 45 2 9 19 38 29 12 3 36 28 47 32 

Inst_Index:3847 	 City_Num:50 	 Concorde:5.753549 	 MCTS:5.753549 Improve:0.000000 	 Time:3.77 Seconds
Solution: 1 14 18 46 40 44 5 20 8 12 33 7 16 22 34 50 13 17 29 26 49 24 9 11 19 28 2 3 36 15 35 10 6 43 42 21 27 30 41 45 47 23 39 32 4 38 31 25 37 48 

Inst_Index:3848 	 City_Num:50 	 Concorde:5.513872 	 MCTS:5.513872 Improve:0.000000 	 Time:3.77 Seconds
Solution: 1 33 37 31 46 27 24 36 47 15 19 11 4 41 32 3 35 6 44 26 12 21 40 45 8 10 50 49 17 34 48 14 42 38 20 29 7 13 5 43 28 30 9 39 23 22 2 25 18 16 

Inst_Index:3849 	 City_Num:50 	 Concorde:5.393423 	 MCTS:5.387800 Improve:0.005624 	 Time:3.75 Seconds
Solution: 1 3 33 35 30 44 7 10 23 40 45 38 6 20 48 37 15 9 42 16 22 49 5 19 47 29 34 24 31 17 27 12 21 50 43 46 28 32 11 41 14 2 18 8 25 36 39 26 13 4 

Inst_Index:3850 	 City_Num:50 	 Concorde:5.265143 	 MCTS:5.265143 Improve:0.000000 	 Time:3.76 Seconds
Solution: 1 24 28 3 45 14 41 26 42 25 48 16 7 46 15 10 23 22 49 32 6 29 33 4 36 37 43 19 39 17 18 34 31 13 9 11 50 30 2 38 47 8 20 35 27 21 12 5 44 40 

Inst_Index:3851 	 City_Num:50 	 Concorde:5.532843 	 MCTS:5.532843 Improve:-0.000000 	 Time:3.76 Seconds
Solution: 1 45 37 11 2 7 47 14 15 30 23 33 36 8 21 20 24 6 39 26 49 12 19 18 44 9 10 48 46 3 31 38 28 40 34 13 4 27 35 41 32 25 42 5 17 16 22 50 29 43 

Inst_Index:3852 	 City_Num:50 	 Concorde:6.227292 	 MCTS:6.227292 Improve:-0.000000 	 Time:3.76 Seconds
Solution: 1 34 17 41 13 2 42 48 49 28 47 31 18 38 5 22 16 36 45 50 44 21 27 39 6 9 3 46 35 15 7 24 25 37 30 43 23 40 4 10 14 19 29 32 33 26 8 12 20 11 

Inst_Index:3853 	 City_Num:50 	 Concorde:5.979923 	 MCTS:5.979923 Improve:0.000000 	 Time:3.78 Seconds
Solution: 1 6 3 43 20 5 28 42 45 32 50 7 30 19 26 25 11 21 8 33 22 29 14 31 40 18 35 15 38 12 34 37 47 24 9 44 2 10 41 39 23 16 49 36 46 4 27 13 17 48 

Inst_Index:3854 	 City_Num:50 	 Concorde:5.480774 	 MCTS:5.470009 Improve:0.010765 	 Time:3.75 Seconds
Solution: 1 36 4 43 47 12 49 19 21 25 20 22 37 32 18 26 15 29 39 23 33 9 38 11 35 40 45 13 48 24 31 34 16 6 30 17 42 41 7 44 5 3 46 27 28 14 2 50 8 10 

Inst_Index:3855 	 City_Num:50 	 Concorde:5.544741 	 MCTS:5.543146 Improve:0.001595 	 Time:3.75 Seconds
Solution: 1 50 42 43 17 25 36 40 15 3 31 38 19 33 9 46 20 8 4 10 30 41 48 6 14 7 23 47 5 32 24 28 16 11 49 13 22 21 27 39 2 37 18 29 45 12 34 35 44 26 

Inst_Index:3856 	 City_Num:50 	 Concorde:5.231372 	 MCTS:5.231372 Improve:-0.000000 	 Time:3.76 Seconds
Solution: 1 17 4 46 8 33 39 41 5 21 47 16 29 19 20 11 3 38 48 43 22 23 31 15 50 10 6 7 32 34 24 35 49 14 9 2 13 25 40 36 18 28 45 12 42 37 26 30 44 27 

Inst_Index:3857 	 City_Num:50 	 Concorde:5.859452 	 MCTS:5.859452 Improve:0.000000 	 Time:3.77 Seconds
Solution: 1 4 33 5 7 10 39 31 22 17 16 41 44 48 19 50 13 2 9 20 14 15 42 40 46 35 18 23 38 49 24 27 34 12 29 43 26 30 28 3 45 21 47 11 8 6 25 32 37 36 

Inst_Index:3858 	 City_Num:50 	 Concorde:5.628668 	 MCTS:5.628336 Improve:0.000332 	 Time:3.77 Seconds
Solution: 1 11 4 45 23 41 32 37 40 46 30 5 39 27 50 7 19 49 8 26 35 25 9 2 15 28 3 31 36 29 12 47 42 18 20 22 13 14 10 24 34 48 6 33 16 21 44 17 43 38 

Inst_Index:3859 	 City_Num:50 	 Concorde:6.044400 	 MCTS:6.044400 Improve:-0.000000 	 Time:3.77 Seconds
Solution: 1 3 2 41 18 46 49 5 45 27 50 34 32 10 21 20 48 36 15 37 17 7 26 19 4 35 8 23 40 33 38 12 43 16 6 25 31 39 14 47 44 28 13 22 9 42 24 11 29 30 

Inst_Index:3860 	 City_Num:50 	 Concorde:5.729756 	 MCTS:5.729756 Improve:0.000000 	 Time:3.76 Seconds
Solution: 1 26 17 10 5 37 38 27 44 20 47 15 39 42 24 25 32 11 18 43 7 35 2 6 9 23 3 48 46 33 22 34 36 50 16 19 8 21 41 49 4 13 45 31 28 12 29 30 40 14 

Inst_Index:3861 	 City_Num:50 	 Concorde:5.561263 	 MCTS:5.560640 Improve:0.000623 	 Time:3.76 Seconds
Solution: 1 32 40 5 39 48 34 23 15 27 14 38 31 24 30 22 50 3 8 44 11 33 20 17 2 43 42 26 35 10 46 9 13 45 18 41 47 12 37 19 16 25 36 6 7 29 21 28 4 49 

Inst_Index:3862 	 City_Num:50 	 Concorde:5.547231 	 MCTS:5.547231 Improve:-0.000000 	 Time:3.76 Seconds
Solution: 1 10 35 50 20 24 16 8 28 46 44 21 33 6 34 36 3 30 7 13 9 29 26 2 4 48 45 27 14 25 12 43 22 19 15 41 40 39 38 42 23 32 18 49 11 37 5 47 31 17 

Inst_Index:3863 	 City_Num:50 	 Concorde:6.097120 	 MCTS:6.097120 Improve:-0.000000 	 Time:3.76 Seconds
Solution: 1 38 30 25 11 24 31 22 23 13 39 3 5 48 33 20 41 16 9 8 47 37 7 26 49 10 6 34 29 21 2 40 50 4 17 12 19 28 18 32 36 35 15 43 44 14 27 46 45 42 

Inst_Index:3864 	 City_Num:50 	 Concorde:5.785003 	 MCTS:5.781077 Improve:0.003926 	 Time:3.75 Seconds
Solution: 1 17 31 8 5 10 4 15 21 50 42 14 41 23 45 49 28 30 2 34 39 48 32 7 47 43 16 46 29 27 33 40 25 6 3 19 44 13 37 11 38 22 35 36 18 24 26 12 9 20 

Inst_Index:3865 	 City_Num:50 	 Concorde:5.513113 	 MCTS:5.513113 Improve:0.000000 	 Time:3.75 Seconds
Solution: 1 15 14 10 16 33 6 20 23 12 37 30 43 11 48 38 46 28 40 49 45 39 32 27 47 19 44 34 35 22 13 25 29 5 42 36 50 31 9 3 7 4 18 24 8 17 41 2 26 21 

Inst_Index:3866 	 City_Num:50 	 Concorde:5.483611 	 MCTS:5.483611 Improve:0.000000 	 Time:3.77 Seconds
Solution: 1 29 24 42 14 19 35 7 17 47 38 45 41 4 40 46 31 28 50 33 11 27 43 8 39 5 6 49 36 13 26 37 10 22 12 48 23 34 15 20 2 21 44 9 30 25 3 32 18 16 

Inst_Index:3867 	 City_Num:50 	 Concorde:5.712123 	 MCTS:5.698646 Improve:0.013477 	 Time:3.76 Seconds
Solution: 1 5 20 34 50 8 7 36 30 37 45 40 15 49 22 19 39 27 42 3 41 43 13 11 18 21 47 35 46 26 23 2 33 29 32 31 25 16 4 12 28 10 48 24 17 14 9 44 6 38 

Inst_Index:3868 	 City_Num:50 	 Concorde:5.972815 	 MCTS:5.968510 Improve:0.004305 	 Time:3.76 Seconds
Solution: 1 8 20 43 16 19 30 31 23 35 36 9 4 12 42 50 47 48 29 32 3 13 34 28 25 5 24 11 17 44 38 39 18 10 27 21 15 37 7 49 33 40 6 2 41 14 45 46 26 22 

Inst_Index:3869 	 City_Num:50 	 Concorde:6.009613 	 MCTS:6.006456 Improve:0.003157 	 Time:3.75 Seconds
Solution: 1 19 45 2 25 13 46 9 33 32 10 26 34 43 22 6 16 8 35 31 28 4 15 47 24 20 23 30 3 37 14 40 21 49 29 50 41 42 27 7 36 12 11 39 17 38 44 18 48 5 

Inst_Index:3870 	 City_Num:50 	 Concorde:5.669546 	 MCTS:5.669546 Improve:-0.000000 	 Time:3.76 Seconds
Solution: 1 32 37 45 43 13 8 25 47 41 30 18 44 31 2 15 34 16 19 49 46 42 21 5 9 39 29 12 24 4 14 40 50 17 22 48 33 11 28 35 3 10 6 36 26 20 7 27 38 23 

Inst_Index:3871 	 City_Num:50 	 Concorde:5.669346 	 MCTS:5.669346 Improve:0.000000 	 Time:3.75 Seconds
Solution: 1 46 43 50 20 9 25 30 26 8 17 19 45 14 33 44 10 15 32 12 35 37 34 4 22 5 41 39 6 36 29 11 7 2 21 28 48 16 40 3 23 24 18 27 49 31 38 42 13 47 

Inst_Index:3872 	 City_Num:50 	 Concorde:5.638492 	 MCTS:5.638492 Improve:0.000000 	 Time:3.76 Seconds
Solution: 1 20 11 13 50 27 2 32 26 23 15 44 43 12 28 36 45 29 48 10 42 21 37 49 34 33 6 7 38 47 4 41 16 19 9 31 17 24 8 5 35 40 25 46 22 30 3 39 18 14 

Inst_Index:3873 	 City_Num:50 	 Concorde:5.299223 	 MCTS:5.295290 Improve:0.003933 	 Time:3.77 Seconds
Solution: 1 42 46 24 22 23 14 13 29 37 12 3 36 6 49 2 17 39 20 4 47 9 16 25 19 48 43 15 21 41 26 33 44 35 50 18 5 10 31 34 7 38 32 28 40 30 27 8 45 11 

Inst_Index:3874 	 City_Num:50 	 Concorde:5.536118 	 MCTS:5.536118 Improve:0.000000 	 Time:3.76 Seconds
Solution: 1 25 28 3 32 8 10 45 30 31 11 33 2 43 12 29 15 44 47 23 22 38 42 27 34 14 16 49 48 20 4 7 18 35 50 9 24 41 46 13 26 5 36 19 37 21 17 40 6 39 

Inst_Index:3875 	 City_Num:50 	 Concorde:6.296529 	 MCTS:6.296529 Improve:0.000000 	 Time:3.77 Seconds
Solution: 1 9 34 5 27 8 39 35 32 11 40 2 50 13 19 46 7 37 36 47 28 15 12 30 10 20 38 26 16 43 31 45 49 14 25 42 44 29 21 23 22 18 24 48 41 33 4 3 6 17 

Inst_Index:3876 	 City_Num:50 	 Concorde:5.708873 	 MCTS:5.700063 Improve:0.008810 	 Time:3.76 Seconds
Solution: 1 4 35 30 21 23 3 25 5 24 50 41 43 32 17 7 19 28 48 15 47 10 45 13 42 16 40 37 26 38 11 12 9 22 34 44 8 46 29 36 49 14 20 27 6 33 39 2 18 31 

Inst_Index:3877 	 City_Num:50 	 Concorde:5.403388 	 MCTS:5.403388 Improve:0.000000 	 Time:3.75 Seconds
Solution: 1 44 36 35 34 37 19 30 14 17 26 5 29 42 43 40 46 50 11 20 12 32 13 25 8 3 38 33 41 22 10 24 48 16 27 28 9 47 2 7 21 49 4 6 18 39 31 15 45 23 

Inst_Index:3878 	 City_Num:50 	 Concorde:5.719252 	 MCTS:5.719252 Improve:0.000000 	 Time:3.75 Seconds
Solution: 1 41 48 18 15 32 21 11 26 28 8 16 2 46 27 12 36 31 23 7 17 5 33 47 19 34 40 39 30 45 43 9 24 22 50 20 3 44 6 13 10 29 14 25 37 49 38 35 4 42 

Inst_Index:3879 	 City_Num:50 	 Concorde:5.636325 	 MCTS:5.631213 Improve:0.005112 	 Time:3.78 Seconds
Solution: 1 4 18 33 2 11 30 31 44 46 49 36 50 38 41 42 6 45 48 27 23 40 21 34 19 9 5 8 43 10 26 13 15 25 35 37 16 14 32 22 24 3 39 20 29 17 47 28 7 12 

Inst_Index:3880 	 City_Num:50 	 Concorde:5.622154 	 MCTS:5.619526 Improve:0.002628 	 Time:3.78 Seconds
Solution: 1 14 40 46 20 12 50 22 17 28 16 49 31 27 35 13 39 19 42 6 5 43 24 36 18 23 34 3 8 4 45 47 10 37 32 38 7 25 15 2 9 30 33 44 29 26 41 21 11 48 

Inst_Index:3881 	 City_Num:50 	 Concorde:5.279998 	 MCTS:5.279998 Improve:-0.000000 	 Time:3.76 Seconds
Solution: 1 4 46 29 41 34 10 3 27 18 6 36 5 32 45 37 19 22 14 35 8 49 12 50 33 2 47 28 7 31 43 16 21 11 38 13 25 20 42 30 24 26 9 48 39 23 17 40 44 15 

Inst_Index:3882 	 City_Num:50 	 Concorde:5.633540 	 MCTS:5.633540 Improve:0.000000 	 Time:3.76 Seconds
Solution: 1 26 39 38 16 19 30 45 40 10 6 18 50 4 31 5 22 21 48 24 7 20 17 27 28 34 3 2 46 35 12 43 42 29 8 13 14 47 11 33 37 23 44 15 9 49 25 41 36 32 

Inst_Index:3883 	 City_Num:50 	 Concorde:5.761108 	 MCTS:5.761108 Improve:-0.000000 	 Time:3.76 Seconds
Solution: 1 26 49 22 23 33 34 39 37 43 3 18 7 20 17 30 10 13 8 45 21 11 44 4 38 42 47 12 25 15 46 2 32 40 14 5 31 19 36 24 9 35 48 29 41 6 27 28 50 16 

Inst_Index:3884 	 City_Num:50 	 Concorde:5.847477 	 MCTS:5.847477 Improve:0.000000 	 Time:3.77 Seconds
Solution: 1 38 18 40 45 15 9 7 16 46 39 19 11 22 36 50 47 23 37 13 34 32 48 12 24 30 44 20 42 21 49 5 27 41 6 8 14 29 17 33 35 25 31 2 26 3 10 28 43 4 

Inst_Index:3885 	 City_Num:50 	 Concorde:5.650251 	 MCTS:5.648308 Improve:0.001943 	 Time:3.75 Seconds
Solution: 1 13 30 4 10 7 44 22 28 35 16 29 24 17 25 38 15 42 26 5 6 18 32 34 9 11 19 48 27 46 40 45 33 31 37 12 43 47 23 3 8 14 21 36 2 41 39 49 50 20 

Inst_Index:3886 	 City_Num:50 	 Concorde:6.154804 	 MCTS:6.154804 Improve:0.000000 	 Time:3.76 Seconds
Solution: 1 46 35 13 22 27 11 21 7 20 49 41 40 44 33 30 8 3 47 28 16 23 18 24 45 31 42 9 15 36 5 2 12 38 6 10 17 48 4 39 26 29 34 50 37 25 19 32 43 14 

Inst_Index:3887 	 City_Num:50 	 Concorde:5.686851 	 MCTS:5.686851 Improve:0.000000 	 Time:3.76 Seconds
Solution: 1 36 50 44 37 9 24 32 18 10 4 43 47 7 14 12 13 38 20 8 11 3 35 22 5 28 29 49 40 26 34 27 31 33 46 17 23 42 6 48 19 15 21 30 41 25 39 16 2 45 

Inst_Index:3888 	 City_Num:50 	 Concorde:5.627225 	 MCTS:5.627225 Improve:0.000000 	 Time:3.75 Seconds
Solution: 1 39 15 42 41 47 9 43 8 34 25 14 33 40 20 12 27 22 32 5 26 38 18 7 29 37 16 6 23 24 46 11 30 21 10 3 44 4 19 50 2 28 17 13 49 45 36 31 48 35 

Inst_Index:3889 	 City_Num:50 	 Concorde:5.500259 	 MCTS:5.500259 Improve:0.000000 	 Time:3.76 Seconds
Solution: 1 49 16 50 38 27 18 42 17 34 48 32 20 43 39 26 11 35 6 13 23 41 4 3 21 8 33 15 28 46 7 24 47 44 19 36 10 30 45 5 2 25 29 37 9 14 12 40 31 22 

Inst_Index:3890 	 City_Num:50 	 Concorde:5.739991 	 MCTS:5.739991 Improve:0.000000 	 Time:3.76 Seconds
Solution: 1 27 30 41 48 8 2 7 35 12 15 43 4 46 19 26 34 10 50 31 18 23 3 13 47 45 32 25 6 42 20 14 22 11 5 39 24 38 17 37 9 49 21 40 29 16 44 28 33 36 

Inst_Index:3891 	 City_Num:50 	 Concorde:5.544514 	 MCTS:5.543048 Improve:0.001466 	 Time:3.77 Seconds
Solution: 1 7 23 25 8 4 50 24 19 6 40 49 22 46 38 26 20 47 9 30 36 45 5 12 2 43 35 15 21 41 44 34 14 3 37 16 33 27 13 29 11 39 48 32 28 18 17 31 10 42 

Inst_Index:3892 	 City_Num:50 	 Concorde:5.850745 	 MCTS:5.847910 Improve:0.002834 	 Time:3.75 Seconds
Solution: 1 31 15 40 12 37 8 28 2 7 45 24 47 42 13 39 48 16 50 11 5 4 43 27 19 3 18 25 6 22 44 20 46 14 9 38 10 33 29 49 21 23 26 17 30 41 36 34 32 35 

Inst_Index:3893 	 City_Num:50 	 Concorde:5.465455 	 MCTS:5.462717 Improve:0.002738 	 Time:3.75 Seconds
Solution: 1 7 32 17 49 37 6 4 47 22 46 50 42 10 31 36 44 40 16 35 15 29 20 21 2 11 34 39 33 3 45 9 14 5 38 25 27 18 23 43 19 30 48 28 12 8 13 41 26 24 

Inst_Index:3894 	 City_Num:50 	 Concorde:5.482833 	 MCTS:5.482833 Improve:-0.000000 	 Time:3.75 Seconds
Solution: 1 3 33 19 7 15 40 28 32 24 31 29 34 6 11 23 5 13 36 39 41 43 42 14 16 8 44 30 18 25 2 21 38 49 9 20 12 45 46 26 22 27 37 10 48 35 50 17 47 4 

Inst_Index:3895 	 City_Num:50 	 Concorde:5.319872 	 MCTS:5.319872 Improve:-0.000000 	 Time:3.76 Seconds
Solution: 1 32 38 5 29 31 19 30 16 46 24 4 37 42 50 15 22 13 26 21 47 35 8 49 20 3 34 12 27 6 36 2 14 23 7 48 41 9 10 11 43 45 25 33 28 40 17 44 39 18 

Inst_Index:3896 	 City_Num:50 	 Concorde:5.292142 	 MCTS:5.292142 Improve:0.000000 	 Time:3.75 Seconds
Solution: 1 3 29 20 45 19 31 22 10 13 39 34 47 41 43 26 37 36 38 4 17 28 48 42 27 16 9 23 49 6 15 12 21 18 46 24 30 8 11 44 25 33 35 2 14 50 5 32 7 40 

Inst_Index:3897 	 City_Num:50 	 Concorde:5.866373 	 MCTS:5.862130 Improve:0.004243 	 Time:3.75 Seconds
Solution: 1 50 35 47 12 9 31 41 5 36 46 22 18 6 24 21 16 7 28 29 8 43 14 26 32 13 23 49 27 3 15 20 40 10 38 30 2 33 42 4 45 17 11 48 37 25 44 34 39 19 

Inst_Index:3898 	 City_Num:50 	 Concorde:5.752821 	 MCTS:5.746928 Improve:0.005893 	 Time:3.76 Seconds
Solution: 1 48 22 32 14 36 26 42 49 6 43 18 40 15 33 24 7 17 31 45 19 27 8 39 50 47 12 30 11 4 25 13 44 35 29 2 41 46 9 5 28 38 16 23 37 10 3 20 34 21 

Inst_Index:3899 	 City_Num:50 	 Concorde:5.766039 	 MCTS:5.766039 Improve:-0.000000 	 Time:3.76 Seconds
Solution: 1 34 30 12 11 22 14 4 16 24 3 17 44 25 37 36 42 38 31 26 43 5 28 2 19 32 47 39 48 50 21 15 9 49 6 8 20 46 41 35 13 7 45 33 29 10 23 18 40 27 

Inst_Index:3900 	 City_Num:50 	 Concorde:5.346840 	 MCTS:5.346840 Improve:0.000000 	 Time:3.76 Seconds
Solution: 1 11 9 26 42 3 8 27 13 46 39 17 47 19 16 37 32 18 21 7 29 23 50 25 28 34 5 44 48 35 10 4 49 45 22 30 24 40 2 15 33 12 43 14 36 6 20 41 31 38 

Inst_Index:3901 	 City_Num:50 	 Concorde:5.513312 	 MCTS:5.512689 Improve:0.000623 	 Time:3.76 Seconds
Solution: 1 22 26 27 8 43 32 36 28 3 12 48 45 7 40 19 34 25 50 38 10 9 24 2 42 4 15 31 11 23 47 5 30 35 21 44 46 29 33 14 37 16 41 39 49 17 20 13 18 6 

Inst_Index:3902 	 City_Num:50 	 Concorde:5.597318 	 MCTS:5.597318 Improve:0.000000 	 Time:3.77 Seconds
Solution: 1 16 20 17 12 2 44 26 3 13 31 36 33 39 45 41 10 40 38 4 46 49 19 48 32 18 29 14 9 5 28 11 37 42 15 43 24 27 30 34 47 25 35 6 21 7 50 8 23 22 

Inst_Index:3903 	 City_Num:50 	 Concorde:5.966927 	 MCTS:5.966927 Improve:0.000000 	 Time:3.76 Seconds
Solution: 1 11 12 46 24 2 43 35 42 8 34 4 26 6 14 40 19 45 22 50 49 15 33 10 41 39 5 38 30 27 16 17 48 32 23 20 44 29 9 31 13 36 37 21 47 18 25 28 3 7 

Inst_Index:3904 	 City_Num:50 	 Concorde:5.927708 	 MCTS:5.926568 Improve:0.001139 	 Time:3.76 Seconds
Solution: 1 41 5 27 17 29 48 3 38 23 9 46 32 7 15 39 8 34 18 40 22 28 6 44 37 21 14 33 10 19 49 4 11 2 26 13 45 50 16 30 24 43 25 20 31 35 42 12 36 47 

Inst_Index:3905 	 City_Num:50 	 Concorde:5.846364 	 MCTS:5.846364 Improve:-0.000000 	 Time:3.75 Seconds
Solution: 1 47 21 16 14 34 39 32 37 50 8 18 41 22 5 23 27 25 33 13 19 38 3 17 24 29 9 31 49 7 10 42 36 30 20 43 2 28 15 46 12 4 45 48 26 11 40 6 35 44 

Inst_Index:3906 	 City_Num:50 	 Concorde:5.754653 	 MCTS:5.751915 Improve:0.002739 	 Time:3.75 Seconds
Solution: 1 5 32 11 31 13 35 23 16 36 46 30 45 17 10 14 24 41 39 4 26 38 28 15 44 21 34 2 19 50 33 3 40 42 27 43 47 37 9 22 6 48 49 12 7 25 29 20 8 18 

Inst_Index:3907 	 City_Num:50 	 Concorde:5.812217 	 MCTS:5.812217 Improve:0.000000 	 Time:3.75 Seconds
Solution: 1 16 10 40 14 29 17 49 9 33 13 19 8 46 48 43 28 5 4 50 41 2 44 18 32 34 6 30 22 31 7 26 3 25 21 37 36 23 39 11 35 38 20 42 12 24 27 15 45 47 

Inst_Index:3908 	 City_Num:50 	 Concorde:5.608134 	 MCTS:5.608134 Improve:-0.000000 	 Time:3.76 Seconds
Solution: 1 28 6 7 5 47 21 16 27 10 19 23 9 40 33 13 30 35 4 37 48 24 22 15 44 34 8 2 3 18 45 46 42 41 38 49 43 29 31 14 11 32 39 50 25 26 36 17 20 12 

Inst_Index:3909 	 City_Num:50 	 Concorde:5.732899 	 MCTS:5.732899 Improve:0.000000 	 Time:3.76 Seconds
Solution: 1 5 39 44 4 6 42 35 33 29 30 18 22 20 46 47 9 3 45 21 34 28 37 38 49 13 27 10 48 43 26 14 19 7 12 15 16 40 23 11 41 36 17 2 50 24 8 32 31 25 

Inst_Index:3910 	 City_Num:50 	 Concorde:5.448829 	 MCTS:5.448829 Improve:0.000000 	 Time:3.76 Seconds
Solution: 1 21 15 17 31 35 33 14 37 12 39 43 10 13 24 48 44 27 5 46 2 8 36 6 26 42 16 11 47 9 19 22 7 34 18 20 3 28 32 40 30 23 29 45 49 38 41 4 50 25 

Inst_Index:3911 	 City_Num:50 	 Concorde:5.564463 	 MCTS:5.559834 Improve:0.004628 	 Time:3.76 Seconds
Solution: 1 12 37 16 19 40 17 43 46 18 48 35 8 30 25 10 28 6 36 45 27 2 42 11 38 33 5 20 29 44 14 26 4 31 21 34 7 49 41 47 32 22 39 23 3 24 13 9 15 50 

Inst_Index:3912 	 City_Num:50 	 Concorde:5.720158 	 MCTS:5.720158 Improve:0.000000 	 Time:3.75 Seconds
Solution: 1 5 44 36 20 27 30 48 40 21 17 23 3 28 46 47 49 31 2 29 24 16 11 8 6 34 9 4 32 33 42 38 12 22 43 45 18 26 19 25 50 10 15 37 35 13 41 14 7 39 

Inst_Index:3913 	 City_Num:50 	 Concorde:5.673191 	 MCTS:5.673191 Improve:0.000000 	 Time:3.77 Seconds
Solution: 1 29 3 4 40 24 8 7 39 42 33 49 12 13 16 37 5 18 35 19 43 23 41 31 25 9 11 15 48 50 38 26 21 17 45 36 14 46 47 10 28 27 30 34 2 44 32 6 20 22 

Inst_Index:3914 	 City_Num:50 	 Concorde:5.702800 	 MCTS:5.702800 Improve:-0.000000 	 Time:3.75 Seconds
Solution: 1 29 9 49 41 19 25 36 15 39 31 47 5 22 34 48 28 10 38 30 3 37 40 4 23 6 43 7 50 26 17 24 45 13 14 21 42 12 27 16 2 20 8 44 11 35 46 33 32 18 

Inst_Index:3915 	 City_Num:50 	 Concorde:5.608010 	 MCTS:5.607120 Improve:0.000890 	 Time:3.75 Seconds
Solution: 1 19 45 32 48 22 23 42 12 16 10 13 17 24 49 34 37 47 11 4 41 38 26 36 50 31 15 6 39 20 2 28 25 8 18 29 43 5 40 27 3 14 30 44 46 7 9 21 35 33 

Inst_Index:3916 	 City_Num:50 	 Concorde:5.412307 	 MCTS:5.412307 Improve:0.000000 	 Time:3.76 Seconds
Solution: 1 7 14 40 24 42 8 50 10 15 19 43 5 16 12 48 28 9 21 31 29 47 2 20 38 35 13 34 49 36 44 26 27 41 46 23 25 17 33 11 30 45 4 18 6 32 3 39 22 37 

Inst_Index:3917 	 City_Num:50 	 Concorde:5.678250 	 MCTS:5.678250 Improve:0.000000 	 Time:3.75 Seconds
Solution: 1 8 49 11 35 29 5 45 34 50 32 15 7 46 28 12 9 48 43 17 31 20 27 37 38 33 24 21 13 23 36 30 47 25 39 19 42 22 3 16 41 2 26 14 6 40 10 18 44 4 

Inst_Index:3918 	 City_Num:50 	 Concorde:5.931320 	 MCTS:5.930233 Improve:0.001087 	 Time:3.76 Seconds
Solution: 1 12 13 16 31 20 15 5 35 43 28 21 4 26 19 46 30 3 39 40 50 9 49 29 33 41 7 22 37 36 25 6 34 32 45 14 24 38 44 18 8 2 48 47 42 10 11 17 23 27 

Inst_Index:3919 	 City_Num:50 	 Concorde:5.827681 	 MCTS:5.827681 Improve:0.000000 	 Time:3.76 Seconds
Solution: 1 18 28 20 6 34 38 25 10 31 29 15 27 17 12 23 44 35 19 9 42 40 7 30 50 39 36 48 8 32 13 49 5 16 24 33 41 3 11 26 46 4 37 14 45 43 22 21 2 47 

Inst_Index:3920 	 City_Num:50 	 Concorde:5.660129 	 MCTS:5.660129 Improve:-0.000000 	 Time:3.76 Seconds
Solution: 1 8 50 28 33 42 30 20 17 35 48 24 18 37 22 9 29 16 11 45 5 46 21 26 25 3 2 10 41 47 44 43 38 31 4 39 15 32 19 40 12 13 27 14 36 6 7 49 34 23 

Inst_Index:3921 	 City_Num:50 	 Concorde:6.071482 	 MCTS:6.071482 Improve:-0.000000 	 Time:3.76 Seconds
Solution: 1 21 20 6 26 32 28 37 27 2 17 45 10 9 31 5 13 19 4 24 7 36 50 35 38 18 33 48 44 14 34 42 29 47 8 16 49 23 30 39 12 46 22 43 40 41 15 3 25 11 

Inst_Index:3922 	 City_Num:50 	 Concorde:5.197256 	 MCTS:5.195857 Improve:0.001398 	 Time:3.76 Seconds
Solution: 1 24 3 7 19 39 40 2 32 15 28 9 8 11 5 30 14 46 10 22 4 34 17 20 41 48 29 6 16 23 35 44 38 49 12 33 50 27 37 45 47 25 13 42 31 43 21 36 26 18 

Inst_Index:3923 	 City_Num:50 	 Concorde:6.065810 	 MCTS:6.063105 Improve:0.002705 	 Time:3.79 Seconds
Solution: 1 38 12 10 48 26 17 36 50 19 39 25 31 37 3 45 11 20 43 6 22 47 34 32 40 27 7 33 30 49 29 18 8 35 23 9 14 44 42 13 4 28 16 15 41 2 5 21 46 24 

Inst_Index:3924 	 City_Num:50 	 Concorde:5.862012 	 MCTS:5.857389 Improve:0.004623 	 Time:3.77 Seconds
Solution: 1 38 22 42 41 15 31 9 26 21 20 33 25 13 49 46 19 6 48 12 34 28 47 3 45 17 24 2 36 37 50 32 7 18 5 44 14 35 39 43 8 11 4 16 10 40 23 30 27 29 

Inst_Index:3925 	 City_Num:50 	 Concorde:5.555368 	 MCTS:5.555368 Improve:-0.000000 	 Time:3.77 Seconds
Solution: 1 8 38 11 21 23 7 4 40 15 37 31 43 42 9 46 12 5 13 6 26 35 44 32 22 49 39 48 47 20 25 50 41 45 16 33 36 27 30 18 2 29 34 24 17 3 14 10 19 28 

Inst_Index:3926 	 City_Num:50 	 Concorde:5.724682 	 MCTS:5.724682 Improve:-0.000000 	 Time:3.76 Seconds
Solution: 1 5 26 6 50 42 11 4 47 3 17 36 20 38 29 16 35 45 14 22 46 8 49 32 19 34 30 33 44 21 48 9 7 2 43 23 25 15 10 40 39 18 13 28 41 24 27 12 31 37 

Inst_Index:3927 	 City_Num:50 	 Concorde:5.741067 	 MCTS:5.741067 Improve:-0.000000 	 Time:3.77 Seconds
Solution: 1 2 6 31 36 9 23 4 22 11 16 40 14 3 37 38 8 13 30 24 29 48 42 26 10 45 50 21 25 49 43 19 7 33 5 20 18 27 15 46 47 34 32 39 12 35 28 17 41 44 

Inst_Index:3928 	 City_Num:50 	 Concorde:5.801454 	 MCTS:5.801454 Improve:0.000000 	 Time:3.75 Seconds
Solution: 1 27 14 45 46 16 48 39 25 24 31 21 20 10 28 17 34 33 8 22 6 7 41 29 23 38 2 30 5 43 36 49 35 18 4 32 26 13 47 15 37 19 11 12 9 3 40 42 44 50 

Inst_Index:3929 	 City_Num:50 	 Concorde:5.795089 	 MCTS:5.787389 Improve:0.007700 	 Time:3.76 Seconds
Solution: 1 20 2 43 50 38 23 28 26 30 18 41 22 11 45 21 34 9 10 46 36 27 29 39 25 24 31 32 15 14 4 8 3 40 13 47 7 6 42 33 35 5 12 37 17 16 44 48 19 49 

Inst_Index:3930 	 City_Num:50 	 Concorde:5.617659 	 MCTS:5.612887 Improve:0.004772 	 Time:3.76 Seconds
Solution: 1 27 37 21 17 14 45 23 33 28 20 19 13 24 16 11 31 22 4 3 49 5 10 32 26 29 42 48 35 2 34 25 36 41 12 50 38 18 39 40 9 15 6 30 7 43 47 44 8 46 

Inst_Index:3931 	 City_Num:50 	 Concorde:6.398998 	 MCTS:6.398998 Improve:-0.000000 	 Time:3.76 Seconds
Solution: 1 18 25 24 30 28 34 41 7 21 12 37 44 49 40 20 42 16 17 22 33 8 23 29 35 50 13 5 6 46 11 2 10 36 43 39 47 31 3 14 38 27 32 9 4 15 48 19 45 26 

Inst_Index:3932 	 City_Num:50 	 Concorde:5.429123 	 MCTS:5.428392 Improve:0.000731 	 Time:3.75 Seconds
Solution: 1 44 41 21 5 28 7 43 47 35 29 20 46 27 25 10 30 2 34 14 11 45 42 16 3 15 18 4 31 23 50 12 40 48 22 8 33 13 9 38 24 17 19 32 49 37 6 36 26 39 

Inst_Index:3933 	 City_Num:50 	 Concorde:5.264545 	 MCTS:5.264545 Improve:-0.000000 	 Time:3.77 Seconds
Solution: 1 7 22 19 6 46 34 13 23 18 31 25 42 45 15 24 38 43 35 8 48 27 16 29 12 32 37 11 41 14 49 9 17 44 40 47 26 4 36 50 39 30 20 33 21 5 3 10 28 2 

Inst_Index:3934 	 City_Num:50 	 Concorde:5.330863 	 MCTS:5.328659 Improve:0.002203 	 Time:3.75 Seconds
Solution: 1 3 23 47 45 34 33 11 28 22 18 2 9 16 19 49 35 14 37 25 20 48 4 15 29 36 38 7 50 12 32 42 21 31 39 24 40 30 13 17 46 27 43 8 5 10 26 41 6 44 

Inst_Index:3935 	 City_Num:50 	 Concorde:5.370273 	 MCTS:5.370273 Improve:0.000000 	 Time:3.76 Seconds
Solution: 1 12 44 41 45 8 17 6 18 27 31 26 20 9 7 14 15 22 21 49 43 50 11 42 35 3 28 25 34 39 24 38 40 48 36 4 37 32 29 5 46 2 16 13 30 10 19 33 47 23 

Inst_Index:3936 	 City_Num:50 	 Concorde:6.178729 	 MCTS:6.178729 Improve:0.000000 	 Time:3.77 Seconds
Solution: 1 40 49 43 13 10 9 41 21 17 37 44 23 29 39 7 15 35 26 48 14 36 4 28 46 2 47 38 5 31 32 42 33 16 3 19 30 20 24 34 12 6 27 18 50 11 22 8 45 25 

Inst_Index:3937 	 City_Num:50 	 Concorde:5.520847 	 MCTS:5.515002 Improve:0.005844 	 Time:3.76 Seconds
Solution: 1 17 33 6 21 14 7 34 43 39 20 48 50 36 35 45 37 4 12 25 46 19 31 30 16 11 32 10 42 2 44 3 26 15 38 22 5 18 24 28 47 27 8 41 23 9 40 49 13 29 

Inst_Index:3938 	 City_Num:50 	 Concorde:5.968663 	 MCTS:5.968663 Improve:0.000000 	 Time:3.77 Seconds
Solution: 1 36 49 35 31 19 44 33 21 8 34 18 45 9 4 26 17 6 3 41 13 50 46 29 39 40 42 5 37 22 24 15 20 16 32 38 11 7 12 30 28 48 25 10 23 14 47 43 2 27 

Inst_Index:3939 	 City_Num:50 	 Concorde:5.873537 	 MCTS:5.869749 Improve:0.003788 	 Time:3.76 Seconds
Solution: 1 41 16 24 10 27 49 37 47 19 21 42 32 2 3 4 48 15 6 9 12 25 33 17 36 46 26 5 18 38 8 29 39 45 28 34 50 20 22 23 13 31 44 7 35 40 11 30 43 14 

Inst_Index:3940 	 City_Num:50 	 Concorde:5.684482 	 MCTS:5.684482 Improve:0.000000 	 Time:3.76 Seconds
Solution: 1 10 48 43 41 2 37 25 38 36 8 22 44 19 34 45 50 4 39 46 26 33 17 27 11 30 29 6 3 40 42 13 7 18 21 16 12 24 35 15 47 20 23 14 31 32 5 9 49 28 

Inst_Index:3941 	 City_Num:50 	 Concorde:5.041988 	 MCTS:5.041988 Improve:0.000000 	 Time:3.77 Seconds
Solution: 1 11 42 20 27 18 6 16 44 38 19 49 40 13 28 36 37 7 10 12 45 9 15 46 43 5 3 39 29 48 23 4 24 22 17 8 2 41 47 26 32 21 31 25 35 33 34 30 50 14 

Inst_Index:3942 	 City_Num:50 	 Concorde:5.729308 	 MCTS:5.729308 Improve:0.000000 	 Time:3.75 Seconds
Solution: 1 33 44 14 41 26 5 37 50 38 35 48 23 42 40 12 34 31 16 32 21 22 19 13 17 46 6 8 45 4 25 7 11 39 29 18 30 15 9 27 28 20 2 43 24 47 36 49 3 10 

Inst_Index:3943 	 City_Num:50 	 Concorde:5.291023 	 MCTS:5.291023 Improve:0.000000 	 Time:3.76 Seconds
Solution: 1 34 30 32 31 10 21 28 23 49 48 33 25 42 16 3 50 26 38 35 12 6 7 4 22 24 43 46 20 2 40 45 44 39 17 9 14 27 36 11 47 41 37 8 5 29 15 19 13 18 

Inst_Index:3944 	 City_Num:50 	 Concorde:5.930266 	 MCTS:5.930266 Improve:0.000000 	 Time:3.75 Seconds
Solution: 1 3 42 46 47 11 36 8 15 20 9 10 12 48 19 37 18 50 14 40 26 4 17 41 39 38 21 5 27 43 6 23 32 16 30 22 24 13 7 45 44 49 33 35 28 31 25 29 34 2 

Inst_Index:3945 	 City_Num:50 	 Concorde:5.347776 	 MCTS:5.347664 Improve:0.000113 	 Time:3.77 Seconds
Solution: 1 23 13 21 46 18 35 50 3 10 42 26 33 43 36 2 11 6 16 24 27 22 17 7 20 19 37 34 14 47 5 48 49 44 29 30 8 32 28 15 38 25 9 45 31 39 41 40 4 12 

Inst_Index:3946 	 City_Num:50 	 Concorde:5.287720 	 MCTS:5.287279 Improve:0.000442 	 Time:3.76 Seconds
Solution: 1 26 27 11 16 13 23 46 42 29 8 48 44 30 17 50 43 38 37 24 31 7 25 47 14 20 21 45 19 32 36 3 49 6 41 22 35 18 12 15 40 9 5 28 39 34 2 4 33 10 

Inst_Index:3947 	 City_Num:50 	 Concorde:5.685472 	 MCTS:5.685472 Improve:-0.000000 	 Time:3.76 Seconds
Solution: 1 4 34 41 6 36 39 5 43 45 22 24 32 40 44 13 49 23 42 47 2 19 48 35 30 33 26 16 25 7 18 31 9 29 8 50 46 15 38 10 27 14 12 17 20 28 11 3 37 21 

Inst_Index:3948 	 City_Num:50 	 Concorde:5.920473 	 MCTS:5.920473 Improve:0.000000 	 Time:3.76 Seconds
Solution: 1 25 5 9 16 44 32 19 6 22 28 15 34 7 21 39 30 33 31 48 27 18 24 12 2 45 38 26 14 20 35 10 46 8 40 41 37 47 49 3 13 17 4 36 23 11 42 50 29 43 

Inst_Index:3949 	 City_Num:50 	 Concorde:5.706823 	 MCTS:5.706823 Improve:0.000000 	 Time:3.76 Seconds
Solution: 1 4 23 15 28 46 41 8 18 24 30 34 22 12 29 47 7 45 16 13 11 39 14 27 40 10 49 20 9 17 35 37 25 50 32 36 5 31 42 44 33 21 6 48 19 43 2 38 26 3 

Inst_Index:3950 	 City_Num:50 	 Concorde:5.671390 	 MCTS:5.671390 Improve:0.000000 	 Time:3.77 Seconds
Solution: 1 40 32 31 18 12 9 3 4 38 47 48 24 15 2 34 8 29 42 27 22 45 36 46 5 33 25 50 21 20 41 19 6 10 13 37 49 39 17 16 30 44 14 43 26 23 28 11 35 7 

Inst_Index:3951 	 City_Num:50 	 Concorde:5.346909 	 MCTS:5.346909 Improve:0.000000 	 Time:3.77 Seconds
Solution: 1 39 42 31 34 38 23 12 29 11 44 43 17 20 45 26 40 13 3 5 6 47 2 37 4 7 48 35 50 8 25 30 15 46 10 41 18 27 49 19 21 32 22 24 36 28 33 14 9 16 

Inst_Index:3952 	 City_Num:50 	 Concorde:5.822162 	 MCTS:5.822162 Improve:0.000000 	 Time:3.76 Seconds
Solution: 1 3 22 43 25 44 46 49 4 5 35 27 11 29 24 37 21 18 19 33 9 36 2 48 8 50 16 23 34 7 38 47 41 15 13 26 20 42 14 6 45 30 31 39 40 10 28 32 12 17 

Inst_Index:3953 	 City_Num:50 	 Concorde:5.736539 	 MCTS:5.736539 Improve:-0.000000 	 Time:3.76 Seconds
Solution: 1 41 49 36 6 24 31 17 26 42 23 39 20 12 7 11 38 5 14 4 16 32 21 10 40 19 50 2 37 47 28 30 15 35 34 48 33 29 18 43 27 8 45 25 22 3 44 13 9 46 

Inst_Index:3954 	 City_Num:50 	 Concorde:5.760165 	 MCTS:5.756797 Improve:0.003367 	 Time:3.77 Seconds
Solution: 1 24 20 40 28 5 43 17 7 12 14 9 41 49 16 11 6 27 22 48 31 36 42 34 35 38 33 50 10 45 46 19 25 47 4 18 15 3 32 8 30 21 26 39 29 2 23 13 37 44 

Inst_Index:3955 	 City_Num:50 	 Concorde:5.765992 	 MCTS:5.765992 Improve:0.000000 	 Time:3.76 Seconds
Solution: 1 46 37 39 22 32 17 44 31 45 40 38 47 5 24 36 50 11 35 19 4 28 29 21 15 7 9 34 48 33 41 23 3 10 26 20 49 18 43 16 42 30 8 6 27 2 14 25 12 13 

Inst_Index:3956 	 City_Num:50 	 Concorde:5.558359 	 MCTS:5.554614 Improve:0.003744 	 Time:3.76 Seconds
Solution: 1 18 43 24 20 35 48 15 10 39 14 5 13 27 46 25 33 19 32 29 8 17 31 26 2 47 6 50 22 40 12 44 37 34 4 3 49 30 41 16 42 7 9 38 21 23 36 45 28 11 

Inst_Index:3957 	 City_Num:50 	 Concorde:5.381799 	 MCTS:5.381799 Improve:-0.000000 	 Time:3.76 Seconds
Solution: 1 37 25 9 8 26 6 27 42 39 15 33 16 17 12 24 40 13 36 44 4 29 50 45 19 21 46 7 38 43 31 11 5 28 35 2 41 34 48 30 10 3 23 49 20 22 14 47 32 18 

Inst_Index:3958 	 City_Num:50 	 Concorde:5.562836 	 MCTS:5.562836 Improve:-0.000000 	 Time:3.76 Seconds
Solution: 1 32 14 35 46 41 12 9 37 43 13 24 44 22 6 48 28 19 50 23 4 25 47 40 16 49 42 3 36 21 5 45 17 2 34 11 29 20 27 33 8 18 10 26 38 30 15 39 31 7 

Inst_Index:3959 	 City_Num:50 	 Concorde:5.781513 	 MCTS:5.781513 Improve:0.000000 	 Time:3.76 Seconds
Solution: 1 11 8 24 46 14 21 18 13 28 38 16 37 10 29 47 22 3 20 32 42 4 43 17 44 49 40 25 39 31 26 23 35 27 6 9 5 34 2 7 30 12 36 33 19 48 45 41 15 50 

Inst_Index:3960 	 City_Num:50 	 Concorde:5.300094 	 MCTS:5.296892 Improve:0.003202 	 Time:3.75 Seconds
Solution: 1 37 46 7 43 48 34 15 49 17 5 8 36 25 38 30 29 14 11 41 18 22 23 39 16 24 42 12 9 4 10 6 50 40 19 47 20 21 26 3 32 27 28 35 31 33 45 2 44 13 

Inst_Index:3961 	 City_Num:50 	 Concorde:5.770933 	 MCTS:5.766177 Improve:0.004757 	 Time:3.78 Seconds
Solution: 1 8 29 13 50 12 32 6 40 23 48 38 41 5 43 37 35 15 39 34 31 9 3 27 10 20 25 30 36 22 21 44 4 49 16 42 46 7 11 18 28 17 33 45 2 47 24 19 14 26 

Inst_Index:3962 	 City_Num:50 	 Concorde:5.943174 	 MCTS:5.943174 Improve:0.000000 	 Time:3.77 Seconds
Solution: 1 26 35 25 2 50 24 13 21 12 34 20 46 48 37 17 45 10 4 40 49 29 18 27 23 36 30 7 28 44 5 43 15 9 38 6 11 42 32 14 33 41 22 19 47 16 39 3 8 31 

Inst_Index:3963 	 City_Num:50 	 Concorde:5.827834 	 MCTS:5.827834 Improve:-0.000000 	 Time:3.77 Seconds
Solution: 1 22 34 49 25 41 5 2 35 29 3 12 28 32 36 18 42 24 19 40 23 39 20 50 48 43 7 38 37 9 21 10 14 26 11 46 31 16 44 27 45 13 8 4 47 30 15 6 33 17 

Inst_Index:3964 	 City_Num:50 	 Concorde:5.801203 	 MCTS:5.801203 Improve:-0.000000 	 Time:3.76 Seconds
Solution: 1 49 25 50 26 41 29 21 17 39 6 13 8 46 47 20 3 27 16 33 4 9 30 10 43 45 34 24 36 11 38 23 37 48 42 15 18 5 7 31 32 12 14 44 19 40 22 35 28 2 

Inst_Index:3965 	 City_Num:50 	 Concorde:5.776780 	 MCTS:5.776780 Improve:0.000000 	 Time:3.75 Seconds
Solution: 1 39 26 43 32 17 19 24 36 38 27 25 31 50 6 22 48 2 33 37 14 16 45 21 3 30 9 41 4 18 28 8 11 20 42 23 44 49 34 29 15 47 12 10 13 7 46 5 35 40 

Inst_Index:3966 	 City_Num:50 	 Concorde:5.540152 	 MCTS:5.540152 Improve:-0.000000 	 Time:3.77 Seconds
Solution: 1 26 14 7 19 16 34 27 50 31 41 10 36 12 42 33 22 43 38 4 8 44 15 30 3 45 17 37 35 28 47 21 13 48 25 32 6 40 5 23 49 20 46 39 29 9 11 18 2 24 

Inst_Index:3967 	 City_Num:50 	 Concorde:5.110523 	 MCTS:5.110523 Improve:0.000000 	 Time:3.75 Seconds
Solution: 1 3 4 10 11 14 49 29 46 6 38 8 42 12 5 26 25 9 15 33 28 23 44 36 47 21 18 31 37 43 27 16 17 7 45 24 40 13 48 50 39 19 20 32 2 22 34 41 30 35 

Inst_Index:3968 	 City_Num:50 	 Concorde:5.602356 	 MCTS:5.602356 Improve:0.000000 	 Time:3.77 Seconds
Solution: 1 31 34 32 22 49 11 6 30 24 45 19 8 48 33 26 40 5 2 3 4 16 47 37 9 18 17 20 35 43 41 44 21 29 23 36 46 38 27 42 28 10 15 7 25 13 39 14 50 12 

Inst_Index:3969 	 City_Num:50 	 Concorde:6.088547 	 MCTS:6.085831 Improve:0.002717 	 Time:3.76 Seconds
Solution: 1 38 43 27 48 42 6 7 30 3 8 41 36 45 26 34 5 40 29 2 16 44 15 50 33 19 21 18 4 24 12 22 17 35 14 11 46 25 49 32 23 10 28 47 20 39 9 31 13 37 

Inst_Index:3970 	 City_Num:50 	 Concorde:5.838434 	 MCTS:5.837491 Improve:0.000943 	 Time:3.75 Seconds
Solution: 1 9 32 29 28 15 39 3 41 33 2 42 10 31 38 18 23 7 20 14 13 26 50 37 34 22 30 49 21 5 36 43 40 17 48 4 47 12 19 6 27 45 8 25 16 24 46 44 11 35 

Inst_Index:3971 	 City_Num:50 	 Concorde:5.521186 	 MCTS:5.518892 Improve:0.002294 	 Time:3.76 Seconds
Solution: 1 21 45 18 35 33 10 24 47 50 42 44 7 13 12 15 11 39 16 19 37 29 8 5 17 4 14 22 40 28 23 2 36 46 48 38 9 31 26 32 30 34 3 25 43 27 20 41 49 6 

Inst_Index:3972 	 City_Num:50 	 Concorde:5.916247 	 MCTS:5.913187 Improve:0.003060 	 Time:3.75 Seconds
Solution: 1 8 34 47 18 21 27 50 25 45 48 15 42 44 5 40 26 10 2 17 35 33 22 12 19 37 30 28 3 43 49 41 14 6 4 31 9 38 46 29 23 13 39 36 7 24 32 16 11 20 

Inst_Index:3973 	 City_Num:50 	 Concorde:5.743165 	 MCTS:5.743165 Improve:0.000000 	 Time:3.76 Seconds
Solution: 1 50 7 40 32 42 38 25 9 49 30 26 6 11 36 15 22 8 29 35 17 18 45 2 24 33 37 41 27 31 20 46 4 13 19 10 34 43 12 28 14 16 21 47 23 44 48 5 3 39 

Inst_Index:3974 	 City_Num:50 	 Concorde:5.624376 	 MCTS:5.624376 Improve:0.000000 	 Time:3.75 Seconds
Solution: 1 8 32 9 40 39 47 19 3 48 27 11 29 20 45 36 49 6 23 18 28 30 21 31 34 38 16 13 46 5 22 12 41 35 50 42 44 26 14 15 37 24 4 17 25 7 33 2 10 43 

Inst_Index:3975 	 City_Num:50 	 Concorde:5.002439 	 MCTS:5.002439 Improve:0.000000 	 Time:3.76 Seconds
Solution: 1 27 15 9 37 8 30 7 38 4 10 32 3 46 31 13 24 39 25 6 20 42 43 45 23 12 29 22 16 34 19 49 50 2 35 40 17 36 21 26 28 47 41 18 48 11 33 44 14 5 

Inst_Index:3976 	 City_Num:50 	 Concorde:5.960512 	 MCTS:5.960512 Improve:-0.000000 	 Time:3.75 Seconds
Solution: 1 47 42 14 5 48 20 9 38 45 3 35 31 37 23 26 27 2 41 16 19 17 12 49 7 8 25 10 18 36 39 29 24 30 4 28 32 33 22 6 40 21 46 43 15 50 11 13 34 44 

Inst_Index:3977 	 City_Num:50 	 Concorde:5.377319 	 MCTS:5.371070 Improve:0.006249 	 Time:3.78 Seconds
Solution: 1 14 19 30 6 37 33 27 34 49 20 3 28 15 32 16 23 17 26 31 38 24 8 5 42 22 44 29 39 13 12 36 18 21 50 47 10 9 11 40 35 4 48 7 41 25 46 45 43 2 

Inst_Index:3978 	 City_Num:50 	 Concorde:5.917952 	 MCTS:5.917952 Improve:-0.000000 	 Time:3.75 Seconds
Solution: 1 4 15 30 49 40 3 45 27 34 38 26 18 10 47 13 41 8 9 17 19 21 6 48 35 25 11 36 42 28 16 32 14 31 43 7 39 23 5 37 50 44 24 46 2 33 12 20 22 29 

Inst_Index:3979 	 City_Num:50 	 Concorde:6.233934 	 MCTS:6.231558 Improve:0.002376 	 Time:3.75 Seconds
Solution: 1 28 42 12 47 21 33 2 14 16 39 20 5 10 15 24 35 13 38 26 41 23 6 44 31 25 29 30 9 32 19 34 8 11 17 46 7 3 43 22 27 36 49 50 40 4 48 18 37 45 

Inst_Index:3980 	 City_Num:50 	 Concorde:5.663925 	 MCTS:5.663925 Improve:-0.000000 	 Time:3.76 Seconds
Solution: 1 14 17 12 10 7 15 21 27 6 31 5 19 18 22 45 9 47 38 36 8 30 37 3 25 34 41 23 35 49 43 13 39 46 32 26 42 24 4 11 16 48 20 50 2 29 40 28 44 33 

Inst_Index:3981 	 City_Num:50 	 Concorde:5.648079 	 MCTS:5.648079 Improve:0.000000 	 Time:3.76 Seconds
Solution: 1 32 20 9 10 5 41 37 33 17 47 44 25 7 49 40 2 24 11 21 38 19 22 28 8 12 15 39 35 31 48 30 4 43 23 46 6 42 34 18 45 26 16 29 13 50 27 36 14 3 

Inst_Index:3982 	 City_Num:50 	 Concorde:5.592655 	 MCTS:5.589046 Improve:0.003610 	 Time:3.76 Seconds
Solution: 1 13 38 6 8 5 46 20 23 32 9 48 21 24 3 14 12 36 18 34 25 28 30 16 11 45 49 26 4 41 40 35 10 19 39 47 50 2 17 42 27 33 22 44 43 37 7 15 29 31 

Inst_Index:3983 	 City_Num:50 	 Concorde:5.703171 	 MCTS:5.703171 Improve:0.000000 	 Time:3.75 Seconds
Solution: 1 45 18 44 13 14 30 20 41 25 47 15 49 31 12 36 3 27 42 10 35 17 40 29 22 28 43 8 39 11 19 24 48 16 5 4 26 46 23 9 33 2 34 6 38 37 32 50 7 21 

Inst_Index:3984 	 City_Num:50 	 Concorde:5.778020 	 MCTS:5.778020 Improve:0.000000 	 Time:3.75 Seconds
Solution: 1 31 2 43 36 5 34 27 46 17 10 38 35 30 22 23 9 14 33 50 4 3 7 25 12 40 48 15 16 11 13 47 45 32 42 41 19 6 18 39 29 49 28 26 24 37 20 21 8 44 

Inst_Index:3985 	 City_Num:50 	 Concorde:6.072763 	 MCTS:6.072763 Improve:0.000000 	 Time:3.76 Seconds
Solution: 1 4 3 37 25 18 30 47 35 19 8 28 7 33 31 46 20 10 12 45 26 17 49 50 24 39 42 43 48 15 41 23 38 16 22 32 9 5 44 27 40 29 14 2 36 11 13 6 21 34 

Inst_Index:3986 	 City_Num:50 	 Concorde:5.753191 	 MCTS:5.752148 Improve:0.001043 	 Time:3.76 Seconds
Solution: 1 18 15 33 11 31 42 36 49 19 20 46 38 17 41 43 25 16 40 39 48 26 29 22 14 44 30 6 2 23 13 27 3 8 28 37 34 24 4 9 5 32 47 10 12 7 21 50 35 45 

Inst_Index:3987 	 City_Num:50 	 Concorde:6.152913 	 MCTS:6.152913 Improve:0.000000 	 Time:3.75 Seconds
Solution: 1 2 49 18 46 12 21 4 43 11 36 6 45 17 16 20 35 40 39 27 47 34 24 22 26 14 50 25 37 48 15 32 29 23 8 19 13 10 30 7 28 33 38 9 42 44 31 41 5 3 

Inst_Index:3988 	 City_Num:50 	 Concorde:5.765346 	 MCTS:5.765346 Improve:0.000000 	 Time:3.75 Seconds
Solution: 1 39 17 31 5 30 14 16 15 37 11 35 25 27 22 41 7 44 12 8 10 28 48 21 47 43 4 19 2 29 49 33 46 45 23 42 40 6 50 18 3 32 36 20 38 24 34 13 26 9 

Inst_Index:3989 	 City_Num:50 	 Concorde:5.884208 	 MCTS:5.884208 Improve:0.000000 	 Time:3.77 Seconds
Solution: 1 11 45 21 37 32 24 50 31 23 9 33 42 22 41 10 4 3 49 44 40 15 2 25 48 13 16 47 7 39 26 19 5 28 30 17 14 43 36 46 6 8 18 35 29 34 20 12 27 38 

Inst_Index:3990 	 City_Num:50 	 Concorde:5.797866 	 MCTS:5.797485 Improve:0.000381 	 Time:3.77 Seconds
Solution: 1 38 42 48 20 2 50 17 25 27 23 31 43 3 32 16 24 9 4 29 33 34 15 5 45 28 44 40 10 12 8 7 18 47 46 22 21 35 26 11 19 37 36 49 41 13 30 14 39 6 

Inst_Index:3991 	 City_Num:50 	 Concorde:5.385783 	 MCTS:5.385783 Improve:-0.000000 	 Time:3.76 Seconds
Solution: 1 26 25 28 32 19 34 46 18 23 14 49 29 30 3 48 10 43 47 6 8 31 21 12 9 42 7 36 16 38 24 11 15 5 33 35 37 40 45 17 2 41 44 13 4 20 27 50 22 39 

Inst_Index:3992 	 City_Num:50 	 Concorde:5.747608 	 MCTS:5.747608 Improve:-0.000000 	 Time:3.75 Seconds
Solution: 1 35 21 49 6 50 42 16 44 10 15 12 23 19 28 39 13 36 17 41 31 11 18 24 25 43 47 14 46 34 48 7 38 32 30 33 20 29 26 4 37 9 27 22 8 40 45 3 5 2 

Inst_Index:3993 	 City_Num:50 	 Concorde:5.580416 	 MCTS:5.580416 Improve:0.000000 	 Time:3.76 Seconds
Solution: 1 28 32 18 14 40 6 44 7 9 27 12 47 31 4 26 45 29 16 38 49 39 30 5 22 8 43 46 2 10 15 33 19 24 20 3 25 42 50 37 48 23 11 34 35 17 21 13 41 36 

Inst_Index:3994 	 City_Num:50 	 Concorde:5.401358 	 MCTS:5.401358 Improve:0.000000 	 Time:3.75 Seconds
Solution: 1 25 41 17 26 49 9 43 22 7 18 46 27 14 13 4 15 35 42 6 11 8 38 29 19 5 37 23 32 2 44 3 12 16 24 40 10 39 28 21 33 31 47 30 36 45 48 50 34 20 

Inst_Index:3995 	 City_Num:50 	 Concorde:6.125487 	 MCTS:6.124579 Improve:0.000908 	 Time:3.76 Seconds
Solution: 1 10 26 30 29 42 22 27 20 18 13 24 7 39 50 9 35 8 46 28 3 38 32 12 14 19 37 15 36 40 5 41 11 16 2 48 31 49 21 45 47 33 17 25 44 23 4 34 43 6 

Inst_Index:3996 	 City_Num:50 	 Concorde:5.593576 	 MCTS:5.593576 Improve:0.000000 	 Time:3.76 Seconds
Solution: 1 46 24 23 39 10 29 20 13 38 44 5 19 41 8 17 12 27 14 26 32 36 37 28 15 48 11 33 18 22 9 30 47 43 35 42 50 40 25 16 6 21 3 34 31 7 45 2 49 4 

Inst_Index:3997 	 City_Num:50 	 Concorde:5.902192 	 MCTS:5.902192 Improve:0.000000 	 Time:3.76 Seconds
Solution: 1 17 32 24 26 11 43 25 8 40 19 30 6 38 28 5 49 39 16 13 46 45 9 44 36 27 35 10 31 15 18 37 29 20 41 47 7 48 22 14 12 34 21 33 2 42 3 4 23 50 

Inst_Index:3998 	 City_Num:50 	 Concorde:5.783656 	 MCTS:5.783656 Improve:0.000000 	 Time:3.75 Seconds
Solution: 1 36 4 11 10 21 2 45 14 48 39 6 35 24 23 9 30 28 7 32 26 46 44 40 41 47 12 38 18 15 17 20 43 42 8 16 50 5 33 22 19 37 27 13 34 29 3 25 31 49 

Inst_Index:3999 	 City_Num:50 	 Concorde:5.662855 	 MCTS:5.662855 Improve:-0.000000 	 Time:3.76 Seconds
Solution: 1 41 15 5 10 36 38 8 46 47 16 44 11 2 12 42 24 18 34 6 7 20 4 48 9 31 19 39 22 21 40 13 50 30 28 29 17 14 26 45 37 49 43 25 3 35 33 27 32 23 

Inst_Index:4000 	 City_Num:50 	 Concorde:5.544097 	 MCTS:5.544097 Improve:-0.000000 	 Time:3.75 Seconds
Solution: 1 29 4 42 30 49 7 33 9 41 6 2 27 32 10 16 24 3 31 20 35 28 46 40 43 11 34 23 48 25 15 39 37 38 50 19 45 18 14 21 22 13 12 17 5 26 44 8 36 47 

Inst_Index:4001 	 City_Num:50 	 Concorde:6.088617 	 MCTS:6.088617 Improve:0.000000 	 Time:3.76 Seconds
Solution: 1 26 16 28 47 15 12 27 50 46 2 19 3 17 21 34 37 6 48 25 18 31 9 39 7 49 44 38 11 30 14 24 36 33 23 40 8 5 29 10 22 42 43 20 45 35 4 41 32 13 

Inst_Index:4002 	 City_Num:50 	 Concorde:5.639071 	 MCTS:5.639071 Improve:-0.000000 	 Time:3.75 Seconds
Solution: 1 35 12 40 3 38 22 17 13 48 21 49 28 23 41 43 7 10 37 15 29 14 42 50 2 26 45 25 46 27 30 47 6 18 33 8 39 16 31 44 32 36 24 34 5 19 20 11 9 4 

Inst_Index:4003 	 City_Num:50 	 Concorde:5.648436 	 MCTS:5.647478 Improve:0.000958 	 Time:3.75 Seconds
Solution: 1 3 37 18 5 20 35 23 9 24 39 2 40 32 7 47 43 10 41 33 45 38 16 21 46 17 28 6 36 13 30 50 44 15 29 34 4 14 42 26 49 27 22 31 11 25 48 19 8 12 

Inst_Index:4004 	 City_Num:50 	 Concorde:5.608703 	 MCTS:5.608284 Improve:0.000419 	 Time:3.75 Seconds
Solution: 1 28 25 16 4 7 10 3 6 48 33 22 50 20 17 36 14 39 26 18 24 34 15 43 38 31 32 46 2 49 40 8 23 5 37 12 44 19 45 11 21 30 13 29 47 9 27 35 41 42 

Inst_Index:4005 	 City_Num:50 	 Concorde:5.447793 	 MCTS:5.447793 Improve:-0.000000 	 Time:3.77 Seconds
Solution: 1 47 37 25 8 39 40 2 3 7 6 46 26 50 43 32 35 15 14 30 11 36 33 28 38 45 18 21 5 10 13 42 17 20 23 48 19 41 16 49 44 9 12 22 34 29 24 4 31 27 

Inst_Index:4006 	 City_Num:50 	 Concorde:5.651484 	 MCTS:5.647155 Improve:0.004329 	 Time:3.76 Seconds
Solution: 1 7 20 8 9 36 14 29 43 47 21 46 40 24 37 32 49 4 12 13 39 35 2 6 48 44 25 26 18 17 3 38 34 5 28 41 27 23 45 50 11 33 31 16 15 22 10 30 42 19 

Inst_Index:4007 	 City_Num:50 	 Concorde:6.191408 	 MCTS:6.191408 Improve:0.000000 	 Time:3.75 Seconds
Solution: 1 38 33 42 37 47 39 36 26 5 23 17 12 3 18 20 48 40 16 44 34 22 4 6 30 21 27 46 31 35 9 43 28 2 15 45 11 29 10 50 13 32 24 8 7 41 14 49 25 19 

Inst_Index:4008 	 City_Num:50 	 Concorde:5.972919 	 MCTS:5.964626 Improve:0.008293 	 Time:3.77 Seconds
Solution: 1 44 41 21 49 36 33 34 42 29 24 8 32 13 35 22 43 20 18 47 48 5 37 40 10 16 2 7 28 15 31 6 50 9 11 17 30 3 14 25 4 23 27 38 19 26 39 12 45 46 

Inst_Index:4009 	 City_Num:50 	 Concorde:6.083376 	 MCTS:6.083162 Improve:0.000215 	 Time:3.77 Seconds
Solution: 1 11 27 38 21 3 20 48 32 8 45 31 46 47 50 26 19 30 35 23 17 2 44 24 25 34 5 12 33 36 6 39 40 37 49 10 22 7 14 13 42 4 15 16 29 28 18 43 41 9 

Inst_Index:4010 	 City_Num:50 	 Concorde:5.513673 	 MCTS:5.513673 Improve:-0.000000 	 Time:3.77 Seconds
Solution: 1 40 20 19 28 16 47 34 13 22 21 12 48 29 38 23 25 32 42 8 5 37 27 10 46 15 26 31 35 18 36 43 33 17 2 3 50 44 7 49 30 45 14 6 11 39 24 9 41 4 

Inst_Index:4011 	 City_Num:50 	 Concorde:5.307343 	 MCTS:5.302476 Improve:0.004867 	 Time:3.75 Seconds
Solution: 1 10 15 22 12 50 3 18 36 29 5 41 31 43 8 28 35 24 46 21 39 38 33 14 48 16 34 2 27 11 4 19 25 49 17 6 42 23 30 7 45 32 37 13 9 40 47 44 26 20 

Inst_Index:4012 	 City_Num:50 	 Concorde:5.685449 	 MCTS:5.685449 Improve:0.000000 	 Time:3.76 Seconds
Solution: 1 37 22 17 15 29 14 12 20 43 33 28 31 50 35 6 21 39 49 24 27 41 26 2 30 18 4 46 42 48 8 32 25 44 34 40 47 10 36 38 3 5 16 7 13 23 9 19 11 45 

Inst_Index:4013 	 City_Num:50 	 Concorde:5.249709 	 MCTS:5.249709 Improve:0.000000 	 Time:3.76 Seconds
Solution: 1 18 25 14 40 20 41 8 45 4 39 11 6 35 3 32 2 30 46 33 23 13 50 36 38 42 31 49 24 17 44 37 12 21 34 43 5 26 9 28 47 27 48 7 29 19 10 16 15 22 

Inst_Index:4014 	 City_Num:50 	 Concorde:5.727872 	 MCTS:5.727872 Improve:-0.000000 	 Time:3.76 Seconds
Solution: 1 2 11 30 12 14 43 13 19 35 33 4 8 50 26 32 21 47 24 29 27 44 6 48 49 36 23 28 41 46 37 39 17 10 31 40 42 45 38 7 20 15 9 34 22 18 3 25 5 16 

Inst_Index:4015 	 City_Num:50 	 Concorde:5.727633 	 MCTS:5.727633 Improve:0.000000 	 Time:3.76 Seconds
Solution: 1 25 4 34 21 29 23 42 19 31 3 37 7 22 5 15 35 43 18 45 36 39 27 20 13 8 2 41 50 16 17 44 40 30 28 33 48 6 12 49 9 38 32 46 47 10 26 24 11 14 

Inst_Index:4016 	 City_Num:50 	 Concorde:5.495927 	 MCTS:5.493921 Improve:0.002007 	 Time:3.76 Seconds
Solution: 1 21 11 34 19 10 47 12 38 31 20 5 23 22 13 28 39 4 42 35 15 8 16 45 30 6 17 25 44 40 2 48 9 43 26 3 32 27 33 14 46 36 50 24 41 18 37 7 49 29 

Inst_Index:4017 	 City_Num:50 	 Concorde:5.665856 	 MCTS:5.665856 Improve:0.000000 	 Time:3.75 Seconds
Solution: 1 5 25 37 24 4 41 38 48 50 9 34 27 23 15 47 40 29 22 26 12 18 20 39 6 11 14 10 31 43 28 32 3 36 45 46 42 44 17 13 16 19 8 21 2 7 33 30 49 35 

Inst_Index:4018 	 City_Num:50 	 Concorde:5.193107 	 MCTS:5.190757 Improve:0.002351 	 Time:3.75 Seconds
Solution: 1 14 27 7 16 32 28 39 46 45 6 13 42 31 15 41 26 23 35 17 43 44 18 8 11 29 12 4 22 5 34 24 37 48 19 50 47 20 49 40 3 33 9 38 21 30 10 2 25 36 

Inst_Index:4019 	 City_Num:50 	 Concorde:5.446707 	 MCTS:5.446707 Improve:-0.000000 	 Time:3.76 Seconds
Solution: 1 12 43 34 33 35 15 50 31 46 28 13 42 25 26 37 29 16 30 7 48 19 2 44 6 20 49 5 32 8 47 10 41 11 22 40 27 45 18 23 4 24 39 38 14 36 17 3 21 9 

Inst_Index:4020 	 City_Num:50 	 Concorde:5.662592 	 MCTS:5.662592 Improve:0.000000 	 Time:3.76 Seconds
Solution: 1 47 6 32 49 38 50 21 16 45 8 19 23 29 25 33 5 46 2 41 37 40 14 10 39 28 7 22 4 26 48 34 24 11 42 18 35 15 17 36 44 3 30 13 20 12 43 31 27 9 

Inst_Index:4021 	 City_Num:50 	 Concorde:5.850439 	 MCTS:5.850439 Improve:0.000000 	 Time:3.75 Seconds
Solution: 1 22 9 21 27 5 39 37 12 23 47 33 17 43 4 41 29 40 25 6 26 34 36 28 46 49 20 31 19 14 45 48 3 11 10 50 30 7 38 13 2 32 18 8 42 15 24 35 44 16 

Inst_Index:4022 	 City_Num:50 	 Concorde:5.541723 	 MCTS:5.539037 Improve:0.002687 	 Time:3.76 Seconds
Solution: 1 13 10 6 45 8 17 24 50 31 49 34 3 33 40 38 18 9 11 23 32 41 25 27 2 36 14 4 47 39 7 19 42 21 20 44 46 48 26 16 29 28 15 12 43 5 30 37 22 35 

Inst_Index:4023 	 City_Num:50 	 Concorde:5.297720 	 MCTS:5.297720 Improve:-0.000000 	 Time:3.76 Seconds
Solution: 1 31 32 40 38 50 26 13 15 19 23 12 9 5 46 25 41 39 35 11 47 24 44 8 17 45 14 29 16 36 20 2 37 21 28 27 34 22 6 33 43 10 3 30 7 49 4 42 48 18 

Inst_Index:4024 	 City_Num:50 	 Concorde:5.145786 	 MCTS:5.145786 Improve:-0.000000 	 Time:3.76 Seconds
Solution: 1 15 34 47 28 36 50 38 14 19 35 13 2 41 49 17 33 4 10 48 12 20 44 43 21 3 22 37 23 32 30 16 7 45 46 26 40 27 11 18 24 42 29 9 39 8 6 31 5 25 

Inst_Index:4025 	 City_Num:50 	 Concorde:5.532951 	 MCTS:5.522188 Improve:0.010763 	 Time:3.76 Seconds
Solution: 1 45 20 13 28 33 34 12 6 37 23 26 16 41 43 14 48 44 42 9 29 15 46 3 19 47 2 49 25 11 24 35 38 8 17 21 36 4 22 50 18 32 7 5 27 31 39 10 30 40 

Inst_Index:4026 	 City_Num:50 	 Concorde:5.856264 	 MCTS:5.856264 Improve:0.000000 	 Time:3.76 Seconds
Solution: 1 3 49 36 34 28 5 25 44 31 21 4 16 47 11 43 10 35 18 33 48 30 42 24 15 41 29 12 50 2 17 8 40 19 6 14 38 37 26 9 7 13 39 22 32 46 23 20 27 45 

Inst_Index:4027 	 City_Num:50 	 Concorde:5.739914 	 MCTS:5.731986 Improve:0.007929 	 Time:3.76 Seconds
Solution: 1 20 9 24 28 35 33 18 41 15 49 4 22 29 13 47 40 43 12 7 23 6 39 45 14 38 19 37 11 3 44 2 50 36 42 16 25 26 17 10 31 32 27 8 46 5 30 48 34 21 

Inst_Index:4028 	 City_Num:50 	 Concorde:5.599899 	 MCTS:5.599899 Improve:-0.000000 	 Time:3.78 Seconds
Solution: 1 36 18 43 48 27 16 21 30 24 25 44 20 7 34 13 38 4 33 23 9 46 41 49 50 37 10 15 3 12 26 39 19 6 35 17 14 11 8 5 47 45 32 28 31 42 29 22 40 2 

Inst_Index:4029 	 City_Num:50 	 Concorde:6.263801 	 MCTS:6.261177 Improve:0.002625 	 Time:3.76 Seconds
Solution: 1 33 22 37 29 16 50 27 45 17 18 5 46 21 36 26 9 38 12 28 32 19 40 6 48 43 10 14 7 34 15 8 49 47 35 3 24 2 31 25 30 13 42 4 23 20 11 41 39 44 

Inst_Index:4030 	 City_Num:50 	 Concorde:5.603071 	 MCTS:5.603071 Improve:0.000000 	 Time:3.75 Seconds
Solution: 1 28 38 49 19 12 16 27 15 46 40 17 25 37 13 50 45 41 9 8 48 2 43 11 35 34 7 30 24 31 29 3 33 44 47 18 5 42 4 14 39 6 26 23 32 20 10 22 36 21 

Inst_Index:4031 	 City_Num:50 	 Concorde:5.906068 	 MCTS:5.906068 Improve:0.000000 	 Time:3.75 Seconds
Solution: 1 25 46 35 27 2 12 21 23 36 32 41 16 9 24 14 39 42 28 15 20 40 22 11 4 7 3 48 30 29 43 17 37 26 19 31 5 38 18 50 49 34 10 8 47 13 33 44 45 6 

Inst_Index:4032 	 City_Num:50 	 Concorde:5.425250 	 MCTS:5.425250 Improve:-0.000000 	 Time:3.76 Seconds
Solution: 1 29 8 10 18 30 39 19 47 23 33 41 44 6 46 7 17 27 40 45 4 3 28 5 43 31 25 22 32 20 50 2 37 21 11 38 26 13 14 24 12 42 35 48 9 15 49 36 34 16 

Inst_Index:4033 	 City_Num:50 	 Concorde:5.738724 	 MCTS:5.738724 Improve:0.000000 	 Time:3.76 Seconds
Solution: 1 43 18 10 15 9 33 16 22 14 28 8 31 47 44 23 50 25 6 21 46 40 30 39 4 45 37 17 19 36 34 29 2 35 41 11 42 49 7 27 20 24 13 48 38 32 3 26 5 12 

Inst_Index:4034 	 City_Num:50 	 Concorde:5.485736 	 MCTS:5.485736 Improve:0.000000 	 Time:3.76 Seconds
Solution: 1 12 13 26 30 19 2 36 48 31 29 23 5 16 4 8 3 50 10 42 25 46 33 14 32 28 18 27 7 41 20 35 43 37 21 40 47 34 45 24 22 15 39 38 49 11 6 17 9 44 

Inst_Index:4035 	 City_Num:50 	 Concorde:5.616040 	 MCTS:5.616040 Improve:0.000000 	 Time:3.76 Seconds
Solution: 1 41 38 39 50 17 22 35 31 48 43 11 27 21 45 28 37 23 12 29 36 19 5 24 34 25 47 13 40 44 3 7 30 15 14 9 18 10 20 49 32 6 4 16 2 46 33 8 26 42 

Inst_Index:4036 	 City_Num:50 	 Concorde:5.752858 	 MCTS:5.752858 Improve:-0.000000 	 Time:3.75 Seconds
Solution: 1 8 30 40 31 3 37 19 42 5 32 7 20 24 35 17 34 44 18 49 25 36 4 14 22 21 10 38 39 13 26 41 27 43 23 11 29 15 2 33 48 6 16 50 28 45 47 9 46 12 

Inst_Index:4037 	 City_Num:50 	 Concorde:5.572924 	 MCTS:5.572924 Improve:-0.000000 	 Time:3.77 Seconds
Solution: 1 38 36 10 39 41 49 42 20 40 19 21 46 23 32 45 12 44 11 25 18 29 31 43 34 8 35 48 24 9 28 26 50 4 13 2 17 47 15 16 3 5 22 6 37 14 33 7 30 27 

Inst_Index:4038 	 City_Num:50 	 Concorde:5.760009 	 MCTS:5.760009 Improve:0.000000 	 Time:3.77 Seconds
Solution: 1 19 37 18 15 40 42 21 8 24 49 28 43 9 10 2 35 7 29 14 39 31 27 26 30 45 34 6 22 33 3 13 16 32 44 50 4 5 48 38 17 11 23 25 12 36 20 46 47 41 

Inst_Index:4039 	 City_Num:50 	 Concorde:5.593962 	 MCTS:5.593673 Improve:0.000288 	 Time:3.76 Seconds
Solution: 1 38 11 40 47 15 13 29 3 17 16 26 23 32 36 43 10 12 22 27 4 41 6 37 19 45 21 30 28 34 24 50 8 48 7 33 49 35 25 44 31 14 39 42 46 18 5 2 9 20 

Inst_Index:4040 	 City_Num:50 	 Concorde:5.839006 	 MCTS:5.839006 Improve:0.000000 	 Time:3.75 Seconds
Solution: 1 21 18 38 29 50 39 24 32 10 11 43 8 14 19 33 3 23 27 7 5 30 45 20 25 2 36 46 40 49 48 12 35 41 6 42 9 34 4 26 28 37 15 31 47 22 17 13 44 16 

Inst_Index:4041 	 City_Num:50 	 Concorde:5.591475 	 MCTS:5.591475 Improve:0.000000 	 Time:3.76 Seconds
Solution: 1 5 16 35 41 7 21 12 46 13 28 19 18 36 14 30 11 9 20 48 8 33 29 37 25 45 42 31 34 3 27 40 15 24 43 47 17 6 44 32 4 10 39 50 2 26 38 22 23 49 

Inst_Index:4042 	 City_Num:50 	 Concorde:5.708365 	 MCTS:5.705749 Improve:0.002616 	 Time:3.75 Seconds
Solution: 1 23 28 30 46 22 34 2 29 33 24 17 49 20 31 43 47 40 10 39 42 3 16 12 45 36 19 38 44 37 4 14 25 15 27 6 5 50 35 32 26 13 48 18 7 21 41 8 9 11 

Inst_Index:4043 	 City_Num:50 	 Concorde:5.636844 	 MCTS:5.636844 Improve:-0.000000 	 Time:3.76 Seconds
Solution: 1 48 14 22 11 35 25 39 47 5 20 15 12 24 36 7 43 10 8 31 9 42 34 41 49 33 28 2 3 44 18 32 38 19 6 16 40 23 30 13 37 26 45 27 21 46 4 29 50 17 

Inst_Index:4044 	 City_Num:50 	 Concorde:5.629985 	 MCTS:5.629214 Improve:0.000771 	 Time:3.76 Seconds
Solution: 1 40 32 33 26 18 47 4 17 19 28 46 6 7 5 38 41 16 13 39 36 9 27 49 15 11 48 45 37 50 3 20 21 8 34 31 25 2 22 30 35 12 14 29 42 43 10 24 44 23 

Inst_Index:4045 	 City_Num:50 	 Concorde:5.653225 	 MCTS:5.653225 Improve:0.000000 	 Time:3.77 Seconds
Solution: 1 37 35 46 34 15 3 48 8 36 33 6 50 24 4 9 29 28 23 12 10 13 11 22 40 14 21 18 26 32 5 30 25 27 7 49 39 17 45 20 43 2 44 42 16 31 47 41 38 19 

Inst_Index:4046 	 City_Num:50 	 Concorde:5.869470 	 MCTS:5.869470 Improve:-0.000000 	 Time:3.75 Seconds
Solution: 1 21 8 50 18 42 19 22 34 36 27 9 24 47 20 11 17 37 45 31 39 49 30 6 2 26 5 3 32 16 33 7 28 13 10 46 4 40 41 12 25 43 23 14 48 29 44 38 35 15 

Inst_Index:4047 	 City_Num:50 	 Concorde:6.100261 	 MCTS:6.098809 Improve:0.001452 	 Time:3.76 Seconds
Solution: 1 12 33 15 9 23 47 50 13 17 28 2 34 18 24 40 36 19 8 29 16 3 46 5 41 4 22 45 42 27 25 32 14 11 21 37 35 10 49 6 48 26 30 44 20 38 7 31 43 39 

Inst_Index:4048 	 City_Num:50 	 Concorde:5.709508 	 MCTS:5.709508 Improve:-0.000000 	 Time:3.77 Seconds
Solution: 1 17 47 29 48 25 28 18 10 16 33 20 8 36 23 38 5 13 19 14 24 46 32 31 12 21 34 42 50 11 4 6 9 3 43 22 37 27 26 30 7 41 15 44 49 2 39 45 35 40 

Inst_Index:4049 	 City_Num:50 	 Concorde:5.963202 	 MCTS:5.963202 Improve:0.000000 	 Time:3.75 Seconds
Solution: 1 6 26 22 41 11 29 8 31 25 27 33 49 37 47 20 15 35 9 32 18 3 40 45 19 28 46 50 42 14 7 13 39 30 38 2 24 4 34 36 17 44 10 23 12 21 43 16 5 48 

Inst_Index:4050 	 City_Num:50 	 Concorde:5.826406 	 MCTS:5.826406 Improve:0.000000 	 Time:3.76 Seconds
Solution: 1 11 12 28 32 47 42 50 4 35 38 46 14 22 29 19 34 45 7 9 20 27 37 23 6 15 49 41 26 18 2 16 30 10 31 8 25 43 39 33 17 3 40 21 36 44 48 5 24 13 

Inst_Index:4051 	 City_Num:50 	 Concorde:5.888453 	 MCTS:5.888453 Improve:0.000000 	 Time:3.75 Seconds
Solution: 1 8 48 2 41 30 19 36 40 22 6 47 27 4 43 32 23 13 11 49 28 17 15 39 25 33 45 46 10 5 42 50 34 12 3 35 29 38 31 20 44 14 18 21 37 24 9 26 16 7 

Inst_Index:4052 	 City_Num:50 	 Concorde:5.872886 	 MCTS:5.872886 Improve:0.000000 	 Time:3.76 Seconds
Solution: 1 44 36 27 26 38 18 21 47 2 5 19 35 48 37 7 13 3 23 11 43 14 39 22 41 16 25 20 24 31 17 9 10 6 42 12 33 50 49 40 15 8 34 29 30 4 28 32 45 46 

Inst_Index:4053 	 City_Num:50 	 Concorde:5.563607 	 MCTS:5.563607 Improve:0.000000 	 Time:3.75 Seconds
Solution: 1 24 28 41 16 45 36 44 32 48 14 9 2 27 18 25 50 17 21 23 12 33 42 26 10 31 40 35 37 22 29 38 49 8 19 30 34 6 4 20 43 11 3 13 47 15 7 5 39 46 

Inst_Index:4054 	 City_Num:50 	 Concorde:5.363987 	 MCTS:5.363987 Improve:-0.000000 	 Time:3.76 Seconds
Solution: 1 17 43 39 12 22 49 46 8 33 44 16 23 41 26 31 5 10 21 37 34 40 35 27 42 11 3 20 2 7 47 24 50 6 30 9 4 13 45 29 19 25 38 32 28 48 36 18 14 15 

Inst_Index:4055 	 City_Num:50 	 Concorde:5.856687 	 MCTS:5.856687 Improve:-0.000000 	 Time:3.76 Seconds
Solution: 1 22 18 34 7 8 50 29 44 47 9 25 23 13 11 19 27 4 5 12 16 10 35 42 20 6 48 49 24 14 45 46 38 43 21 37 3 31 26 30 39 28 15 36 33 40 2 17 41 32 

Inst_Index:4056 	 City_Num:50 	 Concorde:5.760227 	 MCTS:5.760227 Improve:-0.000000 	 Time:3.77 Seconds
Solution: 1 38 46 30 31 4 24 9 22 11 47 13 48 36 49 14 32 17 42 12 39 26 21 25 3 37 18 16 2 33 27 35 10 45 29 7 23 15 43 20 8 41 5 50 44 6 40 28 34 19 

Inst_Index:4057 	 City_Num:50 	 Concorde:5.934447 	 MCTS:5.930730 Improve:0.003717 	 Time:3.75 Seconds
Solution: 1 38 44 7 29 12 50 14 22 11 17 21 4 28 26 47 33 19 49 13 40 5 48 20 45 32 10 6 46 43 24 8 42 3 15 23 2 25 31 30 16 35 27 18 34 37 39 36 9 41 

Inst_Index:4058 	 City_Num:50 	 Concorde:5.659922 	 MCTS:5.659922 Improve:0.000000 	 Time:3.78 Seconds
Solution: 1 28 17 45 23 20 7 36 39 48 24 14 6 18 41 25 40 4 42 12 31 47 9 49 29 27 11 44 15 5 13 37 16 21 38 32 10 26 19 35 3 50 46 33 34 30 8 2 43 22 

Inst_Index:4059 	 City_Num:50 	 Concorde:5.608524 	 MCTS:5.608524 Improve:-0.000000 	 Time:3.75 Seconds
Solution: 1 29 27 18 28 49 19 11 3 9 47 14 25 13 42 31 17 35 43 4 7 33 37 6 40 21 36 45 8 50 16 24 34 38 15 32 2 12 10 30 46 41 23 26 48 44 39 5 22 20 

Inst_Index:4060 	 City_Num:50 	 Concorde:5.590062 	 MCTS:5.589369 Improve:0.000693 	 Time:3.76 Seconds
Solution: 1 41 47 33 9 39 4 15 18 43 44 16 13 2 23 30 8 10 11 49 45 27 38 20 3 40 25 12 46 7 48 42 24 26 32 6 28 29 36 21 31 14 50 37 35 22 34 5 17 19 

Inst_Index:4061 	 City_Num:50 	 Concorde:5.912486 	 MCTS:5.912486 Improve:-0.000000 	 Time:3.75 Seconds
Solution: 1 30 48 3 38 14 8 42 12 46 21 28 20 35 13 17 7 41 6 31 47 37 10 9 22 34 19 11 49 23 27 50 2 16 36 25 18 44 29 40 24 15 33 32 45 5 4 26 43 39 

Inst_Index:4062 	 City_Num:50 	 Concorde:6.038289 	 MCTS:6.038289 Improve:-0.000000 	 Time:3.77 Seconds
Solution: 1 9 22 17 3 10 25 36 42 12 13 38 15 48 37 21 20 32 2 49 41 50 46 19 40 27 33 18 16 23 45 31 34 43 47 5 28 26 11 8 4 6 24 29 39 7 44 35 30 14 

Inst_Index:4063 	 City_Num:50 	 Concorde:5.828924 	 MCTS:5.828924 Improve:0.000000 	 Time:3.76 Seconds
Solution: 1 4 40 46 21 43 29 9 50 3 22 18 20 31 28 26 8 27 6 25 16 19 34 35 24 10 45 2 30 14 48 15 37 13 23 39 11 17 49 44 36 5 38 42 12 7 32 41 33 47 

Inst_Index:4064 	 City_Num:50 	 Concorde:6.042819 	 MCTS:6.042819 Improve:0.000000 	 Time:3.77 Seconds
Solution: 1 28 43 45 17 31 5 47 50 2 8 34 20 26 41 10 3 40 39 27 38 7 25 9 4 15 46 48 37 18 35 13 11 24 36 19 14 49 32 29 44 23 6 30 33 42 16 21 22 12 

Inst_Index:4065 	 City_Num:50 	 Concorde:5.561536 	 MCTS:5.561536 Improve:-0.000000 	 Time:3.75 Seconds
Solution: 1 14 34 42 28 44 7 16 12 30 25 35 3 37 50 19 48 27 8 23 43 11 4 22 45 6 15 41 47 24 20 21 2 36 46 9 10 38 5 17 13 32 39 18 29 33 49 40 26 31 

Inst_Index:4066 	 City_Num:50 	 Concorde:5.721511 	 MCTS:5.721511 Improve:-0.000000 	 Time:3.76 Seconds
Solution: 1 4 33 11 42 24 30 36 26 17 47 32 34 39 13 49 9 50 19 18 27 43 45 20 14 44 29 16 3 28 46 15 22 10 6 31 35 5 23 12 7 2 21 40 37 48 25 41 38 8 

Inst_Index:4067 	 City_Num:50 	 Concorde:5.603803 	 MCTS:5.603803 Improve:0.000000 	 Time:3.77 Seconds
Solution: 1 19 48 11 21 24 39 43 22 27 15 38 28 23 14 32 12 36 7 37 16 4 8 34 45 20 49 2 13 41 29 47 17 50 3 40 9 42 46 31 5 18 33 10 25 35 30 44 26 6 

Inst_Index:4068 	 City_Num:50 	 Concorde:5.910277 	 MCTS:5.910277 Improve:-0.000000 	 Time:3.75 Seconds
Solution: 1 31 22 46 39 23 7 40 19 6 26 9 25 10 13 44 30 4 29 28 41 8 11 50 21 43 3 34 14 47 37 33 12 27 42 17 20 38 18 35 2 36 49 48 16 5 32 15 24 45 

Inst_Index:4069 	 City_Num:50 	 Concorde:5.588301 	 MCTS:5.588301 Improve:0.000000 	 Time:3.75 Seconds
Solution: 1 10 31 9 5 12 23 20 43 33 30 41 39 34 40 46 8 18 48 42 4 38 35 21 32 15 17 44 36 6 45 47 19 50 11 37 49 22 24 3 13 26 14 2 28 7 29 27 16 25 


Avg_Concorde_Distance: 5.687532 Avg_MCTS_Distance: 5.686599 Avg_Gap: -0.000165 Total_Time: 1178.04 Seconds 
 Beat_Best_Known_Times: 98 Match_Best_Known_Times: 215 Miss_Best_Known_Times: 0 
