Number_of_Instances_In_Current_Batch: 313

Inst_Index:8452 	 City_Num:50 	 Concorde:5.680177 	 MCTS:5.680177 Improve:0.000000 	 Time:3.76 Seconds
Solution: 1 35 49 29 11 24 8 39 10 14 12 30 37 48 31 44 2 20 36 4 26 19 33 3 16 38 7 5 47 50 42 25 23 40 13 28 21 27 9 22 46 32 6 41 17 34 43 45 15 18 

Inst_Index:8453 	 City_Num:50 	 Concorde:5.925898 	 MCTS:5.923866 Improve:0.002033 	 Time:3.77 Seconds
Solution: 1 16 24 14 47 19 32 10 50 41 48 38 8 49 13 36 20 18 39 46 4 17 7 21 6 29 31 28 15 45 23 11 27 3 25 37 5 26 42 35 40 12 9 34 44 22 2 33 30 43 

Inst_Index:8454 	 City_Num:50 	 Concorde:5.663668 	 MCTS:5.663668 Improve:-0.000000 	 Time:3.77 Seconds
Solution: 1 2 14 22 9 3 44 34 20 45 28 30 48 15 47 41 6 29 8 50 39 31 49 18 35 25 13 11 36 43 10 40 42 32 33 26 17 38 7 21 5 19 46 24 37 12 16 4 23 27 

Inst_Index:8455 	 City_Num:50 	 Concorde:6.038326 	 MCTS:6.038326 Improve:0.000000 	 Time:3.76 Seconds
Solution: 1 43 34 9 24 26 5 19 11 10 33 50 3 14 17 47 48 4 7 25 39 38 16 41 31 13 49 44 30 40 28 23 42 32 15 6 8 45 18 2 35 46 22 21 20 12 27 36 37 29 

Inst_Index:8456 	 City_Num:50 	 Concorde:5.633885 	 MCTS:5.633885 Improve:-0.000000 	 Time:3.75 Seconds
Solution: 1 47 13 16 23 37 6 20 9 14 33 10 39 40 44 12 29 31 26 11 30 4 18 45 19 34 50 28 17 15 3 2 49 8 41 35 22 21 38 46 36 5 42 24 43 32 27 48 25 7 

Inst_Index:8457 	 City_Num:50 	 Concorde:6.026102 	 MCTS:6.026102 Improve:-0.000000 	 Time:3.76 Seconds
Solution: 1 32 21 25 38 15 30 23 33 28 14 45 43 34 40 41 4 5 48 50 47 8 35 10 44 27 31 19 39 36 3 37 24 49 16 20 6 18 42 11 46 9 13 26 22 17 2 29 12 7 

Inst_Index:8458 	 City_Num:50 	 Concorde:5.568392 	 MCTS:5.568392 Improve:0.000000 	 Time:3.75 Seconds
Solution: 1 9 36 48 23 32 15 47 37 40 27 42 29 4 20 24 38 16 18 2 49 34 30 13 8 3 44 50 12 17 28 21 10 6 19 22 35 14 39 26 43 45 41 31 25 46 7 11 33 5 

Inst_Index:8459 	 City_Num:50 	 Concorde:5.365247 	 MCTS:5.363393 Improve:0.001854 	 Time:3.76 Seconds
Solution: 1 42 32 16 44 37 34 35 19 9 3 29 2 30 17 48 49 8 22 50 33 45 10 28 4 23 12 40 36 13 7 20 38 27 14 26 39 6 18 43 21 5 41 31 15 24 11 25 47 46 

Inst_Index:8460 	 City_Num:50 	 Concorde:5.761300 	 MCTS:5.761069 Improve:0.000231 	 Time:3.75 Seconds
Solution: 1 10 20 11 13 29 12 23 35 39 37 42 40 7 24 49 9 19 8 3 17 27 36 16 44 21 14 2 34 46 50 45 6 18 33 22 5 32 26 28 48 31 4 38 47 43 30 15 41 25 

Inst_Index:8461 	 City_Num:50 	 Concorde:5.488757 	 MCTS:5.488757 Improve:0.000000 	 Time:3.76 Seconds
Solution: 1 7 6 28 29 44 33 30 47 32 17 36 12 50 40 10 35 2 26 11 3 42 4 34 15 45 41 24 8 5 37 31 21 19 13 38 22 49 18 43 16 23 39 14 46 20 48 9 25 27 

Inst_Index:8462 	 City_Num:50 	 Concorde:5.946067 	 MCTS:5.946067 Improve:0.000000 	 Time:3.78 Seconds
Solution: 1 40 19 12 11 27 3 5 6 32 24 39 16 18 48 4 25 37 13 23 26 29 42 34 28 38 36 9 2 30 10 45 21 15 46 33 41 7 20 35 14 31 49 50 22 8 43 17 47 44 

Inst_Index:8463 	 City_Num:50 	 Concorde:5.268871 	 MCTS:5.268871 Improve:-0.000000 	 Time:3.77 Seconds
Solution: 1 15 16 28 32 45 39 14 21 5 18 46 7 30 36 4 35 40 49 12 11 17 37 20 38 41 43 47 6 3 22 31 34 10 2 13 9 26 25 23 24 27 48 8 33 50 42 44 19 29 

Inst_Index:8464 	 City_Num:50 	 Concorde:5.518933 	 MCTS:5.518933 Improve:0.000000 	 Time:3.77 Seconds
Solution: 1 7 25 16 8 47 20 4 19 41 28 34 9 49 39 23 27 15 18 11 13 46 29 24 6 48 36 22 32 17 21 2 45 3 37 50 10 43 26 14 31 33 40 35 5 38 42 12 30 44 

Inst_Index:8465 	 City_Num:50 	 Concorde:5.741805 	 MCTS:5.741805 Improve:0.000000 	 Time:3.77 Seconds
Solution: 1 30 46 5 3 19 47 38 13 21 18 42 36 37 40 9 20 25 31 41 29 49 4 2 12 27 39 10 26 45 23 7 35 17 33 32 6 15 11 22 16 48 28 14 50 34 44 24 43 8 

Inst_Index:8466 	 City_Num:50 	 Concorde:5.626119 	 MCTS:5.626119 Improve:-0.000000 	 Time:3.76 Seconds
Solution: 1 18 35 29 14 9 45 30 50 43 16 25 28 22 31 21 32 12 37 5 42 41 47 46 7 26 40 15 10 24 8 49 19 39 11 36 23 13 44 2 17 33 6 34 38 3 4 48 27 20 

Inst_Index:8467 	 City_Num:50 	 Concorde:5.145459 	 MCTS:5.145459 Improve:-0.000000 	 Time:3.75 Seconds
Solution: 1 42 24 43 45 16 11 40 33 26 13 44 10 46 28 6 7 2 20 29 47 5 3 32 4 50 36 38 19 15 41 8 35 25 27 12 23 34 17 37 21 39 30 18 22 9 31 14 48 49 

Inst_Index:8468 	 City_Num:50 	 Concorde:5.851010 	 MCTS:5.850826 Improve:0.000184 	 Time:3.75 Seconds
Solution: 1 38 45 11 43 49 17 14 50 33 28 44 35 24 42 19 31 25 4 2 21 23 15 29 47 18 37 13 7 40 12 6 41 26 3 20 9 46 16 34 32 22 39 27 8 30 36 10 5 48 

Inst_Index:8469 	 City_Num:50 	 Concorde:5.361102 	 MCTS:5.361102 Improve:0.000000 	 Time:3.77 Seconds
Solution: 1 41 7 30 31 20 50 6 3 21 17 8 19 14 45 4 2 10 36 25 5 49 28 12 11 44 40 42 33 24 13 26 43 22 15 34 46 38 23 29 37 39 48 32 16 9 18 35 27 47 

Inst_Index:8470 	 City_Num:50 	 Concorde:5.818438 	 MCTS:5.817357 Improve:0.001082 	 Time:3.76 Seconds
Solution: 1 6 2 18 31 32 20 49 45 44 13 40 10 29 48 27 46 43 26 8 14 47 16 33 22 35 30 25 19 17 39 23 41 42 24 11 12 37 15 21 5 7 9 36 38 4 28 34 3 50 

Inst_Index:8471 	 City_Num:50 	 Concorde:6.171944 	 MCTS:6.167543 Improve:0.004401 	 Time:3.76 Seconds
Solution: 1 12 28 3 15 26 43 44 49 31 17 39 18 2 46 34 40 14 23 27 38 5 8 20 24 37 16 42 22 30 19 9 10 21 29 35 7 41 48 25 33 6 11 32 36 13 50 47 45 4 

Inst_Index:8472 	 City_Num:50 	 Concorde:5.708852 	 MCTS:5.708852 Improve:0.000000 	 Time:3.76 Seconds
Solution: 1 9 26 5 15 23 22 27 12 28 50 31 47 10 41 6 38 3 48 4 16 36 44 43 30 21 13 34 14 24 19 20 32 18 46 39 8 42 2 29 45 17 33 40 7 37 11 25 35 49 

Inst_Index:8473 	 City_Num:50 	 Concorde:5.686184 	 MCTS:5.686184 Improve:-0.000000 	 Time:3.78 Seconds
Solution: 1 12 17 14 45 39 49 11 32 5 16 28 50 20 23 34 48 8 35 47 40 43 37 42 13 7 46 2 3 4 21 33 18 9 29 10 30 38 36 26 44 22 41 6 25 15 24 31 27 19 

Inst_Index:8474 	 City_Num:50 	 Concorde:5.767158 	 MCTS:5.767158 Improve:0.000000 	 Time:3.78 Seconds
Solution: 1 45 32 48 22 12 5 49 24 21 39 23 18 2 17 50 10 28 38 6 11 4 41 44 42 46 33 37 35 14 40 47 3 16 27 43 34 20 29 13 26 30 9 31 7 15 36 25 19 8 

Inst_Index:8475 	 City_Num:50 	 Concorde:5.797259 	 MCTS:5.797259 Improve:0.000000 	 Time:3.75 Seconds
Solution: 1 10 34 46 31 2 25 28 35 12 5 41 19 16 32 39 13 7 4 20 6 47 38 33 48 21 49 14 17 23 27 50 22 40 15 37 42 36 43 44 11 26 30 18 8 9 24 29 3 45 

Inst_Index:8476 	 City_Num:50 	 Concorde:6.191930 	 MCTS:6.191930 Improve:-0.000000 	 Time:3.76 Seconds
Solution: 1 39 37 18 45 33 23 24 44 41 21 14 6 13 40 5 42 29 27 47 10 4 28 19 48 16 11 35 7 25 3 50 46 2 9 22 31 26 38 8 20 49 36 17 15 34 43 12 30 32 

Inst_Index:8477 	 City_Num:50 	 Concorde:5.465363 	 MCTS:5.462217 Improve:0.003146 	 Time:3.75 Seconds
Solution: 1 9 34 16 42 31 50 17 30 28 15 23 3 40 48 43 27 41 5 49 45 4 44 10 22 19 46 18 6 35 38 20 13 29 11 33 8 7 21 14 32 25 12 24 26 39 47 37 36 2 

Inst_Index:8478 	 City_Num:50 	 Concorde:5.670676 	 MCTS:5.670676 Improve:-0.000000 	 Time:3.76 Seconds
Solution: 1 43 36 34 44 27 8 32 50 37 41 25 21 33 6 39 19 18 14 42 30 45 15 5 3 2 29 31 49 46 24 28 17 10 35 40 48 22 38 7 47 26 23 20 12 11 4 13 9 16 

Inst_Index:8479 	 City_Num:50 	 Concorde:5.746186 	 MCTS:5.743738 Improve:0.002448 	 Time:3.76 Seconds
Solution: 1 12 30 4 37 3 40 13 34 8 7 31 35 28 15 50 9 14 33 10 26 18 45 47 11 25 44 16 22 27 38 23 5 6 24 36 29 49 41 48 19 46 20 32 39 17 43 21 2 42 

Inst_Index:8480 	 City_Num:50 	 Concorde:5.658162 	 MCTS:5.658162 Improve:0.000000 	 Time:3.76 Seconds
Solution: 1 49 37 46 18 32 34 22 29 15 27 24 47 35 11 3 43 23 50 38 20 19 21 33 10 16 45 17 5 9 6 26 48 2 25 36 39 30 31 41 7 4 44 14 13 8 28 42 12 40 

Inst_Index:8481 	 City_Num:50 	 Concorde:5.529132 	 MCTS:5.527763 Improve:0.001369 	 Time:3.76 Seconds
Solution: 1 26 31 17 39 34 46 23 42 27 7 47 3 30 37 32 14 9 36 11 40 6 16 18 44 43 49 15 41 21 5 20 28 2 45 29 24 33 50 10 19 22 38 35 8 12 13 25 4 48 

Inst_Index:8482 	 City_Num:50 	 Concorde:5.706893 	 MCTS:5.706893 Improve:-0.000000 	 Time:3.75 Seconds
Solution: 1 2 48 31 7 18 38 4 47 21 39 9 33 14 44 34 11 40 24 49 19 27 29 42 43 3 17 13 8 28 37 23 16 36 35 10 5 6 30 12 45 32 41 22 50 15 46 20 25 26 

Inst_Index:8483 	 City_Num:50 	 Concorde:5.784341 	 MCTS:5.783282 Improve:0.001060 	 Time:3.76 Seconds
Solution: 1 28 16 34 47 39 3 13 15 43 35 17 14 50 31 33 21 49 30 40 44 20 27 22 7 42 4 19 38 41 5 36 46 37 8 23 26 2 48 29 25 18 12 24 9 10 6 32 11 45 

Inst_Index:8484 	 City_Num:50 	 Concorde:5.956973 	 MCTS:5.956973 Improve:0.000000 	 Time:3.75 Seconds
Solution: 1 46 28 41 30 27 11 2 12 34 43 18 44 38 7 31 35 49 8 36 23 42 45 37 15 13 4 21 25 5 32 26 3 9 50 16 24 20 29 40 22 47 39 10 14 48 33 19 6 17 

Inst_Index:8485 	 City_Num:50 	 Concorde:5.205705 	 MCTS:5.205705 Improve:0.000000 	 Time:3.76 Seconds
Solution: 1 6 39 14 23 21 31 5 26 38 37 33 44 4 34 42 18 32 20 49 22 28 16 46 45 48 30 40 47 24 10 9 50 13 41 8 3 19 2 25 43 29 7 12 35 17 27 11 15 36 

Inst_Index:8486 	 City_Num:50 	 Concorde:5.473027 	 MCTS:5.473027 Improve:0.000000 	 Time:3.76 Seconds
Solution: 1 50 24 6 17 30 31 16 12 14 48 11 3 32 43 4 23 38 15 20 2 41 25 42 5 49 34 22 27 36 13 10 21 37 45 47 33 7 28 46 29 44 39 19 40 8 35 26 18 9 

Inst_Index:8487 	 City_Num:50 	 Concorde:5.885436 	 MCTS:5.876404 Improve:0.009032 	 Time:3.77 Seconds
Solution: 1 24 41 50 23 49 29 17 11 31 9 33 37 25 18 46 3 28 7 6 13 32 14 45 12 21 39 47 10 2 35 20 40 15 44 30 5 27 8 34 36 4 48 22 19 43 42 26 16 38 

Inst_Index:8488 	 City_Num:50 	 Concorde:5.894105 	 MCTS:5.894105 Improve:-0.000000 	 Time:3.75 Seconds
Solution: 1 9 19 41 35 6 13 12 40 21 14 32 30 42 7 24 20 10 47 33 36 8 3 31 17 49 11 45 22 29 38 50 43 16 18 15 37 28 48 26 5 23 25 46 44 2 4 39 34 27 

Inst_Index:8489 	 City_Num:50 	 Concorde:5.898684 	 MCTS:5.898684 Improve:-0.000000 	 Time:3.75 Seconds
Solution: 1 10 50 16 40 4 47 27 3 30 13 9 33 35 38 41 26 25 18 48 11 43 23 24 37 31 5 6 45 32 2 20 34 15 22 44 36 12 21 28 7 39 42 29 46 49 17 14 19 8 

Inst_Index:8490 	 City_Num:50 	 Concorde:5.740662 	 MCTS:5.740662 Improve:0.000000 	 Time:3.76 Seconds
Solution: 1 12 39 11 35 29 2 10 15 50 14 41 26 46 25 30 23 3 4 32 33 34 22 47 38 48 40 27 9 31 42 19 7 45 8 6 17 20 28 44 37 13 49 43 36 18 16 21 5 24 

Inst_Index:8491 	 City_Num:50 	 Concorde:5.937565 	 MCTS:5.929857 Improve:0.007708 	 Time:3.77 Seconds
Solution: 1 45 41 46 48 44 9 32 19 27 10 36 30 23 50 6 34 31 47 28 22 18 20 49 3 42 25 7 16 39 12 35 40 5 38 13 29 43 4 15 21 33 17 14 2 11 8 37 24 26 

Inst_Index:8492 	 City_Num:50 	 Concorde:5.868907 	 MCTS:5.868907 Improve:-0.000000 	 Time:3.76 Seconds
Solution: 1 43 6 14 22 47 5 8 20 18 38 49 35 26 39 7 30 11 27 36 33 4 9 29 46 41 48 12 42 28 13 37 32 3 44 45 31 17 40 10 21 50 15 23 16 24 19 2 25 34 

Inst_Index:8493 	 City_Num:50 	 Concorde:5.701062 	 MCTS:5.693158 Improve:0.007905 	 Time:3.76 Seconds
Solution: 1 11 20 7 38 14 41 44 23 18 6 25 33 15 5 50 45 32 46 13 9 19 39 8 26 2 24 34 35 47 16 42 43 17 12 36 40 3 48 29 21 27 22 10 37 4 31 49 30 28 

Inst_Index:8494 	 City_Num:50 	 Concorde:5.031816 	 MCTS:5.031816 Improve:0.000000 	 Time:3.75 Seconds
Solution: 1 21 45 33 42 39 20 14 3 12 27 35 41 49 17 29 8 6 10 40 48 32 5 34 26 47 19 44 28 9 2 22 25 43 50 37 11 38 15 18 4 24 30 13 16 46 23 31 7 36 

Inst_Index:8495 	 City_Num:50 	 Concorde:5.654746 	 MCTS:5.632696 Improve:0.022050 	 Time:3.75 Seconds
Solution: 1 41 39 18 28 11 42 19 31 25 35 3 7 24 46 44 21 9 8 16 40 38 29 45 6 5 43 12 26 15 47 50 22 20 30 2 10 37 23 33 49 4 17 27 34 14 32 13 36 48 

Inst_Index:8496 	 City_Num:50 	 Concorde:5.349186 	 MCTS:5.349186 Improve:-0.000000 	 Time:3.76 Seconds
Solution: 1 32 49 47 27 43 26 5 14 17 15 42 23 40 46 30 12 9 31 7 36 35 16 44 25 19 37 18 21 20 3 29 13 24 28 22 48 2 11 39 6 38 45 33 34 41 10 4 50 8 

Inst_Index:8497 	 City_Num:50 	 Concorde:5.516864 	 MCTS:5.516864 Improve:-0.000000 	 Time:3.75 Seconds
Solution: 1 22 42 47 29 19 3 49 30 37 38 9 24 2 20 33 34 25 41 16 35 26 4 32 44 5 13 18 46 21 39 28 8 17 31 23 36 14 50 6 15 43 27 48 45 40 7 12 10 11 

Inst_Index:8498 	 City_Num:50 	 Concorde:5.937517 	 MCTS:5.937517 Improve:0.000000 	 Time:3.75 Seconds
Solution: 1 37 34 46 41 25 50 4 10 49 14 30 11 21 15 27 18 39 31 23 22 24 36 45 29 32 6 44 9 43 26 33 12 17 48 5 16 35 7 28 42 13 2 47 3 20 8 38 19 40 

Inst_Index:8499 	 City_Num:50 	 Concorde:5.846757 	 MCTS:5.846035 Improve:0.000722 	 Time:3.76 Seconds
Solution: 1 9 42 34 26 3 12 40 32 14 23 45 22 10 49 33 39 7 36 25 15 21 13 31 46 4 28 20 16 35 47 38 24 18 2 48 17 30 50 19 11 6 5 37 27 41 43 29 8 44 

Inst_Index:8500 	 City_Num:50 	 Concorde:5.350413 	 MCTS:5.349237 Improve:0.001176 	 Time:3.76 Seconds
Solution: 1 21 40 44 11 41 15 37 13 8 18 10 17 34 42 26 32 14 27 20 7 33 5 4 39 12 16 28 30 2 36 47 43 23 46 19 31 48 9 24 35 29 25 3 38 6 49 50 45 22 

Inst_Index:8501 	 City_Num:50 	 Concorde:6.138030 	 MCTS:6.138030 Improve:0.000000 	 Time:3.76 Seconds
Solution: 1 10 2 43 39 37 38 24 48 26 14 19 35 40 6 27 44 41 46 18 12 20 36 33 5 28 4 23 42 29 34 7 16 31 11 50 30 13 8 3 47 45 32 17 25 21 15 9 49 22 

Inst_Index:8502 	 City_Num:50 	 Concorde:5.441053 	 MCTS:5.440612 Improve:0.000441 	 Time:3.76 Seconds
Solution: 1 36 47 2 39 24 38 27 42 8 30 32 45 46 13 23 16 43 34 11 14 31 4 33 6 22 7 41 19 21 12 29 50 10 40 25 37 28 3 5 17 26 9 20 35 44 49 18 48 15 

Inst_Index:8503 	 City_Num:50 	 Concorde:6.016412 	 MCTS:6.016412 Improve:0.000000 	 Time:3.76 Seconds
Solution: 1 44 42 48 5 38 10 41 12 14 35 40 15 21 17 9 19 29 43 50 33 25 28 4 34 16 27 3 49 31 8 24 39 32 47 46 26 7 30 20 11 36 2 6 18 23 22 45 37 13 

Inst_Index:8504 	 City_Num:50 	 Concorde:5.641825 	 MCTS:5.641825 Improve:0.000000 	 Time:3.76 Seconds
Solution: 1 46 21 12 34 35 30 15 40 26 43 42 3 24 9 39 49 33 5 2 37 47 28 29 16 13 48 19 32 14 23 10 7 44 27 4 18 17 45 8 36 6 38 11 41 31 25 50 20 22 

Inst_Index:8505 	 City_Num:50 	 Concorde:5.473403 	 MCTS:5.472788 Improve:0.000615 	 Time:3.75 Seconds
Solution: 1 2 22 14 26 3 11 50 33 28 47 43 20 7 23 32 6 8 17 42 4 44 10 15 35 16 9 29 21 41 30 48 34 31 24 38 37 18 5 12 45 49 13 46 39 36 27 25 40 19 

Inst_Index:8506 	 City_Num:50 	 Concorde:5.892049 	 MCTS:5.888249 Improve:0.003801 	 Time:3.76 Seconds
Solution: 1 38 40 33 14 42 20 45 26 27 11 18 43 4 34 3 12 8 19 9 37 47 31 41 17 36 2 48 7 21 50 6 13 16 32 23 49 28 44 30 15 5 29 24 10 46 39 25 35 22 

Inst_Index:8507 	 City_Num:50 	 Concorde:5.554096 	 MCTS:5.552692 Improve:0.001404 	 Time:3.75 Seconds
Solution: 1 4 44 17 50 32 31 11 6 41 42 49 46 20 33 34 16 21 38 28 43 15 22 3 26 9 36 27 12 35 37 18 23 5 47 30 14 13 45 2 19 25 29 8 24 48 10 39 7 40 

Inst_Index:8508 	 City_Num:50 	 Concorde:5.739928 	 MCTS:5.739928 Improve:-0.000000 	 Time:3.77 Seconds
Solution: 1 45 9 15 20 3 35 7 47 40 11 50 23 43 37 28 2 30 36 39 38 44 17 21 25 5 31 10 22 16 13 29 48 42 27 19 34 32 14 12 4 6 18 33 8 24 41 46 49 26 

Inst_Index:8509 	 City_Num:50 	 Concorde:5.769143 	 MCTS:5.769143 Improve:-0.000000 	 Time:3.75 Seconds
Solution: 1 9 6 36 5 21 20 49 24 26 2 15 45 29 12 17 48 7 40 31 3 35 47 46 50 8 16 4 13 10 41 22 27 43 11 37 44 33 14 42 39 23 28 25 34 32 19 38 18 30 

Inst_Index:8510 	 City_Num:50 	 Concorde:5.452508 	 MCTS:5.452508 Improve:0.000000 	 Time:3.76 Seconds
Solution: 1 32 27 24 34 28 7 33 6 30 4 48 50 36 46 15 23 38 10 40 31 29 43 47 26 39 18 13 14 16 8 9 5 19 37 22 45 17 25 3 49 42 21 11 41 20 44 2 12 35 

Inst_Index:8511 	 City_Num:50 	 Concorde:5.848957 	 MCTS:5.848957 Improve:0.000000 	 Time:3.75 Seconds
Solution: 1 42 3 49 30 46 48 24 4 33 12 21 25 40 26 15 5 36 39 37 13 8 29 38 31 16 41 20 27 43 18 35 19 10 50 22 47 32 34 9 14 28 17 45 7 44 6 23 11 2 

Inst_Index:8512 	 City_Num:50 	 Concorde:5.457058 	 MCTS:5.457058 Improve:0.000000 	 Time:3.77 Seconds
Solution: 1 29 24 4 3 38 11 15 21 37 34 8 49 19 5 20 6 45 31 22 17 9 25 32 26 23 39 46 41 50 18 47 43 12 33 35 2 16 28 42 36 27 13 30 40 7 48 10 14 44 

Inst_Index:8513 	 City_Num:50 	 Concorde:5.922498 	 MCTS:5.922498 Improve:0.000000 	 Time:3.75 Seconds
Solution: 1 8 10 41 3 25 45 37 6 18 20 12 9 44 38 36 24 46 15 28 43 29 30 11 23 32 14 13 21 19 47 34 2 39 40 16 5 22 26 17 42 48 35 49 50 27 4 7 33 31 

Inst_Index:8514 	 City_Num:50 	 Concorde:5.780675 	 MCTS:5.780675 Improve:-0.000000 	 Time:3.76 Seconds
Solution: 1 26 2 10 34 30 35 44 50 7 16 40 47 21 42 3 32 33 49 25 12 13 18 28 45 6 46 14 27 48 24 4 5 23 31 22 8 41 36 37 11 38 9 39 43 17 20 19 29 15 

Inst_Index:8515 	 City_Num:50 	 Concorde:5.909143 	 MCTS:5.909143 Improve:0.000000 	 Time:3.76 Seconds
Solution: 1 5 42 31 21 6 50 49 20 29 18 11 38 8 4 17 32 26 36 37 33 7 9 41 24 12 39 35 3 10 45 34 13 23 16 15 22 30 46 47 28 25 27 43 44 2 48 40 14 19 

Inst_Index:8516 	 City_Num:50 	 Concorde:5.926225 	 MCTS:5.926225 Improve:0.000000 	 Time:3.76 Seconds
Solution: 1 6 32 15 10 18 49 16 8 3 24 36 9 27 37 50 33 17 26 48 23 19 11 2 20 25 4 47 5 7 12 42 44 28 13 14 31 38 29 21 39 41 22 45 40 35 34 30 46 43 

Inst_Index:8517 	 City_Num:50 	 Concorde:5.326195 	 MCTS:5.325661 Improve:0.000534 	 Time:3.77 Seconds
Solution: 1 25 46 43 31 14 39 35 34 5 27 40 29 42 4 41 3 32 36 38 2 50 48 13 22 16 9 7 23 28 26 24 15 30 49 33 17 21 37 18 10 19 11 8 20 12 6 44 47 45 

Inst_Index:8518 	 City_Num:50 	 Concorde:5.409571 	 MCTS:5.409571 Improve:-0.000000 	 Time:3.77 Seconds
Solution: 1 37 36 33 22 40 27 26 49 2 20 16 50 3 18 43 4 17 15 35 24 41 48 44 19 46 11 6 13 8 47 23 25 45 10 42 38 5 28 21 30 29 39 7 31 9 34 32 14 12 

Inst_Index:8519 	 City_Num:50 	 Concorde:6.082610 	 MCTS:6.082610 Improve:0.000000 	 Time:3.76 Seconds
Solution: 1 8 41 9 13 27 4 45 12 7 31 35 28 21 46 43 5 42 44 16 33 6 32 47 3 34 39 18 50 49 38 48 11 15 36 22 23 30 19 26 14 40 29 2 20 10 25 17 24 37 

Inst_Index:8520 	 City_Num:50 	 Concorde:5.760457 	 MCTS:5.760457 Improve:0.000000 	 Time:3.76 Seconds
Solution: 1 19 44 23 22 14 27 35 39 21 12 50 49 33 29 32 31 6 34 40 5 37 26 42 24 48 11 30 43 9 47 16 20 38 15 25 46 4 3 10 13 28 2 7 18 36 41 8 45 17 

Inst_Index:8521 	 City_Num:50 	 Concorde:5.172575 	 MCTS:5.172575 Improve:-0.000000 	 Time:3.76 Seconds
Solution: 1 30 8 12 16 23 5 41 39 13 24 14 9 25 49 28 46 42 22 37 15 11 31 29 50 3 10 40 32 21 48 27 4 38 47 35 33 6 36 34 2 18 26 19 44 17 45 7 43 20 

Inst_Index:8522 	 City_Num:50 	 Concorde:5.732959 	 MCTS:5.732641 Improve:0.000317 	 Time:3.75 Seconds
Solution: 1 20 24 31 37 35 21 23 43 15 27 9 14 45 19 5 12 33 3 50 32 7 39 28 29 47 11 13 40 17 8 25 4 34 26 6 10 42 30 36 48 41 38 16 18 46 22 49 2 44 

Inst_Index:8523 	 City_Num:50 	 Concorde:4.947322 	 MCTS:4.947322 Improve:0.000000 	 Time:3.75 Seconds
Solution: 1 6 35 27 13 17 15 20 39 48 34 14 7 45 16 42 11 28 9 46 41 19 12 4 33 3 26 36 43 31 44 24 30 2 38 49 25 50 32 37 47 40 23 18 8 22 21 10 5 29 

Inst_Index:8524 	 City_Num:50 	 Concorde:5.592172 	 MCTS:5.592172 Improve:0.000000 	 Time:3.76 Seconds
Solution: 1 28 42 17 13 44 37 5 26 29 43 48 33 32 41 47 50 24 35 40 27 46 8 20 39 34 7 9 18 15 3 49 23 14 12 30 2 6 22 4 11 45 21 19 31 38 36 10 25 16 

Inst_Index:8525 	 City_Num:50 	 Concorde:5.413533 	 MCTS:5.413533 Improve:-0.000000 	 Time:3.75 Seconds
Solution: 1 10 34 24 32 4 21 9 33 25 11 43 12 48 2 26 14 50 28 45 7 8 40 18 17 5 22 42 13 20 15 23 6 16 46 30 49 39 35 19 3 47 38 31 41 44 29 27 36 37 

Inst_Index:8526 	 City_Num:50 	 Concorde:5.255072 	 MCTS:5.255072 Improve:0.000000 	 Time:3.75 Seconds
Solution: 1 39 19 4 46 47 5 11 28 48 21 26 33 36 43 15 12 29 34 3 44 37 18 23 20 38 10 17 40 41 42 13 50 8 25 32 16 6 45 2 9 27 22 24 30 49 31 35 7 14 

Inst_Index:8527 	 City_Num:50 	 Concorde:4.793610 	 MCTS:4.787934 Improve:0.005677 	 Time:3.75 Seconds
Solution: 1 6 17 49 10 29 48 31 15 18 5 19 35 22 32 11 44 21 28 23 39 20 26 38 42 34 25 43 50 46 47 30 37 36 16 2 3 33 7 13 40 41 8 24 45 9 4 27 14 12 

Inst_Index:8528 	 City_Num:50 	 Concorde:5.626694 	 MCTS:5.626694 Improve:-0.000000 	 Time:3.77 Seconds
Solution: 1 27 28 8 19 30 6 7 38 29 2 33 18 45 34 9 25 11 3 36 50 22 41 46 39 31 14 15 32 4 12 24 13 21 35 48 47 37 49 42 44 20 26 10 17 40 43 23 16 5 

Inst_Index:8529 	 City_Num:50 	 Concorde:5.742531 	 MCTS:5.739771 Improve:0.002760 	 Time:3.75 Seconds
Solution: 1 33 37 39 35 25 24 49 2 46 3 45 44 8 29 15 5 27 12 43 4 42 28 22 26 47 38 34 16 10 6 36 11 7 19 50 48 31 23 30 40 9 20 18 17 32 41 13 21 14 

Inst_Index:8530 	 City_Num:50 	 Concorde:5.794654 	 MCTS:5.794654 Improve:-0.000000 	 Time:3.76 Seconds
Solution: 1 12 24 41 38 14 29 47 17 46 15 44 21 2 18 31 6 50 23 4 10 35 33 27 45 37 48 40 5 9 7 16 43 3 32 22 11 36 19 42 25 13 34 39 28 30 20 8 49 26 

Inst_Index:8531 	 City_Num:50 	 Concorde:5.890551 	 MCTS:5.889865 Improve:0.000686 	 Time:3.78 Seconds
Solution: 1 28 32 26 19 24 33 30 8 14 37 20 25 38 7 21 15 16 10 50 45 40 27 36 46 41 44 22 23 48 3 34 49 47 4 42 2 6 29 31 9 17 11 35 5 43 13 18 39 12 

Inst_Index:8532 	 City_Num:50 	 Concorde:5.891114 	 MCTS:5.891114 Improve:-0.000000 	 Time:3.77 Seconds
Solution: 1 49 43 26 34 30 40 5 8 3 42 27 23 4 12 9 44 45 7 2 36 13 20 33 48 25 16 39 29 15 17 41 22 47 37 21 38 11 31 46 50 19 6 10 32 14 18 28 35 24 

Inst_Index:8533 	 City_Num:50 	 Concorde:5.934563 	 MCTS:5.934563 Improve:0.000000 	 Time:3.77 Seconds
Solution: 1 41 37 20 26 28 38 18 31 9 8 46 50 2 10 25 5 32 13 35 47 30 24 23 3 42 7 33 6 22 49 16 27 14 17 39 19 12 36 11 15 43 21 44 34 4 40 29 48 45 

Inst_Index:8534 	 City_Num:50 	 Concorde:5.626980 	 MCTS:5.626980 Improve:0.000000 	 Time:3.77 Seconds
Solution: 1 25 47 41 31 35 9 19 5 26 21 22 6 16 13 29 36 49 11 42 43 44 8 37 48 4 39 46 30 7 38 14 17 27 12 18 32 33 3 24 15 40 20 10 2 28 50 23 45 34 

Inst_Index:8535 	 City_Num:50 	 Concorde:5.782910 	 MCTS:5.782910 Improve:-0.000000 	 Time:3.76 Seconds
Solution: 1 10 27 23 46 9 45 42 18 25 48 28 12 21 2 15 14 40 38 13 49 35 24 44 34 31 41 8 7 6 33 29 17 22 11 16 26 19 36 47 3 5 37 30 20 4 39 43 32 50 

Inst_Index:8536 	 City_Num:50 	 Concorde:5.967552 	 MCTS:5.966423 Improve:0.001128 	 Time:3.77 Seconds
Solution: 1 39 27 15 28 25 5 42 16 29 43 30 45 7 31 49 3 47 41 6 4 20 18 2 11 21 37 12 14 46 9 36 17 40 38 50 22 24 44 35 26 48 32 13 19 10 34 33 8 23 

Inst_Index:8537 	 City_Num:50 	 Concorde:5.998925 	 MCTS:5.998925 Improve:-0.000000 	 Time:3.76 Seconds
Solution: 1 4 10 32 38 42 21 19 7 37 2 5 22 33 46 29 24 3 47 26 13 23 45 12 31 18 14 30 20 44 15 41 25 34 43 39 9 28 16 11 50 48 35 8 6 40 49 36 17 27 

Inst_Index:8538 	 City_Num:50 	 Concorde:5.941220 	 MCTS:5.941220 Improve:0.000000 	 Time:3.76 Seconds
Solution: 1 48 47 14 40 21 37 26 9 12 31 6 16 42 35 24 30 38 20 28 43 3 33 17 32 11 22 50 4 27 29 41 44 49 13 23 5 45 39 25 18 36 19 15 2 8 7 10 46 34 

Inst_Index:8539 	 City_Num:50 	 Concorde:5.862350 	 MCTS:5.862350 Improve:-0.000000 	 Time:3.76 Seconds
Solution: 1 21 15 45 37 25 10 19 42 26 20 4 49 28 3 23 48 35 17 34 2 16 40 33 11 13 32 24 22 18 29 44 46 5 7 39 8 12 41 47 9 27 31 30 6 43 38 50 14 36 

Inst_Index:8540 	 City_Num:50 	 Concorde:5.459125 	 MCTS:5.455552 Improve:0.003573 	 Time:3.75 Seconds
Solution: 1 48 13 38 42 15 40 10 22 49 9 45 43 35 29 31 32 8 44 14 21 12 30 2 23 24 50 20 27 34 39 37 5 25 47 19 17 28 7 18 46 16 26 6 33 11 4 36 3 41 

Inst_Index:8541 	 City_Num:50 	 Concorde:5.539934 	 MCTS:5.539934 Improve:-0.000000 	 Time:3.78 Seconds
Solution: 1 43 35 47 42 3 38 49 12 33 34 36 6 20 11 45 39 10 40 25 41 9 37 44 2 4 18 19 22 15 17 28 46 24 7 27 31 8 21 32 26 16 14 29 13 30 5 50 23 48 

Inst_Index:8542 	 City_Num:50 	 Concorde:5.641152 	 MCTS:5.641152 Improve:0.000000 	 Time:3.76 Seconds
Solution: 1 6 30 36 2 29 10 7 43 23 42 15 13 31 24 47 9 44 33 45 39 19 32 49 37 12 17 26 48 22 16 5 50 20 35 38 27 14 11 40 4 25 3 18 8 21 34 46 28 41 

Inst_Index:8543 	 City_Num:50 	 Concorde:5.257740 	 MCTS:5.253664 Improve:0.004076 	 Time:3.75 Seconds
Solution: 1 39 8 38 24 6 22 46 29 37 23 35 42 7 3 14 30 45 10 34 28 40 11 41 49 19 9 36 47 21 18 12 31 2 16 43 44 48 33 5 32 26 17 27 20 4 13 25 15 50 

Inst_Index:8544 	 City_Num:50 	 Concorde:5.529651 	 MCTS:5.529651 Improve:-0.000000 	 Time:3.76 Seconds
Solution: 1 42 22 44 12 41 23 10 7 8 15 24 34 28 3 50 27 45 11 21 20 30 39 32 49 38 19 35 16 6 47 43 37 29 2 4 25 40 14 5 18 17 26 36 31 33 48 46 9 13 

Inst_Index:8545 	 City_Num:50 	 Concorde:5.847478 	 MCTS:5.847478 Improve:-0.000000 	 Time:3.77 Seconds
Solution: 1 13 15 31 42 2 41 50 43 7 26 23 32 5 27 49 30 10 19 11 28 25 45 17 36 46 18 44 48 47 35 37 38 29 39 16 12 20 14 8 22 4 6 3 9 24 34 40 33 21 

Inst_Index:8546 	 City_Num:50 	 Concorde:5.490109 	 MCTS:5.487664 Improve:0.002445 	 Time:3.77 Seconds
Solution: 1 48 15 7 18 21 22 38 9 4 23 27 6 14 33 32 3 25 36 13 10 45 11 47 46 2 30 39 12 37 28 43 24 16 35 19 26 42 40 44 31 8 49 50 5 41 17 20 29 34 

Inst_Index:8547 	 City_Num:50 	 Concorde:5.751487 	 MCTS:5.750773 Improve:0.000714 	 Time:3.76 Seconds
Solution: 1 3 38 4 6 35 5 13 39 41 28 22 27 46 19 47 23 9 40 43 10 50 21 7 26 8 29 31 17 15 11 44 34 16 49 32 18 33 36 20 48 24 45 25 37 2 14 30 12 42 

Inst_Index:8548 	 City_Num:50 	 Concorde:5.468553 	 MCTS:5.461423 Improve:0.007131 	 Time:3.75 Seconds
Solution: 1 16 6 17 3 29 19 27 49 43 15 26 30 39 2 7 21 10 34 35 11 41 5 40 36 45 9 38 46 4 47 28 44 12 42 31 50 18 32 24 25 33 22 48 8 20 13 37 23 14 

Inst_Index:8549 	 City_Num:50 	 Concorde:5.504863 	 MCTS:5.503196 Improve:0.001667 	 Time:3.77 Seconds
Solution: 1 24 45 18 15 22 43 10 46 23 40 28 17 30 36 31 37 11 20 47 38 34 2 29 5 3 32 48 7 35 42 41 16 25 4 6 12 49 21 19 26 33 27 50 8 9 39 14 44 13 

Inst_Index:8550 	 City_Num:50 	 Concorde:5.498331 	 MCTS:5.492720 Improve:0.005611 	 Time:3.76 Seconds
Solution: 1 35 12 25 47 37 42 28 4 13 14 17 22 19 34 21 33 31 2 32 29 30 16 10 23 15 50 45 7 39 18 6 26 38 11 43 40 24 8 49 48 9 20 3 36 5 41 44 46 27 

Inst_Index:8551 	 City_Num:50 	 Concorde:5.771223 	 MCTS:5.771223 Improve:0.000000 	 Time:3.76 Seconds
Solution: 1 26 32 45 19 37 2 28 10 44 38 8 40 24 48 30 3 39 23 41 49 12 46 33 36 50 17 34 31 42 9 4 14 15 5 20 7 18 6 47 16 11 35 43 25 29 21 13 27 22 

Inst_Index:8552 	 City_Num:50 	 Concorde:5.379256 	 MCTS:5.378670 Improve:0.000586 	 Time:3.76 Seconds
Solution: 1 2 38 31 48 25 27 30 13 7 43 14 17 6 4 35 29 37 42 24 44 21 46 22 32 18 41 10 8 50 36 28 33 34 5 49 40 12 19 15 3 39 16 11 9 20 26 23 45 47 

Inst_Index:8553 	 City_Num:50 	 Concorde:5.820695 	 MCTS:5.820695 Improve:0.000000 	 Time:3.76 Seconds
Solution: 1 16 9 19 46 45 37 18 24 50 48 39 28 10 22 8 30 49 23 20 33 12 31 13 47 27 32 21 40 14 4 15 17 5 25 38 41 42 29 6 11 3 26 7 43 34 2 44 35 36 

Inst_Index:8554 	 City_Num:50 	 Concorde:5.426160 	 MCTS:5.426160 Improve:0.000000 	 Time:3.75 Seconds
Solution: 1 29 9 14 25 46 3 45 44 37 27 17 15 50 33 38 32 49 4 6 42 16 18 21 23 20 22 43 8 13 28 31 40 2 11 41 30 5 19 26 48 39 12 10 36 24 7 47 35 34 

Inst_Index:8555 	 City_Num:50 	 Concorde:5.729978 	 MCTS:5.728852 Improve:0.001126 	 Time:3.77 Seconds
Solution: 1 15 25 36 23 37 40 10 35 29 8 38 9 44 49 34 7 24 17 14 41 31 48 50 11 18 6 28 16 13 43 20 42 26 45 47 21 32 4 19 2 30 27 3 39 46 22 33 5 12 

Inst_Index:8556 	 City_Num:50 	 Concorde:5.801877 	 MCTS:5.801877 Improve:0.000000 	 Time:3.75 Seconds
Solution: 1 47 5 50 7 44 21 23 9 39 27 43 40 46 12 29 35 16 13 17 30 33 31 45 25 18 20 6 48 14 26 36 15 3 24 34 2 42 4 49 32 11 28 10 41 8 38 22 37 19 

Inst_Index:8557 	 City_Num:50 	 Concorde:5.644078 	 MCTS:5.644078 Improve:-0.000000 	 Time:3.77 Seconds
Solution: 1 44 2 19 16 15 21 14 9 24 35 36 40 33 32 4 20 30 34 11 45 18 5 39 42 27 25 28 23 26 6 13 37 3 12 46 31 49 48 50 17 7 29 43 10 22 8 47 38 41 

Inst_Index:8558 	 City_Num:50 	 Concorde:6.048449 	 MCTS:6.042669 Improve:0.005779 	 Time:3.77 Seconds
Solution: 1 24 5 23 35 10 8 2 32 38 22 36 40 43 6 19 14 50 49 42 29 37 30 16 9 26 41 4 34 11 25 7 21 12 48 20 13 39 45 47 3 17 44 31 28 46 18 27 33 15 

Inst_Index:8559 	 City_Num:50 	 Concorde:5.767196 	 MCTS:5.767196 Improve:0.000000 	 Time:3.77 Seconds
Solution: 1 11 21 13 32 37 9 5 16 42 4 36 46 20 14 34 19 12 30 45 40 15 18 2 43 6 17 41 47 31 28 33 10 7 25 27 35 48 50 22 44 39 49 24 8 26 3 38 29 23 

Inst_Index:8560 	 City_Num:50 	 Concorde:5.899318 	 MCTS:5.899318 Improve:-0.000000 	 Time:3.76 Seconds
Solution: 1 2 38 4 43 17 27 21 16 25 12 48 28 47 5 24 23 9 6 44 15 8 33 14 46 40 45 30 34 11 37 20 31 13 29 10 36 41 50 39 32 49 35 19 26 3 42 18 7 22 

Inst_Index:8561 	 City_Num:50 	 Concorde:5.429006 	 MCTS:5.429006 Improve:0.000000 	 Time:3.76 Seconds
Solution: 1 47 6 28 37 18 24 15 14 34 43 44 36 26 49 19 11 4 23 35 42 38 39 5 25 3 32 30 29 20 22 33 40 50 13 12 16 2 31 8 7 48 17 9 27 46 21 10 45 41 

Inst_Index:8562 	 City_Num:50 	 Concorde:6.212608 	 MCTS:6.212608 Improve:-0.000000 	 Time:3.76 Seconds
Solution: 1 13 12 5 50 2 39 33 21 31 46 9 14 20 45 22 49 18 11 41 35 6 30 25 28 26 27 34 36 23 19 3 4 48 8 37 42 15 7 17 10 32 24 29 47 43 44 40 16 38 

Inst_Index:8563 	 City_Num:50 	 Concorde:5.784711 	 MCTS:5.784711 Improve:0.000000 	 Time:3.77 Seconds
Solution: 1 16 5 30 9 49 41 18 8 12 19 45 14 11 15 29 25 35 24 4 40 37 34 3 44 26 43 50 48 38 27 21 22 2 31 6 47 10 7 17 13 20 32 42 28 39 46 33 23 36 

Inst_Index:8564 	 City_Num:50 	 Concorde:5.967519 	 MCTS:5.967519 Improve:-0.000000 	 Time:3.77 Seconds
Solution: 1 35 26 28 2 16 29 9 37 38 14 11 6 19 18 10 27 48 8 45 13 20 36 39 43 42 33 49 15 31 46 12 30 34 4 21 23 5 3 7 32 41 25 44 24 40 50 47 22 17 

Inst_Index:8565 	 City_Num:50 	 Concorde:5.662318 	 MCTS:5.662318 Improve:0.000000 	 Time:3.76 Seconds
Solution: 1 3 19 23 40 29 50 13 34 31 41 43 28 24 15 33 14 48 7 16 6 9 44 17 42 36 30 20 12 32 47 11 26 27 35 18 45 10 49 38 5 4 22 8 37 21 25 2 46 39 

Inst_Index:8566 	 City_Num:50 	 Concorde:6.061958 	 MCTS:6.061592 Improve:0.000365 	 Time:3.75 Seconds
Solution: 1 42 46 18 6 12 30 14 40 10 31 28 35 41 20 26 15 7 38 29 21 34 27 36 9 50 11 23 45 49 22 47 13 33 48 5 3 8 44 25 17 39 37 16 43 24 19 2 32 4 

Inst_Index:8567 	 City_Num:50 	 Concorde:5.624530 	 MCTS:5.624530 Improve:-0.000000 	 Time:3.77 Seconds
Solution: 1 7 40 9 29 33 10 22 20 32 47 27 43 4 12 14 18 37 46 19 36 28 35 26 38 5 45 3 23 25 44 30 6 24 16 11 13 31 50 34 39 41 21 48 49 42 8 17 15 2 

Inst_Index:8568 	 City_Num:50 	 Concorde:5.796617 	 MCTS:5.796617 Improve:0.000000 	 Time:3.76 Seconds
Solution: 1 5 7 43 12 38 9 34 45 15 26 8 35 13 44 37 18 42 6 50 36 25 20 16 4 23 41 40 27 14 30 32 29 10 28 19 47 24 11 39 31 46 48 17 22 49 2 3 33 21 

Inst_Index:8569 	 City_Num:50 	 Concorde:5.946948 	 MCTS:5.946948 Improve:-0.000000 	 Time:3.75 Seconds
Solution: 1 27 16 17 26 19 3 38 6 32 39 37 42 23 22 48 4 31 34 35 2 11 49 14 7 29 21 25 12 8 13 18 41 5 46 33 43 40 20 50 10 45 44 15 30 9 24 47 36 28 

Inst_Index:8570 	 City_Num:50 	 Concorde:5.665900 	 MCTS:5.665900 Improve:0.000000 	 Time:3.77 Seconds
Solution: 1 41 38 25 44 2 27 47 39 35 45 49 28 12 24 42 50 11 21 40 46 3 18 10 29 36 7 17 13 19 30 31 33 5 48 32 15 20 8 9 26 16 23 43 37 4 22 14 6 34 

Inst_Index:8571 	 City_Num:50 	 Concorde:5.897921 	 MCTS:5.897921 Improve:-0.000000 	 Time:3.75 Seconds
Solution: 1 38 19 14 21 13 25 5 35 34 26 18 10 29 50 4 37 22 24 44 32 39 23 28 11 41 15 45 33 40 43 36 8 17 7 9 6 30 42 47 20 27 12 3 46 48 2 16 49 31 

Inst_Index:8572 	 City_Num:50 	 Concorde:5.750339 	 MCTS:5.750339 Improve:0.000000 	 Time:3.77 Seconds
Solution: 1 39 40 31 42 6 14 18 8 30 13 10 29 32 34 33 49 12 2 50 11 45 43 28 38 22 17 27 19 16 23 44 26 41 21 3 24 46 37 36 20 5 15 9 25 4 48 35 7 47 

Inst_Index:8573 	 City_Num:50 	 Concorde:5.309171 	 MCTS:5.309171 Improve:0.000000 	 Time:3.76 Seconds
Solution: 1 45 5 50 26 9 19 14 37 34 35 25 11 2 6 13 8 20 17 7 38 41 16 4 22 23 21 3 47 30 42 33 36 10 31 28 43 12 27 39 49 46 15 48 32 18 44 29 24 40 

Inst_Index:8574 	 City_Num:50 	 Concorde:6.093838 	 MCTS:6.093838 Improve:0.000000 	 Time:3.78 Seconds
Solution: 1 25 35 20 48 21 28 22 3 7 4 44 14 18 2 31 13 46 40 5 47 11 33 23 6 29 19 32 10 15 9 16 26 17 49 34 24 12 50 38 37 41 42 43 45 36 30 8 27 39 

Inst_Index:8575 	 City_Num:50 	 Concorde:5.722814 	 MCTS:5.722814 Improve:0.000000 	 Time:3.77 Seconds
Solution: 1 24 9 46 48 32 45 4 28 10 18 34 17 39 19 20 35 31 33 23 15 7 26 50 22 40 38 44 11 41 36 12 27 8 13 2 14 3 25 21 16 6 30 5 37 43 47 42 29 49 

Inst_Index:8576 	 City_Num:50 	 Concorde:5.845644 	 MCTS:5.843063 Improve:0.002581 	 Time:3.77 Seconds
Solution: 1 29 20 40 18 4 10 42 11 33 8 15 2 36 41 22 31 37 23 13 34 6 28 21 24 5 26 49 30 48 50 32 14 27 19 38 47 39 25 46 35 12 3 45 44 9 43 7 16 17 

Inst_Index:8577 	 City_Num:50 	 Concorde:6.071930 	 MCTS:6.069799 Improve:0.002131 	 Time:3.77 Seconds
Solution: 1 32 19 16 46 29 3 47 23 28 40 11 33 38 41 49 20 15 27 30 10 7 31 36 45 12 48 8 22 42 44 5 9 50 21 13 34 14 39 37 35 2 43 17 4 6 18 24 25 26 

Inst_Index:8578 	 City_Num:50 	 Concorde:5.860427 	 MCTS:5.857430 Improve:0.002997 	 Time:3.75 Seconds
Solution: 1 14 42 35 47 44 46 15 31 26 3 21 10 27 43 22 37 39 4 16 8 41 23 32 20 11 24 36 33 45 49 7 25 30 50 18 2 5 28 13 17 29 19 48 34 40 6 9 12 38 

Inst_Index:8579 	 City_Num:50 	 Concorde:5.379755 	 MCTS:5.378742 Improve:0.001013 	 Time:3.75 Seconds
Solution: 1 40 2 27 7 5 21 31 11 44 32 18 12 19 35 17 14 48 20 25 3 49 28 29 23 26 39 24 50 42 15 43 33 36 6 13 10 16 30 45 9 41 34 37 47 4 46 38 22 8 

Inst_Index:8580 	 City_Num:50 	 Concorde:5.465163 	 MCTS:5.465163 Improve:0.000000 	 Time:3.76 Seconds
Solution: 1 8 47 33 40 43 6 45 28 37 16 49 36 48 2 25 42 19 44 12 46 17 13 24 7 15 30 5 18 23 34 38 32 27 11 4 20 21 39 35 22 9 50 14 31 10 3 26 29 41 

Inst_Index:8581 	 City_Num:50 	 Concorde:5.856012 	 MCTS:5.856012 Improve:0.000000 	 Time:3.77 Seconds
Solution: 1 49 10 6 5 13 23 3 17 2 7 9 27 43 33 39 8 11 24 20 31 22 45 48 14 18 41 21 37 32 26 15 47 19 42 30 36 34 44 50 4 16 29 40 46 28 25 38 12 35 

Inst_Index:8582 	 City_Num:50 	 Concorde:5.664893 	 MCTS:5.664893 Improve:-0.000000 	 Time:3.76 Seconds
Solution: 1 40 8 28 50 37 2 49 35 42 15 29 12 27 26 16 41 19 4 45 48 11 25 20 34 43 7 3 5 30 9 22 13 21 14 18 31 23 10 6 44 17 32 36 33 46 38 47 24 39 

Inst_Index:8583 	 City_Num:50 	 Concorde:5.504840 	 MCTS:5.502514 Improve:0.002325 	 Time:3.76 Seconds
Solution: 1 30 12 32 26 22 25 43 44 36 45 18 4 27 41 39 46 31 33 38 3 49 28 6 20 14 5 21 19 2 8 48 16 23 9 29 47 35 10 17 40 24 7 13 11 50 37 34 42 15 

Inst_Index:8584 	 City_Num:50 	 Concorde:5.673443 	 MCTS:5.672604 Improve:0.000839 	 Time:3.76 Seconds
Solution: 1 9 4 16 31 26 8 10 28 50 18 42 39 48 11 7 5 37 23 36 45 19 49 30 13 34 38 25 41 3 40 43 33 32 46 35 22 6 29 24 20 15 47 14 21 2 12 44 27 17 

Inst_Index:8585 	 City_Num:50 	 Concorde:5.934152 	 MCTS:5.934152 Improve:0.000000 	 Time:3.77 Seconds
Solution: 1 10 22 33 17 4 27 5 7 20 15 31 3 2 32 38 8 45 48 46 14 41 12 26 23 30 21 44 24 19 9 13 42 39 40 18 35 49 28 25 16 36 43 47 37 29 34 11 50 6 

Inst_Index:8586 	 City_Num:50 	 Concorde:5.994777 	 MCTS:5.994777 Improve:-0.000000 	 Time:3.77 Seconds
Solution: 1 3 9 44 4 30 14 10 22 32 49 50 26 36 25 41 7 47 45 27 29 23 2 43 13 34 6 15 37 16 35 11 18 24 8 20 19 46 42 5 33 48 21 28 12 38 40 31 17 39 

Inst_Index:8587 	 City_Num:50 	 Concorde:6.159578 	 MCTS:6.159578 Improve:-0.000000 	 Time:3.76 Seconds
Solution: 1 21 28 31 17 11 16 44 34 22 2 49 10 36 25 38 43 9 41 46 14 45 26 3 7 33 50 42 35 18 13 48 12 4 6 27 23 24 39 32 40 20 19 8 37 5 15 30 29 47 

Inst_Index:8588 	 City_Num:50 	 Concorde:5.558460 	 MCTS:5.558460 Improve:0.000000 	 Time:3.77 Seconds
Solution: 1 38 5 25 28 13 29 2 41 33 16 10 31 36 11 7 50 22 12 9 40 37 8 18 4 43 30 45 49 6 32 20 14 34 17 42 48 39 3 27 47 26 44 15 46 24 23 19 21 35 

Inst_Index:8589 	 City_Num:50 	 Concorde:5.667962 	 MCTS:5.667962 Improve:0.000000 	 Time:3.76 Seconds
Solution: 1 29 17 40 36 48 11 47 46 23 39 44 45 37 22 12 41 25 9 32 49 6 30 31 10 28 13 4 33 42 3 24 27 26 8 35 50 21 2 43 16 34 14 20 38 5 15 19 7 18 

Inst_Index:8590 	 City_Num:50 	 Concorde:5.708093 	 MCTS:5.708093 Improve:0.000000 	 Time:3.76 Seconds
Solution: 1 30 3 41 31 42 37 8 17 48 45 28 15 35 40 14 44 47 4 19 2 12 33 32 34 49 9 7 36 43 23 29 27 20 6 24 5 13 22 16 18 39 10 25 21 50 38 11 46 26 

Inst_Index:8591 	 City_Num:50 	 Concorde:5.714054 	 MCTS:5.714054 Improve:0.000000 	 Time:3.75 Seconds
Solution: 1 21 44 28 43 49 33 23 48 15 8 24 40 11 42 7 35 36 19 50 29 41 17 39 46 13 45 47 25 34 20 6 37 38 18 4 9 32 31 16 26 30 2 27 14 3 22 12 10 5 

Inst_Index:8592 	 City_Num:50 	 Concorde:5.470159 	 MCTS:5.470159 Improve:0.000000 	 Time:3.76 Seconds
Solution: 1 3 5 19 44 36 13 33 16 31 26 43 22 32 7 34 29 50 25 30 41 15 28 6 39 46 17 9 11 18 47 14 21 48 10 27 35 45 20 37 42 8 24 12 4 49 40 23 38 2 

Inst_Index:8593 	 City_Num:50 	 Concorde:5.853021 	 MCTS:5.853021 Improve:0.000000 	 Time:3.76 Seconds
Solution: 1 24 18 32 14 13 16 50 9 47 3 23 7 43 49 33 5 40 34 10 45 29 20 35 39 15 30 48 8 19 25 37 11 2 38 6 22 26 21 42 44 41 4 31 36 17 46 12 28 27 

Inst_Index:8594 	 City_Num:50 	 Concorde:5.478325 	 MCTS:5.468875 Improve:0.009449 	 Time:3.77 Seconds
Solution: 1 48 32 42 16 31 14 43 38 47 6 46 19 4 29 2 35 50 27 36 21 24 34 17 5 18 25 11 39 37 10 22 9 45 23 41 26 49 15 3 8 33 13 12 44 30 20 7 28 40 

Inst_Index:8595 	 City_Num:50 	 Concorde:5.950845 	 MCTS:5.950845 Improve:0.000000 	 Time:3.76 Seconds
Solution: 1 28 10 22 27 41 29 5 19 16 11 14 25 13 3 34 20 26 46 17 38 18 43 2 15 48 4 31 21 49 44 23 32 35 9 40 24 42 7 30 50 6 47 37 12 45 36 8 39 33 

Inst_Index:8596 	 City_Num:50 	 Concorde:5.548267 	 MCTS:5.540620 Improve:0.007647 	 Time:3.76 Seconds
Solution: 1 5 14 31 49 10 39 23 37 7 6 12 46 25 17 29 19 42 15 3 8 41 16 22 43 47 34 2 20 38 4 40 30 48 45 21 18 26 33 50 13 27 35 9 44 36 28 11 32 24 

Inst_Index:8597 	 City_Num:50 	 Concorde:6.098345 	 MCTS:6.096648 Improve:0.001697 	 Time:3.76 Seconds
Solution: 1 6 15 20 38 9 36 42 30 12 13 43 4 3 48 39 29 7 25 44 47 37 22 32 31 11 10 41 35 34 17 16 26 45 49 40 5 18 24 46 19 2 14 50 28 21 8 33 23 27 

Inst_Index:8598 	 City_Num:50 	 Concorde:5.409389 	 MCTS:5.409389 Improve:0.000000 	 Time:3.77 Seconds
Solution: 1 29 5 44 23 25 37 28 10 2 9 33 19 35 30 22 12 43 38 18 47 13 24 6 48 26 7 16 49 34 39 40 8 46 21 32 17 31 3 45 42 41 50 14 27 36 11 20 4 15 

Inst_Index:8599 	 City_Num:50 	 Concorde:5.421866 	 MCTS:5.421866 Improve:-0.000000 	 Time:3.75 Seconds
Solution: 1 22 41 36 50 30 2 28 38 13 33 44 9 34 7 19 21 27 29 8 42 31 12 3 24 48 39 32 46 45 47 15 49 5 10 18 40 23 4 6 20 14 43 11 16 26 37 25 35 17 

Inst_Index:8600 	 City_Num:50 	 Concorde:5.455224 	 MCTS:5.455224 Improve:0.000000 	 Time:3.77 Seconds
Solution: 1 12 44 5 8 38 36 43 16 9 26 31 18 20 14 21 47 37 28 22 11 34 39 23 24 45 3 17 10 46 42 29 4 32 19 50 40 2 6 33 30 7 35 49 27 13 15 25 48 41 

Inst_Index:8601 	 City_Num:50 	 Concorde:5.786251 	 MCTS:5.781036 Improve:0.005215 	 Time:3.76 Seconds
Solution: 1 10 45 26 35 18 48 5 25 29 12 2 30 20 32 14 28 37 19 36 6 31 22 39 27 16 15 7 13 50 41 46 43 34 40 44 21 23 17 4 8 9 11 38 49 24 47 33 3 42 

Inst_Index:8602 	 City_Num:50 	 Concorde:5.897170 	 MCTS:5.893314 Improve:0.003856 	 Time:3.77 Seconds
Solution: 1 28 8 30 5 6 13 24 41 10 40 25 9 37 17 2 21 22 42 27 3 4 35 44 49 45 12 26 15 31 19 29 32 43 47 7 38 14 18 36 16 11 46 50 48 23 34 39 33 20 

Inst_Index:8603 	 City_Num:50 	 Concorde:5.595578 	 MCTS:5.591420 Improve:0.004158 	 Time:3.75 Seconds
Solution: 1 32 3 46 23 11 29 20 22 47 26 28 21 36 19 30 49 4 16 50 34 42 8 40 17 14 6 25 5 24 18 2 9 35 48 43 38 37 13 33 7 45 15 44 41 27 12 10 31 39 

Inst_Index:8604 	 City_Num:50 	 Concorde:5.885241 	 MCTS:5.885241 Improve:0.000000 	 Time:3.76 Seconds
Solution: 1 12 11 50 37 26 5 2 6 29 8 46 16 27 19 49 34 47 24 33 43 14 23 36 18 48 42 45 15 22 32 10 40 25 13 3 41 9 7 20 31 39 17 28 30 4 38 44 21 35 

Inst_Index:8605 	 City_Num:50 	 Concorde:5.706494 	 MCTS:5.706494 Improve:0.000000 	 Time:3.75 Seconds
Solution: 1 37 40 15 33 30 47 3 50 12 44 24 45 16 26 32 13 39 46 43 20 2 38 41 48 34 23 11 28 7 35 9 31 4 18 49 14 17 29 19 22 8 5 25 10 21 27 42 36 6 

Inst_Index:8606 	 City_Num:50 	 Concorde:5.524222 	 MCTS:5.524222 Improve:-0.000000 	 Time:3.75 Seconds
Solution: 1 11 43 7 48 4 41 8 42 19 30 37 29 50 34 25 18 16 3 49 44 47 22 15 23 36 10 27 32 2 38 26 46 35 14 12 28 5 13 39 45 31 6 40 17 33 9 20 21 24 

Inst_Index:8607 	 City_Num:50 	 Concorde:5.761500 	 MCTS:5.758341 Improve:0.003160 	 Time:3.76 Seconds
Solution: 1 17 50 18 44 26 32 5 34 19 9 42 33 36 47 20 7 8 3 35 14 13 10 48 15 27 22 2 23 4 16 11 31 45 38 30 6 12 39 24 21 43 37 28 25 41 46 49 29 40 

Inst_Index:8608 	 City_Num:50 	 Concorde:6.045659 	 MCTS:6.044557 Improve:0.001101 	 Time:3.75 Seconds
Solution: 1 30 29 43 49 21 27 3 31 37 50 18 9 32 24 36 22 39 4 38 33 17 45 46 25 44 20 14 47 34 23 26 6 7 41 8 2 12 28 48 35 11 19 15 40 16 5 10 42 13 

Inst_Index:8609 	 City_Num:50 	 Concorde:5.885435 	 MCTS:5.885435 Improve:0.000000 	 Time:3.76 Seconds
Solution: 1 12 26 24 8 29 9 50 28 11 5 32 37 38 31 18 14 27 6 48 3 45 34 46 22 25 7 2 33 19 13 42 20 17 43 40 10 49 16 15 30 23 36 44 21 41 39 35 47 4 

Inst_Index:8610 	 City_Num:50 	 Concorde:5.797011 	 MCTS:5.797011 Improve:-0.000000 	 Time:3.76 Seconds
Solution: 1 18 3 42 19 27 33 50 41 24 44 30 36 35 13 26 22 31 46 34 32 15 17 9 5 45 12 25 21 38 39 29 4 37 16 43 48 40 47 49 14 2 23 7 11 8 28 6 20 10 

Inst_Index:8611 	 City_Num:50 	 Concorde:5.609038 	 MCTS:5.602761 Improve:0.006277 	 Time:3.76 Seconds
Solution: 1 34 46 14 45 47 27 31 7 12 11 36 22 18 15 30 50 13 20 9 4 21 19 38 23 26 41 24 32 6 10 5 49 28 8 42 48 2 17 29 44 43 39 40 35 37 25 33 3 16 

Inst_Index:8612 	 City_Num:50 	 Concorde:5.659773 	 MCTS:5.659773 Improve:-0.000000 	 Time:3.75 Seconds
Solution: 1 5 34 39 30 2 23 50 22 26 11 48 3 21 43 31 20 46 19 24 12 16 9 33 4 13 42 17 45 36 35 10 25 6 27 37 32 29 7 40 14 8 38 18 44 41 28 47 49 15 

Inst_Index:8613 	 City_Num:50 	 Concorde:5.561229 	 MCTS:5.559561 Improve:0.001669 	 Time:3.75 Seconds
Solution: 1 16 23 36 48 26 31 44 3 46 45 14 50 34 25 47 49 17 39 20 40 27 37 8 35 28 11 38 41 30 4 33 24 18 7 19 15 43 42 12 9 29 6 22 13 5 10 21 32 2 

Inst_Index:8614 	 City_Num:50 	 Concorde:5.491170 	 MCTS:5.489617 Improve:0.001554 	 Time:3.77 Seconds
Solution: 1 40 25 50 35 33 39 37 9 18 46 14 6 10 32 21 4 3 13 44 28 38 41 27 12 45 29 48 26 49 2 15 36 23 16 5 43 17 30 7 20 42 19 11 34 8 24 47 31 22 

Inst_Index:8615 	 City_Num:50 	 Concorde:5.843555 	 MCTS:5.843555 Improve:0.000000 	 Time:3.75 Seconds
Solution: 1 21 31 44 9 45 32 15 16 6 46 24 17 5 11 12 35 36 19 8 47 43 10 22 30 13 14 49 37 33 48 42 34 7 29 3 41 50 40 27 23 20 39 4 2 18 26 25 28 38 

Inst_Index:8616 	 City_Num:50 	 Concorde:5.553763 	 MCTS:5.552180 Improve:0.001583 	 Time:3.76 Seconds
Solution: 1 48 41 7 2 6 4 5 19 30 29 23 44 14 15 33 40 28 10 16 46 9 34 38 8 35 45 21 39 50 3 26 13 32 25 31 17 47 11 43 12 24 42 20 49 18 37 36 22 27 

Inst_Index:8617 	 City_Num:50 	 Concorde:5.457728 	 MCTS:5.457728 Improve:0.000000 	 Time:3.75 Seconds
Solution: 1 41 35 39 11 32 45 28 47 43 2 26 50 46 24 33 30 42 10 19 40 15 37 29 4 13 12 16 22 34 17 14 9 7 3 18 31 38 48 23 5 27 8 6 25 49 20 44 21 36 

Inst_Index:8618 	 City_Num:50 	 Concorde:5.948200 	 MCTS:5.947269 Improve:0.000932 	 Time:3.78 Seconds
Solution: 1 38 13 10 31 45 40 24 20 26 29 49 14 23 8 41 17 9 32 28 37 12 33 44 5 7 18 50 11 27 16 39 47 46 48 21 22 2 34 35 43 4 3 36 30 6 25 42 15 19 

Inst_Index:8619 	 City_Num:50 	 Concorde:5.881153 	 MCTS:5.876619 Improve:0.004534 	 Time:3.76 Seconds
Solution: 1 31 29 17 47 37 15 22 50 44 6 21 16 13 9 35 4 33 2 14 46 34 19 42 12 32 43 39 40 8 38 25 45 18 24 7 20 48 10 26 23 49 36 41 30 3 28 27 5 11 

Inst_Index:8620 	 City_Num:50 	 Concorde:5.820317 	 MCTS:5.820317 Improve:-0.000000 	 Time:3.77 Seconds
Solution: 1 29 20 32 3 2 39 14 50 49 24 22 4 6 36 28 45 5 30 34 19 27 37 41 25 42 13 43 7 47 23 46 10 11 15 21 16 33 18 9 48 8 44 38 12 31 26 40 35 17 

Inst_Index:8621 	 City_Num:50 	 Concorde:5.418052 	 MCTS:5.418052 Improve:-0.000000 	 Time:3.77 Seconds
Solution: 1 46 15 7 26 23 40 35 11 25 13 29 14 32 42 41 8 28 44 17 36 50 21 49 45 30 3 33 12 20 27 47 34 37 43 39 10 18 48 22 16 19 5 38 9 4 2 6 31 24 

Inst_Index:8622 	 City_Num:50 	 Concorde:5.396935 	 MCTS:5.396935 Improve:-0.000000 	 Time:3.76 Seconds
Solution: 1 20 32 14 38 41 6 43 19 13 15 10 50 3 48 46 22 49 28 39 21 33 35 18 17 11 7 36 2 16 4 26 23 30 34 47 31 8 24 40 29 25 9 27 45 42 37 12 44 5 

Inst_Index:8623 	 City_Num:50 	 Concorde:6.148183 	 MCTS:6.148183 Improve:0.000000 	 Time:3.76 Seconds
Solution: 1 38 21 44 16 4 10 37 45 22 13 5 40 3 17 8 43 31 33 30 2 48 42 12 23 29 15 18 34 47 41 32 25 6 28 36 39 11 14 26 7 27 49 35 24 20 50 19 46 9 

Inst_Index:8624 	 City_Num:50 	 Concorde:5.571496 	 MCTS:5.571496 Improve:0.000000 	 Time:3.77 Seconds
Solution: 1 4 8 14 24 34 3 21 40 47 50 12 10 7 38 33 30 43 18 48 41 35 46 39 9 26 15 13 29 6 42 5 49 11 23 32 45 27 20 36 2 25 22 31 19 17 16 44 37 28 

Inst_Index:8625 	 City_Num:50 	 Concorde:5.470589 	 MCTS:5.470589 Improve:-0.000000 	 Time:3.77 Seconds
Solution: 1 5 17 14 50 11 13 21 36 6 44 46 9 15 24 10 23 33 28 3 12 19 25 35 16 2 29 42 34 8 7 37 40 32 49 22 18 4 39 48 41 20 43 47 27 38 45 31 26 30 

Inst_Index:8626 	 City_Num:50 	 Concorde:5.607744 	 MCTS:5.607475 Improve:0.000269 	 Time:3.75 Seconds
Solution: 1 19 25 44 36 39 20 22 28 43 9 30 7 16 33 15 13 3 40 49 27 8 12 18 14 38 5 46 48 21 6 41 26 37 23 31 4 24 42 29 17 47 11 2 32 10 45 34 50 35 

Inst_Index:8627 	 City_Num:50 	 Concorde:5.832283 	 MCTS:5.832283 Improve:-0.000000 	 Time:3.76 Seconds
Solution: 1 31 10 41 28 33 36 22 50 40 37 35 8 30 2 48 27 19 13 15 23 42 38 24 6 20 17 45 49 29 39 3 11 46 14 34 7 5 43 9 16 26 25 4 18 47 12 44 32 21 

Inst_Index:8628 	 City_Num:50 	 Concorde:5.575221 	 MCTS:5.575221 Improve:0.000000 	 Time:3.76 Seconds
Solution: 1 4 34 26 3 12 7 28 45 42 36 44 10 48 50 14 31 16 33 2 47 24 13 43 15 38 37 21 35 23 25 22 6 29 8 32 19 39 46 11 9 18 27 49 40 20 41 5 17 30 

Inst_Index:8629 	 City_Num:50 	 Concorde:5.593773 	 MCTS:5.587198 Improve:0.006575 	 Time:3.76 Seconds
Solution: 1 42 3 40 24 17 50 39 25 27 22 20 32 47 18 10 35 45 26 21 16 6 7 41 8 2 37 30 15 33 14 13 38 28 46 11 29 9 44 36 12 49 23 48 4 19 34 43 5 31 

Inst_Index:8630 	 City_Num:50 	 Concorde:5.641275 	 MCTS:5.641275 Improve:0.000000 	 Time:3.75 Seconds
Solution: 1 11 37 16 38 3 41 6 13 25 26 36 24 35 8 34 31 42 46 33 47 39 29 20 9 12 7 2 22 17 30 19 27 15 28 18 49 32 4 40 14 45 23 43 21 44 5 48 10 50 

Inst_Index:8631 	 City_Num:50 	 Concorde:5.716971 	 MCTS:5.714732 Improve:0.002239 	 Time:3.77 Seconds
Solution: 1 49 21 31 3 14 19 48 38 15 39 24 2 13 42 36 25 9 35 16 6 27 4 43 28 47 17 7 20 45 29 37 40 30 12 22 11 10 5 26 23 18 33 8 44 46 41 50 34 32 

Inst_Index:8632 	 City_Num:50 	 Concorde:6.134804 	 MCTS:6.134804 Improve:-0.000000 	 Time:3.76 Seconds
Solution: 1 41 5 16 33 10 49 7 11 20 18 29 31 43 8 27 46 17 19 13 26 44 42 28 25 23 9 47 2 15 39 45 14 30 22 38 24 48 37 36 35 40 6 50 3 21 12 4 34 32 

Inst_Index:8633 	 City_Num:50 	 Concorde:5.580670 	 MCTS:5.580670 Improve:-0.000000 	 Time:3.76 Seconds
Solution: 1 2 43 49 28 37 34 24 15 13 32 41 50 31 5 8 10 16 14 36 42 45 35 33 29 40 9 38 39 25 46 21 12 4 22 6 3 30 20 11 48 19 17 27 44 18 47 7 23 26 

Inst_Index:8634 	 City_Num:50 	 Concorde:5.942166 	 MCTS:5.942166 Improve:-0.000000 	 Time:3.75 Seconds
Solution: 1 40 34 10 3 48 24 13 27 50 8 18 45 29 47 14 41 33 9 16 32 39 17 15 20 11 6 23 49 30 43 19 5 2 44 21 42 12 37 4 38 22 7 31 26 28 36 25 35 46 

Inst_Index:8635 	 City_Num:50 	 Concorde:5.218391 	 MCTS:5.218391 Improve:-0.000000 	 Time:3.75 Seconds
Solution: 1 25 24 28 44 14 21 30 18 9 23 40 13 16 33 32 43 11 17 19 31 50 48 5 2 36 39 26 38 27 35 37 8 20 12 49 3 34 42 15 4 46 6 10 7 45 41 22 29 47 

Inst_Index:8636 	 City_Num:50 	 Concorde:5.100098 	 MCTS:5.100098 Improve:-0.000000 	 Time:3.75 Seconds
Solution: 1 3 18 39 4 17 45 20 10 31 27 37 44 42 13 32 19 43 33 36 41 35 48 47 30 23 11 46 15 34 7 5 8 9 6 50 28 2 25 26 12 22 40 29 21 16 14 24 49 38 

Inst_Index:8637 	 City_Num:50 	 Concorde:5.897106 	 MCTS:5.894121 Improve:0.002985 	 Time:3.75 Seconds
Solution: 1 33 29 26 47 43 36 14 10 5 40 17 31 16 41 34 20 11 48 18 35 25 24 27 32 8 6 21 19 30 22 39 28 45 13 37 42 7 4 12 15 9 3 44 2 50 38 23 49 46 

Inst_Index:8638 	 City_Num:50 	 Concorde:5.388215 	 MCTS:5.388215 Improve:-0.000000 	 Time:3.75 Seconds
Solution: 1 9 48 23 30 20 10 5 6 13 28 17 14 25 11 45 22 8 44 34 40 49 42 21 37 33 26 3 7 27 16 50 38 24 39 35 12 19 2 32 29 46 15 36 31 4 18 41 43 47 

Inst_Index:8639 	 City_Num:50 	 Concorde:5.785578 	 MCTS:5.783859 Improve:0.001719 	 Time:3.75 Seconds
Solution: 1 22 29 43 33 16 24 26 5 37 47 46 7 48 32 44 28 19 50 23 39 34 14 38 42 40 20 10 36 17 30 9 31 45 12 18 41 4 3 25 21 2 13 11 6 15 35 27 49 8 

Inst_Index:8640 	 City_Num:50 	 Concorde:5.165286 	 MCTS:5.163875 Improve:0.001411 	 Time:3.76 Seconds
Solution: 1 35 50 22 10 47 24 9 42 14 41 3 4 36 30 26 48 12 19 18 27 49 7 39 38 28 44 43 33 6 29 13 40 31 45 17 16 23 11 2 20 5 8 32 21 34 25 15 37 46 

Inst_Index:8641 	 City_Num:50 	 Concorde:5.358763 	 MCTS:5.358763 Improve:0.000000 	 Time:3.76 Seconds
Solution: 1 3 7 24 48 16 5 43 49 8 38 39 2 36 40 45 41 22 14 18 34 21 47 25 12 15 46 28 32 44 35 6 33 19 4 17 42 37 31 23 50 30 20 10 27 26 11 29 13 9 

Inst_Index:8642 	 City_Num:50 	 Concorde:6.180465 	 MCTS:6.179010 Improve:0.001454 	 Time:3.76 Seconds
Solution: 1 33 40 23 38 50 28 13 24 7 18 45 4 44 21 11 26 49 42 46 36 20 14 29 10 34 39 37 30 5 32 35 3 6 17 15 22 27 47 31 19 2 8 48 25 9 41 43 12 16 

Inst_Index:8643 	 City_Num:50 	 Concorde:5.675074 	 MCTS:5.672688 Improve:0.002386 	 Time:3.77 Seconds
Solution: 1 8 7 45 21 32 34 35 41 5 25 19 20 14 38 26 30 2 4 10 43 13 44 15 39 37 46 28 18 23 49 6 24 27 12 40 50 11 42 16 33 29 9 31 17 48 47 36 3 22 

Inst_Index:8644 	 City_Num:50 	 Concorde:5.924108 	 MCTS:5.924108 Improve:0.000000 	 Time:3.77 Seconds
Solution: 1 39 13 48 35 47 31 24 22 28 14 36 12 7 50 42 17 23 4 29 46 20 10 8 32 16 43 49 30 44 37 41 18 34 45 33 40 21 38 15 27 3 11 6 5 2 25 26 9 19 

Inst_Index:8645 	 City_Num:50 	 Concorde:6.191232 	 MCTS:6.191232 Improve:0.000000 	 Time:3.76 Seconds
Solution: 1 10 34 31 9 48 35 15 44 50 24 14 8 39 22 30 16 37 40 17 6 12 46 42 23 2 41 18 38 3 21 11 32 19 27 43 7 28 49 5 13 25 47 36 26 20 29 45 33 4 

Inst_Index:8646 	 City_Num:50 	 Concorde:5.789432 	 MCTS:5.780475 Improve:0.008957 	 Time:3.76 Seconds
Solution: 1 5 18 10 13 48 41 42 3 44 8 12 31 7 39 26 14 43 34 28 16 33 24 4 17 37 49 38 19 46 25 15 6 32 40 30 22 36 45 21 20 11 23 47 27 50 9 35 29 2 

Inst_Index:8647 	 City_Num:50 	 Concorde:6.217213 	 MCTS:6.217213 Improve:-0.000000 	 Time:3.76 Seconds
Solution: 1 25 42 17 24 26 50 6 28 2 47 46 8 14 15 32 48 13 31 38 9 43 30 29 21 22 10 4 12 27 33 36 3 34 16 41 39 18 37 11 7 35 19 45 44 49 40 23 20 5 

Inst_Index:8648 	 City_Num:50 	 Concorde:5.516402 	 MCTS:5.516402 Improve:0.000000 	 Time:3.76 Seconds
Solution: 1 2 12 10 3 47 32 29 38 46 50 22 25 48 40 33 37 42 28 4 26 16 27 8 39 5 9 31 19 35 11 24 36 45 34 15 17 49 14 44 18 13 43 21 7 6 30 23 41 20 

Inst_Index:8649 	 City_Num:50 	 Concorde:5.741803 	 MCTS:5.735311 Improve:0.006492 	 Time:3.78 Seconds
Solution: 1 17 29 38 12 44 10 49 13 23 11 37 45 4 14 50 47 40 18 19 48 20 15 36 16 2 27 42 24 39 28 41 25 22 8 6 43 32 9 46 7 3 35 30 21 5 34 31 26 33 

Inst_Index:8650 	 City_Num:50 	 Concorde:6.115493 	 MCTS:6.115493 Improve:0.000000 	 Time:3.77 Seconds
Solution: 1 6 42 48 8 35 27 33 11 24 29 46 49 17 43 38 41 50 19 7 34 44 4 39 45 25 16 31 32 13 20 10 26 21 14 36 23 18 2 12 40 5 47 22 9 15 30 3 37 28 

Inst_Index:8651 	 City_Num:50 	 Concorde:5.873485 	 MCTS:5.873485 Improve:-0.000000 	 Time:3.78 Seconds
Solution: 1 44 37 27 16 28 2 32 46 38 10 13 6 12 31 49 36 26 39 14 15 11 40 22 43 50 8 23 5 17 48 30 19 33 25 34 7 42 45 24 4 41 18 47 35 29 3 21 20 9 

Inst_Index:8652 	 City_Num:50 	 Concorde:5.697794 	 MCTS:5.697794 Improve:0.000000 	 Time:3.76 Seconds
Solution: 1 35 19 25 28 33 4 48 39 37 41 50 7 46 6 23 3 20 14 29 21 10 13 40 9 32 2 27 5 34 43 11 30 17 18 15 12 45 36 22 42 49 16 38 31 24 44 8 47 26 

Inst_Index:8653 	 City_Num:50 	 Concorde:5.779417 	 MCTS:5.778953 Improve:0.000464 	 Time:3.77 Seconds
Solution: 1 42 33 35 10 8 31 36 32 26 30 34 45 25 47 21 6 24 40 22 19 41 50 38 27 3 39 2 12 48 49 4 14 43 16 11 13 5 17 23 29 37 9 20 7 15 28 44 18 46 

Inst_Index:8654 	 City_Num:50 	 Concorde:5.503425 	 MCTS:5.502394 Improve:0.001031 	 Time:3.77 Seconds
Solution: 1 27 50 34 8 38 13 4 40 7 22 33 48 35 44 20 37 41 14 3 9 25 49 12 45 39 15 17 47 26 31 43 36 28 32 11 30 46 29 18 21 10 16 23 19 24 2 42 6 5 

Inst_Index:8655 	 City_Num:50 	 Concorde:5.605122 	 MCTS:5.605122 Improve:0.000000 	 Time:3.76 Seconds
Solution: 1 17 2 16 6 30 29 11 7 25 40 35 18 5 44 32 12 21 28 3 39 22 36 46 34 45 10 48 19 47 8 31 33 37 9 38 41 27 49 23 15 14 42 43 20 50 13 24 4 26 

Inst_Index:8656 	 City_Num:50 	 Concorde:5.501267 	 MCTS:5.495852 Improve:0.005415 	 Time:3.76 Seconds
Solution: 1 11 25 41 34 37 31 2 32 40 17 10 16 33 38 19 46 39 49 3 24 29 48 47 14 7 50 22 36 27 26 30 6 23 43 44 45 8 18 4 9 13 28 20 21 15 12 35 5 42 

Inst_Index:8657 	 City_Num:50 	 Concorde:5.602617 	 MCTS:5.602617 Improve:-0.000000 	 Time:3.77 Seconds
Solution: 1 7 49 17 44 23 26 24 18 25 37 9 8 42 19 35 36 40 50 3 21 30 11 14 12 10 38 47 13 29 5 34 48 4 43 32 16 15 39 33 20 22 6 41 27 2 45 46 28 31 

Inst_Index:8658 	 City_Num:50 	 Concorde:5.347659 	 MCTS:5.347659 Improve:0.000000 	 Time:3.75 Seconds
Solution: 1 29 15 39 47 35 45 20 50 22 37 21 18 42 23 3 34 25 19 7 24 43 5 28 33 8 48 17 31 36 41 26 49 6 12 11 10 40 44 9 27 4 30 14 13 16 46 38 2 32 

Inst_Index:8659 	 City_Num:50 	 Concorde:5.463847 	 MCTS:5.455421 Improve:0.008426 	 Time:3.76 Seconds
Solution: 1 13 45 32 36 15 18 4 5 33 27 35 49 10 29 7 47 14 30 44 9 23 24 42 20 25 34 37 19 2 22 28 3 6 40 48 11 31 17 8 16 38 12 21 50 39 41 26 46 43 

Inst_Index:8660 	 City_Num:50 	 Concorde:5.917963 	 MCTS:5.917963 Improve:0.000000 	 Time:3.75 Seconds
Solution: 1 44 25 29 37 33 28 19 43 39 23 41 9 3 49 38 22 5 18 34 32 30 36 6 35 40 11 12 10 8 15 13 31 27 45 16 42 20 7 48 50 4 26 14 46 47 24 21 2 17 

Inst_Index:8661 	 City_Num:50 	 Concorde:5.516756 	 MCTS:5.516756 Improve:0.000000 	 Time:3.75 Seconds
Solution: 1 17 2 40 32 44 46 23 37 43 18 42 39 45 15 41 13 47 11 21 7 34 16 5 28 8 48 19 36 49 20 27 38 3 50 35 9 10 4 22 25 29 31 6 14 30 24 33 12 26 

Inst_Index:8662 	 City_Num:50 	 Concorde:5.966243 	 MCTS:5.957394 Improve:0.008849 	 Time:3.77 Seconds
Solution: 1 22 39 23 38 26 41 32 29 10 3 43 20 19 5 6 4 50 48 28 45 21 7 9 16 30 24 25 14 17 8 18 42 44 31 40 15 27 33 46 11 47 36 13 34 49 2 37 35 12 

Inst_Index:8663 	 City_Num:50 	 Concorde:5.691377 	 MCTS:5.691110 Improve:0.000267 	 Time:3.75 Seconds
Solution: 1 40 15 49 29 20 27 10 36 8 11 35 25 5 2 4 23 21 12 9 28 41 7 39 42 22 45 38 30 43 44 32 37 19 50 3 46 47 24 34 26 33 48 13 14 16 18 17 31 6 

Inst_Index:8664 	 City_Num:50 	 Concorde:5.324307 	 MCTS:5.322567 Improve:0.001741 	 Time:3.75 Seconds
Solution: 1 25 48 49 40 15 5 8 2 17 37 16 34 23 18 21 11 44 42 36 28 33 27 35 24 32 26 41 50 10 39 7 9 46 22 19 12 3 20 4 43 31 29 13 30 47 6 45 38 14 

Inst_Index:8665 	 City_Num:50 	 Concorde:5.944097 	 MCTS:5.944097 Improve:0.000000 	 Time:3.76 Seconds
Solution: 1 17 27 48 12 39 32 25 45 35 13 34 10 46 50 43 7 24 18 30 15 41 28 5 2 3 47 11 23 19 36 16 22 42 26 4 44 40 21 38 14 20 9 6 49 29 33 31 37 8 

Inst_Index:8666 	 City_Num:50 	 Concorde:5.838707 	 MCTS:5.834795 Improve:0.003912 	 Time:3.76 Seconds
Solution: 1 9 14 16 46 11 40 20 22 15 42 24 38 45 31 3 27 13 19 49 41 44 18 37 32 21 39 28 26 30 7 29 23 6 43 12 17 10 35 36 8 5 48 4 25 47 34 33 2 50 

Inst_Index:8667 	 City_Num:50 	 Concorde:5.812045 	 MCTS:5.812045 Improve:0.000000 	 Time:3.75 Seconds
Solution: 1 20 4 15 38 21 5 42 26 19 22 27 7 50 49 33 29 12 3 6 25 11 32 43 31 8 16 23 9 28 10 35 37 44 46 30 41 36 47 24 2 34 45 17 48 39 40 13 14 18 

Inst_Index:8668 	 City_Num:50 	 Concorde:6.173990 	 MCTS:6.167027 Improve:0.006963 	 Time:3.76 Seconds
Solution: 1 34 14 20 31 30 27 39 11 40 37 48 6 2 43 4 44 10 32 25 47 8 23 41 50 49 21 33 19 9 17 35 42 15 7 38 3 16 46 36 24 12 26 45 22 18 29 13 28 5 

Inst_Index:8669 	 City_Num:50 	 Concorde:5.515228 	 MCTS:5.515228 Improve:0.000000 	 Time:3.76 Seconds
Solution: 1 41 34 28 42 36 30 13 15 32 6 27 10 21 47 46 12 19 45 40 44 9 38 14 26 17 39 37 48 31 25 22 8 29 4 16 33 11 2 35 18 3 23 43 20 49 7 5 50 24 

Inst_Index:8670 	 City_Num:50 	 Concorde:5.506321 	 MCTS:5.506321 Improve:0.000000 	 Time:3.75 Seconds
Solution: 1 49 10 21 19 31 46 45 6 13 25 22 36 38 40 24 5 9 35 18 15 44 7 48 43 47 39 20 17 28 14 2 12 42 30 16 29 34 41 32 11 33 8 26 27 50 4 37 3 23 

Inst_Index:8671 	 City_Num:50 	 Concorde:5.728455 	 MCTS:5.728455 Improve:0.000000 	 Time:3.76 Seconds
Solution: 1 25 7 46 16 50 19 38 23 47 48 5 20 34 6 17 4 36 44 35 30 40 22 27 31 28 42 49 39 13 2 18 33 9 3 26 45 8 32 43 10 24 14 15 41 37 21 11 12 29 

Inst_Index:8672 	 City_Num:50 	 Concorde:5.812556 	 MCTS:5.812556 Improve:-0.000000 	 Time:3.77 Seconds
Solution: 1 50 49 16 6 25 23 5 39 21 47 4 36 31 43 11 22 32 7 40 26 18 13 9 38 46 34 30 20 33 45 41 44 15 12 14 10 8 35 3 17 27 2 28 24 42 19 37 29 48 

Inst_Index:8673 	 City_Num:50 	 Concorde:5.671672 	 MCTS:5.671672 Improve:-0.000000 	 Time:3.76 Seconds
Solution: 1 49 2 34 21 8 40 24 46 42 30 36 41 22 10 12 11 9 50 23 25 15 43 32 39 47 13 35 29 7 27 48 19 18 33 3 17 26 14 6 28 44 5 37 38 4 16 31 45 20 

Inst_Index:8674 	 City_Num:50 	 Concorde:5.451123 	 MCTS:5.451123 Improve:-0.000000 	 Time:3.77 Seconds
Solution: 1 24 8 5 47 27 7 41 25 29 20 42 15 45 35 3 36 38 6 26 48 2 21 4 9 16 14 31 49 12 37 50 28 18 34 17 40 33 32 39 46 44 30 43 22 23 11 19 10 13 

Inst_Index:8675 	 City_Num:50 	 Concorde:6.170315 	 MCTS:6.168652 Improve:0.001663 	 Time:3.77 Seconds
Solution: 1 6 3 20 36 33 2 13 12 28 45 9 34 40 11 7 10 25 16 46 17 27 21 32 22 23 8 41 39 47 44 49 5 15 14 26 42 18 37 31 50 43 29 35 30 48 24 19 4 38 

Inst_Index:8676 	 City_Num:50 	 Concorde:5.485185 	 MCTS:5.483416 Improve:0.001769 	 Time:3.75 Seconds
Solution: 1 40 22 10 27 34 32 29 12 26 50 8 4 39 3 31 18 42 36 43 38 37 45 15 30 28 44 35 25 48 46 49 23 14 13 19 2 7 33 24 41 6 17 9 47 20 5 16 11 21 

Inst_Index:8677 	 City_Num:50 	 Concorde:5.659567 	 MCTS:5.659567 Improve:0.000000 	 Time:3.76 Seconds
Solution: 1 3 17 40 7 5 39 22 46 28 4 21 42 15 13 36 24 9 11 19 41 6 38 45 16 50 20 49 27 44 37 31 8 43 34 33 29 35 23 32 18 26 2 47 10 14 25 30 12 48 

Inst_Index:8678 	 City_Num:50 	 Concorde:5.498826 	 MCTS:5.498574 Improve:0.000252 	 Time:3.75 Seconds
Solution: 1 50 6 44 19 12 7 17 14 46 29 31 18 41 32 27 2 43 9 15 37 45 47 38 26 39 8 21 25 23 5 35 36 40 3 24 48 42 11 4 10 16 28 49 22 13 33 30 20 34 

Inst_Index:8679 	 City_Num:50 	 Concorde:5.647131 	 MCTS:5.647131 Improve:0.000000 	 Time:3.75 Seconds
Solution: 1 19 17 10 18 20 36 15 9 32 37 33 39 29 2 30 42 3 43 45 41 46 6 12 11 24 28 22 23 44 48 5 35 25 21 14 34 27 13 31 40 26 49 16 47 50 7 4 38 8 

Inst_Index:8680 	 City_Num:50 	 Concorde:5.885290 	 MCTS:5.883849 Improve:0.001441 	 Time:3.76 Seconds
Solution: 1 25 32 28 5 33 31 11 40 49 35 37 8 10 44 39 15 18 3 36 38 24 22 13 46 47 41 26 27 4 23 21 43 50 42 19 16 29 7 17 45 2 30 34 14 12 20 6 9 48 

Inst_Index:8681 	 City_Num:50 	 Concorde:5.628525 	 MCTS:5.625079 Improve:0.003446 	 Time:3.75 Seconds
Solution: 1 45 18 13 37 28 36 40 29 10 27 25 12 14 32 39 47 31 30 44 22 11 2 43 8 46 50 49 26 20 24 34 9 4 35 6 7 21 33 23 16 5 41 3 19 48 17 15 42 38 

Inst_Index:8682 	 City_Num:50 	 Concorde:6.081947 	 MCTS:6.081947 Improve:0.000000 	 Time:3.77 Seconds
Solution: 1 9 24 11 18 41 7 47 38 25 10 29 17 40 5 42 35 28 12 4 34 2 37 30 3 15 46 33 44 45 23 26 22 21 27 19 32 14 48 50 36 6 20 39 31 43 49 8 13 16 

Inst_Index:8683 	 City_Num:50 	 Concorde:5.678947 	 MCTS:5.678947 Improve:0.000000 	 Time:3.76 Seconds
Solution: 1 46 6 33 13 32 36 42 34 45 22 9 23 3 15 30 25 29 28 19 24 5 16 18 12 26 47 39 14 7 35 41 40 50 20 49 31 38 11 27 10 43 21 2 8 48 17 44 4 37 

Inst_Index:8684 	 City_Num:50 	 Concorde:5.930196 	 MCTS:5.930196 Improve:-0.000000 	 Time:3.76 Seconds
Solution: 1 6 22 12 30 36 50 32 21 28 48 37 13 17 49 5 39 26 4 19 38 47 3 9 7 14 27 34 11 31 20 24 18 40 35 41 8 29 15 44 42 16 25 2 45 10 46 43 23 33 

Inst_Index:8685 	 City_Num:50 	 Concorde:5.848003 	 MCTS:5.848003 Improve:-0.000000 	 Time:3.77 Seconds
Solution: 1 36 16 26 10 28 48 46 22 25 40 15 39 29 32 4 24 11 23 13 41 12 35 27 43 20 30 44 47 31 6 49 9 45 7 42 17 37 5 2 14 18 19 50 3 38 33 34 21 8 

Inst_Index:8686 	 City_Num:50 	 Concorde:5.862598 	 MCTS:5.862598 Improve:0.000000 	 Time:3.76 Seconds
Solution: 1 45 12 11 10 22 26 37 48 46 38 5 17 40 18 42 30 4 6 14 44 32 34 15 7 23 35 31 19 25 27 41 2 39 13 9 24 20 43 3 49 21 8 50 28 16 29 47 36 33 

Inst_Index:8687 	 City_Num:50 	 Concorde:6.265079 	 MCTS:6.265079 Improve:0.000000 	 Time:3.75 Seconds
Solution: 1 49 9 21 27 43 6 19 37 30 48 2 7 31 14 17 11 8 33 15 25 20 10 13 39 28 42 22 4 40 12 3 23 41 36 26 29 5 18 38 32 46 44 34 47 45 16 35 50 24 

Inst_Index:8688 	 City_Num:50 	 Concorde:5.226885 	 MCTS:5.225537 Improve:0.001348 	 Time:3.76 Seconds
Solution: 1 29 15 50 22 44 12 6 3 17 4 35 49 24 41 9 27 18 34 21 31 39 5 43 45 38 48 46 10 20 42 7 14 28 47 8 40 32 36 37 13 25 30 2 11 26 16 33 23 19 

Inst_Index:8689 	 City_Num:50 	 Concorde:5.739272 	 MCTS:5.739272 Improve:-0.000000 	 Time:3.77 Seconds
Solution: 1 9 16 26 40 17 39 13 48 23 11 37 4 45 42 18 7 20 50 3 46 19 25 21 43 34 12 27 44 47 5 6 8 28 35 14 30 32 33 49 41 31 2 38 36 22 24 15 10 29 

Inst_Index:8690 	 City_Num:50 	 Concorde:6.253611 	 MCTS:6.253611 Improve:-0.000000 	 Time:3.75 Seconds
Solution: 1 50 2 45 49 7 24 14 4 15 11 31 46 9 8 27 48 44 26 41 28 3 23 5 25 16 39 12 35 43 33 29 32 47 6 38 21 13 30 22 19 34 36 40 10 20 37 17 18 42 

Inst_Index:8691 	 City_Num:50 	 Concorde:5.527436 	 MCTS:5.527436 Improve:0.000000 	 Time:3.75 Seconds
Solution: 1 29 14 38 31 26 4 39 33 27 46 6 18 13 42 35 41 10 36 49 12 23 21 9 2 11 3 34 20 22 5 45 19 8 24 43 25 47 15 37 50 16 30 40 28 7 32 44 48 17 

Inst_Index:8692 	 City_Num:50 	 Concorde:5.950763 	 MCTS:5.945621 Improve:0.005142 	 Time:3.77 Seconds
Solution: 1 21 24 15 32 35 14 25 16 4 40 11 6 47 7 27 29 39 50 22 31 46 45 36 18 13 42 3 12 26 44 17 33 34 30 9 41 48 5 23 37 2 19 38 10 8 49 43 20 28 

Inst_Index:8693 	 City_Num:50 	 Concorde:5.644649 	 MCTS:5.640291 Improve:0.004358 	 Time:3.76 Seconds
Solution: 1 13 7 12 30 18 29 6 43 49 15 48 41 28 23 10 45 33 39 17 42 19 32 14 35 36 46 37 50 5 4 26 21 11 16 24 9 27 34 3 20 40 38 22 44 8 31 47 25 2 

Inst_Index:8694 	 City_Num:50 	 Concorde:5.760784 	 MCTS:5.758255 Improve:0.002530 	 Time:3.76 Seconds
Solution: 1 16 30 12 28 42 4 14 22 11 44 21 5 48 46 25 9 38 50 26 29 36 40 45 7 32 8 6 41 24 33 27 23 20 39 47 17 34 19 10 18 3 49 43 35 13 31 2 37 15 

Inst_Index:8695 	 City_Num:50 	 Concorde:5.887883 	 MCTS:5.887883 Improve:0.000000 	 Time:3.76 Seconds
Solution: 1 22 36 21 26 17 39 46 15 6 41 14 25 30 40 50 28 18 31 29 47 45 9 24 43 2 38 23 5 32 7 33 42 4 3 16 37 20 44 12 10 19 34 13 27 11 35 8 49 48 

Inst_Index:8696 	 City_Num:50 	 Concorde:5.718785 	 MCTS:5.716039 Improve:0.002746 	 Time:3.77 Seconds
Solution: 1 34 17 32 41 3 15 11 27 19 14 47 4 13 42 21 38 28 31 2 46 20 7 10 23 37 30 5 8 12 25 44 29 6 35 33 22 9 48 49 40 45 50 39 24 43 18 36 16 26 

Inst_Index:8697 	 City_Num:50 	 Concorde:6.187155 	 MCTS:6.187155 Improve:-0.000000 	 Time:3.76 Seconds
Solution: 1 24 28 7 5 35 2 33 37 12 42 23 41 32 13 25 6 48 14 43 4 22 38 47 10 8 45 30 9 11 36 50 29 15 21 34 27 40 16 17 3 20 39 46 18 49 19 31 26 44 

Inst_Index:8698 	 City_Num:50 	 Concorde:5.609064 	 MCTS:5.606636 Improve:0.002429 	 Time:3.75 Seconds
Solution: 1 22 47 10 31 15 42 28 37 4 17 34 7 19 50 38 25 21 39 33 24 5 43 44 6 35 36 27 12 18 9 13 49 45 29 40 20 11 16 30 2 46 8 3 32 48 14 23 26 41 

Inst_Index:8699 	 City_Num:50 	 Concorde:5.659733 	 MCTS:5.659733 Improve:0.000000 	 Time:3.76 Seconds
Solution: 1 25 14 15 34 37 30 31 26 27 48 35 41 33 12 2 38 39 40 7 43 18 17 24 23 47 22 9 32 46 16 36 13 8 20 50 49 19 28 44 42 45 21 5 29 10 6 3 4 11 

Inst_Index:8700 	 City_Num:50 	 Concorde:5.897999 	 MCTS:5.897999 Improve:0.000000 	 Time:3.76 Seconds
Solution: 1 44 25 34 37 4 6 12 50 2 35 19 42 9 13 45 10 29 46 31 49 39 5 27 23 28 18 3 22 17 33 16 41 30 20 47 40 21 32 36 43 48 15 38 24 26 7 11 14 8 

Inst_Index:8701 	 City_Num:50 	 Concorde:5.677613 	 MCTS:5.676357 Improve:0.001256 	 Time:3.76 Seconds
Solution: 1 12 13 26 23 25 32 34 48 50 33 41 9 29 47 21 40 28 16 27 2 43 20 31 45 19 7 14 49 10 3 8 22 36 44 5 6 35 18 4 37 39 17 11 30 15 46 24 38 42 

Inst_Index:8702 	 City_Num:50 	 Concorde:5.595380 	 MCTS:5.595380 Improve:-0.000000 	 Time:3.76 Seconds
Solution: 1 41 26 49 30 32 37 50 40 21 23 46 47 33 5 13 8 10 43 29 45 44 22 31 39 18 15 7 20 11 38 16 3 24 35 6 48 2 14 4 42 28 25 12 34 9 36 19 17 27 

Inst_Index:8703 	 City_Num:50 	 Concorde:5.814846 	 MCTS:5.811666 Improve:0.003180 	 Time:3.77 Seconds
Solution: 1 4 18 3 5 41 28 33 32 20 37 40 6 44 24 12 13 47 25 36 30 49 34 43 7 38 26 23 11 17 21 50 48 19 29 27 8 35 10 14 42 31 46 16 22 39 45 9 15 2 

Inst_Index:8704 	 City_Num:50 	 Concorde:5.872848 	 MCTS:5.868315 Improve:0.004533 	 Time:3.76 Seconds
Solution: 1 40 5 6 17 30 44 4 33 23 2 50 38 16 21 11 24 31 46 19 18 45 22 35 39 43 8 9 12 14 28 36 48 37 27 49 47 41 34 32 7 10 29 26 25 15 3 20 42 13 

Inst_Index:8705 	 City_Num:50 	 Concorde:6.228679 	 MCTS:6.228679 Improve:-0.000000 	 Time:3.75 Seconds
Solution: 1 48 32 25 29 9 50 30 12 8 23 6 47 24 7 33 22 40 46 20 26 2 13 10 37 4 17 27 42 49 35 21 16 34 11 14 39 44 19 41 18 28 36 43 5 38 45 31 3 15 

Inst_Index:8706 	 City_Num:50 	 Concorde:5.436921 	 MCTS:5.436921 Improve:-0.000000 	 Time:3.75 Seconds
Solution: 1 6 16 35 18 4 45 7 5 40 38 24 50 20 19 28 3 13 26 46 2 8 44 43 17 27 33 30 14 23 21 49 11 39 47 29 25 9 34 41 12 10 22 48 37 42 32 36 15 31 

Inst_Index:8707 	 City_Num:50 	 Concorde:5.630601 	 MCTS:5.630450 Improve:0.000151 	 Time:3.77 Seconds
Solution: 1 37 45 35 2 9 4 18 38 25 17 34 23 13 11 48 8 15 22 7 46 33 28 5 47 27 29 49 14 41 20 21 24 10 6 3 19 12 42 31 50 43 36 39 26 30 32 44 16 40 

Inst_Index:8708 	 City_Num:50 	 Concorde:5.897109 	 MCTS:5.897109 Improve:0.000000 	 Time:3.76 Seconds
Solution: 1 3 9 37 12 44 28 49 4 22 50 32 17 31 45 10 39 25 33 18 23 14 30 38 48 7 29 13 27 11 34 21 20 16 8 15 5 36 46 2 6 19 26 40 42 47 41 24 35 43 

Inst_Index:8709 	 City_Num:50 	 Concorde:5.744631 	 MCTS:5.739524 Improve:0.005107 	 Time:3.75 Seconds
Solution: 1 23 43 3 19 10 50 2 14 9 48 8 18 25 12 33 7 35 28 39 46 26 24 11 30 42 34 15 17 49 5 6 13 40 21 4 44 31 45 16 41 36 47 29 32 22 27 20 38 37 

Inst_Index:8710 	 City_Num:50 	 Concorde:5.017601 	 MCTS:5.016078 Improve:0.001522 	 Time:3.75 Seconds
Solution: 1 48 37 43 45 3 40 19 41 35 29 46 10 34 6 26 25 7 30 44 12 22 18 14 16 42 32 23 31 11 20 9 2 4 50 47 36 15 49 27 5 17 39 8 33 38 13 28 24 21 

Inst_Index:8711 	 City_Num:50 	 Concorde:5.833557 	 MCTS:5.828672 Improve:0.004885 	 Time:3.77 Seconds
Solution: 1 6 21 20 46 7 39 40 26 29 27 44 36 16 8 22 10 12 4 30 17 25 19 38 42 24 14 33 13 2 23 35 50 11 49 43 18 9 37 28 3 31 41 45 32 47 48 5 34 15 

Inst_Index:8712 	 City_Num:50 	 Concorde:5.669514 	 MCTS:5.669514 Improve:0.000000 	 Time:3.76 Seconds
Solution: 1 36 43 30 2 20 39 44 34 24 28 11 15 21 19 3 6 50 7 12 26 38 16 14 37 4 23 35 48 22 47 9 27 46 32 40 49 13 42 10 29 17 41 8 31 5 25 18 33 45 

Inst_Index:8713 	 City_Num:50 	 Concorde:5.464100 	 MCTS:5.464100 Improve:0.000000 	 Time:3.78 Seconds
Solution: 1 42 26 44 27 29 11 24 38 15 12 39 48 10 19 13 2 37 36 47 34 30 17 33 5 3 8 9 46 43 22 14 41 20 7 45 31 21 32 28 35 40 25 50 4 6 16 18 23 49 

Inst_Index:8714 	 City_Num:50 	 Concorde:5.656155 	 MCTS:5.648184 Improve:0.007971 	 Time:3.76 Seconds
Solution: 1 32 24 38 43 36 35 39 8 15 11 9 12 47 13 26 42 2 21 20 46 37 16 22 50 40 28 34 27 49 3 45 25 44 19 30 41 33 7 14 31 18 23 5 10 6 4 17 48 29 

Inst_Index:8715 	 City_Num:50 	 Concorde:5.699053 	 MCTS:5.699053 Improve:0.000000 	 Time:3.77 Seconds
Solution: 1 40 24 46 43 25 44 13 34 28 26 4 18 48 5 42 23 30 3 35 16 21 41 19 9 31 37 47 39 6 20 17 49 7 22 8 11 50 14 10 38 15 33 29 32 2 45 12 27 36 

Inst_Index:8716 	 City_Num:50 	 Concorde:5.727939 	 MCTS:5.727939 Improve:0.000000 	 Time:3.75 Seconds
Solution: 1 38 8 35 33 32 46 2 4 14 31 29 50 13 16 37 19 15 7 39 30 41 24 12 22 18 20 44 10 9 6 36 21 47 5 25 23 28 42 49 27 45 3 48 17 11 40 26 43 34 

Inst_Index:8717 	 City_Num:50 	 Concorde:5.467256 	 MCTS:5.467256 Improve:-0.000000 	 Time:3.77 Seconds
Solution: 1 8 3 15 31 19 10 20 43 36 40 7 18 23 34 22 4 5 49 47 45 44 35 24 28 27 17 30 42 11 26 39 2 48 29 41 38 25 46 9 13 14 32 33 12 37 6 16 21 50 

Inst_Index:8718 	 City_Num:50 	 Concorde:5.907664 	 MCTS:5.907664 Improve:0.000000 	 Time:3.76 Seconds
Solution: 1 47 48 4 10 16 46 45 14 25 27 24 36 41 9 44 15 22 29 40 23 26 20 17 2 50 21 43 19 3 13 37 28 5 34 31 18 6 33 30 39 32 11 8 12 7 49 38 35 42 

Inst_Index:8719 	 City_Num:50 	 Concorde:5.599317 	 MCTS:5.599317 Improve:0.000000 	 Time:3.75 Seconds
Solution: 1 48 19 39 10 40 37 36 3 17 35 20 13 32 25 23 9 15 7 26 12 11 49 2 28 46 6 38 5 50 4 34 45 24 14 22 8 30 27 47 21 29 16 42 31 44 18 43 41 33 

Inst_Index:8720 	 City_Num:50 	 Concorde:5.815641 	 MCTS:5.815641 Improve:0.000000 	 Time:3.76 Seconds
Solution: 1 47 49 48 7 34 37 43 11 19 29 8 12 13 20 44 27 15 3 4 50 30 16 38 35 2 10 39 21 42 22 5 33 41 25 46 31 36 18 17 40 24 14 32 9 45 26 6 28 23 

Inst_Index:8721 	 City_Num:50 	 Concorde:5.770754 	 MCTS:5.770754 Improve:-0.000000 	 Time:3.75 Seconds
Solution: 1 19 25 39 20 38 50 4 47 27 17 26 15 48 34 49 21 18 13 14 37 30 22 33 28 42 23 24 31 11 6 35 12 29 40 32 45 8 41 46 10 16 44 3 2 43 5 7 9 36 

Inst_Index:8722 	 City_Num:50 	 Concorde:5.984907 	 MCTS:5.983210 Improve:0.001697 	 Time:3.76 Seconds
Solution: 1 34 14 42 17 49 21 43 47 3 45 38 16 15 4 13 23 29 28 33 48 27 39 24 7 35 31 50 26 22 5 6 18 20 40 12 41 11 36 19 30 2 46 10 32 37 9 8 44 25 

Inst_Index:8723 	 City_Num:50 	 Concorde:5.446166 	 MCTS:5.443961 Improve:0.002204 	 Time:3.78 Seconds
Solution: 1 16 20 5 7 34 14 22 42 21 31 15 41 4 2 8 48 19 45 13 25 18 32 10 27 6 17 26 11 30 44 46 49 37 12 3 47 29 23 38 33 39 28 36 35 24 43 9 50 40 

Inst_Index:8724 	 City_Num:50 	 Concorde:5.584850 	 MCTS:5.584850 Improve:0.000000 	 Time:3.76 Seconds
Solution: 1 19 38 16 25 14 35 20 13 3 50 18 10 17 46 21 6 28 37 4 24 40 27 45 49 26 36 5 2 47 42 31 7 41 12 8 29 43 39 23 34 22 15 9 33 11 30 44 48 32 

Inst_Index:8725 	 City_Num:50 	 Concorde:6.069959 	 MCTS:6.069959 Improve:-0.000000 	 Time:3.76 Seconds
Solution: 1 19 3 41 34 33 32 20 4 18 17 36 7 30 8 39 35 31 26 38 10 15 25 16 12 13 50 42 49 48 14 5 24 11 28 40 9 46 43 23 29 2 44 47 22 27 37 45 6 21 

Inst_Index:8726 	 City_Num:50 	 Concorde:5.771007 	 MCTS:5.771007 Improve:0.000000 	 Time:3.78 Seconds
Solution: 1 13 4 38 29 30 21 44 31 14 15 33 26 10 46 11 23 8 2 35 28 12 9 5 41 20 39 50 7 24 32 49 16 17 6 48 36 18 27 42 37 43 34 47 19 22 40 3 25 45 

Inst_Index:8727 	 City_Num:50 	 Concorde:5.676380 	 MCTS:5.676380 Improve:-0.000000 	 Time:3.76 Seconds
Solution: 1 22 7 8 35 19 33 10 48 13 41 3 39 30 38 45 21 50 49 44 5 46 34 40 9 47 24 27 37 32 16 6 43 23 2 17 26 14 25 31 12 28 11 15 42 29 18 36 4 20 

Inst_Index:8728 	 City_Num:50 	 Concorde:5.736163 	 MCTS:5.736163 Improve:0.000000 	 Time:3.76 Seconds
Solution: 1 29 28 38 27 2 16 42 19 10 15 30 35 44 47 33 43 24 36 8 5 49 31 13 6 50 45 37 3 14 26 25 22 9 11 48 21 20 46 4 41 12 40 17 34 23 7 39 32 18 

Inst_Index:8729 	 City_Num:50 	 Concorde:5.768578 	 MCTS:5.760621 Improve:0.007957 	 Time:3.77 Seconds
Solution: 1 42 9 20 15 14 18 23 12 10 22 28 16 25 24 35 6 33 48 34 11 40 37 26 39 44 45 36 7 43 38 49 2 3 31 41 27 30 21 5 4 50 47 8 13 19 17 46 29 32 

Inst_Index:8730 	 City_Num:50 	 Concorde:5.694321 	 MCTS:5.689861 Improve:0.004460 	 Time:3.76 Seconds
Solution: 1 18 45 46 8 3 38 47 28 42 44 29 43 23 50 17 2 36 13 34 16 24 27 33 6 14 32 25 7 31 39 26 30 9 48 49 15 22 19 12 41 35 20 40 4 11 10 5 37 21 

Inst_Index:8731 	 City_Num:50 	 Concorde:6.010491 	 MCTS:6.008821 Improve:0.001670 	 Time:3.77 Seconds
Solution: 1 39 14 32 23 12 48 31 40 36 38 33 13 37 43 2 29 27 24 35 42 6 19 46 28 21 18 17 15 41 9 47 44 8 7 3 16 5 50 25 4 11 34 49 45 30 22 10 26 20 

Inst_Index:8732 	 City_Num:50 	 Concorde:5.586353 	 MCTS:5.582460 Improve:0.003893 	 Time:3.77 Seconds
Solution: 1 6 37 43 23 12 46 33 24 10 49 3 30 38 21 20 40 41 47 8 9 5 2 14 27 22 16 36 42 7 18 29 32 11 45 31 44 25 13 28 4 26 50 34 15 48 19 39 17 35 

Inst_Index:8733 	 City_Num:50 	 Concorde:4.954927 	 MCTS:4.953725 Improve:0.001202 	 Time:3.76 Seconds
Solution: 1 11 48 4 39 22 19 38 20 46 9 13 27 29 5 24 32 37 15 31 44 16 26 34 36 50 17 47 40 7 33 41 2 14 28 49 45 43 18 25 42 6 12 35 21 30 8 3 23 10 

Inst_Index:8734 	 City_Num:50 	 Concorde:5.813663 	 MCTS:5.812648 Improve:0.001015 	 Time:3.77 Seconds
Solution: 1 18 22 25 8 43 50 2 31 34 36 6 47 44 17 12 32 19 26 42 14 9 39 28 40 49 48 13 20 5 29 37 46 41 45 10 7 21 4 38 11 30 27 15 16 35 24 33 23 3 

Inst_Index:8735 	 City_Num:50 	 Concorde:5.639761 	 MCTS:5.632646 Improve:0.007115 	 Time:3.76 Seconds
Solution: 1 42 8 11 9 21 39 49 17 13 26 34 18 46 16 7 15 40 37 38 35 23 4 29 43 30 28 2 24 6 31 12 27 32 33 50 20 10 45 22 25 19 5 3 48 36 14 44 41 47 

Inst_Index:8736 	 City_Num:50 	 Concorde:5.635900 	 MCTS:5.635676 Improve:0.000224 	 Time:3.75 Seconds
Solution: 1 13 17 31 14 47 6 45 27 37 18 20 26 50 4 9 32 11 30 23 38 5 7 15 41 24 19 36 16 39 44 8 10 34 25 29 48 49 42 2 21 22 35 12 28 43 40 33 46 3 

Inst_Index:8737 	 City_Num:50 	 Concorde:5.845410 	 MCTS:5.839654 Improve:0.005755 	 Time:3.76 Seconds
Solution: 1 36 7 49 11 8 15 18 43 30 2 12 41 22 45 24 46 33 29 25 39 47 26 20 5 32 50 21 44 10 19 23 28 40 13 34 27 14 9 31 16 35 48 17 4 42 37 3 6 38 

Inst_Index:8738 	 City_Num:50 	 Concorde:5.783943 	 MCTS:5.783504 Improve:0.000439 	 Time:3.77 Seconds
Solution: 1 22 33 35 18 14 19 37 3 48 36 26 12 25 38 13 39 46 30 11 7 49 21 32 5 23 29 6 44 28 17 9 43 2 50 27 20 10 24 34 31 16 42 40 45 47 4 41 8 15 

Inst_Index:8739 	 City_Num:50 	 Concorde:5.388358 	 MCTS:5.388358 Improve:0.000000 	 Time:3.75 Seconds
Solution: 1 7 40 10 45 31 34 27 42 36 46 8 12 3 6 21 39 29 47 30 37 50 35 38 14 41 48 26 49 28 25 17 5 19 2 9 33 24 43 4 16 44 23 22 18 32 15 20 13 11 

Inst_Index:8740 	 City_Num:50 	 Concorde:5.423071 	 MCTS:5.421129 Improve:0.001942 	 Time:3.77 Seconds
Solution: 1 12 23 6 25 31 37 29 44 14 19 50 20 4 17 41 33 38 27 11 35 3 47 42 40 36 46 15 48 30 34 2 49 9 26 43 7 8 24 16 22 18 28 32 10 21 45 13 39 5 

Inst_Index:8741 	 City_Num:50 	 Concorde:5.656992 	 MCTS:5.656992 Improve:0.000000 	 Time:3.76 Seconds
Solution: 1 21 15 4 3 37 41 43 46 16 7 40 9 2 22 24 28 47 27 12 42 17 32 14 34 19 39 10 50 49 30 18 13 36 29 23 31 11 20 8 25 45 48 35 5 33 44 38 6 26 

Inst_Index:8742 	 City_Num:50 	 Concorde:5.519028 	 MCTS:5.515256 Improve:0.003772 	 Time:3.75 Seconds
Solution: 1 26 37 13 47 19 30 12 36 18 24 15 17 20 4 50 7 21 39 43 2 45 35 31 23 6 9 32 8 16 46 38 41 28 49 34 48 40 22 42 25 29 5 3 33 10 11 14 27 44 

Inst_Index:8743 	 City_Num:50 	 Concorde:5.519215 	 MCTS:5.516203 Improve:0.003012 	 Time:3.76 Seconds
Solution: 1 49 13 33 4 18 14 40 31 24 2 25 8 17 5 20 37 22 3 48 29 42 45 50 10 47 7 30 46 11 44 19 6 34 28 16 15 39 9 36 38 26 12 43 27 21 41 32 35 23 

Inst_Index:8744 	 City_Num:50 	 Concorde:5.399545 	 MCTS:5.399545 Improve:-0.000000 	 Time:3.76 Seconds
Solution: 1 38 45 42 26 31 47 28 14 32 2 12 23 18 3 21 43 24 29 11 46 7 4 49 27 40 25 44 36 37 34 19 8 13 10 41 50 9 35 20 15 33 16 48 22 17 6 5 39 30 

Inst_Index:8745 	 City_Num:50 	 Concorde:5.393503 	 MCTS:5.392836 Improve:0.000667 	 Time:3.76 Seconds
Solution: 1 5 16 34 42 33 13 36 19 26 24 17 48 9 7 40 22 15 44 32 23 29 45 35 18 21 43 25 2 20 8 27 10 4 28 37 31 14 39 3 30 49 11 47 6 50 46 41 38 12 

Inst_Index:8746 	 City_Num:50 	 Concorde:5.892194 	 MCTS:5.892194 Improve:-0.000000 	 Time:3.77 Seconds
Solution: 1 46 32 16 5 22 17 26 41 11 15 14 24 49 3 35 31 18 47 40 29 19 38 39 9 2 20 48 36 34 37 25 28 10 43 50 42 45 33 12 7 4 8 6 30 23 13 27 21 44 

Inst_Index:8747 	 City_Num:50 	 Concorde:5.513964 	 MCTS:5.513964 Improve:-0.000000 	 Time:3.76 Seconds
Solution: 1 28 33 22 4 19 21 7 39 40 44 13 30 8 20 18 26 43 46 2 31 41 47 48 14 34 35 49 36 17 45 32 27 16 12 29 25 24 23 3 10 9 42 6 15 11 50 38 37 5 

Inst_Index:8748 	 City_Num:50 	 Concorde:6.023848 	 MCTS:6.022483 Improve:0.001365 	 Time:3.76 Seconds
Solution: 1 45 37 42 28 47 4 19 15 27 22 16 49 41 14 21 9 10 5 13 6 39 26 31 40 30 3 17 24 8 33 2 25 35 46 36 32 34 18 38 44 11 48 29 23 50 7 20 43 12 

Inst_Index:8749 	 City_Num:50 	 Concorde:5.668235 	 MCTS:5.668235 Improve:0.000000 	 Time:3.76 Seconds
Solution: 1 27 43 35 5 20 29 45 6 37 24 19 13 36 47 26 10 38 14 18 41 11 44 15 48 50 17 25 9 2 7 21 3 39 46 23 42 8 31 28 22 49 4 16 12 34 32 30 33 40 

Inst_Index:8750 	 City_Num:50 	 Concorde:5.730429 	 MCTS:5.730429 Improve:-0.000000 	 Time:3.77 Seconds
Solution: 1 45 12 27 25 7 30 39 19 5 31 21 40 35 32 13 16 15 42 48 2 43 33 44 37 47 41 49 23 29 10 14 18 11 6 8 9 34 20 22 3 4 17 50 38 36 24 28 46 26 

Inst_Index:8751 	 City_Num:50 	 Concorde:5.789880 	 MCTS:5.789880 Improve:0.000000 	 Time:3.78 Seconds
Solution: 1 38 6 19 20 9 23 43 27 42 36 48 16 2 21 29 24 35 14 3 45 39 12 46 10 17 41 26 49 47 28 34 30 18 37 31 11 32 7 22 15 44 40 50 8 5 4 13 25 33 

Inst_Index:8752 	 City_Num:50 	 Concorde:5.723411 	 MCTS:5.723411 Improve:-0.000000 	 Time:3.76 Seconds
Solution: 1 23 37 29 18 33 17 35 39 14 20 11 25 48 15 10 8 30 13 32 26 28 9 4 40 12 16 49 5 24 21 46 36 27 42 38 2 41 50 3 34 22 7 45 6 31 44 19 47 43 

Inst_Index:8753 	 City_Num:50 	 Concorde:6.014099 	 MCTS:6.014099 Improve:-0.000000 	 Time:3.76 Seconds
Solution: 1 8 7 33 39 4 22 16 23 15 31 11 6 32 48 40 21 34 25 27 38 35 41 19 26 49 44 14 43 12 24 20 13 45 47 29 9 42 18 5 10 37 17 50 2 46 28 3 30 36 

Inst_Index:8754 	 City_Num:50 	 Concorde:6.093814 	 MCTS:6.093814 Improve:-0.000000 	 Time:3.75 Seconds
Solution: 1 11 43 47 30 38 39 6 49 36 32 4 42 20 8 25 15 50 3 17 21 40 31 10 14 24 12 37 44 16 9 18 26 28 29 7 22 41 33 34 45 35 27 5 2 48 13 19 23 46 

Inst_Index:8755 	 City_Num:50 	 Concorde:5.826911 	 MCTS:5.826911 Improve:0.000000 	 Time:3.76 Seconds
Solution: 1 2 14 18 7 6 46 34 48 15 5 40 22 44 13 45 27 31 20 30 43 16 29 4 8 49 36 12 35 10 9 24 21 26 33 19 17 23 41 39 50 25 38 37 47 11 42 3 28 32 

Inst_Index:8756 	 City_Num:50 	 Concorde:5.442108 	 MCTS:5.442108 Improve:-0.000000 	 Time:3.77 Seconds
Solution: 1 2 21 31 45 9 22 50 48 42 12 30 36 11 41 46 23 5 17 37 28 15 35 19 27 13 38 49 32 4 20 14 25 10 47 44 33 40 26 29 7 3 6 18 24 43 8 39 16 34 

Inst_Index:8757 	 City_Num:50 	 Concorde:5.729363 	 MCTS:5.729363 Improve:0.000000 	 Time:3.76 Seconds
Solution: 1 38 47 44 9 23 18 3 43 49 17 21 13 27 15 39 19 32 2 16 25 14 22 35 29 48 7 5 50 8 37 46 4 28 24 10 11 20 12 33 36 34 41 31 6 30 40 42 45 26 

Inst_Index:8758 	 City_Num:50 	 Concorde:6.062739 	 MCTS:6.062739 Improve:-0.000000 	 Time:3.77 Seconds
Solution: 1 32 35 36 14 33 31 8 23 17 4 27 30 22 41 9 44 24 18 42 29 46 39 2 15 11 20 45 25 47 5 40 7 19 37 50 48 28 3 34 26 16 13 49 21 38 10 6 12 43 

Inst_Index:8759 	 City_Num:50 	 Concorde:6.120734 	 MCTS:6.120734 Improve:-0.000000 	 Time:3.78 Seconds
Solution: 1 2 37 12 23 4 13 33 48 19 31 46 22 26 16 41 47 40 14 42 5 11 50 44 9 8 17 18 49 36 39 29 28 35 20 3 24 34 15 45 7 27 21 10 25 43 6 32 30 38 

Inst_Index:8760 	 City_Num:50 	 Concorde:5.812310 	 MCTS:5.810789 Improve:0.001522 	 Time:3.76 Seconds
Solution: 1 46 33 14 43 4 16 32 44 34 22 7 13 10 17 30 20 21 50 19 12 31 8 5 11 18 6 2 40 45 27 29 38 35 23 24 28 41 9 48 25 36 37 26 49 47 42 15 39 3 

Inst_Index:8761 	 City_Num:50 	 Concorde:5.420386 	 MCTS:5.417193 Improve:0.003193 	 Time:3.76 Seconds
Solution: 1 49 14 37 27 30 22 21 11 18 29 20 35 16 10 42 40 28 7 48 12 36 15 23 45 5 34 17 25 44 13 6 33 47 26 39 43 50 38 32 3 24 4 8 2 46 9 19 41 31 

Inst_Index:8762 	 City_Num:50 	 Concorde:5.136025 	 MCTS:5.136025 Improve:-0.000000 	 Time:3.76 Seconds
Solution: 1 36 2 30 31 17 21 39 18 22 46 12 5 49 11 35 33 45 32 38 25 29 26 48 27 23 10 15 40 47 9 44 13 20 43 14 28 42 37 41 3 50 34 6 7 4 8 16 19 24 

Inst_Index:8763 	 City_Num:50 	 Concorde:5.445657 	 MCTS:5.445408 Improve:0.000249 	 Time:3.76 Seconds
Solution: 1 41 25 14 27 33 11 49 29 2 13 12 36 35 9 21 34 48 42 18 38 20 15 31 16 10 30 47 50 37 39 45 3 23 17 43 24 19 46 40 26 6 22 32 7 4 28 5 44 8 

Inst_Index:8764 	 City_Num:50 	 Concorde:5.581696 	 MCTS:5.581696 Improve:-0.000000 	 Time:3.75 Seconds
Solution: 1 35 39 43 21 45 37 20 24 14 25 49 18 27 34 30 19 29 12 11 7 42 38 9 23 50 13 17 26 41 3 47 15 46 4 48 8 22 10 28 2 5 40 32 6 31 36 33 16 44 


Avg_Concorde_Distance: 5.701066 Avg_MCTS_Distance: 5.699908 Avg_Gap: -0.000204 Total_Time: 1178.31 Seconds 
 Beat_Best_Known_Times: 115 Match_Best_Known_Times: 198 Miss_Best_Known_Times: 0 
