Number_of_Instances_In_Current_Batch: 313

Inst_Index:6261 	 City_Num:50 	 Concorde:5.683259 	 MCTS:5.683259 Improve:-0.000000 	 Time:3.76 Seconds
Solution: 1 4 37 31 38 36 14 32 11 20 41 17 40 49 22 25 8 15 42 9 39 6 16 12 3 34 24 35 5 27 44 26 45 13 23 28 48 19 2 29 10 50 47 7 21 30 46 18 43 33 

Inst_Index:6262 	 City_Num:50 	 Concorde:6.088782 	 MCTS:6.088782 Improve:0.000000 	 Time:3.77 Seconds
Solution: 1 19 5 11 20 17 44 23 9 47 39 12 14 21 43 24 36 28 22 30 46 15 2 42 49 26 13 10 40 7 45 29 38 27 8 16 3 18 50 34 37 33 31 25 41 32 6 4 35 48 

Inst_Index:6263 	 City_Num:50 	 Concorde:5.703544 	 MCTS:5.703544 Improve:0.000000 	 Time:3.77 Seconds
Solution: 1 33 40 23 15 4 42 3 26 7 11 12 2 9 17 44 50 32 28 20 27 13 6 39 37 48 45 22 8 16 21 49 25 34 18 19 5 29 30 46 35 38 31 43 41 14 47 10 36 24 

Inst_Index:6264 	 City_Num:50 	 Concorde:5.816327 	 MCTS:5.816327 Improve:-0.000000 	 Time:3.76 Seconds
Solution: 1 17 42 37 11 33 9 27 44 8 29 39 22 24 21 10 30 47 19 12 7 50 45 3 48 16 38 6 34 49 15 4 23 32 26 2 35 20 40 46 36 28 5 43 41 18 14 31 25 13 

Inst_Index:6265 	 City_Num:50 	 Concorde:5.750796 	 MCTS:5.750796 Improve:0.000000 	 Time:3.77 Seconds
Solution: 1 23 30 43 47 21 5 31 22 40 9 11 50 24 20 14 3 46 2 37 45 32 12 49 44 4 38 41 25 48 27 29 34 13 35 28 42 10 39 18 26 7 19 8 16 15 6 17 33 36 

Inst_Index:6266 	 City_Num:50 	 Concorde:5.326499 	 MCTS:5.326499 Improve:0.000000 	 Time:3.76 Seconds
Solution: 1 29 34 16 21 28 49 48 43 18 37 40 14 6 35 27 15 44 38 12 24 42 36 5 17 32 46 20 9 39 41 50 19 11 31 47 23 25 13 10 30 7 4 2 8 22 33 26 45 3 

Inst_Index:6267 	 City_Num:50 	 Concorde:5.865042 	 MCTS:5.865042 Improve:0.000000 	 Time:3.76 Seconds
Solution: 1 32 25 18 22 6 29 2 11 14 27 46 15 13 9 41 40 48 16 20 42 37 35 7 23 3 49 17 12 47 38 5 30 50 34 10 39 36 44 31 19 28 4 8 45 26 33 21 43 24 

Inst_Index:6268 	 City_Num:50 	 Concorde:5.666376 	 MCTS:5.661323 Improve:0.005053 	 Time:3.76 Seconds
Solution: 1 49 27 30 38 21 15 9 22 31 36 46 42 24 50 48 17 40 35 19 28 4 18 12 32 2 41 39 26 20 33 25 44 6 14 5 23 45 3 34 43 8 13 29 7 47 11 16 37 10 

Inst_Index:6269 	 City_Num:50 	 Concorde:5.396338 	 MCTS:5.396185 Improve:0.000152 	 Time:3.76 Seconds
Solution: 1 29 36 32 38 6 13 23 22 44 4 43 50 34 16 25 28 7 9 27 45 42 18 2 37 46 48 14 12 10 24 17 11 47 31 26 5 19 40 20 15 41 33 49 3 30 8 39 35 21 

Inst_Index:6270 	 City_Num:50 	 Concorde:5.718071 	 MCTS:5.718071 Improve:-0.000000 	 Time:3.76 Seconds
Solution: 1 40 15 20 8 17 37 18 33 50 28 26 23 14 25 42 36 46 19 34 35 49 38 16 2 6 43 32 10 3 27 5 11 31 22 12 13 45 41 47 44 4 30 39 21 9 24 29 48 7 

Inst_Index:6271 	 City_Num:50 	 Concorde:5.455615 	 MCTS:5.455615 Improve:-0.000000 	 Time:3.75 Seconds
Solution: 1 42 12 15 43 21 3 22 18 48 23 5 24 26 4 2 40 25 14 7 34 36 8 17 35 45 37 28 27 41 16 10 39 20 44 46 13 38 30 47 50 11 32 9 33 6 19 49 29 31 

Inst_Index:6272 	 City_Num:50 	 Concorde:5.504398 	 MCTS:5.504398 Improve:-0.000000 	 Time:3.77 Seconds
Solution: 1 20 46 28 11 34 25 43 38 42 16 17 10 5 4 27 47 13 49 50 41 24 6 12 30 14 48 22 7 45 15 29 36 32 8 23 9 44 37 18 35 33 31 40 26 19 2 39 21 3 

Inst_Index:6273 	 City_Num:50 	 Concorde:5.248587 	 MCTS:5.248587 Improve:0.000000 	 Time:3.77 Seconds
Solution: 1 40 50 23 7 34 28 25 45 48 38 15 4 29 18 3 30 11 21 42 13 2 35 6 16 14 17 49 22 31 26 27 12 46 36 20 47 5 41 39 33 8 9 44 19 10 32 24 37 43 

Inst_Index:6274 	 City_Num:50 	 Concorde:5.191562 	 MCTS:5.191562 Improve:0.000000 	 Time:3.76 Seconds
Solution: 1 4 37 17 40 50 13 5 21 3 22 29 14 44 49 38 26 25 6 35 2 46 47 30 39 34 7 15 23 18 33 31 16 43 27 32 9 41 24 45 20 12 8 42 19 36 28 10 48 11 

Inst_Index:6275 	 City_Num:50 	 Concorde:5.396503 	 MCTS:5.396503 Improve:0.000000 	 Time:3.76 Seconds
Solution: 1 26 40 46 23 27 38 25 17 7 8 37 4 13 5 20 21 50 3 15 2 47 18 43 29 36 42 9 48 45 32 16 24 33 30 44 28 10 49 31 12 6 22 11 39 35 41 34 14 19 

Inst_Index:6276 	 City_Num:50 	 Concorde:5.737044 	 MCTS:5.730136 Improve:0.006909 	 Time:3.76 Seconds
Solution: 1 17 33 10 3 26 40 41 23 42 28 46 11 16 15 50 30 35 21 45 37 20 18 36 27 25 9 44 13 22 48 6 39 24 38 4 14 49 32 47 34 12 5 31 7 2 8 29 19 43 

Inst_Index:6277 	 City_Num:50 	 Concorde:5.440613 	 MCTS:5.440613 Improve:0.000000 	 Time:3.75 Seconds
Solution: 1 22 4 30 37 10 44 11 28 31 43 35 3 25 15 36 24 12 40 5 41 49 47 50 6 46 33 29 18 21 16 14 27 9 17 38 8 42 26 48 19 32 23 2 7 20 45 34 39 13 

Inst_Index:6278 	 City_Num:50 	 Concorde:5.457187 	 MCTS:5.457187 Improve:0.000000 	 Time:3.76 Seconds
Solution: 1 48 42 45 50 49 44 21 30 16 28 37 17 15 9 33 38 3 20 41 12 35 4 8 32 26 25 10 36 24 14 39 22 31 29 47 11 19 40 2 23 18 46 6 27 7 5 43 34 13 

Inst_Index:6279 	 City_Num:50 	 Concorde:5.840548 	 MCTS:5.840548 Improve:-0.000000 	 Time:3.75 Seconds
Solution: 1 11 27 34 28 24 36 16 10 14 15 50 2 43 12 26 32 3 18 4 6 49 29 45 7 40 23 35 41 33 17 30 5 19 44 22 48 38 9 42 8 39 21 46 20 47 13 31 25 37 

Inst_Index:6280 	 City_Num:50 	 Concorde:5.273107 	 MCTS:5.271535 Improve:0.001572 	 Time:3.76 Seconds
Solution: 1 20 40 21 24 27 14 6 50 7 48 25 3 44 45 49 41 9 34 23 4 15 37 11 29 39 42 28 5 12 22 36 47 43 30 2 35 8 18 17 10 26 32 38 31 13 16 33 19 46 

Inst_Index:6281 	 City_Num:50 	 Concorde:5.684340 	 MCTS:5.684340 Improve:0.000000 	 Time:3.77 Seconds
Solution: 1 15 24 19 11 47 7 31 25 3 4 26 5 42 8 29 46 40 27 6 13 20 28 44 50 43 34 35 32 39 17 9 2 49 14 12 41 22 48 38 37 36 33 30 23 45 18 16 10 21 

Inst_Index:6282 	 City_Num:50 	 Concorde:5.499669 	 MCTS:5.497821 Improve:0.001848 	 Time:3.76 Seconds
Solution: 1 33 10 6 40 41 5 32 23 18 4 36 30 34 7 22 29 8 49 16 28 26 9 35 2 13 11 46 48 50 27 43 24 47 45 44 38 25 21 17 39 37 20 12 19 3 31 15 42 14 

Inst_Index:6283 	 City_Num:50 	 Concorde:6.205793 	 MCTS:6.205793 Improve:0.000000 	 Time:3.75 Seconds
Solution: 1 34 9 35 2 43 21 16 20 39 23 25 28 27 49 44 48 7 24 12 26 8 46 30 13 45 38 15 4 31 11 17 29 33 37 19 6 36 41 3 22 47 40 32 18 50 10 42 14 5 

Inst_Index:6284 	 City_Num:50 	 Concorde:5.021742 	 MCTS:5.021742 Improve:0.000000 	 Time:3.75 Seconds
Solution: 1 36 30 40 18 9 38 50 17 16 6 22 13 5 14 43 8 15 25 23 35 32 45 27 34 10 44 42 20 31 3 4 47 48 26 39 37 46 41 33 2 19 28 11 21 29 12 7 49 24 

Inst_Index:6285 	 City_Num:50 	 Concorde:5.587553 	 MCTS:5.576522 Improve:0.011031 	 Time:3.76 Seconds
Solution: 1 4 40 8 14 47 32 17 15 43 36 35 38 33 34 22 28 10 26 3 41 19 21 29 42 5 11 45 39 30 23 27 48 49 20 18 46 31 16 44 2 24 7 9 12 13 37 25 6 50 

Inst_Index:6286 	 City_Num:50 	 Concorde:5.971156 	 MCTS:5.971156 Improve:-0.000000 	 Time:3.76 Seconds
Solution: 1 18 17 36 8 7 9 13 12 20 41 26 45 11 16 48 33 22 21 3 42 25 23 24 6 40 5 2 50 34 30 43 38 29 39 46 14 19 4 49 35 44 32 10 28 31 47 27 15 37 

Inst_Index:6287 	 City_Num:50 	 Concorde:5.492753 	 MCTS:5.492753 Improve:0.000000 	 Time:3.76 Seconds
Solution: 1 3 32 50 24 41 19 22 7 31 2 38 15 6 27 23 45 9 25 26 36 39 42 4 35 13 17 46 43 37 29 14 12 16 8 40 48 34 18 10 47 20 30 44 28 49 21 5 33 11 

Inst_Index:6288 	 City_Num:50 	 Concorde:5.060683 	 MCTS:5.060683 Improve:-0.000000 	 Time:3.76 Seconds
Solution: 1 12 17 3 14 47 30 36 20 22 42 33 38 13 19 46 24 8 43 4 50 11 27 45 18 44 10 49 6 35 29 34 39 2 48 40 23 7 31 15 16 32 5 37 28 9 25 21 41 26 

Inst_Index:6289 	 City_Num:50 	 Concorde:5.367202 	 MCTS:5.365091 Improve:0.002111 	 Time:3.75 Seconds
Solution: 1 11 50 31 24 2 42 47 32 37 7 33 35 26 14 48 46 16 20 43 25 13 21 36 34 45 30 10 28 39 18 49 9 38 22 27 6 5 29 4 15 41 23 19 17 12 44 40 8 3 

Inst_Index:6290 	 City_Num:50 	 Concorde:5.835515 	 MCTS:5.835515 Improve:0.000000 	 Time:3.77 Seconds
Solution: 1 33 23 8 44 12 37 13 40 21 27 25 45 2 18 41 36 30 9 6 3 28 19 34 29 4 7 32 11 46 49 39 48 50 43 31 14 22 5 24 15 42 47 16 20 10 38 35 17 26 

Inst_Index:6291 	 City_Num:50 	 Concorde:5.983674 	 MCTS:5.983674 Improve:0.000000 	 Time:3.76 Seconds
Solution: 1 17 24 36 48 6 2 25 49 5 45 41 38 40 28 30 4 12 15 20 18 43 34 27 23 14 16 3 21 32 19 31 46 9 37 22 7 10 33 50 26 11 44 29 39 13 42 47 8 35 

Inst_Index:6292 	 City_Num:50 	 Concorde:5.082088 	 MCTS:5.082088 Improve:-0.000000 	 Time:3.76 Seconds
Solution: 1 4 39 28 14 50 16 5 24 40 48 15 25 19 42 13 11 23 47 3 44 49 29 12 41 46 33 30 20 8 43 36 7 6 35 32 21 9 26 10 37 38 2 18 45 31 27 17 34 22 

Inst_Index:6293 	 City_Num:50 	 Concorde:5.790220 	 MCTS:5.785666 Improve:0.004554 	 Time:3.77 Seconds
Solution: 1 25 42 47 48 45 8 26 11 18 28 21 12 14 10 35 49 41 31 33 2 7 23 38 32 20 4 16 39 34 13 19 24 44 15 40 43 9 5 17 46 30 36 3 22 37 29 50 6 27 

Inst_Index:6294 	 City_Num:50 	 Concorde:5.837105 	 MCTS:5.837105 Improve:-0.000000 	 Time:3.76 Seconds
Solution: 1 12 18 8 47 35 33 16 27 9 36 50 23 6 13 11 22 28 39 49 44 41 21 29 46 4 42 45 26 30 25 15 14 5 20 10 38 2 34 40 24 48 17 31 19 37 32 7 3 43 

Inst_Index:6295 	 City_Num:50 	 Concorde:5.608293 	 MCTS:5.608293 Improve:-0.000000 	 Time:3.76 Seconds
Solution: 1 43 3 48 16 30 49 47 17 19 35 36 13 20 29 42 45 37 50 22 23 39 38 5 7 14 11 40 28 21 18 32 46 44 31 41 34 9 6 10 15 26 27 8 4 2 25 33 12 24 

Inst_Index:6296 	 City_Num:50 	 Concorde:5.768877 	 MCTS:5.768877 Improve:0.000000 	 Time:3.75 Seconds
Solution: 1 6 41 48 29 31 16 33 36 27 46 22 44 15 35 8 5 38 13 39 25 24 50 11 12 21 23 42 34 4 3 45 18 14 7 2 30 26 19 17 37 32 49 10 20 9 28 47 43 40 

Inst_Index:6297 	 City_Num:50 	 Concorde:5.437177 	 MCTS:5.437177 Improve:0.000000 	 Time:3.76 Seconds
Solution: 1 20 47 7 18 12 39 6 40 49 44 35 41 9 25 24 48 14 33 2 36 15 34 21 10 22 19 37 32 42 11 5 27 29 16 4 3 45 43 30 46 38 13 23 8 26 28 31 50 17 

Inst_Index:6298 	 City_Num:50 	 Concorde:5.960311 	 MCTS:5.960311 Improve:0.000000 	 Time:3.78 Seconds
Solution: 1 3 47 25 48 15 32 31 20 45 7 35 17 23 21 2 33 49 27 13 5 14 46 4 16 38 19 30 11 41 28 22 42 10 44 12 6 39 18 29 43 40 9 37 34 36 24 8 26 50 

Inst_Index:6299 	 City_Num:50 	 Concorde:5.795959 	 MCTS:5.792040 Improve:0.003919 	 Time:3.76 Seconds
Solution: 1 45 13 39 9 24 4 42 29 37 31 12 17 38 26 18 49 46 32 47 23 44 14 7 36 16 8 35 43 33 40 20 25 22 5 6 2 30 50 3 34 41 48 15 27 10 28 19 21 11 

Inst_Index:6300 	 City_Num:50 	 Concorde:5.675259 	 MCTS:5.675259 Improve:-0.000000 	 Time:3.76 Seconds
Solution: 1 6 7 15 16 48 19 33 45 34 14 39 21 29 18 28 8 9 12 50 40 46 3 22 2 25 23 38 20 41 26 24 13 31 4 43 49 32 17 44 36 5 42 47 27 30 10 11 35 37 

Inst_Index:6301 	 City_Num:50 	 Concorde:5.717859 	 MCTS:5.717859 Improve:0.000000 	 Time:3.75 Seconds
Solution: 1 11 14 17 49 25 43 40 3 19 2 36 50 13 33 26 4 30 48 20 24 44 23 7 12 18 45 34 22 35 39 31 47 5 28 10 8 21 29 6 42 46 15 9 27 16 32 41 37 38 

Inst_Index:6302 	 City_Num:50 	 Concorde:6.080693 	 MCTS:6.080693 Improve:0.000000 	 Time:3.77 Seconds
Solution: 1 21 38 26 49 4 23 45 25 7 28 46 47 44 24 14 43 13 5 31 40 33 3 12 11 20 50 2 41 17 6 16 30 32 36 42 15 29 37 19 9 18 10 35 48 22 34 39 8 27 

Inst_Index:6303 	 City_Num:50 	 Concorde:5.897786 	 MCTS:5.897786 Improve:-0.000000 	 Time:3.76 Seconds
Solution: 1 17 34 19 44 6 18 48 3 45 43 27 30 49 40 10 14 28 33 31 15 25 29 2 41 12 35 5 16 13 47 42 46 37 36 39 7 32 38 11 23 20 21 4 9 22 8 26 50 24 

Inst_Index:6304 	 City_Num:50 	 Concorde:5.729781 	 MCTS:5.728825 Improve:0.000956 	 Time:3.75 Seconds
Solution: 1 35 10 37 6 29 34 25 15 36 46 45 4 49 24 11 50 41 30 27 21 9 2 7 12 14 20 44 23 22 38 47 43 8 33 26 40 42 48 31 32 18 5 39 13 16 19 28 3 17 

Inst_Index:6305 	 City_Num:50 	 Concorde:5.629336 	 MCTS:5.629336 Improve:-0.000000 	 Time:3.77 Seconds
Solution: 1 49 42 28 20 40 3 5 6 19 29 48 4 37 11 45 13 9 50 32 14 10 27 41 18 38 46 44 43 30 8 7 33 26 23 34 17 16 31 39 36 2 21 12 25 22 35 24 15 47 

Inst_Index:6306 	 City_Num:50 	 Concorde:5.422439 	 MCTS:5.421208 Improve:0.001231 	 Time:3.77 Seconds
Solution: 1 50 11 25 46 30 2 33 48 21 34 24 43 26 41 20 10 22 37 13 47 42 45 27 7 15 12 32 5 39 14 6 4 29 8 18 16 49 36 3 9 31 23 17 19 35 40 44 28 38 

Inst_Index:6307 	 City_Num:50 	 Concorde:5.707487 	 MCTS:5.696664 Improve:0.010823 	 Time:3.77 Seconds
Solution: 1 17 24 9 21 44 16 37 46 41 6 7 33 47 10 42 25 8 43 28 35 32 11 2 14 5 34 31 3 27 18 20 40 29 45 13 22 49 12 39 26 15 23 4 30 19 36 50 38 48 

Inst_Index:6308 	 City_Num:50 	 Concorde:5.334458 	 MCTS:5.334458 Improve:0.000000 	 Time:3.75 Seconds
Solution: 1 13 2 25 35 47 20 49 8 44 21 24 28 16 7 6 43 41 10 27 42 15 46 50 17 12 32 38 45 36 34 39 4 3 37 26 18 29 23 31 22 19 33 9 14 11 40 48 5 30 

Inst_Index:6309 	 City_Num:50 	 Concorde:5.657878 	 MCTS:5.657878 Improve:0.000000 	 Time:3.77 Seconds
Solution: 1 25 23 42 48 4 9 30 50 31 10 32 12 5 2 46 22 27 49 20 35 3 37 26 38 11 40 24 19 33 13 18 17 14 43 28 34 29 7 6 15 8 41 39 36 47 21 16 45 44 

Inst_Index:6310 	 City_Num:50 	 Concorde:5.450334 	 MCTS:5.450334 Improve:0.000000 	 Time:3.76 Seconds
Solution: 1 12 24 21 39 5 46 34 28 48 29 17 43 8 37 10 7 33 16 27 40 23 2 15 6 19 25 41 42 26 47 18 14 30 45 49 32 50 22 31 36 38 3 20 9 44 13 11 4 35 

Inst_Index:6311 	 City_Num:50 	 Concorde:5.814205 	 MCTS:5.814205 Improve:-0.000000 	 Time:3.78 Seconds
Solution: 1 46 8 39 34 5 2 7 20 36 30 21 6 41 38 23 27 28 33 35 25 24 11 22 32 15 12 13 3 18 26 29 42 44 45 16 17 43 14 4 10 50 48 40 49 37 9 31 19 47 

Inst_Index:6312 	 City_Num:50 	 Concorde:5.891453 	 MCTS:5.891453 Improve:-0.000000 	 Time:3.76 Seconds
Solution: 1 9 31 2 46 20 37 47 16 11 30 4 44 28 41 21 6 8 38 39 12 48 29 45 3 35 25 43 22 15 14 23 42 18 26 13 19 33 36 7 10 34 5 50 32 27 24 49 17 40 

Inst_Index:6313 	 City_Num:50 	 Concorde:6.083422 	 MCTS:6.083010 Improve:0.000412 	 Time:3.78 Seconds
Solution: 1 34 44 37 36 49 8 6 29 19 43 23 40 28 45 20 26 21 31 5 24 22 25 15 18 42 14 2 48 27 13 33 46 7 38 39 17 10 35 41 32 11 3 47 12 16 4 9 50 30 

Inst_Index:6314 	 City_Num:50 	 Concorde:5.419717 	 MCTS:5.419712 Improve:0.000005 	 Time:3.76 Seconds
Solution: 1 10 47 32 46 25 34 7 43 23 48 50 20 3 12 17 22 16 14 6 30 37 9 13 31 19 42 21 41 15 28 45 44 40 27 26 36 2 49 11 29 35 5 4 18 33 38 24 8 39 

Inst_Index:6315 	 City_Num:50 	 Concorde:5.980649 	 MCTS:5.980649 Improve:0.000000 	 Time:3.77 Seconds
Solution: 1 24 10 29 16 28 47 21 31 12 18 41 30 46 11 13 50 20 39 23 14 32 3 37 48 17 36 2 5 27 38 25 35 43 34 7 22 9 26 42 33 44 15 49 6 19 4 45 40 8 

Inst_Index:6316 	 City_Num:50 	 Concorde:5.557113 	 MCTS:5.557113 Improve:-0.000000 	 Time:3.75 Seconds
Solution: 1 6 47 40 33 42 49 46 37 13 29 36 30 39 24 7 11 12 10 15 27 35 8 50 21 9 32 22 14 18 28 26 3 31 5 17 4 25 41 38 44 19 34 45 23 16 48 20 43 2 

Inst_Index:6317 	 City_Num:50 	 Concorde:5.379720 	 MCTS:5.379720 Improve:0.000000 	 Time:3.76 Seconds
Solution: 1 14 10 47 48 35 11 17 5 16 6 40 43 28 31 8 9 44 41 26 49 21 42 4 33 27 36 29 23 18 3 45 32 22 37 7 19 25 30 20 24 46 50 38 15 12 13 39 2 34 

Inst_Index:6318 	 City_Num:50 	 Concorde:5.495993 	 MCTS:5.495993 Improve:0.000000 	 Time:3.76 Seconds
Solution: 1 6 19 36 45 3 30 26 37 10 11 25 17 50 49 4 2 23 39 28 34 7 35 44 8 24 46 5 48 15 14 42 12 33 18 16 32 43 41 40 27 38 31 20 9 47 29 21 22 13 

Inst_Index:6319 	 City_Num:50 	 Concorde:5.589011 	 MCTS:5.589011 Improve:0.000000 	 Time:3.77 Seconds
Solution: 1 44 21 12 22 8 33 37 13 43 15 31 5 42 6 29 48 3 24 4 19 39 16 23 35 34 28 9 50 14 36 10 30 20 2 32 25 26 11 27 17 41 7 49 46 45 40 18 47 38 

Inst_Index:6320 	 City_Num:50 	 Concorde:5.593277 	 MCTS:5.593277 Improve:0.000000 	 Time:3.77 Seconds
Solution: 1 3 34 43 39 35 30 6 24 19 44 7 14 28 26 17 21 25 20 2 15 23 5 8 38 18 40 36 13 47 9 32 42 10 33 41 37 4 22 48 49 11 16 46 50 12 31 45 27 29 

Inst_Index:6321 	 City_Num:50 	 Concorde:5.805752 	 MCTS:5.805752 Improve:-0.000000 	 Time:3.76 Seconds
Solution: 1 6 26 11 35 46 23 24 32 10 13 37 29 28 21 41 47 4 38 33 15 2 7 16 49 34 9 40 12 3 48 43 44 5 27 30 50 18 31 39 25 42 17 8 45 19 20 22 14 36 

Inst_Index:6322 	 City_Num:50 	 Concorde:5.991202 	 MCTS:5.989164 Improve:0.002038 	 Time:3.76 Seconds
Solution: 1 7 41 33 27 46 32 28 4 19 14 42 45 17 35 43 12 16 22 36 29 48 50 39 13 5 20 40 24 25 49 9 21 26 6 11 38 2 18 23 44 15 3 34 10 31 30 47 37 8 

Inst_Index:6323 	 City_Num:50 	 Concorde:5.858855 	 MCTS:5.858659 Improve:0.000196 	 Time:3.77 Seconds
Solution: 1 39 43 24 20 45 18 42 3 38 33 46 48 12 2 23 28 16 21 6 44 25 7 35 14 11 22 49 41 17 34 50 5 31 26 9 27 13 40 10 30 29 19 36 37 8 15 32 47 4 

Inst_Index:6324 	 City_Num:50 	 Concorde:5.778868 	 MCTS:5.778868 Improve:0.000000 	 Time:3.76 Seconds
Solution: 1 31 7 43 35 15 26 16 8 14 41 32 19 24 9 49 25 5 45 39 4 30 13 21 42 3 2 47 48 18 12 37 40 34 28 33 36 44 27 50 17 23 29 10 38 6 11 20 46 22 

Inst_Index:6325 	 City_Num:50 	 Concorde:5.467267 	 MCTS:5.467267 Improve:0.000000 	 Time:3.76 Seconds
Solution: 1 25 47 13 11 45 7 21 46 16 43 38 30 20 34 28 27 26 31 40 14 23 22 37 4 19 5 41 35 10 32 44 12 36 2 8 18 42 48 15 17 39 33 6 50 9 29 3 24 49 

Inst_Index:6326 	 City_Num:50 	 Concorde:5.347952 	 MCTS:5.347952 Improve:0.000000 	 Time:3.76 Seconds
Solution: 1 9 18 50 42 6 4 21 37 49 10 20 24 11 28 27 23 35 16 48 17 47 46 3 30 32 7 12 26 41 8 38 14 33 15 19 22 43 45 44 5 34 31 13 39 36 40 25 2 29 

Inst_Index:6327 	 City_Num:50 	 Concorde:5.358980 	 MCTS:5.358246 Improve:0.000734 	 Time:3.75 Seconds
Solution: 1 13 14 2 15 43 32 38 46 21 18 44 19 48 41 50 6 10 9 25 33 39 42 24 7 20 4 37 30 40 49 28 22 31 35 16 29 26 47 36 8 34 5 3 12 45 27 11 17 23 

Inst_Index:6328 	 City_Num:50 	 Concorde:5.280465 	 MCTS:5.280465 Improve:0.000000 	 Time:3.77 Seconds
Solution: 1 36 48 17 50 41 14 20 15 24 18 9 22 32 40 10 44 4 33 5 27 34 13 39 19 29 45 35 6 43 25 38 2 12 46 37 47 49 30 23 7 11 31 3 26 21 28 16 8 42 

Inst_Index:6329 	 City_Num:50 	 Concorde:5.759647 	 MCTS:5.757948 Improve:0.001699 	 Time:3.76 Seconds
Solution: 1 7 28 44 37 15 20 10 3 27 31 19 17 30 26 4 39 33 2 14 5 32 38 43 13 34 49 42 9 45 41 36 48 50 22 8 47 21 23 18 6 35 16 24 12 40 29 11 25 46 

Inst_Index:6330 	 City_Num:50 	 Concorde:5.523052 	 MCTS:5.523052 Improve:0.000000 	 Time:3.76 Seconds
Solution: 1 7 42 14 30 41 48 10 47 45 34 8 5 13 25 16 35 33 12 22 37 15 28 24 46 3 26 2 11 31 36 23 19 21 43 44 32 6 20 39 27 29 9 40 50 18 4 49 38 17 

Inst_Index:6331 	 City_Num:50 	 Concorde:5.687532 	 MCTS:5.687532 Improve:0.000000 	 Time:3.76 Seconds
Solution: 1 30 46 37 47 6 15 14 44 22 10 43 26 29 36 50 24 33 4 41 23 38 40 35 34 5 19 31 16 9 11 21 12 42 45 2 7 3 20 18 13 28 27 48 17 49 32 8 39 25 

Inst_Index:6332 	 City_Num:50 	 Concorde:5.816700 	 MCTS:5.816700 Improve:-0.000000 	 Time:3.75 Seconds
Solution: 1 5 31 7 29 40 6 33 44 20 2 10 43 25 18 12 22 23 35 11 21 14 47 39 9 8 37 30 38 42 17 41 49 36 16 13 15 27 50 24 45 48 19 26 3 28 46 4 32 34 

Inst_Index:6333 	 City_Num:50 	 Concorde:6.196293 	 MCTS:6.196293 Improve:-0.000000 	 Time:3.77 Seconds
Solution: 1 17 5 31 19 20 10 36 50 13 28 4 39 49 6 33 45 35 44 26 11 37 15 9 42 25 32 7 3 38 48 12 30 22 43 40 18 47 27 46 29 34 24 21 16 8 14 2 23 41 

Inst_Index:6334 	 City_Num:50 	 Concorde:5.728501 	 MCTS:5.728501 Improve:0.000000 	 Time:3.77 Seconds
Solution: 1 4 46 33 50 39 16 11 17 2 47 26 35 18 19 9 23 28 6 29 44 10 24 49 40 48 14 15 30 31 8 12 36 41 38 43 5 27 45 20 13 25 37 3 32 22 34 7 21 42 

Inst_Index:6335 	 City_Num:50 	 Concorde:6.040422 	 MCTS:6.038485 Improve:0.001937 	 Time:3.75 Seconds
Solution: 1 2 46 33 28 22 20 21 50 36 23 25 18 7 47 29 8 13 48 32 41 15 26 43 37 16 24 9 34 39 42 12 44 31 4 49 5 14 6 35 10 30 27 40 45 3 17 11 38 19 

Inst_Index:6336 	 City_Num:50 	 Concorde:5.624422 	 MCTS:5.624422 Improve:0.000000 	 Time:3.76 Seconds
Solution: 1 34 41 7 38 8 20 28 4 32 40 25 36 5 47 16 11 49 35 19 39 15 48 42 10 43 30 3 22 37 29 24 6 12 21 44 2 14 9 13 33 46 50 26 27 45 17 31 18 23 

Inst_Index:6337 	 City_Num:50 	 Concorde:5.375708 	 MCTS:5.375708 Improve:-0.000000 	 Time:3.77 Seconds
Solution: 1 2 6 39 40 7 15 50 19 10 28 21 18 41 8 3 37 30 9 35 45 27 4 47 29 25 12 36 5 38 11 13 34 16 32 14 20 49 48 31 46 44 26 23 17 22 43 33 42 24 

Inst_Index:6338 	 City_Num:50 	 Concorde:5.889151 	 MCTS:5.889151 Improve:-0.000000 	 Time:3.76 Seconds
Solution: 1 20 30 46 9 40 44 41 38 19 21 43 26 16 31 6 47 36 39 50 5 25 49 32 7 15 13 24 11 29 27 14 22 37 48 35 8 3 33 23 2 4 42 17 10 34 45 18 12 28 

Inst_Index:6339 	 City_Num:50 	 Concorde:5.335949 	 MCTS:5.335949 Improve:-0.000000 	 Time:3.75 Seconds
Solution: 1 46 38 13 22 39 37 17 33 35 2 34 11 25 28 24 15 42 49 6 29 23 12 43 9 40 30 3 19 32 44 4 31 36 20 21 5 45 27 47 50 18 16 8 41 48 7 26 10 14 

Inst_Index:6340 	 City_Num:50 	 Concorde:5.476506 	 MCTS:5.476506 Improve:-0.000000 	 Time:3.75 Seconds
Solution: 1 23 37 25 21 29 17 7 4 49 15 28 24 42 11 48 35 38 36 41 34 2 44 46 47 43 26 27 13 50 5 22 45 40 32 30 16 19 18 6 12 33 10 3 31 9 8 39 20 14 

Inst_Index:6341 	 City_Num:50 	 Concorde:5.545241 	 MCTS:5.544377 Improve:0.000864 	 Time:3.76 Seconds
Solution: 1 13 39 11 49 43 2 5 16 33 20 47 31 46 34 42 48 22 8 38 6 24 14 32 50 35 45 26 29 21 12 19 27 3 44 18 30 36 25 9 15 4 28 10 17 7 40 37 23 41 

Inst_Index:6342 	 City_Num:50 	 Concorde:5.679269 	 MCTS:5.679269 Improve:-0.000000 	 Time:3.76 Seconds
Solution: 1 4 49 46 30 17 44 42 19 9 2 45 12 21 11 34 38 28 39 14 50 35 6 8 20 37 18 33 43 3 47 31 23 36 29 32 7 25 22 5 41 40 48 15 16 24 27 10 13 26 

Inst_Index:6343 	 City_Num:50 	 Concorde:5.884270 	 MCTS:5.877403 Improve:0.006867 	 Time:3.76 Seconds
Solution: 1 43 22 2 45 24 17 37 14 27 19 35 26 31 29 8 10 38 48 16 32 15 12 7 30 39 34 6 5 33 9 13 49 46 47 4 23 11 41 42 28 44 20 40 3 18 21 36 50 25 

Inst_Index:6344 	 City_Num:50 	 Concorde:6.234266 	 MCTS:6.234266 Improve:0.000000 	 Time:3.76 Seconds
Solution: 1 14 33 2 7 11 28 43 46 3 10 47 32 30 34 16 31 19 9 27 44 4 24 12 6 23 45 5 39 22 40 29 18 20 48 49 17 41 26 42 21 25 13 35 36 38 15 37 50 8 

Inst_Index:6345 	 City_Num:50 	 Concorde:5.575318 	 MCTS:5.575318 Improve:-0.000000 	 Time:3.75 Seconds
Solution: 1 7 13 32 45 38 47 17 42 37 24 43 14 5 34 11 26 50 25 48 28 44 39 18 15 9 33 10 12 36 22 3 8 27 6 20 16 31 2 49 21 40 4 46 30 19 35 41 23 29 

Inst_Index:6346 	 City_Num:50 	 Concorde:5.890740 	 MCTS:5.888641 Improve:0.002098 	 Time:3.77 Seconds
Solution: 1 21 23 22 16 34 33 5 13 3 9 12 41 42 40 25 47 8 28 43 50 26 46 31 48 35 6 39 11 37 45 49 15 14 32 4 44 10 2 29 20 19 18 27 38 17 36 7 24 30 

Inst_Index:6347 	 City_Num:50 	 Concorde:5.215299 	 MCTS:5.215299 Improve:-0.000000 	 Time:3.75 Seconds
Solution: 1 9 23 18 26 20 17 29 22 45 13 8 5 43 28 21 31 37 47 41 7 19 25 33 49 46 44 6 48 39 34 42 27 11 3 4 16 38 2 35 32 36 12 14 50 10 15 24 30 40 

Inst_Index:6348 	 City_Num:50 	 Concorde:5.866046 	 MCTS:5.863916 Improve:0.002131 	 Time:3.75 Seconds
Solution: 1 20 14 6 17 13 22 47 28 43 44 34 10 26 3 46 38 31 11 41 9 16 32 2 7 48 5 12 29 25 50 36 49 40 45 8 30 27 18 15 4 19 37 33 35 23 42 39 21 24 

Inst_Index:6349 	 City_Num:50 	 Concorde:5.924913 	 MCTS:5.920293 Improve:0.004620 	 Time:3.77 Seconds
Solution: 1 27 42 43 19 9 37 41 13 5 35 50 30 38 33 28 45 2 21 10 34 44 40 49 31 25 8 23 7 32 46 16 24 26 39 29 14 47 15 17 18 22 48 12 11 20 6 4 36 3 

Inst_Index:6350 	 City_Num:50 	 Concorde:5.908307 	 MCTS:5.908307 Improve:-0.000000 	 Time:3.77 Seconds
Solution: 1 35 21 38 6 31 29 42 48 9 2 3 20 43 49 7 27 14 32 40 18 11 46 39 19 34 45 16 36 23 15 4 47 26 5 10 30 22 37 28 13 8 24 44 25 33 17 12 50 41 

Inst_Index:6351 	 City_Num:50 	 Concorde:5.844330 	 MCTS:5.844330 Improve:-0.000000 	 Time:3.77 Seconds
Solution: 1 36 46 44 37 47 15 16 2 39 5 20 43 42 23 41 24 28 14 29 26 10 35 19 21 7 25 9 48 12 8 34 33 4 22 27 6 31 49 11 18 40 30 38 50 3 32 17 45 13 

Inst_Index:6352 	 City_Num:50 	 Concorde:6.187275 	 MCTS:6.187275 Improve:0.000000 	 Time:3.76 Seconds
Solution: 1 14 22 39 2 10 35 37 4 50 40 36 13 11 33 3 21 23 32 25 43 24 38 18 44 17 5 6 9 41 31 15 46 12 34 30 27 48 47 19 28 7 42 29 45 8 49 20 16 26 

Inst_Index:6353 	 City_Num:50 	 Concorde:5.584796 	 MCTS:5.584796 Improve:0.000000 	 Time:3.75 Seconds
Solution: 1 44 13 18 42 16 8 6 34 10 11 35 47 31 20 22 19 2 39 46 38 7 41 17 28 36 30 43 45 5 9 24 4 25 40 12 48 33 27 14 23 3 50 32 37 26 15 29 21 49 

Inst_Index:6354 	 City_Num:50 	 Concorde:5.790844 	 MCTS:5.790844 Improve:-0.000000 	 Time:3.75 Seconds
Solution: 1 30 40 34 25 47 17 16 24 37 5 26 13 33 46 18 11 44 7 39 45 3 14 19 32 2 42 15 10 49 50 27 41 43 21 23 8 4 31 36 28 35 38 29 9 6 12 48 20 22 

Inst_Index:6355 	 City_Num:50 	 Concorde:5.621298 	 MCTS:5.617361 Improve:0.003936 	 Time:3.76 Seconds
Solution: 1 31 5 14 35 32 15 22 30 25 7 36 13 49 45 4 46 44 9 2 48 34 16 50 21 28 18 29 8 26 19 17 3 6 27 37 40 38 11 39 12 20 33 41 47 10 42 43 23 24 

Inst_Index:6356 	 City_Num:50 	 Concorde:5.828847 	 MCTS:5.828748 Improve:0.000099 	 Time:3.75 Seconds
Solution: 1 34 3 8 39 20 30 16 46 28 23 21 24 10 32 31 13 42 50 41 35 45 26 18 33 48 38 7 11 25 9 6 14 2 44 47 12 29 19 49 37 5 4 43 36 15 17 27 40 22 

Inst_Index:6357 	 City_Num:50 	 Concorde:5.738687 	 MCTS:5.738687 Improve:-0.000000 	 Time:3.76 Seconds
Solution: 1 32 39 14 49 10 17 16 23 42 4 7 22 44 15 24 20 3 43 30 28 2 31 50 37 25 38 35 26 9 6 21 47 12 45 5 19 33 36 8 41 27 13 18 29 40 46 48 11 34 

Inst_Index:6358 	 City_Num:50 	 Concorde:5.596881 	 MCTS:5.595561 Improve:0.001320 	 Time:3.77 Seconds
Solution: 1 16 35 33 19 17 24 27 28 18 46 11 10 47 48 22 39 5 26 2 25 49 15 4 20 44 41 23 45 31 14 50 36 12 32 37 42 9 6 43 30 13 34 7 21 8 29 3 38 40 

Inst_Index:6359 	 City_Num:50 	 Concorde:5.451411 	 MCTS:5.436806 Improve:0.014606 	 Time:3.75 Seconds
Solution: 1 42 3 18 22 8 11 41 17 25 5 21 20 49 32 43 16 30 19 36 45 4 34 39 37 26 29 40 31 7 47 13 27 44 15 33 46 9 28 12 35 48 10 23 2 38 6 14 50 24 

Inst_Index:6360 	 City_Num:50 	 Concorde:5.927524 	 MCTS:5.927524 Improve:0.000000 	 Time:3.76 Seconds
Solution: 1 28 20 40 21 10 18 36 29 37 16 30 42 46 35 7 15 12 5 33 13 49 8 45 31 48 11 44 19 38 25 26 2 6 22 34 23 24 4 41 43 32 9 50 39 27 3 17 47 14 

Inst_Index:6361 	 City_Num:50 	 Concorde:5.548209 	 MCTS:5.548209 Improve:-0.000000 	 Time:3.76 Seconds
Solution: 1 31 2 24 14 19 45 36 17 16 28 23 32 33 34 13 50 22 27 7 25 15 42 21 20 11 48 5 41 10 18 26 12 43 30 8 47 3 49 9 46 38 40 44 29 39 4 35 6 37 

Inst_Index:6362 	 City_Num:50 	 Concorde:5.548925 	 MCTS:5.546514 Improve:0.002411 	 Time:3.75 Seconds
Solution: 1 17 43 32 31 5 21 47 50 45 37 26 48 10 40 49 20 6 4 22 7 15 19 25 12 39 33 2 3 42 23 13 28 27 34 35 30 36 16 8 44 11 14 41 18 46 29 9 38 24 

Inst_Index:6363 	 City_Num:50 	 Concorde:5.093858 	 MCTS:5.091579 Improve:0.002279 	 Time:3.75 Seconds
Solution: 1 6 7 44 29 18 30 43 3 23 25 32 20 38 48 35 27 33 9 50 14 2 4 49 39 37 46 13 36 45 40 42 22 19 11 31 16 8 15 47 28 24 10 34 21 41 17 26 12 5 

Inst_Index:6364 	 City_Num:50 	 Concorde:6.053863 	 MCTS:6.053863 Improve:0.000000 	 Time:3.76 Seconds
Solution: 1 41 15 31 30 50 10 4 21 35 44 6 5 47 37 40 22 8 46 16 9 17 25 12 33 3 39 32 7 14 48 24 27 42 23 13 38 2 18 11 49 43 36 34 19 20 29 45 28 26 

Inst_Index:6365 	 City_Num:50 	 Concorde:5.749738 	 MCTS:5.745731 Improve:0.004007 	 Time:3.76 Seconds
Solution: 1 42 36 39 8 9 5 19 25 35 30 4 7 11 21 20 40 45 3 48 50 22 37 47 6 38 15 49 12 27 16 34 10 17 13 2 28 14 43 18 26 29 44 31 41 46 32 23 24 33 

Inst_Index:6366 	 City_Num:50 	 Concorde:5.665199 	 MCTS:5.662351 Improve:0.002848 	 Time:3.76 Seconds
Solution: 1 28 18 34 2 11 25 17 27 50 20 21 26 4 47 39 49 29 40 5 41 12 46 24 48 16 35 14 42 22 8 3 43 37 19 7 33 23 13 31 15 10 32 36 45 38 30 6 44 9 

Inst_Index:6367 	 City_Num:50 	 Concorde:6.144565 	 MCTS:6.144565 Improve:-0.000000 	 Time:3.76 Seconds
Solution: 1 46 4 8 40 7 5 19 17 27 26 6 3 35 42 12 2 39 11 13 25 33 23 48 36 44 15 45 9 29 49 24 47 20 37 31 18 50 21 10 32 30 41 28 43 14 34 38 22 16 

Inst_Index:6368 	 City_Num:50 	 Concorde:5.904964 	 MCTS:5.904964 Improve:0.000000 	 Time:3.77 Seconds
Solution: 1 21 12 22 15 8 36 20 10 28 50 32 31 38 23 5 25 39 44 16 24 35 40 6 9 42 45 37 19 4 11 7 29 27 14 46 49 47 41 17 43 26 2 3 34 18 33 30 48 13 

Inst_Index:6369 	 City_Num:50 	 Concorde:5.307433 	 MCTS:5.307433 Improve:-0.000000 	 Time:3.75 Seconds
Solution: 1 50 15 42 29 10 48 24 44 18 6 23 26 46 17 38 35 32 2 9 30 16 47 8 34 12 49 3 21 40 27 37 5 4 41 43 14 20 33 31 39 19 28 25 11 36 13 45 22 7 

Inst_Index:6370 	 City_Num:50 	 Concorde:5.575316 	 MCTS:5.575316 Improve:0.000000 	 Time:3.76 Seconds
Solution: 1 20 25 44 12 40 37 30 31 29 48 35 22 34 13 24 15 38 7 47 46 18 21 26 23 3 19 41 5 10 50 16 36 14 2 28 8 33 32 4 49 6 17 9 11 39 45 42 27 43 

Inst_Index:6371 	 City_Num:50 	 Concorde:5.733853 	 MCTS:5.729993 Improve:0.003860 	 Time:3.75 Seconds
Solution: 1 47 15 9 28 37 25 11 21 24 20 31 8 49 33 19 46 26 22 6 10 2 27 43 7 41 50 39 29 30 35 42 18 48 34 32 16 3 5 44 45 12 17 38 14 40 4 23 13 36 

Inst_Index:6372 	 City_Num:50 	 Concorde:5.756329 	 MCTS:5.756329 Improve:0.000000 	 Time:3.76 Seconds
Solution: 1 34 10 44 18 50 17 11 5 43 37 36 25 32 7 27 47 6 20 8 22 30 14 28 23 40 38 41 29 24 16 45 39 21 3 12 35 26 33 15 48 42 31 46 2 13 19 49 4 9 

Inst_Index:6373 	 City_Num:50 	 Concorde:5.429481 	 MCTS:5.429481 Improve:-0.000000 	 Time:3.76 Seconds
Solution: 1 36 27 50 43 40 28 10 41 6 26 42 47 9 49 21 39 5 22 14 24 7 19 32 31 15 48 37 23 44 25 3 8 20 38 46 33 34 4 35 29 2 18 16 30 17 11 45 13 12 

Inst_Index:6374 	 City_Num:50 	 Concorde:5.562749 	 MCTS:5.562462 Improve:0.000287 	 Time:3.75 Seconds
Solution: 1 18 41 39 30 26 46 19 8 28 50 25 40 20 48 33 35 36 38 6 11 31 45 29 42 49 23 24 32 12 13 17 15 4 27 22 5 3 10 47 14 37 7 43 21 9 44 16 2 34 

Inst_Index:6375 	 City_Num:50 	 Concorde:5.778810 	 MCTS:5.778810 Improve:0.000000 	 Time:3.76 Seconds
Solution: 1 29 35 43 21 28 14 6 12 15 36 38 17 49 47 9 10 30 4 23 27 18 46 16 41 11 32 8 50 40 34 48 3 33 13 42 7 31 45 26 2 5 37 44 20 22 39 19 24 25 

Inst_Index:6376 	 City_Num:50 	 Concorde:5.739964 	 MCTS:5.739964 Improve:-0.000000 	 Time:3.77 Seconds
Solution: 1 23 3 17 50 6 12 44 35 29 24 40 20 14 43 7 19 13 5 49 33 48 10 11 31 18 32 8 22 26 28 25 46 41 37 27 21 36 38 39 15 2 34 30 47 42 9 4 45 16 

Inst_Index:6377 	 City_Num:50 	 Concorde:5.724995 	 MCTS:5.723542 Improve:0.001453 	 Time:3.75 Seconds
Solution: 1 47 36 26 45 10 30 44 19 43 14 48 23 5 50 12 20 22 46 2 27 7 9 35 31 25 4 11 37 40 33 39 6 3 18 24 21 38 34 41 29 16 17 42 28 15 32 8 49 13 

Inst_Index:6378 	 City_Num:50 	 Concorde:5.938273 	 MCTS:5.938273 Improve:-0.000000 	 Time:3.76 Seconds
Solution: 1 9 2 24 43 16 42 34 48 17 36 32 29 13 39 14 11 5 44 18 30 37 3 33 12 22 19 31 7 15 28 23 41 10 50 20 38 40 25 6 35 21 27 46 8 4 26 47 45 49 

Inst_Index:6379 	 City_Num:50 	 Concorde:5.561119 	 MCTS:5.558607 Improve:0.002512 	 Time:3.77 Seconds
Solution: 1 26 10 23 34 46 14 33 20 12 22 39 15 5 27 40 9 30 29 38 25 3 4 43 50 48 31 24 21 17 32 37 11 28 2 19 6 35 45 13 42 47 36 44 49 41 16 8 18 7 

Inst_Index:6380 	 City_Num:50 	 Concorde:5.865999 	 MCTS:5.865999 Improve:0.000000 	 Time:3.76 Seconds
Solution: 1 5 47 6 19 27 20 18 35 38 11 16 36 42 14 29 4 44 25 13 21 2 23 8 49 10 24 7 46 41 28 31 9 48 26 40 17 22 32 43 34 39 50 15 33 30 37 3 45 12 

Inst_Index:6381 	 City_Num:50 	 Concorde:5.599145 	 MCTS:5.599145 Improve:0.000000 	 Time:3.75 Seconds
Solution: 1 21 47 12 3 20 43 26 22 15 2 40 48 38 41 32 9 28 31 25 33 42 37 49 45 10 29 46 6 24 4 14 11 13 8 7 44 39 36 23 17 30 19 18 27 35 50 34 16 5 

Inst_Index:6382 	 City_Num:50 	 Concorde:6.021887 	 MCTS:6.021777 Improve:0.000110 	 Time:3.76 Seconds
Solution: 1 4 44 31 48 13 19 21 28 16 12 35 27 23 33 6 10 25 45 22 50 46 17 41 30 39 29 42 9 18 3 8 14 34 49 40 20 24 5 2 26 11 38 36 47 15 7 32 37 43 

Inst_Index:6383 	 City_Num:50 	 Concorde:5.897969 	 MCTS:5.897969 Improve:0.000000 	 Time:3.76 Seconds
Solution: 1 7 43 36 32 13 35 15 38 17 18 20 11 9 12 45 19 47 50 27 42 28 30 10 29 33 46 24 8 26 49 37 34 21 41 5 23 39 40 2 44 4 31 22 3 14 48 16 25 6 

Inst_Index:6384 	 City_Num:50 	 Concorde:6.066808 	 MCTS:6.066808 Improve:0.000000 	 Time:3.76 Seconds
Solution: 1 14 19 5 34 36 28 38 49 29 42 22 6 43 25 15 12 40 48 11 47 26 13 44 10 32 4 9 30 20 41 16 8 24 33 45 35 23 18 27 31 7 2 37 3 39 46 21 50 17 

Inst_Index:6385 	 City_Num:50 	 Concorde:5.772436 	 MCTS:5.772436 Improve:0.000000 	 Time:3.76 Seconds
Solution: 1 49 10 40 17 25 8 33 38 27 28 47 41 13 35 32 45 18 42 7 43 46 29 3 19 11 48 6 30 16 9 37 4 23 31 50 34 15 21 36 20 24 14 5 22 12 44 2 26 39 

Inst_Index:6386 	 City_Num:50 	 Concorde:5.282845 	 MCTS:5.281355 Improve:0.001490 	 Time:3.77 Seconds
Solution: 1 13 5 33 11 38 26 6 44 42 16 10 46 34 23 14 48 15 39 19 29 40 8 9 41 35 32 47 4 25 36 24 31 2 17 12 20 3 21 45 43 49 18 27 28 22 7 37 50 30 

Inst_Index:6387 	 City_Num:50 	 Concorde:6.020427 	 MCTS:6.020427 Improve:-0.000000 	 Time:3.77 Seconds
Solution: 1 5 4 15 9 10 11 28 30 46 45 47 44 13 16 3 24 2 31 48 36 35 41 40 33 26 17 38 20 8 32 39 12 21 49 25 37 6 34 7 18 42 23 14 43 22 50 29 27 19 

Inst_Index:6388 	 City_Num:50 	 Concorde:5.279113 	 MCTS:5.279113 Improve:-0.000000 	 Time:3.76 Seconds
Solution: 1 13 21 19 34 18 3 14 46 8 37 33 17 12 39 11 47 38 44 42 24 25 41 20 9 15 16 36 23 35 2 6 27 32 4 30 10 26 22 28 31 29 45 50 40 48 5 43 7 49 

Inst_Index:6389 	 City_Num:50 	 Concorde:5.572986 	 MCTS:5.572986 Improve:0.000000 	 Time:3.76 Seconds
Solution: 1 19 12 6 36 32 22 44 37 13 48 5 38 45 4 28 43 8 27 42 18 33 47 3 40 41 50 20 11 7 10 26 2 16 17 25 15 46 21 39 14 29 30 23 24 31 35 9 49 34 

Inst_Index:6390 	 City_Num:50 	 Concorde:4.793692 	 MCTS:4.793692 Improve:-0.000000 	 Time:3.76 Seconds
Solution: 1 25 41 33 48 36 45 21 12 42 28 49 24 40 9 14 23 37 3 7 19 32 34 31 2 22 39 27 5 15 6 4 47 46 8 20 29 35 50 43 30 38 44 13 18 17 26 16 10 11 

Inst_Index:6391 	 City_Num:50 	 Concorde:5.827739 	 MCTS:5.826451 Improve:0.001288 	 Time:3.75 Seconds
Solution: 1 8 50 33 29 20 46 34 28 16 36 32 12 14 21 40 3 48 41 19 27 37 31 13 4 49 26 6 7 22 9 17 18 42 35 39 2 47 38 10 43 45 11 30 44 23 25 15 5 24 

Inst_Index:6392 	 City_Num:50 	 Concorde:5.635231 	 MCTS:5.635053 Improve:0.000178 	 Time:3.77 Seconds
Solution: 1 12 18 36 13 42 21 25 33 28 44 6 40 38 14 45 49 17 16 29 26 41 24 19 9 30 47 50 22 2 7 39 32 4 37 15 20 23 10 3 46 31 8 43 11 35 48 27 34 5 

Inst_Index:6393 	 City_Num:50 	 Concorde:5.787683 	 MCTS:5.785518 Improve:0.002166 	 Time:3.75 Seconds
Solution: 1 21 2 16 11 26 20 14 30 8 19 44 12 22 33 3 46 24 50 40 35 49 38 5 18 10 42 39 36 34 47 7 27 37 32 28 48 43 25 41 31 17 4 15 23 6 45 9 13 29 

Inst_Index:6394 	 City_Num:50 	 Concorde:5.980941 	 MCTS:5.980169 Improve:0.000772 	 Time:3.75 Seconds
Solution: 1 10 20 5 4 17 15 44 38 27 2 36 42 32 19 23 21 31 35 30 33 49 48 43 14 3 47 50 7 46 12 41 22 11 37 8 16 29 9 24 18 45 25 6 28 26 39 40 34 13 

Inst_Index:6395 	 City_Num:50 	 Concorde:5.314317 	 MCTS:5.311393 Improve:0.002923 	 Time:3.76 Seconds
Solution: 1 2 31 17 24 35 10 3 32 42 16 37 18 38 14 43 44 11 36 19 34 30 8 15 23 20 40 47 25 13 12 27 29 9 4 39 6 33 49 28 26 45 46 41 48 50 21 7 5 22 

Inst_Index:6396 	 City_Num:50 	 Concorde:5.473356 	 MCTS:5.473356 Improve:-0.000000 	 Time:3.76 Seconds
Solution: 1 4 21 47 32 50 17 39 15 35 46 31 34 29 38 44 28 42 49 24 12 45 41 25 9 36 11 20 3 5 48 23 6 40 14 43 2 13 8 18 7 30 37 26 10 22 33 16 19 27 

Inst_Index:6397 	 City_Num:50 	 Concorde:5.444463 	 MCTS:5.444463 Improve:0.000000 	 Time:3.76 Seconds
Solution: 1 13 19 48 12 7 39 46 32 25 10 35 23 24 21 26 37 38 45 16 5 18 44 47 31 8 9 11 2 42 27 43 50 36 6 29 15 34 30 14 22 49 33 20 3 4 41 40 28 17 

Inst_Index:6398 	 City_Num:50 	 Concorde:5.783697 	 MCTS:5.778431 Improve:0.005266 	 Time:3.75 Seconds
Solution: 1 5 4 27 29 11 25 7 40 14 36 31 39 12 28 43 13 32 10 44 24 19 21 26 47 3 49 2 46 15 22 50 9 34 35 48 41 18 33 45 23 42 20 38 16 17 37 30 8 6 

Inst_Index:6399 	 City_Num:50 	 Concorde:5.229307 	 MCTS:5.229307 Improve:0.000000 	 Time:3.76 Seconds
Solution: 1 40 33 13 30 49 7 2 17 45 50 8 37 16 48 42 24 27 11 20 9 22 35 44 41 31 43 26 3 4 23 36 29 39 5 28 47 15 14 34 10 19 6 21 25 32 12 18 46 38 

Inst_Index:6400 	 City_Num:50 	 Concorde:5.968627 	 MCTS:5.968627 Improve:0.000000 	 Time:3.76 Seconds
Solution: 1 14 48 23 39 36 15 29 35 34 33 31 3 28 24 19 7 21 8 25 22 10 16 37 5 18 17 30 50 4 9 2 49 43 13 40 12 47 46 6 26 11 38 32 44 41 27 42 45 20 

Inst_Index:6401 	 City_Num:50 	 Concorde:5.673168 	 MCTS:5.673168 Improve:0.000000 	 Time:3.76 Seconds
Solution: 1 33 21 25 27 44 2 48 20 31 5 13 10 46 6 40 42 22 11 34 50 23 15 4 26 39 8 16 47 19 41 35 9 36 38 7 30 14 49 18 37 12 45 24 28 32 3 43 29 17 

Inst_Index:6402 	 City_Num:50 	 Concorde:5.475188 	 MCTS:5.471908 Improve:0.003280 	 Time:3.77 Seconds
Solution: 1 18 16 22 24 20 33 10 30 19 26 4 35 14 39 11 37 36 7 43 47 6 9 21 34 23 31 32 15 27 5 49 42 3 12 40 2 25 46 28 38 29 50 45 41 44 48 8 13 17 

Inst_Index:6403 	 City_Num:50 	 Concorde:5.582384 	 MCTS:5.580046 Improve:0.002338 	 Time:3.78 Seconds
Solution: 1 17 34 32 50 21 14 29 36 10 2 20 26 3 5 41 49 48 22 6 37 18 43 27 25 45 19 40 47 15 9 44 30 38 39 7 31 16 42 46 35 28 4 24 33 12 13 23 8 11 

Inst_Index:6404 	 City_Num:50 	 Concorde:5.722185 	 MCTS:5.722185 Improve:0.000000 	 Time:3.75 Seconds
Solution: 1 45 9 46 20 50 49 29 21 27 14 30 25 26 22 39 41 37 10 2 40 47 11 12 4 13 15 32 43 48 24 16 34 19 5 23 8 17 42 18 35 33 6 36 7 44 31 38 3 28 

Inst_Index:6405 	 City_Num:50 	 Concorde:5.202025 	 MCTS:5.195410 Improve:0.006615 	 Time:3.75 Seconds
Solution: 1 45 11 40 16 43 32 23 4 38 17 26 2 41 46 10 7 3 39 20 28 36 15 25 21 19 18 6 35 31 29 12 49 44 5 8 27 37 30 47 24 13 14 48 50 33 9 42 34 22 

Inst_Index:6406 	 City_Num:50 	 Concorde:5.831290 	 MCTS:5.825935 Improve:0.005355 	 Time:3.76 Seconds
Solution: 1 8 6 26 33 15 4 31 40 3 21 14 44 30 32 24 13 18 47 41 35 7 42 29 2 45 50 27 25 5 22 37 20 46 28 36 49 11 39 43 23 12 48 17 34 10 38 16 9 19 

Inst_Index:6407 	 City_Num:50 	 Concorde:5.776864 	 MCTS:5.775362 Improve:0.001503 	 Time:3.76 Seconds
Solution: 1 45 43 6 31 44 41 13 49 20 35 46 8 24 10 48 26 11 29 9 23 27 37 5 12 3 42 16 32 15 4 50 39 38 28 19 36 2 7 17 21 33 18 22 14 40 34 30 47 25 

Inst_Index:6408 	 City_Num:50 	 Concorde:5.901681 	 MCTS:5.900125 Improve:0.001556 	 Time:3.75 Seconds
Solution: 1 26 19 2 41 42 3 45 39 11 33 14 30 13 9 34 50 17 44 7 12 18 8 10 32 28 15 27 31 48 43 47 25 21 40 49 36 22 37 24 5 16 20 29 38 46 23 4 6 35 

Inst_Index:6409 	 City_Num:50 	 Concorde:6.148293 	 MCTS:6.144620 Improve:0.003672 	 Time:3.75 Seconds
Solution: 1 8 25 6 5 50 4 36 17 48 46 49 42 44 28 27 13 26 21 18 3 11 15 2 20 35 7 10 39 43 9 31 16 34 19 41 38 12 30 33 45 37 14 23 29 40 32 24 47 22 

Inst_Index:6410 	 City_Num:50 	 Concorde:5.605035 	 MCTS:5.605035 Improve:0.000000 	 Time:3.75 Seconds
Solution: 1 37 28 4 8 11 13 23 46 32 7 15 10 24 38 25 30 22 5 20 17 27 14 3 19 36 48 31 34 12 35 44 50 45 43 33 26 40 39 2 42 16 29 41 21 49 6 9 18 47 

Inst_Index:6411 	 City_Num:50 	 Concorde:5.229391 	 MCTS:5.226828 Improve:0.002563 	 Time:3.76 Seconds
Solution: 1 28 12 37 24 22 6 25 35 11 33 48 50 44 5 43 45 27 26 19 7 15 2 18 31 41 14 49 30 23 16 8 4 9 13 42 17 34 10 20 32 46 40 36 29 3 47 21 39 38 

Inst_Index:6412 	 City_Num:50 	 Concorde:5.644039 	 MCTS:5.639448 Improve:0.004591 	 Time:3.75 Seconds
Solution: 1 21 13 46 19 18 42 23 5 45 12 31 8 22 11 41 4 49 20 25 43 17 39 16 48 9 28 30 10 27 47 29 24 2 3 36 50 7 14 37 33 26 35 38 34 15 40 44 32 6 

Inst_Index:6413 	 City_Num:50 	 Concorde:5.533650 	 MCTS:5.531156 Improve:0.002494 	 Time:3.76 Seconds
Solution: 1 20 3 36 25 37 26 11 28 18 16 35 19 22 47 14 27 38 45 2 34 39 43 49 31 41 42 8 48 6 12 10 17 13 23 29 44 15 4 33 9 50 32 40 5 21 7 30 46 24 

Inst_Index:6414 	 City_Num:50 	 Concorde:5.875998 	 MCTS:5.875332 Improve:0.000666 	 Time:3.76 Seconds
Solution: 1 16 40 41 15 7 49 17 11 18 46 2 39 50 4 45 31 37 20 38 44 48 19 42 10 24 13 3 23 25 32 21 9 14 22 43 12 33 47 29 8 28 6 35 26 5 34 30 36 27 

Inst_Index:6415 	 City_Num:50 	 Concorde:5.422307 	 MCTS:5.422307 Improve:0.000000 	 Time:3.75 Seconds
Solution: 1 21 7 3 31 18 15 48 28 26 41 16 6 38 29 34 17 22 19 47 39 50 32 49 11 12 25 14 9 30 24 44 23 2 37 8 46 33 40 5 27 4 35 45 36 42 20 43 13 10 

Inst_Index:6416 	 City_Num:50 	 Concorde:5.891192 	 MCTS:5.891192 Improve:0.000000 	 Time:3.77 Seconds
Solution: 1 49 11 25 27 21 38 26 22 47 41 30 45 15 44 20 33 43 37 5 31 46 29 16 4 32 8 13 6 23 19 35 24 10 14 48 12 50 40 39 2 7 34 28 36 3 42 9 18 17 

Inst_Index:6417 	 City_Num:50 	 Concorde:5.543150 	 MCTS:5.543150 Improve:0.000000 	 Time:3.76 Seconds
Solution: 1 20 30 26 5 25 40 47 2 23 48 19 11 43 39 3 41 49 36 35 45 37 4 14 15 16 27 33 12 17 22 13 31 21 7 10 42 46 29 9 28 24 34 6 18 38 32 8 44 50 

Inst_Index:6418 	 City_Num:50 	 Concorde:5.615032 	 MCTS:5.615032 Improve:0.000000 	 Time:3.76 Seconds
Solution: 1 47 48 43 38 14 37 25 22 6 40 10 8 15 29 24 13 23 19 34 42 31 18 36 50 7 46 44 49 41 12 9 3 4 5 20 35 45 32 2 28 11 39 21 33 17 30 16 26 27 

Inst_Index:6419 	 City_Num:50 	 Concorde:5.535511 	 MCTS:5.520594 Improve:0.014917 	 Time:3.78 Seconds
Solution: 1 39 26 21 32 42 31 8 18 13 17 3 11 12 49 14 28 33 41 27 48 29 25 2 4 43 30 46 16 7 6 50 20 35 38 9 5 24 22 15 40 10 45 44 23 34 47 37 19 36 

Inst_Index:6420 	 City_Num:50 	 Concorde:6.053751 	 MCTS:6.053751 Improve:0.000000 	 Time:3.76 Seconds
Solution: 1 14 20 24 16 40 28 23 46 35 5 30 26 27 22 39 19 43 47 44 2 33 10 37 25 3 6 41 7 9 48 8 34 29 11 38 4 21 36 45 31 13 42 32 17 49 15 50 18 12 

Inst_Index:6421 	 City_Num:50 	 Concorde:5.682533 	 MCTS:5.675213 Improve:0.007321 	 Time:3.75 Seconds
Solution: 1 32 22 2 18 37 45 21 5 27 26 35 39 20 49 16 14 33 29 15 46 7 34 13 42 28 41 19 36 25 44 11 3 6 38 4 10 31 50 17 48 24 47 12 8 43 9 23 30 40 

Inst_Index:6422 	 City_Num:50 	 Concorde:5.754176 	 MCTS:5.754176 Improve:0.000000 	 Time:3.76 Seconds
Solution: 1 45 39 37 41 9 2 5 24 36 7 28 40 19 49 22 10 43 48 18 35 26 27 8 17 20 16 29 6 42 38 3 31 12 44 33 46 47 13 34 32 4 15 25 23 11 14 50 30 21 

Inst_Index:6423 	 City_Num:50 	 Concorde:5.471025 	 MCTS:5.467384 Improve:0.003641 	 Time:3.76 Seconds
Solution: 1 19 25 23 3 44 36 38 17 16 6 45 21 14 39 4 7 48 13 10 5 40 18 8 46 47 26 41 2 22 32 42 15 33 31 43 34 27 37 50 35 11 49 20 28 29 30 12 9 24 

Inst_Index:6424 	 City_Num:50 	 Concorde:5.317447 	 MCTS:5.317447 Improve:-0.000000 	 Time:3.77 Seconds
Solution: 1 43 22 10 49 28 17 34 35 3 18 30 21 45 8 2 4 11 47 41 5 33 27 6 13 24 16 31 32 42 15 38 20 40 50 19 14 37 29 25 9 46 36 48 26 23 7 12 44 39 

Inst_Index:6425 	 City_Num:50 	 Concorde:5.620310 	 MCTS:5.618989 Improve:0.001321 	 Time:3.77 Seconds
Solution: 1 33 34 29 20 36 6 50 2 42 24 45 31 35 5 15 12 16 13 18 25 10 32 41 38 37 9 27 7 48 26 23 17 8 28 30 47 3 46 39 21 22 40 11 19 49 44 14 4 43 

Inst_Index:6426 	 City_Num:50 	 Concorde:5.386141 	 MCTS:5.386141 Improve:-0.000000 	 Time:3.78 Seconds
Solution: 1 10 18 16 32 12 11 43 21 34 8 9 39 22 3 23 24 4 20 19 2 5 17 36 38 33 31 37 48 28 27 29 26 30 47 50 35 42 13 49 7 25 15 6 40 44 14 45 41 46 

Inst_Index:6427 	 City_Num:50 	 Concorde:5.779931 	 MCTS:5.778926 Improve:0.001005 	 Time:3.75 Seconds
Solution: 1 44 48 31 41 26 16 8 15 2 11 27 32 19 39 20 46 3 35 43 22 34 42 10 17 47 28 50 33 36 25 23 38 6 37 5 18 29 9 7 4 40 13 45 12 24 21 14 49 30 

Inst_Index:6428 	 City_Num:50 	 Concorde:5.673639 	 MCTS:5.673639 Improve:0.000000 	 Time:3.76 Seconds
Solution: 1 49 32 2 11 37 48 35 20 41 16 46 24 38 34 31 10 3 45 8 25 50 40 18 21 17 13 26 43 9 47 5 27 23 33 14 44 28 42 15 36 4 30 12 22 29 7 6 19 39 

Inst_Index:6429 	 City_Num:50 	 Concorde:5.753468 	 MCTS:5.753305 Improve:0.000162 	 Time:3.76 Seconds
Solution: 1 28 15 10 16 41 30 45 8 39 19 36 47 32 25 7 46 42 37 33 26 40 17 2 27 38 34 5 9 12 31 18 35 6 29 48 21 14 20 11 3 50 49 23 22 4 13 44 24 43 

Inst_Index:6430 	 City_Num:50 	 Concorde:5.598693 	 MCTS:5.590366 Improve:0.008327 	 Time:3.75 Seconds
Solution: 1 49 2 19 35 22 7 27 3 23 14 39 28 24 47 30 33 41 17 32 45 31 5 20 37 25 9 40 50 4 8 38 42 13 16 6 36 43 15 12 48 46 10 11 21 26 18 34 29 44 

Inst_Index:6431 	 City_Num:50 	 Concorde:5.511160 	 MCTS:5.511160 Improve:0.000000 	 Time:3.76 Seconds
Solution: 1 40 39 19 17 29 25 20 38 35 27 26 9 16 13 8 41 48 7 3 50 11 4 34 5 23 24 44 21 49 47 18 28 45 43 10 37 22 15 14 36 31 12 46 42 30 2 32 6 33 

Inst_Index:6432 	 City_Num:50 	 Concorde:5.766489 	 MCTS:5.764326 Improve:0.002163 	 Time:3.76 Seconds
Solution: 1 32 7 17 10 11 26 21 6 28 31 40 42 14 47 35 8 19 20 34 4 44 13 37 27 25 12 9 41 33 23 3 22 43 5 38 45 29 46 49 16 50 24 39 30 36 48 2 18 15 

Inst_Index:6433 	 City_Num:50 	 Concorde:5.172804 	 MCTS:5.170858 Improve:0.001946 	 Time:3.75 Seconds
Solution: 1 12 30 36 43 16 14 24 40 2 3 48 44 38 32 26 9 41 50 18 11 4 17 5 22 35 13 25 39 28 45 6 37 15 49 10 31 19 20 21 29 34 33 23 46 42 27 7 47 8 

Inst_Index:6434 	 City_Num:50 	 Concorde:5.813644 	 MCTS:5.809426 Improve:0.004218 	 Time:3.76 Seconds
Solution: 1 9 35 43 17 42 21 25 26 6 29 7 30 14 50 12 40 23 2 49 37 18 15 32 27 47 38 31 34 24 16 22 48 8 44 46 13 4 19 10 3 36 33 11 5 28 20 41 39 45 

Inst_Index:6435 	 City_Num:50 	 Concorde:6.191499 	 MCTS:6.188270 Improve:0.003229 	 Time:3.76 Seconds
Solution: 1 27 12 26 21 18 9 11 23 16 5 4 13 33 15 8 10 17 37 2 22 25 41 36 44 34 35 32 50 29 20 31 40 46 28 45 6 24 3 14 39 47 38 43 42 19 7 48 30 49 

Inst_Index:6436 	 City_Num:50 	 Concorde:5.605810 	 MCTS:5.603268 Improve:0.002542 	 Time:3.76 Seconds
Solution: 1 25 8 18 27 50 23 40 12 5 49 48 35 21 38 24 32 4 36 17 42 44 37 28 30 20 10 22 13 15 14 46 41 9 7 6 43 45 26 33 39 29 2 34 19 16 3 31 11 47 

Inst_Index:6437 	 City_Num:50 	 Concorde:5.581908 	 MCTS:5.581908 Improve:-0.000000 	 Time:3.75 Seconds
Solution: 1 46 7 49 23 50 3 21 41 9 24 5 2 45 20 25 12 19 37 39 27 17 43 16 4 26 29 32 44 48 31 14 10 28 42 6 33 30 34 47 38 40 15 22 35 8 18 13 36 11 

Inst_Index:6438 	 City_Num:50 	 Concorde:5.848190 	 MCTS:5.848190 Improve:0.000000 	 Time:3.76 Seconds
Solution: 1 38 33 48 25 21 5 41 29 30 20 11 49 23 17 50 7 18 3 9 32 47 22 13 27 6 4 24 19 39 46 36 10 28 8 34 14 42 16 12 35 37 45 43 2 15 26 31 40 44 

Inst_Index:6439 	 City_Num:50 	 Concorde:5.934877 	 MCTS:5.931035 Improve:0.003841 	 Time:3.77 Seconds
Solution: 1 23 34 15 43 6 25 40 9 36 50 44 45 28 33 19 46 21 32 35 13 31 27 2 18 17 37 39 4 42 47 49 11 14 41 7 8 26 48 5 30 3 24 29 22 16 10 12 20 38 

Inst_Index:6440 	 City_Num:50 	 Concorde:5.622782 	 MCTS:5.622730 Improve:0.000052 	 Time:3.75 Seconds
Solution: 1 41 9 7 39 12 24 37 28 31 21 36 43 13 22 26 15 23 45 35 5 8 19 10 20 47 38 44 49 25 48 16 46 18 29 27 40 14 17 4 6 42 32 30 2 34 11 33 3 50 

Inst_Index:6441 	 City_Num:50 	 Concorde:5.953912 	 MCTS:5.953912 Improve:0.000000 	 Time:3.76 Seconds
Solution: 1 20 9 37 43 21 7 30 32 18 49 6 47 31 38 42 48 16 8 24 45 22 41 46 15 28 34 4 27 25 44 35 11 3 2 14 10 19 39 13 29 40 12 17 50 26 5 33 23 36 

Inst_Index:6442 	 City_Num:50 	 Concorde:5.414962 	 MCTS:5.412742 Improve:0.002220 	 Time:3.76 Seconds
Solution: 1 9 28 5 24 35 48 7 3 11 47 44 30 22 12 32 34 33 19 26 49 39 15 2 31 4 21 37 17 27 36 50 20 13 45 10 18 29 6 14 25 16 38 42 8 41 23 40 46 43 

Inst_Index:6443 	 City_Num:50 	 Concorde:5.890415 	 MCTS:5.887954 Improve:0.002461 	 Time:3.77 Seconds
Solution: 1 5 40 41 48 49 30 33 20 3 19 15 27 29 37 21 50 10 7 44 46 42 4 18 25 9 35 31 28 6 12 34 11 8 24 13 14 23 39 2 22 26 32 17 36 45 38 43 16 47 

Inst_Index:6444 	 City_Num:50 	 Concorde:5.764689 	 MCTS:5.764689 Improve:-0.000000 	 Time:3.76 Seconds
Solution: 1 23 37 47 5 13 3 18 40 50 11 32 9 43 30 17 2 46 34 35 38 26 41 15 25 8 20 19 49 21 14 16 24 36 7 42 33 6 29 28 27 39 4 12 44 10 48 31 45 22 

Inst_Index:6445 	 City_Num:50 	 Concorde:5.676359 	 MCTS:5.671793 Improve:0.004566 	 Time:3.75 Seconds
Solution: 1 16 25 4 41 42 10 30 19 6 22 14 48 33 12 18 43 40 13 26 28 44 46 50 38 3 11 27 29 47 21 35 5 36 32 39 2 17 20 45 24 34 31 15 23 7 9 49 37 8 

Inst_Index:6446 	 City_Num:50 	 Concorde:5.790703 	 MCTS:5.790703 Improve:0.000000 	 Time:3.76 Seconds
Solution: 1 40 28 9 19 20 8 13 34 10 48 38 30 31 43 47 29 2 24 35 21 4 27 26 17 45 44 23 32 25 16 33 7 14 22 42 6 50 3 37 5 18 12 11 49 15 41 36 46 39 

Inst_Index:6447 	 City_Num:50 	 Concorde:5.667544 	 MCTS:5.662726 Improve:0.004819 	 Time:3.75 Seconds
Solution: 1 2 38 37 8 33 27 50 47 20 35 41 16 46 13 34 19 12 24 3 6 26 7 18 30 45 10 36 11 22 29 17 40 44 23 42 25 31 14 21 9 5 49 28 15 48 32 43 39 4 

Inst_Index:6448 	 City_Num:50 	 Concorde:5.626019 	 MCTS:5.626019 Improve:0.000000 	 Time:3.78 Seconds
Solution: 1 39 5 27 31 42 33 45 14 25 4 24 34 32 35 23 11 40 36 43 48 3 29 28 19 6 46 22 20 7 41 16 47 13 21 18 37 49 38 8 2 30 12 44 9 15 26 10 17 50 

Inst_Index:6449 	 City_Num:50 	 Concorde:5.824903 	 MCTS:5.824903 Improve:-0.000000 	 Time:3.75 Seconds
Solution: 1 10 20 41 13 30 15 38 42 43 32 27 39 17 16 47 2 11 46 21 24 18 34 50 36 40 37 7 4 6 49 19 25 22 23 26 9 14 45 28 12 3 5 31 48 44 29 8 33 35 

Inst_Index:6450 	 City_Num:50 	 Concorde:5.570483 	 MCTS:5.570483 Improve:-0.000000 	 Time:3.75 Seconds
Solution: 1 3 27 8 15 5 43 24 28 44 22 40 50 12 2 21 37 19 13 4 6 10 35 23 33 7 39 42 49 48 38 14 16 31 20 36 26 9 41 46 11 47 45 17 18 29 30 32 25 34 

Inst_Index:6451 	 City_Num:50 	 Concorde:6.217361 	 MCTS:6.214691 Improve:0.002670 	 Time:3.76 Seconds
Solution: 1 46 10 20 47 25 31 3 36 18 14 42 7 30 48 28 12 27 33 38 49 43 4 13 2 26 40 44 39 23 21 15 5 16 37 24 19 29 45 35 41 50 11 22 17 8 32 9 34 6 

Inst_Index:6452 	 City_Num:50 	 Concorde:5.632497 	 MCTS:5.632497 Improve:-0.000000 	 Time:3.77 Seconds
Solution: 1 46 15 3 9 14 50 37 16 18 19 20 45 6 47 4 27 41 30 31 23 10 2 17 29 39 7 28 35 36 32 24 8 38 42 26 33 43 49 13 12 44 22 11 25 21 48 5 40 34 

Inst_Index:6453 	 City_Num:50 	 Concorde:6.015737 	 MCTS:6.013265 Improve:0.002472 	 Time:3.77 Seconds
Solution: 1 19 42 39 50 47 43 26 25 11 40 35 21 24 8 10 44 12 31 30 38 37 4 49 7 20 18 22 27 3 32 17 5 23 48 46 2 13 29 41 28 15 34 33 14 45 9 36 16 6 

Inst_Index:6454 	 City_Num:50 	 Concorde:5.463288 	 MCTS:5.463288 Improve:-0.000000 	 Time:3.76 Seconds
Solution: 1 4 20 43 47 46 22 7 14 29 50 25 9 15 45 11 32 19 36 37 30 24 3 48 6 38 44 41 42 5 23 33 40 49 10 28 17 21 2 13 39 35 27 12 8 18 16 31 26 34 

Inst_Index:6455 	 City_Num:50 	 Concorde:5.565434 	 MCTS:5.565434 Improve:0.000000 	 Time:3.77 Seconds
Solution: 1 14 45 11 32 46 25 29 9 23 3 5 31 41 18 39 20 16 8 2 37 49 36 27 30 42 33 15 13 24 50 47 21 44 17 10 48 4 12 35 43 40 28 38 34 22 7 6 26 19 

Inst_Index:6456 	 City_Num:50 	 Concorde:5.788092 	 MCTS:5.788092 Improve:-0.000000 	 Time:3.75 Seconds
Solution: 1 33 7 46 11 44 45 26 30 14 2 36 50 47 35 16 39 21 49 25 31 37 5 9 41 15 4 8 24 19 34 6 12 20 48 10 23 27 29 17 28 43 40 32 22 3 18 13 42 38 

Inst_Index:6457 	 City_Num:50 	 Concorde:5.154598 	 MCTS:5.154598 Improve:0.000000 	 Time:3.76 Seconds
Solution: 1 45 15 19 22 44 38 42 11 32 6 4 48 17 34 8 46 37 3 31 14 16 28 2 39 12 21 10 27 13 25 49 33 50 26 36 29 30 7 47 24 35 5 41 9 43 23 18 40 20 

Inst_Index:6458 	 City_Num:50 	 Concorde:5.896604 	 MCTS:5.894310 Improve:0.002295 	 Time:3.77 Seconds
Solution: 1 32 13 10 3 46 18 30 7 6 48 11 43 2 47 38 41 19 14 9 25 35 23 26 31 20 8 15 39 37 33 22 50 4 28 27 29 40 16 45 12 49 42 5 36 21 44 24 34 17 

Inst_Index:6459 	 City_Num:50 	 Concorde:5.563644 	 MCTS:5.563644 Improve:0.000000 	 Time:3.75 Seconds
Solution: 1 48 3 23 34 32 50 12 46 20 38 8 28 16 27 4 49 36 15 37 9 30 10 14 41 6 43 17 13 45 26 29 44 5 35 25 22 19 31 39 42 47 18 2 7 21 33 40 11 24 

Inst_Index:6460 	 City_Num:50 	 Concorde:5.754936 	 MCTS:5.746321 Improve:0.008616 	 Time:3.77 Seconds
Solution: 1 43 8 27 3 22 46 39 47 15 29 42 35 45 34 10 16 28 18 2 23 37 32 24 36 4 31 40 20 25 38 26 6 9 48 30 14 7 19 12 11 41 13 17 5 49 33 44 50 21 

Inst_Index:6461 	 City_Num:50 	 Concorde:6.280678 	 MCTS:6.280678 Improve:-0.000000 	 Time:3.76 Seconds
Solution: 1 45 40 13 21 35 10 8 44 50 41 25 33 19 11 26 37 15 49 29 39 3 48 38 6 27 20 42 28 2 46 17 34 7 32 12 9 31 24 23 14 36 18 22 4 30 5 16 43 47 

Inst_Index:6462 	 City_Num:50 	 Concorde:5.327983 	 MCTS:5.327983 Improve:0.000000 	 Time:3.79 Seconds
Solution: 1 25 47 28 13 16 35 14 2 17 7 20 24 6 32 4 15 21 31 46 44 11 40 30 43 49 18 34 29 37 23 5 3 42 38 26 50 48 39 19 8 27 41 12 22 45 10 36 9 33 

Inst_Index:6463 	 City_Num:50 	 Concorde:5.402489 	 MCTS:5.400283 Improve:0.002205 	 Time:3.76 Seconds
Solution: 1 19 34 3 37 42 33 27 24 14 49 30 21 38 43 12 9 2 8 48 36 35 10 4 41 26 17 31 5 50 46 20 28 16 25 15 22 47 7 44 39 13 11 29 6 23 18 32 40 45 

Inst_Index:6464 	 City_Num:50 	 Concorde:6.016568 	 MCTS:6.016568 Improve:0.000000 	 Time:3.76 Seconds
Solution: 1 37 2 42 7 22 15 25 26 8 19 20 38 30 21 35 9 43 32 17 36 5 3 16 23 39 44 40 24 4 18 13 27 47 41 45 33 11 34 46 49 29 48 14 12 31 28 6 50 10 

Inst_Index:6465 	 City_Num:50 	 Concorde:5.822238 	 MCTS:5.822238 Improve:0.000000 	 Time:3.76 Seconds
Solution: 1 32 10 38 22 49 45 37 41 27 28 35 6 21 44 9 12 42 24 25 33 14 5 19 31 39 34 47 4 43 50 15 46 20 16 11 23 36 2 17 40 13 26 18 30 48 29 3 8 7 

Inst_Index:6466 	 City_Num:50 	 Concorde:5.677053 	 MCTS:5.677053 Improve:0.000000 	 Time:3.76 Seconds
Solution: 1 38 13 35 17 45 9 28 34 22 23 4 11 50 25 37 5 41 8 48 30 29 32 31 39 43 15 36 24 20 12 2 40 49 3 16 47 19 21 46 27 7 33 14 42 26 6 44 18 10 

Inst_Index:6467 	 City_Num:50 	 Concorde:5.738508 	 MCTS:5.738508 Improve:-0.000000 	 Time:3.75 Seconds
Solution: 1 35 4 5 33 45 29 24 38 42 18 27 12 2 8 21 23 41 28 10 15 44 36 17 49 11 32 14 6 19 47 22 26 3 16 7 20 37 30 48 13 31 46 40 50 39 43 34 25 9 

Inst_Index:6468 	 City_Num:50 	 Concorde:5.900147 	 MCTS:5.900147 Improve:-0.000000 	 Time:3.75 Seconds
Solution: 1 22 21 9 19 8 16 7 50 31 49 24 32 44 27 47 29 37 2 3 33 28 11 34 14 12 17 46 40 45 18 41 36 48 43 6 42 13 39 25 30 15 5 38 20 26 10 23 4 35 

Inst_Index:6469 	 City_Num:50 	 Concorde:5.685359 	 MCTS:5.685359 Improve:0.000000 	 Time:3.76 Seconds
Solution: 1 39 4 15 9 45 28 35 8 37 10 36 25 33 2 22 21 41 47 3 24 23 6 43 13 7 16 14 34 46 18 11 5 29 26 12 50 17 31 49 40 42 44 48 32 27 38 19 30 20 

Inst_Index:6470 	 City_Num:50 	 Concorde:5.548387 	 MCTS:5.544444 Improve:0.003943 	 Time:3.76 Seconds
Solution: 1 29 6 42 39 34 37 47 10 12 43 28 2 13 26 33 23 36 18 22 44 3 25 41 24 20 38 5 4 35 17 19 11 15 16 30 40 14 50 7 9 31 45 49 48 27 32 21 8 46 

Inst_Index:6471 	 City_Num:50 	 Concorde:5.894007 	 MCTS:5.894007 Improve:-0.000000 	 Time:3.76 Seconds
Solution: 1 40 13 47 12 30 25 38 10 6 48 11 23 43 27 20 28 7 39 50 3 9 8 18 15 14 33 24 44 29 46 36 4 2 32 19 42 21 45 16 35 41 22 31 5 34 17 49 26 37 

Inst_Index:6472 	 City_Num:50 	 Concorde:5.679224 	 MCTS:5.670586 Improve:0.008637 	 Time:3.76 Seconds
Solution: 1 5 10 27 41 2 17 29 18 26 36 24 39 7 47 37 34 12 31 38 42 50 15 28 33 35 49 3 22 13 21 9 8 11 25 16 30 40 19 48 44 4 45 43 20 6 14 32 46 23 

Inst_Index:6473 	 City_Num:50 	 Concorde:5.587889 	 MCTS:5.586700 Improve:0.001189 	 Time:3.76 Seconds
Solution: 1 43 17 33 36 9 29 4 32 22 10 14 16 12 31 26 34 23 45 40 27 49 47 48 50 39 20 42 37 24 30 7 6 35 41 2 8 46 19 15 3 44 25 38 5 13 11 18 28 21 

Inst_Index:6474 	 City_Num:50 	 Concorde:5.318655 	 MCTS:5.314970 Improve:0.003684 	 Time:3.77 Seconds
Solution: 1 40 8 37 20 42 36 22 38 31 17 33 25 14 45 5 28 30 27 26 2 47 32 6 19 34 29 48 23 46 21 50 41 12 9 43 16 11 18 4 49 15 7 39 24 44 13 3 35 10 

Inst_Index:6475 	 City_Num:50 	 Concorde:5.311808 	 MCTS:5.308939 Improve:0.002869 	 Time:3.76 Seconds
Solution: 1 29 9 2 14 50 28 46 20 24 25 11 37 10 7 36 4 45 32 8 35 31 13 19 34 30 5 3 42 22 39 49 26 17 43 12 21 16 38 18 47 27 41 15 33 48 44 40 6 23 

Inst_Index:6476 	 City_Num:50 	 Concorde:5.436071 	 MCTS:5.431924 Improve:0.004147 	 Time:3.76 Seconds
Solution: 1 3 37 6 43 12 10 15 46 18 41 28 30 31 19 20 32 25 22 26 11 44 24 4 35 39 29 2 14 49 34 33 16 38 7 5 17 27 50 40 9 13 45 23 21 36 48 42 8 47 

Inst_Index:6477 	 City_Num:50 	 Concorde:6.388119 	 MCTS:6.386809 Improve:0.001310 	 Time:3.76 Seconds
Solution: 1 23 32 28 14 49 22 39 27 9 37 41 3 17 26 38 7 31 16 40 30 12 24 46 20 11 5 50 43 35 34 36 47 2 6 8 4 13 42 15 19 21 10 48 33 25 29 18 44 45 

Inst_Index:6478 	 City_Num:50 	 Concorde:5.515446 	 MCTS:5.515446 Improve:-0.000000 	 Time:3.75 Seconds
Solution: 1 9 26 36 17 24 13 42 19 38 20 48 12 15 49 35 32 7 10 5 39 22 40 37 33 27 23 30 28 18 46 50 11 44 47 34 21 43 2 8 29 25 16 41 4 3 45 31 14 6 

Inst_Index:6479 	 City_Num:50 	 Concorde:5.598365 	 MCTS:5.596262 Improve:0.002103 	 Time:3.77 Seconds
Solution: 1 16 8 10 49 42 28 18 32 5 38 9 41 34 19 17 44 33 20 39 31 21 29 27 24 48 14 6 4 43 15 37 7 2 25 23 13 11 26 47 46 45 12 22 3 50 30 35 36 40 

Inst_Index:6480 	 City_Num:50 	 Concorde:5.478938 	 MCTS:5.478938 Improve:0.000000 	 Time:3.77 Seconds
Solution: 1 16 42 46 14 22 28 34 45 10 19 7 18 33 11 30 23 40 13 6 32 9 48 36 24 38 49 27 41 17 4 31 47 8 29 35 39 21 26 25 2 12 43 37 15 50 20 5 44 3 

Inst_Index:6481 	 City_Num:50 	 Concorde:5.694211 	 MCTS:5.694211 Improve:-0.000000 	 Time:3.77 Seconds
Solution: 1 11 39 29 38 28 43 5 45 6 40 19 18 49 10 36 17 16 44 4 37 33 8 20 32 47 42 7 22 9 31 14 30 27 46 50 15 3 24 48 41 12 26 2 13 35 21 23 25 34 

Inst_Index:6482 	 City_Num:50 	 Concorde:5.818139 	 MCTS:5.817273 Improve:0.000866 	 Time:3.77 Seconds
Solution: 1 22 29 5 15 10 19 14 23 24 18 50 47 35 9 28 16 41 31 40 30 6 44 20 21 34 27 3 43 4 48 45 17 39 33 46 25 12 11 26 36 8 37 38 13 42 7 2 49 32 

Inst_Index:6483 	 City_Num:50 	 Concorde:5.363853 	 MCTS:5.363853 Improve:0.000000 	 Time:3.75 Seconds
Solution: 1 28 43 46 15 37 32 42 21 5 2 8 9 25 39 10 3 38 34 50 17 45 41 47 11 27 7 16 48 18 22 12 13 40 6 31 49 33 19 29 44 24 14 36 30 23 26 20 35 4 

Inst_Index:6484 	 City_Num:50 	 Concorde:5.829487 	 MCTS:5.829487 Improve:-0.000000 	 Time:3.76 Seconds
Solution: 1 12 5 21 48 6 25 42 41 31 11 45 29 50 16 39 22 18 32 7 13 14 43 4 3 46 8 33 15 47 27 49 35 19 28 40 38 34 9 24 37 30 10 23 36 44 2 26 17 20 

Inst_Index:6485 	 City_Num:50 	 Concorde:5.753450 	 MCTS:5.753450 Improve:0.000000 	 Time:3.76 Seconds
Solution: 1 33 3 29 32 2 25 45 18 39 46 10 9 11 31 8 19 7 48 5 41 4 27 34 30 35 42 43 37 47 21 38 12 23 24 16 28 44 14 6 13 15 50 17 20 40 22 36 49 26 

Inst_Index:6486 	 City_Num:50 	 Concorde:5.590810 	 MCTS:5.590757 Improve:0.000053 	 Time:3.75 Seconds
Solution: 1 12 4 16 8 45 40 49 26 9 47 6 18 41 50 10 30 33 24 15 19 44 35 22 2 11 21 43 17 25 7 48 42 36 32 29 34 39 13 3 23 14 20 27 38 5 31 37 46 28 

Inst_Index:6487 	 City_Num:50 	 Concorde:5.621141 	 MCTS:5.621141 Improve:0.000000 	 Time:3.75 Seconds
Solution: 1 47 42 5 33 15 22 48 37 25 11 30 4 39 19 13 2 46 34 36 6 44 41 8 32 10 17 40 45 20 18 49 9 16 14 50 29 7 27 31 24 12 23 38 21 35 26 28 43 3 

Inst_Index:6488 	 City_Num:50 	 Concorde:5.761146 	 MCTS:5.756046 Improve:0.005100 	 Time:3.75 Seconds
Solution: 1 18 7 33 26 11 3 45 9 25 38 46 47 37 6 24 13 30 4 48 34 32 44 23 40 22 10 41 21 39 20 5 28 27 50 29 12 36 14 43 2 15 49 17 8 19 42 16 31 35 

Inst_Index:6489 	 City_Num:50 	 Concorde:5.948605 	 MCTS:5.943882 Improve:0.004723 	 Time:3.77 Seconds
Solution: 1 23 20 3 46 2 34 50 44 39 10 19 9 5 13 15 6 7 33 40 12 4 42 32 41 37 28 35 14 49 24 22 21 11 45 17 18 29 31 47 16 43 25 48 8 36 27 30 38 26 

Inst_Index:6490 	 City_Num:50 	 Concorde:5.813539 	 MCTS:5.810818 Improve:0.002721 	 Time:3.76 Seconds
Solution: 1 15 47 37 19 28 25 39 23 41 50 8 49 38 43 29 13 5 10 7 21 9 40 46 22 42 32 14 48 4 27 2 11 18 17 26 31 35 36 33 30 45 24 3 34 20 12 16 6 44 

Inst_Index:6491 	 City_Num:50 	 Concorde:5.818868 	 MCTS:5.815434 Improve:0.003434 	 Time:3.77 Seconds
Solution: 1 33 39 17 32 37 18 47 23 31 2 12 35 36 16 10 27 28 4 19 42 40 9 43 26 44 7 38 46 30 15 22 25 13 48 24 50 34 49 11 21 14 20 5 29 3 41 6 8 45 

Inst_Index:6492 	 City_Num:50 	 Concorde:5.487434 	 MCTS:5.487434 Improve:-0.000000 	 Time:3.76 Seconds
Solution: 1 31 39 29 4 50 45 15 23 22 11 2 5 10 37 27 46 3 25 7 32 36 18 44 49 42 41 16 9 28 8 26 40 19 17 12 48 13 38 33 43 14 35 30 20 24 21 34 47 6 

Inst_Index:6493 	 City_Num:50 	 Concorde:5.535574 	 MCTS:5.534745 Improve:0.000829 	 Time:3.78 Seconds
Solution: 1 37 32 12 17 8 49 7 35 20 19 13 44 21 9 28 47 38 45 6 43 39 14 3 40 10 50 18 31 30 23 41 27 22 48 42 34 29 24 25 26 36 4 16 33 15 5 46 2 11 

Inst_Index:6494 	 City_Num:50 	 Concorde:5.341904 	 MCTS:5.340160 Improve:0.001744 	 Time:3.77 Seconds
Solution: 1 2 34 39 23 50 38 28 37 22 45 17 8 21 30 18 3 15 26 11 33 25 43 19 44 12 16 7 29 14 32 10 5 35 31 42 46 6 20 27 9 36 13 24 41 48 47 4 40 49 

Inst_Index:6495 	 City_Num:50 	 Concorde:5.684925 	 MCTS:5.677916 Improve:0.007009 	 Time:3.77 Seconds
Solution: 1 50 25 31 23 29 28 35 34 26 24 9 48 49 20 11 43 6 3 10 38 46 30 32 18 45 36 40 44 7 15 27 2 22 16 8 13 17 33 14 19 4 42 41 39 12 37 5 21 47 

Inst_Index:6496 	 City_Num:50 	 Concorde:5.999697 	 MCTS:5.999697 Improve:0.000000 	 Time:3.75 Seconds
Solution: 1 3 50 45 20 26 19 12 23 27 21 49 48 6 5 36 29 39 15 46 4 8 37 14 13 47 11 43 17 25 30 24 34 42 22 35 18 2 44 32 28 9 41 38 16 31 40 7 10 33 

Inst_Index:6497 	 City_Num:50 	 Concorde:5.284772 	 MCTS:5.283242 Improve:0.001530 	 Time:3.76 Seconds
Solution: 1 3 28 34 29 8 47 45 4 23 46 25 26 14 41 17 35 31 42 24 33 22 43 16 15 18 7 27 44 13 50 39 37 38 30 5 6 20 10 48 49 32 19 2 40 12 11 21 9 36 

Inst_Index:6498 	 City_Num:50 	 Concorde:5.482704 	 MCTS:5.481501 Improve:0.001203 	 Time:3.76 Seconds
Solution: 1 34 27 29 28 4 21 16 44 12 48 35 39 30 10 33 14 20 41 45 50 5 46 24 23 11 13 42 22 26 36 2 6 49 37 25 31 47 18 15 19 9 43 3 8 40 17 38 32 7 

Inst_Index:6499 	 City_Num:50 	 Concorde:5.664723 	 MCTS:5.664723 Improve:-0.000000 	 Time:3.76 Seconds
Solution: 1 21 39 30 20 28 34 16 19 49 48 23 50 29 3 44 4 24 42 17 18 9 31 10 37 36 33 46 27 25 11 12 41 8 7 5 43 26 32 45 13 47 35 2 15 22 38 14 6 40 

Inst_Index:6500 	 City_Num:50 	 Concorde:5.968279 	 MCTS:5.968279 Improve:0.000000 	 Time:3.78 Seconds
Solution: 1 7 25 45 17 30 34 2 11 3 10 15 16 4 27 33 44 29 13 49 6 12 9 50 46 24 28 19 38 26 35 21 18 47 31 8 40 48 39 32 5 22 36 37 14 23 41 43 20 42 

Inst_Index:6501 	 City_Num:50 	 Concorde:5.658897 	 MCTS:5.658897 Improve:0.000000 	 Time:3.75 Seconds
Solution: 1 6 2 49 31 50 22 10 20 13 23 42 11 46 21 27 37 29 38 35 25 7 45 5 8 26 12 16 15 44 28 34 36 48 47 41 17 14 33 9 32 18 24 4 3 19 30 39 40 43 

Inst_Index:6502 	 City_Num:50 	 Concorde:5.469282 	 MCTS:5.469282 Improve:0.000000 	 Time:3.77 Seconds
Solution: 1 22 37 36 40 30 18 46 27 25 21 45 31 34 49 6 14 13 33 2 44 8 38 24 9 4 26 20 42 7 16 35 39 32 29 5 10 19 43 23 17 15 47 41 12 28 50 3 11 48 

Inst_Index:6503 	 City_Num:50 	 Concorde:5.474912 	 MCTS:5.471906 Improve:0.003006 	 Time:3.76 Seconds
Solution: 1 26 38 37 4 22 8 34 48 47 36 33 11 32 23 29 24 50 18 40 17 28 30 45 20 3 49 9 25 35 7 12 27 41 13 39 44 21 46 14 43 2 31 5 10 15 19 6 42 16 

Inst_Index:6504 	 City_Num:50 	 Concorde:5.798471 	 MCTS:5.791306 Improve:0.007164 	 Time:3.75 Seconds
Solution: 1 29 26 48 19 38 5 9 42 44 33 35 22 4 12 30 41 16 25 20 18 3 36 8 39 31 7 40 14 34 23 37 49 32 43 24 45 11 27 10 13 2 17 46 47 28 21 6 50 15 

Inst_Index:6505 	 City_Num:50 	 Concorde:5.688554 	 MCTS:5.688554 Improve:-0.000000 	 Time:3.76 Seconds
Solution: 1 36 25 13 17 14 10 23 50 27 22 32 21 34 11 41 33 26 16 43 29 37 12 3 20 35 40 2 48 7 15 4 6 49 39 45 46 44 42 18 9 47 5 24 30 31 38 28 8 19 

Inst_Index:6506 	 City_Num:50 	 Concorde:5.505377 	 MCTS:5.505377 Improve:-0.000000 	 Time:3.76 Seconds
Solution: 1 21 10 2 36 32 26 50 5 29 16 42 39 11 13 23 4 44 35 41 33 38 18 40 49 48 27 47 15 8 28 9 43 24 45 25 3 37 17 19 30 7 22 14 34 20 6 31 46 12 

Inst_Index:6507 	 City_Num:50 	 Concorde:5.999177 	 MCTS:5.995231 Improve:0.003946 	 Time:3.76 Seconds
Solution: 1 50 16 44 20 9 24 41 15 45 48 28 30 39 11 25 21 47 46 26 29 6 5 33 2 31 35 7 34 14 10 32 43 4 8 42 23 22 19 27 12 40 49 18 3 13 38 36 37 17 

Inst_Index:6508 	 City_Num:50 	 Concorde:5.547613 	 MCTS:5.546310 Improve:0.001304 	 Time:3.76 Seconds
Solution: 1 47 13 29 18 17 7 3 4 33 20 12 24 41 34 27 30 5 21 22 8 48 50 32 39 25 42 45 15 49 43 28 38 16 19 9 31 37 40 2 23 35 10 46 44 36 11 6 14 26 

Inst_Index:6509 	 City_Num:50 	 Concorde:5.650807 	 MCTS:5.645310 Improve:0.005497 	 Time:3.77 Seconds
Solution: 1 30 12 20 49 37 13 14 31 32 29 45 48 38 26 5 40 8 25 16 28 7 34 39 35 11 33 50 3 10 27 4 19 23 43 47 17 36 42 6 9 21 22 2 44 46 15 18 24 41 

Inst_Index:6510 	 City_Num:50 	 Concorde:5.557004 	 MCTS:5.557004 Improve:0.000000 	 Time:3.75 Seconds
Solution: 1 48 50 38 31 22 16 10 42 20 30 37 46 34 27 29 5 9 39 23 28 11 35 26 4 49 14 41 3 25 7 40 12 44 47 24 21 19 45 18 6 43 8 2 32 17 15 36 13 33 

Inst_Index:6511 	 City_Num:50 	 Concorde:5.580752 	 MCTS:5.573566 Improve:0.007186 	 Time:3.76 Seconds
Solution: 1 48 20 10 12 47 14 39 3 18 11 34 17 29 43 25 40 30 21 27 13 33 50 4 45 41 16 5 8 38 44 24 32 37 6 7 28 9 42 19 35 23 36 31 22 26 46 15 2 49 

Inst_Index:6512 	 City_Num:50 	 Concorde:5.926002 	 MCTS:5.926002 Improve:-0.000000 	 Time:3.76 Seconds
Solution: 1 6 46 24 33 26 30 2 15 19 5 31 45 49 3 10 21 7 29 50 38 37 36 23 32 4 13 41 40 20 8 22 47 42 12 27 44 34 25 39 14 11 48 28 16 17 43 18 35 9 

Inst_Index:6513 	 City_Num:50 	 Concorde:5.661657 	 MCTS:5.661657 Improve:0.000000 	 Time:3.76 Seconds
Solution: 1 47 21 34 5 2 26 41 30 6 15 29 18 32 45 8 40 9 3 43 10 35 46 49 24 4 28 50 13 27 16 33 17 37 14 22 39 23 25 44 42 38 12 19 11 7 48 36 31 20 

Inst_Index:6514 	 City_Num:50 	 Concorde:5.917756 	 MCTS:5.917756 Improve:-0.000000 	 Time:3.76 Seconds
Solution: 1 35 41 23 20 49 42 48 47 27 44 29 9 24 2 30 12 40 25 22 37 46 32 21 34 19 13 50 5 31 45 10 36 18 16 26 8 17 11 14 33 4 15 39 28 38 6 7 3 43 

Inst_Index:6515 	 City_Num:50 	 Concorde:5.689256 	 MCTS:5.689256 Improve:0.000000 	 Time:3.76 Seconds
Solution: 1 11 46 50 35 12 43 8 4 42 3 38 45 25 40 16 44 10 14 49 13 5 6 33 32 39 9 26 15 31 37 28 21 18 41 27 36 7 34 22 23 47 30 24 2 17 29 20 19 48 

Inst_Index:6516 	 City_Num:50 	 Concorde:6.059417 	 MCTS:6.056767 Improve:0.002650 	 Time:3.75 Seconds
Solution: 1 11 4 37 18 38 45 36 44 33 32 42 6 5 49 26 15 50 27 10 14 20 3 46 30 23 8 16 34 2 12 7 29 35 24 47 19 43 9 40 28 41 39 48 31 25 21 13 22 17 

Inst_Index:6517 	 City_Num:50 	 Concorde:5.398498 	 MCTS:5.398498 Improve:-0.000000 	 Time:3.76 Seconds
Solution: 1 17 37 38 7 5 8 26 40 2 36 50 10 33 11 23 13 49 41 29 9 43 44 25 27 6 19 34 32 24 28 3 39 48 46 16 22 35 31 12 45 21 18 4 42 30 47 14 20 15 

Inst_Index:6518 	 City_Num:50 	 Concorde:5.413231 	 MCTS:5.406937 Improve:0.006294 	 Time:3.77 Seconds
Solution: 1 49 36 2 19 50 32 7 26 23 31 4 8 27 10 9 21 14 47 30 34 41 20 3 33 39 48 18 29 13 44 22 35 38 40 46 24 37 11 16 25 12 15 43 45 28 17 42 5 6 

Inst_Index:6519 	 City_Num:50 	 Concorde:5.793377 	 MCTS:5.793377 Improve:0.000000 	 Time:3.76 Seconds
Solution: 1 22 20 24 16 27 28 6 49 32 13 44 17 35 14 3 37 31 7 41 29 48 50 15 43 9 4 21 30 10 12 26 2 34 47 39 42 36 23 18 25 8 19 11 38 33 40 46 5 45 

Inst_Index:6520 	 City_Num:50 	 Concorde:5.668386 	 MCTS:5.666592 Improve:0.001794 	 Time:3.75 Seconds
Solution: 1 40 20 7 42 24 25 8 26 18 5 19 3 33 39 50 29 22 21 13 4 37 41 35 43 32 30 44 11 38 2 36 49 10 16 45 48 47 14 27 31 6 34 15 46 12 17 23 28 9 

Inst_Index:6521 	 City_Num:50 	 Concorde:5.583065 	 MCTS:5.581922 Improve:0.001143 	 Time:3.76 Seconds
Solution: 1 49 14 45 27 42 36 39 3 29 5 41 15 6 16 35 43 24 31 33 44 11 26 19 32 30 28 21 34 23 7 13 37 20 9 2 47 22 10 50 25 40 8 48 38 18 46 4 12 17 

Inst_Index:6522 	 City_Num:50 	 Concorde:5.219114 	 MCTS:5.216289 Improve:0.002825 	 Time:3.76 Seconds
Solution: 1 43 14 30 31 40 49 29 11 23 36 32 33 21 27 2 25 8 16 20 50 41 6 46 5 35 48 4 34 42 24 12 18 13 9 7 15 26 19 17 39 44 10 28 47 45 22 38 3 37 

Inst_Index:6523 	 City_Num:50 	 Concorde:5.528096 	 MCTS:5.520652 Improve:0.007445 	 Time:3.75 Seconds
Solution: 1 37 5 14 25 7 44 24 18 41 26 20 27 47 33 23 4 21 30 16 22 40 34 32 8 38 29 17 13 3 49 45 2 48 10 42 28 46 12 9 11 43 19 35 50 15 39 31 6 36 

Inst_Index:6524 	 City_Num:50 	 Concorde:6.133389 	 MCTS:6.133389 Improve:-0.000000 	 Time:3.77 Seconds
Solution: 1 28 42 41 25 31 37 36 18 32 22 5 38 4 2 12 45 47 3 30 19 26 39 35 16 40 20 8 6 15 11 14 34 43 33 17 44 21 49 7 13 24 50 27 46 29 10 9 23 48 

Inst_Index:6525 	 City_Num:50 	 Concorde:5.704703 	 MCTS:5.704279 Improve:0.000424 	 Time:3.76 Seconds
Solution: 1 4 25 34 48 10 36 13 9 19 26 17 39 18 30 45 22 41 37 35 6 7 27 23 31 5 29 28 42 44 14 21 8 24 49 50 43 3 2 38 12 20 47 33 11 15 16 40 32 46 

Inst_Index:6526 	 City_Num:50 	 Concorde:5.933632 	 MCTS:5.933632 Improve:-0.000000 	 Time:3.77 Seconds
Solution: 1 28 23 37 10 43 12 35 4 20 22 39 27 5 29 47 18 13 40 48 24 33 11 9 46 21 25 7 32 45 38 34 15 36 49 6 26 14 42 17 2 3 30 31 8 16 44 50 19 41 

Inst_Index:6527 	 City_Num:50 	 Concorde:5.796527 	 MCTS:5.792819 Improve:0.003709 	 Time:3.77 Seconds
Solution: 1 28 19 6 8 17 2 45 25 35 40 14 36 3 47 15 18 42 33 5 16 38 26 39 50 9 27 48 7 49 13 22 12 46 43 23 41 37 30 32 10 29 4 24 34 11 31 21 44 20 

Inst_Index:6528 	 City_Num:50 	 Concorde:5.845872 	 MCTS:5.842539 Improve:0.003333 	 Time:3.75 Seconds
Solution: 1 48 29 35 4 14 49 46 21 36 33 41 22 27 17 9 10 30 45 44 42 2 32 5 8 50 23 25 39 34 13 18 40 12 20 6 43 7 24 26 31 38 47 3 15 37 19 11 16 28 

Inst_Index:6529 	 City_Num:50 	 Concorde:5.606438 	 MCTS:5.603313 Improve:0.003125 	 Time:3.77 Seconds
Solution: 1 2 15 40 5 14 22 9 34 37 42 26 31 39 28 7 32 11 49 29 3 12 44 30 38 20 17 25 50 21 45 18 10 43 8 36 6 27 13 41 35 46 19 47 33 24 4 23 48 16 

Inst_Index:6530 	 City_Num:50 	 Concorde:5.604185 	 MCTS:5.604185 Improve:0.000000 	 Time:3.76 Seconds
Solution: 1 15 34 45 23 40 22 32 6 26 3 30 4 8 33 38 24 47 20 2 31 13 17 35 29 46 16 39 10 28 37 19 43 9 25 14 5 48 18 44 41 11 27 36 50 21 49 12 42 7 

Inst_Index:6531 	 City_Num:50 	 Concorde:5.432842 	 MCTS:5.432842 Improve:-0.000000 	 Time:3.75 Seconds
Solution: 1 8 32 48 43 50 20 22 47 39 9 15 4 11 31 16 7 19 12 37 41 5 18 14 38 17 45 24 6 21 42 29 3 28 26 35 13 44 34 30 49 2 36 33 40 46 25 27 10 23 

Inst_Index:6532 	 City_Num:50 	 Concorde:5.687230 	 MCTS:5.687230 Improve:-0.000000 	 Time:3.75 Seconds
Solution: 1 36 31 18 16 7 44 13 21 46 38 41 8 29 11 19 20 23 15 5 27 22 47 35 6 24 9 25 12 43 48 34 39 50 14 37 10 3 45 26 17 32 40 33 30 4 42 28 2 49 

Inst_Index:6533 	 City_Num:50 	 Concorde:5.455138 	 MCTS:5.455138 Improve:-0.000000 	 Time:3.76 Seconds
Solution: 1 50 7 16 18 4 30 43 20 45 6 36 8 34 3 42 41 26 5 31 12 33 23 27 46 19 39 2 17 10 44 29 48 37 49 28 47 21 15 40 11 32 13 35 38 25 14 9 22 24 

Inst_Index:6534 	 City_Num:50 	 Concorde:6.213435 	 MCTS:6.212965 Improve:0.000470 	 Time:3.77 Seconds
Solution: 1 50 24 30 4 26 17 14 11 37 45 16 49 32 35 41 38 6 3 28 20 39 7 29 25 18 15 23 21 46 31 43 2 40 13 8 48 5 10 47 27 22 34 44 12 36 9 42 19 33 

Inst_Index:6535 	 City_Num:50 	 Concorde:5.940086 	 MCTS:5.937615 Improve:0.002471 	 Time:3.75 Seconds
Solution: 1 34 13 48 35 50 46 27 26 8 23 9 24 2 16 31 22 36 42 41 7 39 11 10 12 18 43 4 6 49 37 29 32 15 21 3 17 25 33 47 38 40 45 30 14 28 19 44 5 20 

Inst_Index:6536 	 City_Num:50 	 Concorde:5.970186 	 MCTS:5.970186 Improve:0.000000 	 Time:3.75 Seconds
Solution: 1 24 17 21 11 33 42 34 38 16 8 26 46 15 22 43 49 4 39 29 23 12 47 41 36 50 3 5 13 28 6 20 44 14 35 37 18 30 19 2 10 25 45 27 32 48 7 31 40 9 

Inst_Index:6537 	 City_Num:50 	 Concorde:5.949999 	 MCTS:5.949471 Improve:0.000527 	 Time:3.76 Seconds
Solution: 1 44 2 21 47 24 26 27 8 39 50 32 30 43 19 18 14 37 45 22 38 35 34 5 7 4 46 49 40 16 9 20 31 42 12 36 15 29 48 11 6 3 10 33 23 28 41 17 13 25 

Inst_Index:6538 	 City_Num:50 	 Concorde:5.913149 	 MCTS:5.908415 Improve:0.004734 	 Time:3.75 Seconds
Solution: 1 19 45 33 23 40 4 25 9 16 2 10 8 20 30 42 35 41 5 22 21 37 44 47 43 32 14 28 12 15 34 31 13 11 6 49 17 46 26 48 3 50 18 7 36 27 38 24 29 39 

Inst_Index:6539 	 City_Num:50 	 Concorde:5.822305 	 MCTS:5.820971 Improve:0.001334 	 Time:3.75 Seconds
Solution: 1 3 48 27 37 50 20 40 7 43 5 38 42 34 47 36 11 19 39 46 25 12 45 2 21 22 6 41 32 18 10 35 30 29 14 16 4 23 13 8 24 28 9 17 31 26 44 49 15 33 

Inst_Index:6540 	 City_Num:50 	 Concorde:5.830857 	 MCTS:5.829874 Improve:0.000982 	 Time:3.76 Seconds
Solution: 1 19 11 47 49 8 33 13 35 36 34 29 9 30 39 22 31 14 45 46 27 44 32 2 21 42 5 7 12 3 16 41 26 4 38 24 15 37 40 48 28 23 50 20 10 25 17 18 43 6 

Inst_Index:6541 	 City_Num:50 	 Concorde:5.650068 	 MCTS:5.650068 Improve:-0.000000 	 Time:3.77 Seconds
Solution: 1 12 14 17 2 7 40 6 36 27 31 32 13 29 43 19 8 15 42 37 23 9 48 22 50 35 16 41 30 39 33 47 38 49 46 45 4 26 28 44 10 3 11 21 5 34 18 25 20 24 

Inst_Index:6542 	 City_Num:50 	 Concorde:5.545025 	 MCTS:5.543374 Improve:0.001651 	 Time:3.78 Seconds
Solution: 1 43 30 29 38 32 13 5 7 14 40 37 35 20 6 27 11 10 4 48 50 22 45 16 36 42 34 24 21 31 39 47 26 19 28 46 3 49 41 15 44 12 2 8 17 25 18 9 23 33 

Inst_Index:6543 	 City_Num:50 	 Concorde:5.791772 	 MCTS:5.791737 Improve:0.000036 	 Time:3.77 Seconds
Solution: 1 34 23 38 5 15 31 22 47 32 16 49 12 43 3 27 28 30 41 40 6 46 14 33 44 42 2 26 19 4 29 37 11 7 50 39 36 21 8 10 20 9 17 45 35 13 48 25 18 24 

Inst_Index:6544 	 City_Num:50 	 Concorde:6.163242 	 MCTS:6.162739 Improve:0.000503 	 Time:3.76 Seconds
Solution: 1 10 44 14 13 40 3 6 42 48 22 9 27 50 19 43 15 12 46 33 25 28 30 23 11 38 5 49 8 18 31 32 24 17 21 47 41 39 34 26 45 36 16 35 4 2 7 37 29 20 

Inst_Index:6545 	 City_Num:50 	 Concorde:5.501442 	 MCTS:5.498167 Improve:0.003275 	 Time:3.76 Seconds
Solution: 1 28 34 35 25 20 21 2 50 15 37 47 29 3 45 48 14 38 49 18 23 22 31 30 41 33 27 9 40 42 19 17 4 16 12 11 26 6 44 32 46 36 39 10 7 13 8 24 5 43 

Inst_Index:6546 	 City_Num:50 	 Concorde:5.986568 	 MCTS:5.986568 Improve:0.000000 	 Time:3.77 Seconds
Solution: 1 10 41 27 35 7 21 20 12 26 48 6 42 45 49 17 32 50 31 43 47 25 33 16 28 9 22 15 8 4 34 3 30 23 19 40 36 39 14 5 18 44 2 13 29 38 11 24 37 46 

Inst_Index:6547 	 City_Num:50 	 Concorde:5.527158 	 MCTS:5.527158 Improve:0.000000 	 Time:3.75 Seconds
Solution: 1 28 2 15 9 3 32 29 14 24 37 34 33 41 49 26 6 36 31 39 11 47 5 44 48 27 12 13 43 38 4 23 46 22 21 19 45 18 30 25 8 10 20 42 16 35 7 50 17 40 

Inst_Index:6548 	 City_Num:50 	 Concorde:5.230563 	 MCTS:5.230563 Improve:0.000000 	 Time:3.76 Seconds
Solution: 1 18 42 49 22 10 6 45 17 3 48 29 33 21 12 14 47 40 46 19 2 26 44 4 30 39 20 5 35 24 27 36 8 41 23 32 43 31 9 38 37 7 50 11 16 13 34 15 28 25 

Inst_Index:6549 	 City_Num:50 	 Concorde:5.665146 	 MCTS:5.663642 Improve:0.001504 	 Time:3.76 Seconds
Solution: 1 47 28 41 36 33 20 4 32 16 35 17 9 27 6 49 42 2 8 21 30 3 10 13 37 26 15 12 5 45 25 24 19 46 18 14 29 31 23 11 40 39 43 38 34 22 44 48 7 50 

Inst_Index:6550 	 City_Num:50 	 Concorde:4.856414 	 MCTS:4.855267 Improve:0.001147 	 Time:3.76 Seconds
Solution: 1 26 4 14 2 6 17 46 23 24 37 42 7 13 34 15 39 28 3 5 33 49 27 41 8 20 16 47 32 30 19 43 48 25 36 45 10 29 22 12 11 44 9 38 35 31 40 21 50 18 

Inst_Index:6551 	 City_Num:50 	 Concorde:5.818826 	 MCTS:5.814107 Improve:0.004719 	 Time:3.75 Seconds
Solution: 1 42 12 39 31 37 15 44 48 10 7 30 38 3 4 2 50 22 43 33 27 17 49 32 20 45 26 5 9 16 19 24 40 25 46 8 18 36 29 28 23 14 13 34 47 35 11 21 41 6 

Inst_Index:6552 	 City_Num:50 	 Concorde:5.926845 	 MCTS:5.920452 Improve:0.006393 	 Time:3.76 Seconds
Solution: 1 31 42 50 18 36 21 12 40 22 3 47 13 37 32 17 5 19 46 27 48 44 4 10 49 30 7 14 23 35 25 8 33 15 34 43 29 38 6 16 2 45 26 41 20 11 28 9 24 39 

Inst_Index:6553 	 City_Num:50 	 Concorde:4.840752 	 MCTS:4.840752 Improve:0.000000 	 Time:3.75 Seconds
Solution: 1 16 8 24 26 32 10 22 25 48 34 9 42 14 46 15 41 18 37 49 7 50 43 35 29 47 20 21 30 28 31 36 13 39 17 11 3 38 4 5 23 40 27 2 19 33 44 12 6 45 

Inst_Index:6554 	 City_Num:50 	 Concorde:5.553924 	 MCTS:5.553820 Improve:0.000103 	 Time:3.77 Seconds
Solution: 1 17 49 30 45 29 34 4 37 33 19 16 11 14 25 15 32 28 20 10 24 38 31 39 35 41 44 13 12 48 36 21 40 22 47 50 5 8 46 26 42 2 18 43 3 27 9 23 7 6 

Inst_Index:6555 	 City_Num:50 	 Concorde:5.261255 	 MCTS:5.253997 Improve:0.007258 	 Time:3.76 Seconds
Solution: 1 28 14 48 12 10 35 26 43 16 5 18 4 2 25 13 41 29 3 19 15 32 49 38 17 34 23 11 20 40 45 24 39 50 36 7 9 22 37 8 33 30 21 31 27 47 42 6 44 46 

Inst_Index:6556 	 City_Num:50 	 Concorde:5.545290 	 MCTS:5.544287 Improve:0.001003 	 Time:3.75 Seconds
Solution: 1 6 28 42 8 31 47 27 41 20 10 25 26 3 40 44 50 49 16 9 23 21 30 2 32 34 35 36 38 45 15 22 5 48 24 12 29 13 19 11 18 46 33 7 43 37 14 4 17 39 

Inst_Index:6557 	 City_Num:50 	 Concorde:5.306841 	 MCTS:5.304547 Improve:0.002294 	 Time:3.75 Seconds
Solution: 1 10 48 23 37 12 15 13 14 4 18 33 34 47 30 19 16 31 27 45 28 41 38 36 25 35 11 24 22 6 8 2 21 5 29 20 46 7 3 32 17 42 40 49 9 44 26 39 43 50 

Inst_Index:6558 	 City_Num:50 	 Concorde:6.051334 	 MCTS:6.050253 Improve:0.001081 	 Time:3.77 Seconds
Solution: 1 25 45 50 40 7 15 41 20 9 36 33 29 3 35 39 48 21 31 49 37 46 38 8 28 13 32 42 4 47 6 16 14 26 18 19 43 10 12 24 44 34 17 22 11 5 2 30 23 27 

Inst_Index:6559 	 City_Num:50 	 Concorde:5.492816 	 MCTS:5.491893 Improve:0.000923 	 Time:3.77 Seconds
Solution: 1 11 28 30 3 21 43 46 50 32 19 36 41 39 23 38 13 27 10 12 42 8 29 35 20 4 2 47 48 24 44 34 31 22 14 7 6 16 15 18 26 37 9 5 40 49 33 25 45 17 

Inst_Index:6560 	 City_Num:50 	 Concorde:5.703509 	 MCTS:5.703509 Improve:-0.000000 	 Time:3.76 Seconds
Solution: 1 14 32 3 15 29 31 17 28 24 2 6 34 43 48 40 47 20 10 36 21 12 38 42 50 25 41 4 16 22 35 13 45 18 37 46 9 33 26 44 19 39 30 5 23 11 7 49 27 8 

Inst_Index:6561 	 City_Num:50 	 Concorde:5.488693 	 MCTS:5.479548 Improve:0.009145 	 Time:3.75 Seconds
Solution: 1 11 30 21 26 42 5 41 6 23 10 48 43 36 27 3 13 12 2 47 24 46 37 4 8 45 14 34 17 32 22 44 35 28 39 9 40 38 31 33 20 16 25 15 18 29 7 49 50 19 

Inst_Index:6562 	 City_Num:50 	 Concorde:5.638208 	 MCTS:5.638208 Improve:0.000000 	 Time:3.76 Seconds
Solution: 1 24 8 46 15 43 10 34 36 49 35 6 33 23 40 22 37 16 42 48 44 4 7 19 50 30 47 41 38 11 29 25 18 13 17 9 3 21 31 2 45 5 32 28 20 27 14 12 26 39 

Inst_Index:6563 	 City_Num:50 	 Concorde:5.857491 	 MCTS:5.857491 Improve:0.000000 	 Time:3.77 Seconds
Solution: 1 14 33 9 24 5 11 31 18 42 4 20 2 48 10 49 21 15 40 37 39 38 44 45 7 23 16 29 6 28 25 13 12 35 30 36 41 17 19 46 22 26 3 27 32 34 47 50 8 43 

Inst_Index:6564 	 City_Num:50 	 Concorde:5.720156 	 MCTS:5.716221 Improve:0.003935 	 Time:3.75 Seconds
Solution: 1 11 19 20 4 5 26 27 8 2 9 28 39 31 32 24 14 21 13 40 38 22 42 30 49 48 3 29 37 17 36 16 15 47 41 7 45 12 25 10 18 50 44 43 6 35 23 34 33 46 

Inst_Index:6565 	 City_Num:50 	 Concorde:5.600361 	 MCTS:5.600361 Improve:0.000000 	 Time:3.76 Seconds
Solution: 1 14 11 27 28 35 41 17 21 19 43 45 20 42 24 33 37 16 36 29 7 23 32 44 26 2 48 15 39 46 4 3 34 13 18 31 22 9 25 38 40 30 49 8 47 10 50 5 12 6 

Inst_Index:6566 	 City_Num:50 	 Concorde:6.012147 	 MCTS:6.012146 Improve:0.000002 	 Time:3.77 Seconds
Solution: 1 47 25 19 20 36 28 6 9 11 18 24 50 4 40 41 16 2 26 46 31 32 8 38 29 39 3 48 37 15 7 43 17 10 27 49 35 34 12 22 21 30 33 13 5 14 42 45 23 44 

Inst_Index:6567 	 City_Num:50 	 Concorde:5.517746 	 MCTS:5.517746 Improve:0.000000 	 Time:3.75 Seconds
Solution: 1 9 30 38 45 41 3 44 49 13 22 35 32 10 11 46 8 19 14 28 27 12 21 15 2 42 31 39 37 23 24 25 36 6 33 29 34 17 4 48 16 20 26 47 5 7 50 40 43 18 

Inst_Index:6568 	 City_Num:50 	 Concorde:5.463108 	 MCTS:5.463108 Improve:0.000000 	 Time:3.77 Seconds
Solution: 1 9 14 18 37 31 33 7 3 39 12 38 45 4 23 40 25 27 26 47 49 15 6 10 19 48 42 24 30 44 2 8 34 43 50 17 46 28 22 5 41 32 35 11 21 16 13 36 29 20 

Inst_Index:6569 	 City_Num:50 	 Concorde:5.809912 	 MCTS:5.809912 Improve:-0.000000 	 Time:3.77 Seconds
Solution: 1 25 5 19 47 24 26 41 11 40 27 34 8 15 16 30 13 7 39 9 17 32 14 44 21 33 6 4 20 42 43 2 38 29 18 37 10 28 49 3 31 35 50 48 46 23 45 22 36 12 

Inst_Index:6570 	 City_Num:50 	 Concorde:5.833865 	 MCTS:5.832030 Improve:0.001835 	 Time:3.77 Seconds
Solution: 1 29 36 40 32 8 46 48 13 24 28 50 49 9 45 26 22 20 23 4 41 10 15 31 35 38 27 43 19 11 34 33 47 7 39 6 17 5 16 12 25 37 3 2 14 18 30 44 42 21 

Inst_Index:6571 	 City_Num:50 	 Concorde:5.909108 	 MCTS:5.909108 Improve:0.000000 	 Time:3.76 Seconds
Solution: 1 45 12 39 8 50 49 11 25 36 19 15 23 21 30 3 18 42 35 16 47 2 14 4 17 34 20 37 7 6 48 41 26 5 29 10 40 44 28 38 32 13 46 24 27 31 43 9 33 22 

Inst_Index:6572 	 City_Num:50 	 Concorde:5.969567 	 MCTS:5.966450 Improve:0.003117 	 Time:3.77 Seconds
Solution: 1 43 19 48 30 12 45 33 47 38 32 25 11 22 24 49 37 27 34 40 10 9 14 21 35 15 46 26 7 41 28 29 18 23 8 36 5 20 50 6 2 13 39 17 42 31 44 3 4 16 

Inst_Index:6573 	 City_Num:50 	 Concorde:5.868232 	 MCTS:5.868232 Improve:-0.000000 	 Time:3.76 Seconds
Solution: 1 45 48 34 3 29 43 47 26 20 42 2 11 39 49 25 41 13 31 27 46 21 16 32 18 35 19 14 6 5 9 38 28 10 7 17 24 37 12 30 8 22 40 50 4 15 44 36 33 23 


Avg_Concorde_Distance: 5.671314 Avg_MCTS_Distance: 5.669948 Avg_Gap: -0.000242 Total_Time: 1178.19 Seconds 
 Beat_Best_Known_Times: 138 Match_Best_Known_Times: 175 Miss_Best_Known_Times: 0 
