Number_of_Instances_In_Current_Batch: 313

Inst_Index:5635 	 City_Num:50 	 Concorde:5.841087 	 MCTS:5.834192 Improve:0.006895 	 Time:3.76 Seconds
Solution: 1 45 37 32 17 22 14 24 11 48 31 21 39 19 38 44 18 2 20 10 7 29 46 4 33 13 8 25 41 9 50 34 40 5 27 47 16 42 28 49 35 6 12 3 43 36 30 26 23 15 

Inst_Index:5636 	 City_Num:50 	 Concorde:6.012709 	 MCTS:6.005390 Improve:0.007319 	 Time:3.78 Seconds
Solution: 1 20 2 9 44 25 39 34 33 36 35 29 10 4 28 21 38 37 30 45 16 40 32 13 41 11 6 42 31 12 27 49 50 22 14 17 26 48 8 19 46 23 18 43 7 3 24 47 5 15 

Inst_Index:5637 	 City_Num:50 	 Concorde:5.759587 	 MCTS:5.759587 Improve:0.000000 	 Time:3.77 Seconds
Solution: 1 11 20 35 13 8 25 38 21 17 34 26 41 2 24 42 14 44 33 27 29 3 28 22 9 47 15 6 12 43 40 37 48 4 39 16 46 7 49 32 18 10 45 50 30 19 36 5 31 23 

Inst_Index:5638 	 City_Num:50 	 Concorde:5.435146 	 MCTS:5.435146 Improve:0.000000 	 Time:3.77 Seconds
Solution: 1 24 44 23 26 12 10 7 35 4 30 14 41 15 33 25 46 8 49 32 17 16 39 9 2 31 48 5 42 20 38 27 3 21 43 37 45 40 50 22 6 11 19 47 36 28 13 29 34 18 

Inst_Index:5639 	 City_Num:50 	 Concorde:6.323560 	 MCTS:6.322800 Improve:0.000760 	 Time:3.77 Seconds
Solution: 1 3 30 49 17 14 6 9 38 25 20 27 29 39 42 5 13 41 45 40 21 32 18 28 19 33 47 36 35 22 15 10 34 31 43 37 46 24 4 7 8 23 48 16 12 2 50 44 11 26 

Inst_Index:5640 	 City_Num:50 	 Concorde:6.007328 	 MCTS:5.999355 Improve:0.007973 	 Time:3.75 Seconds
Solution: 1 20 17 47 12 48 19 33 34 3 15 50 45 35 29 26 18 28 46 22 10 37 38 42 30 13 36 16 43 32 21 31 6 39 9 8 4 25 49 5 14 11 41 7 2 24 44 40 23 27 

Inst_Index:5641 	 City_Num:50 	 Concorde:5.803641 	 MCTS:5.803641 Improve:0.000000 	 Time:3.75 Seconds
Solution: 1 4 32 9 2 44 14 35 42 50 13 27 22 18 7 10 6 11 3 17 5 45 30 8 21 36 20 26 28 25 15 46 47 39 48 49 33 24 19 23 31 12 38 43 40 16 29 34 37 41 

Inst_Index:5642 	 City_Num:50 	 Concorde:5.715133 	 MCTS:5.714949 Improve:0.000184 	 Time:3.76 Seconds
Solution: 1 42 28 44 48 15 2 36 45 49 16 41 17 21 43 30 35 50 38 46 32 39 6 24 18 47 9 22 10 34 26 37 13 7 29 33 5 4 12 3 19 25 27 20 14 8 11 23 31 40 

Inst_Index:5643 	 City_Num:50 	 Concorde:5.782728 	 MCTS:5.782728 Improve:0.000000 	 Time:3.75 Seconds
Solution: 1 23 10 50 32 40 6 2 21 25 8 37 7 38 24 5 41 34 28 47 39 17 45 33 4 11 19 9 15 30 35 48 36 44 14 26 31 46 43 18 3 12 16 13 27 22 20 49 29 42 

Inst_Index:5644 	 City_Num:50 	 Concorde:5.698732 	 MCTS:5.695257 Improve:0.003475 	 Time:3.75 Seconds
Solution: 1 13 6 7 15 4 48 16 8 33 23 46 11 43 19 25 28 47 31 38 18 22 30 9 10 44 26 3 12 42 29 21 24 34 49 35 37 39 41 50 17 20 45 14 32 27 2 40 36 5 

Inst_Index:5645 	 City_Num:50 	 Concorde:5.149400 	 MCTS:5.146161 Improve:0.003239 	 Time:3.76 Seconds
Solution: 1 30 31 6 29 3 36 35 17 40 45 37 20 18 7 22 15 4 28 13 34 49 21 50 48 12 11 24 32 33 39 10 25 27 46 5 19 9 43 44 14 26 38 8 2 47 16 41 42 23 

Inst_Index:5646 	 City_Num:50 	 Concorde:6.328315 	 MCTS:6.328315 Improve:-0.000000 	 Time:3.77 Seconds
Solution: 1 3 5 37 8 24 23 7 36 42 50 13 25 22 30 14 35 44 27 48 49 38 43 17 11 4 41 47 2 10 26 31 6 18 40 45 19 32 9 39 34 33 28 46 29 15 21 12 16 20 

Inst_Index:5647 	 City_Num:50 	 Concorde:5.627231 	 MCTS:5.627231 Improve:0.000000 	 Time:3.76 Seconds
Solution: 1 6 12 28 36 32 48 38 39 22 31 50 17 3 45 26 46 29 24 5 35 8 21 15 11 9 27 34 19 14 4 10 23 7 33 47 43 44 20 2 42 30 16 13 49 41 18 25 40 37 

Inst_Index:5648 	 City_Num:50 	 Concorde:5.804337 	 MCTS:5.799126 Improve:0.005212 	 Time:3.75 Seconds
Solution: 1 27 30 24 32 42 8 43 23 22 29 38 18 36 19 41 39 37 28 44 45 40 12 5 10 17 11 21 4 35 48 16 20 25 26 9 50 49 2 6 14 46 13 3 31 47 7 33 34 15 

Inst_Index:5649 	 City_Num:50 	 Concorde:5.479518 	 MCTS:5.479518 Improve:0.000000 	 Time:3.76 Seconds
Solution: 1 29 40 34 35 28 44 6 13 7 32 25 27 4 30 16 15 36 11 47 50 9 37 8 24 48 19 22 17 39 38 41 21 23 2 26 18 3 10 46 33 49 12 5 42 20 43 45 14 31 

Inst_Index:5650 	 City_Num:50 	 Concorde:5.390344 	 MCTS:5.388037 Improve:0.002307 	 Time:3.75 Seconds
Solution: 1 22 49 28 43 14 18 46 42 32 47 4 5 20 10 21 9 48 23 16 38 26 12 31 19 2 27 45 50 36 34 37 40 25 39 15 6 3 17 33 35 8 24 11 13 29 44 7 30 41 

Inst_Index:5651 	 City_Num:50 	 Concorde:5.401400 	 MCTS:5.401400 Improve:0.000000 	 Time:3.75 Seconds
Solution: 1 25 36 6 16 47 17 29 40 9 35 19 50 41 45 20 32 26 21 22 49 10 28 42 13 14 38 18 48 5 11 15 7 23 24 4 39 43 12 3 30 2 8 31 46 44 34 27 37 33 

Inst_Index:5652 	 City_Num:50 	 Concorde:5.709599 	 MCTS:5.709599 Improve:-0.000000 	 Time:3.77 Seconds
Solution: 1 40 38 37 25 36 29 9 15 21 3 16 26 41 44 10 47 39 4 34 23 18 14 6 48 43 20 19 11 46 27 49 7 35 13 45 42 31 5 8 32 28 22 50 33 24 17 12 30 2 

Inst_Index:5653 	 City_Num:50 	 Concorde:5.826213 	 MCTS:5.823840 Improve:0.002373 	 Time:3.75 Seconds
Solution: 1 12 13 32 46 39 5 28 14 21 23 4 7 31 33 44 48 8 15 3 45 34 35 10 30 2 36 41 47 40 6 11 25 37 16 19 20 29 50 17 26 43 22 18 38 49 24 27 9 42 

Inst_Index:5654 	 City_Num:50 	 Concorde:5.712598 	 MCTS:5.712598 Improve:0.000000 	 Time:3.76 Seconds
Solution: 1 24 41 44 2 28 19 39 21 20 13 3 40 14 23 37 8 49 25 43 18 4 32 15 29 48 10 34 31 38 17 36 22 45 26 5 11 9 6 12 33 47 16 50 27 46 35 30 7 42 

Inst_Index:5655 	 City_Num:50 	 Concorde:6.053462 	 MCTS:6.053462 Improve:-0.000000 	 Time:3.77 Seconds
Solution: 1 19 34 46 49 7 4 47 36 32 27 44 26 23 2 16 8 29 22 11 45 15 13 25 33 37 48 24 14 39 50 28 31 21 38 18 6 10 17 9 30 3 35 41 12 5 20 43 40 42 

Inst_Index:5656 	 City_Num:50 	 Concorde:5.510274 	 MCTS:5.507709 Improve:0.002565 	 Time:3.77 Seconds
Solution: 1 49 39 3 8 2 47 11 9 25 46 26 16 6 20 28 34 32 43 44 45 13 48 37 19 41 4 15 31 33 29 21 30 35 5 23 42 7 10 50 27 22 24 38 18 12 14 40 36 17 

Inst_Index:5657 	 City_Num:50 	 Concorde:5.162752 	 MCTS:5.162752 Improve:0.000000 	 Time:3.77 Seconds
Solution: 1 43 9 29 23 44 42 48 20 50 35 30 7 16 11 18 4 31 25 41 39 46 38 24 8 14 26 15 45 2 3 28 10 6 47 34 40 49 36 5 17 21 19 13 12 27 37 32 22 33 

Inst_Index:5658 	 City_Num:50 	 Concorde:5.636386 	 MCTS:5.636386 Improve:-0.000000 	 Time:3.77 Seconds
Solution: 1 34 20 23 22 31 42 16 27 45 38 35 9 44 36 14 48 33 19 43 24 25 30 50 11 41 28 6 3 40 39 4 12 47 13 7 21 37 15 18 49 5 8 29 2 46 17 26 10 32 

Inst_Index:5659 	 City_Num:50 	 Concorde:6.071297 	 MCTS:6.070623 Improve:0.000674 	 Time:3.75 Seconds
Solution: 1 29 3 34 38 8 46 41 24 48 31 18 5 25 32 22 14 12 33 39 44 40 4 20 6 15 43 30 2 10 23 26 9 47 21 28 42 27 35 45 11 16 17 36 50 7 19 37 49 13 

Inst_Index:5660 	 City_Num:50 	 Concorde:5.538887 	 MCTS:5.532620 Improve:0.006267 	 Time:3.77 Seconds
Solution: 1 16 14 24 4 28 47 29 26 5 30 38 3 20 9 15 21 33 18 13 44 2 48 36 50 27 12 6 34 7 45 11 35 37 23 10 31 40 39 42 25 46 19 49 17 43 41 32 22 8 

Inst_Index:5661 	 City_Num:50 	 Concorde:5.487988 	 MCTS:5.487988 Improve:0.000000 	 Time:3.76 Seconds
Solution: 1 36 50 32 29 41 42 18 43 13 48 31 47 39 25 40 37 23 4 16 12 45 5 14 9 21 26 30 11 17 33 7 28 10 19 6 15 49 3 24 20 2 27 8 34 44 38 35 46 22 

Inst_Index:5662 	 City_Num:50 	 Concorde:6.040536 	 MCTS:6.040536 Improve:-0.000000 	 Time:3.76 Seconds
Solution: 1 23 12 13 32 26 43 28 11 44 8 49 30 3 48 50 19 5 7 15 25 9 46 20 21 41 34 38 33 42 22 4 35 40 47 24 27 31 18 10 2 45 16 29 14 17 37 6 39 36 

Inst_Index:5663 	 City_Num:50 	 Concorde:5.452474 	 MCTS:5.447444 Improve:0.005030 	 Time:3.77 Seconds
Solution: 1 47 4 22 11 20 48 3 36 43 8 23 30 38 13 7 25 14 32 27 46 12 2 19 16 18 45 37 21 50 41 42 35 5 24 9 15 31 28 10 39 44 17 40 34 33 26 29 49 6 

Inst_Index:5664 	 City_Num:50 	 Concorde:5.708880 	 MCTS:5.699477 Improve:0.009404 	 Time:3.76 Seconds
Solution: 1 23 7 48 11 9 32 18 4 40 25 14 24 44 28 6 39 3 38 36 13 37 45 41 12 5 27 31 33 22 43 29 21 35 42 16 10 50 19 30 46 20 15 17 26 49 8 34 2 47 

Inst_Index:5665 	 City_Num:50 	 Concorde:5.532478 	 MCTS:5.527985 Improve:0.004493 	 Time:3.76 Seconds
Solution: 1 26 41 3 40 4 48 28 36 12 43 5 30 7 23 16 21 2 44 13 50 22 38 25 49 6 9 24 35 18 34 17 45 37 31 32 8 42 11 27 47 10 33 46 14 19 15 29 20 39 

Inst_Index:5666 	 City_Num:50 	 Concorde:5.624678 	 MCTS:5.624678 Improve:-0.000000 	 Time:3.76 Seconds
Solution: 1 23 14 21 2 3 47 42 43 7 9 4 38 37 35 28 40 8 16 5 11 12 50 19 25 13 45 17 15 48 41 31 20 27 10 32 33 34 24 39 30 26 6 29 44 22 49 36 18 46 

Inst_Index:5667 	 City_Num:50 	 Concorde:5.824742 	 MCTS:5.824742 Improve:0.000000 	 Time:3.75 Seconds
Solution: 1 50 15 44 10 19 23 47 26 30 11 17 3 13 25 12 2 33 16 31 38 39 7 20 6 32 5 22 46 43 14 36 21 42 24 35 41 27 28 9 29 49 37 8 40 4 48 34 45 18 

Inst_Index:5668 	 City_Num:50 	 Concorde:5.718474 	 MCTS:5.718474 Improve:0.000000 	 Time:3.75 Seconds
Solution: 1 49 14 10 15 16 50 26 20 12 6 32 41 48 28 9 3 13 21 19 4 34 2 37 29 30 42 27 8 33 11 44 18 17 24 25 38 40 45 36 31 43 22 35 7 5 46 39 23 47 

Inst_Index:5669 	 City_Num:50 	 Concorde:5.683795 	 MCTS:5.683795 Improve:0.000000 	 Time:3.76 Seconds
Solution: 1 49 31 14 44 22 30 11 36 25 39 33 13 41 3 20 46 17 35 2 24 50 21 43 47 8 32 6 29 18 45 16 10 37 19 48 40 28 4 34 38 5 12 42 9 27 26 7 15 23 

Inst_Index:5670 	 City_Num:50 	 Concorde:5.139077 	 MCTS:5.139077 Improve:-0.000000 	 Time:3.76 Seconds
Solution: 1 37 32 9 39 28 33 45 38 34 13 26 7 12 46 6 18 30 3 16 21 4 10 15 19 17 47 41 5 2 35 31 22 40 24 49 27 44 14 11 29 8 36 50 42 20 43 25 48 23 

Inst_Index:5671 	 City_Num:50 	 Concorde:5.879589 	 MCTS:5.876229 Improve:0.003360 	 Time:3.75 Seconds
Solution: 1 2 24 7 41 14 3 25 16 30 32 50 29 27 42 12 8 10 23 45 36 19 34 38 48 6 11 21 4 22 47 35 37 15 39 49 46 31 13 20 33 40 26 9 5 43 17 44 18 28 

Inst_Index:5672 	 City_Num:50 	 Concorde:5.535531 	 MCTS:5.524797 Improve:0.010734 	 Time:3.76 Seconds
Solution: 1 26 48 8 38 45 42 23 13 15 43 11 33 16 6 47 3 25 35 29 40 14 7 19 46 34 30 36 49 28 31 2 24 9 27 10 4 17 20 18 5 12 41 39 21 37 50 32 44 22 

Inst_Index:5673 	 City_Num:50 	 Concorde:5.769762 	 MCTS:5.769762 Improve:-0.000000 	 Time:3.76 Seconds
Solution: 1 17 36 43 11 2 39 46 15 10 28 44 48 26 31 25 3 40 37 8 33 27 24 22 49 14 9 13 50 45 12 41 32 38 47 19 20 18 23 21 7 29 34 35 4 42 30 5 6 16 

Inst_Index:5674 	 City_Num:50 	 Concorde:5.646210 	 MCTS:5.645533 Improve:0.000677 	 Time:3.75 Seconds
Solution: 1 39 32 38 24 18 49 13 50 2 9 48 15 3 29 17 42 27 12 8 16 37 25 34 33 23 40 46 11 36 4 20 6 19 5 30 43 45 14 44 28 22 7 10 26 35 21 47 31 41 

Inst_Index:5675 	 City_Num:50 	 Concorde:5.398857 	 MCTS:5.398857 Improve:0.000000 	 Time:3.76 Seconds
Solution: 1 28 8 50 35 15 6 38 34 14 44 20 7 47 39 33 12 13 37 42 23 3 26 17 4 29 45 41 30 31 9 10 27 48 32 19 46 24 25 43 49 22 5 40 2 18 21 36 11 16 

Inst_Index:5676 	 City_Num:50 	 Concorde:5.972805 	 MCTS:5.972805 Improve:-0.000000 	 Time:3.76 Seconds
Solution: 1 24 44 37 32 39 25 12 33 42 19 50 10 38 26 36 4 28 14 15 41 6 7 45 20 11 30 21 48 9 22 31 29 16 27 23 3 2 17 49 18 13 5 35 34 46 43 40 8 47 

Inst_Index:5677 	 City_Num:50 	 Concorde:5.607318 	 MCTS:5.607134 Improve:0.000184 	 Time:3.76 Seconds
Solution: 1 5 19 24 7 14 2 20 42 18 50 31 3 43 40 48 33 22 23 4 6 35 46 26 27 17 36 21 49 10 11 25 9 47 37 13 15 34 45 8 16 32 29 44 38 39 30 12 41 28 

Inst_Index:5678 	 City_Num:50 	 Concorde:5.793070 	 MCTS:5.787575 Improve:0.005495 	 Time:3.76 Seconds
Solution: 1 9 28 21 19 40 32 45 4 2 41 29 12 6 25 50 43 37 22 13 31 5 7 18 11 3 39 27 17 23 49 8 16 14 24 46 33 15 42 20 38 36 47 35 26 34 10 30 48 44 

Inst_Index:5679 	 City_Num:50 	 Concorde:5.519548 	 MCTS:5.519548 Improve:-0.000000 	 Time:3.75 Seconds
Solution: 1 20 17 4 33 5 13 10 24 46 27 36 6 18 11 37 16 23 43 45 25 7 47 28 44 40 22 26 42 31 14 30 12 9 34 21 29 38 19 15 48 41 32 3 49 2 39 50 8 35 

Inst_Index:5680 	 City_Num:50 	 Concorde:5.592722 	 MCTS:5.591019 Improve:0.001703 	 Time:3.76 Seconds
Solution: 1 11 39 45 25 44 24 12 23 5 15 36 13 48 4 27 29 31 10 14 28 22 40 7 30 37 19 6 41 8 17 50 38 34 42 9 33 47 16 20 32 49 26 3 35 43 46 2 18 21 

Inst_Index:5681 	 City_Num:50 	 Concorde:5.939339 	 MCTS:5.936661 Improve:0.002678 	 Time:3.76 Seconds
Solution: 1 41 46 33 23 12 18 39 15 5 25 10 34 3 36 8 30 9 44 17 11 26 32 31 28 16 50 24 29 27 40 2 42 14 37 4 6 49 35 7 38 48 21 47 13 43 45 20 19 22 

Inst_Index:5682 	 City_Num:50 	 Concorde:5.219168 	 MCTS:5.218856 Improve:0.000312 	 Time:3.77 Seconds
Solution: 1 16 45 46 48 29 21 50 41 2 4 49 13 14 11 36 38 7 23 17 26 8 15 19 6 35 24 34 39 42 18 5 28 12 3 33 27 10 40 25 30 37 20 22 31 9 44 32 47 43 

Inst_Index:5683 	 City_Num:50 	 Concorde:5.526176 	 MCTS:5.526176 Improve:0.000000 	 Time:3.77 Seconds
Solution: 1 36 20 26 33 35 41 38 17 49 45 27 6 32 21 40 29 15 39 34 47 8 12 30 19 11 10 44 9 3 42 2 7 5 4 24 31 22 23 13 46 50 25 43 14 28 48 16 37 18 

Inst_Index:5684 	 City_Num:50 	 Concorde:5.355522 	 MCTS:5.353305 Improve:0.002217 	 Time:3.76 Seconds
Solution: 1 38 29 49 20 45 13 7 25 24 37 22 15 42 41 43 47 46 5 19 39 36 26 23 17 14 27 18 6 50 34 9 4 10 2 28 30 31 21 35 40 32 44 16 3 11 8 12 33 48 

Inst_Index:5685 	 City_Num:50 	 Concorde:5.760638 	 MCTS:5.755776 Improve:0.004862 	 Time:3.75 Seconds
Solution: 1 50 21 25 22 23 49 11 24 19 38 32 30 12 28 35 43 47 34 40 18 36 48 4 17 10 2 27 13 45 15 44 46 6 9 8 29 7 3 33 39 37 14 26 31 16 42 41 5 20 

Inst_Index:5686 	 City_Num:50 	 Concorde:5.637128 	 MCTS:5.637128 Improve:0.000000 	 Time:3.75 Seconds
Solution: 1 19 24 37 13 23 28 39 30 11 40 45 49 31 25 43 42 33 12 47 10 6 26 14 29 48 41 8 18 50 32 44 16 35 15 5 38 36 22 46 20 9 4 17 21 27 2 34 3 7 

Inst_Index:5687 	 City_Num:50 	 Concorde:5.423363 	 MCTS:5.422801 Improve:0.000562 	 Time:3.75 Seconds
Solution: 1 37 17 36 40 20 44 10 21 26 4 47 19 25 24 18 6 27 14 12 8 39 13 50 35 9 34 31 38 46 23 29 3 48 45 33 7 41 32 43 49 2 30 28 42 5 22 16 15 11 

Inst_Index:5688 	 City_Num:50 	 Concorde:5.944772 	 MCTS:5.944772 Improve:-0.000000 	 Time:3.76 Seconds
Solution: 1 44 5 49 50 17 15 33 30 23 38 4 14 2 25 20 34 26 27 21 45 41 22 47 24 11 7 37 3 9 31 16 40 18 43 46 36 8 6 28 42 12 48 13 32 29 39 19 10 35 

Inst_Index:5689 	 City_Num:50 	 Concorde:5.795211 	 MCTS:5.795211 Improve:0.000000 	 Time:3.76 Seconds
Solution: 1 25 37 17 3 11 18 44 27 15 12 6 42 46 2 48 36 13 49 26 7 31 45 34 9 5 21 10 50 47 4 33 40 28 16 8 23 22 19 29 38 43 24 30 14 41 35 32 20 39 

Inst_Index:5690 	 City_Num:50 	 Concorde:5.855774 	 MCTS:5.850151 Improve:0.005623 	 Time:3.76 Seconds
Solution: 1 3 22 6 30 29 15 37 16 17 42 23 45 10 41 21 14 46 39 50 5 4 18 40 38 8 32 27 47 43 34 7 44 24 49 31 33 28 19 48 36 20 2 9 12 35 13 26 25 11 

Inst_Index:5691 	 City_Num:50 	 Concorde:5.932395 	 MCTS:5.932395 Improve:0.000000 	 Time:3.75 Seconds
Solution: 1 17 11 47 40 3 39 20 38 25 7 50 5 4 21 43 31 8 49 19 24 48 30 16 23 34 6 14 28 41 42 45 32 18 29 12 27 9 22 13 26 15 36 44 10 37 35 2 33 46 

Inst_Index:5692 	 City_Num:50 	 Concorde:5.740919 	 MCTS:5.740919 Improve:-0.000000 	 Time:3.76 Seconds
Solution: 1 14 33 16 25 29 19 6 13 50 42 22 27 5 46 48 32 17 34 23 18 4 9 10 37 36 31 43 44 24 26 39 30 11 2 47 49 35 45 15 41 21 8 28 20 7 38 3 12 40 

Inst_Index:5693 	 City_Num:50 	 Concorde:6.006131 	 MCTS:6.003217 Improve:0.002914 	 Time:3.76 Seconds
Solution: 1 45 17 14 46 21 20 41 32 42 13 47 23 2 27 18 15 12 25 4 24 34 35 9 30 28 3 48 16 31 50 39 6 36 49 22 43 33 5 10 44 38 11 7 40 37 8 19 29 26 

Inst_Index:5694 	 City_Num:50 	 Concorde:5.653244 	 MCTS:5.652405 Improve:0.000839 	 Time:3.76 Seconds
Solution: 1 12 20 33 29 5 26 14 11 17 2 7 41 39 25 31 4 49 44 40 30 3 47 24 37 27 21 45 42 8 46 10 15 34 48 13 38 9 32 43 35 19 50 36 22 18 6 28 23 16 

Inst_Index:5695 	 City_Num:50 	 Concorde:5.067208 	 MCTS:5.064395 Improve:0.002813 	 Time:3.76 Seconds
Solution: 1 42 33 47 34 7 15 48 4 26 20 25 44 28 18 49 39 27 12 16 46 45 32 9 22 23 43 29 41 3 35 31 5 40 30 38 50 36 2 8 21 13 24 37 10 14 19 11 17 6 

Inst_Index:5696 	 City_Num:50 	 Concorde:5.672969 	 MCTS:5.672969 Improve:-0.000000 	 Time:3.77 Seconds
Solution: 1 44 43 21 8 35 48 29 31 40 39 47 36 45 7 42 22 28 25 41 14 5 50 6 24 3 10 2 17 16 23 32 19 33 13 30 4 20 15 46 38 26 37 18 9 27 49 11 12 34 

Inst_Index:5697 	 City_Num:50 	 Concorde:5.555896 	 MCTS:5.553983 Improve:0.001913 	 Time:3.77 Seconds
Solution: 1 41 43 20 50 6 39 36 44 18 17 30 45 25 31 37 32 27 10 16 8 3 22 14 23 21 24 12 4 46 29 7 38 2 26 11 33 9 5 40 47 19 48 28 49 35 42 34 13 15 

Inst_Index:5698 	 City_Num:50 	 Concorde:5.926130 	 MCTS:5.926130 Improve:-0.000000 	 Time:3.75 Seconds
Solution: 1 37 46 23 33 19 31 14 50 10 36 20 2 6 41 30 49 3 44 8 48 39 40 16 34 43 7 11 32 12 21 9 24 27 5 13 47 25 28 38 15 29 35 18 17 4 42 22 26 45 

Inst_Index:5699 	 City_Num:50 	 Concorde:6.327262 	 MCTS:6.327262 Improve:0.000000 	 Time:3.76 Seconds
Solution: 1 12 11 26 23 48 27 28 49 22 18 20 19 29 39 40 15 21 5 43 38 44 46 4 34 32 41 13 37 6 31 3 17 14 25 24 45 16 7 35 36 50 2 33 9 47 42 10 30 8 

Inst_Index:5700 	 City_Num:50 	 Concorde:5.482336 	 MCTS:5.482336 Improve:-0.000000 	 Time:3.76 Seconds
Solution: 1 9 4 5 24 10 46 35 39 7 22 15 30 20 3 18 38 33 28 40 31 26 13 47 16 32 49 42 2 27 29 43 19 17 8 48 6 44 11 36 14 25 21 12 37 34 41 50 45 23 

Inst_Index:5701 	 City_Num:50 	 Concorde:5.787124 	 MCTS:5.785469 Improve:0.001655 	 Time:3.76 Seconds
Solution: 1 22 41 28 29 8 42 13 38 49 37 6 10 43 27 36 17 26 2 21 18 45 16 44 32 50 15 39 23 33 12 11 3 35 47 24 30 19 25 20 5 46 7 40 9 31 34 48 4 14 

Inst_Index:5702 	 City_Num:50 	 Concorde:6.009110 	 MCTS:6.009110 Improve:-0.000000 	 Time:3.76 Seconds
Solution: 1 26 8 17 46 41 48 43 42 49 21 38 3 24 30 40 7 19 31 6 18 15 44 45 5 34 23 16 12 27 10 36 32 22 50 4 29 28 33 20 47 11 14 25 2 37 35 13 9 39 

Inst_Index:5703 	 City_Num:50 	 Concorde:5.904863 	 MCTS:5.904863 Improve:-0.000000 	 Time:3.75 Seconds
Solution: 1 40 32 11 49 29 3 43 47 50 7 34 41 28 17 10 45 35 33 6 16 42 22 39 8 23 14 9 25 4 36 27 15 24 5 26 31 37 19 48 12 46 44 20 30 18 38 2 21 13 

Inst_Index:5704 	 City_Num:50 	 Concorde:5.897583 	 MCTS:5.897583 Improve:0.000000 	 Time:3.77 Seconds
Solution: 1 49 21 7 9 25 5 43 18 12 35 16 3 39 38 14 36 20 44 42 4 30 47 19 22 50 15 40 17 45 33 27 48 32 37 13 23 10 29 41 26 46 28 24 11 34 31 8 2 6 

Inst_Index:5705 	 City_Num:50 	 Concorde:5.456502 	 MCTS:5.456502 Improve:-0.000000 	 Time:3.75 Seconds
Solution: 1 17 34 9 7 23 27 31 35 47 24 11 21 25 41 4 8 30 43 22 15 29 28 49 42 2 32 12 16 46 19 10 39 50 3 14 26 44 37 45 13 48 40 18 36 38 20 5 6 33 

Inst_Index:5706 	 City_Num:50 	 Concorde:5.959560 	 MCTS:5.958686 Improve:0.000874 	 Time:3.77 Seconds
Solution: 1 15 35 25 22 17 2 23 14 36 30 4 40 45 46 18 34 3 41 37 20 9 32 43 8 10 50 49 44 27 42 31 38 12 6 33 16 24 48 5 47 39 29 21 26 28 11 13 7 19 

Inst_Index:5707 	 City_Num:50 	 Concorde:5.756662 	 MCTS:5.756662 Improve:-0.000000 	 Time:3.77 Seconds
Solution: 1 12 36 8 5 27 31 15 40 45 18 26 44 50 42 37 11 14 23 17 25 28 16 46 47 4 24 2 43 30 9 29 49 33 34 19 32 13 20 39 10 21 41 35 22 6 38 3 48 7 

Inst_Index:5708 	 City_Num:50 	 Concorde:5.560407 	 MCTS:5.560407 Improve:-0.000000 	 Time:3.76 Seconds
Solution: 1 49 31 7 42 34 35 19 10 45 30 46 37 48 25 18 16 23 33 24 6 13 47 14 20 32 4 5 44 40 36 28 29 41 15 39 11 27 38 17 21 9 2 3 26 8 50 22 12 43 

Inst_Index:5709 	 City_Num:50 	 Concorde:5.997625 	 MCTS:5.997625 Improve:0.000000 	 Time:3.76 Seconds
Solution: 1 9 6 24 3 42 23 10 48 2 8 26 21 47 16 49 32 15 5 18 13 20 38 29 45 12 4 44 41 43 17 37 39 40 7 35 22 14 28 50 36 33 46 30 27 19 34 25 11 31 

Inst_Index:5710 	 City_Num:50 	 Concorde:5.834832 	 MCTS:5.834832 Improve:-0.000000 	 Time:3.76 Seconds
Solution: 1 43 9 21 48 19 22 25 24 29 38 35 42 31 7 26 23 28 37 41 5 11 45 6 14 13 18 30 16 44 12 27 17 47 36 15 33 2 4 49 40 34 39 3 46 8 10 32 20 50 

Inst_Index:5711 	 City_Num:50 	 Concorde:6.070313 	 MCTS:6.070313 Improve:-0.000000 	 Time:3.76 Seconds
Solution: 1 6 15 34 35 17 49 2 32 27 33 31 50 30 38 9 20 37 10 44 13 23 39 24 8 26 18 4 21 12 7 46 42 25 28 11 43 36 19 40 48 41 47 29 14 45 22 3 16 5 

Inst_Index:5712 	 City_Num:50 	 Concorde:5.735432 	 MCTS:5.735432 Improve:0.000000 	 Time:3.77 Seconds
Solution: 1 8 7 30 40 34 26 9 21 17 31 28 42 11 44 46 10 2 43 5 37 20 6 23 29 39 27 18 41 14 12 4 3 45 38 50 49 33 47 48 19 25 35 36 32 16 22 24 15 13 

Inst_Index:5713 	 City_Num:50 	 Concorde:6.050772 	 MCTS:6.050772 Improve:-0.000000 	 Time:3.76 Seconds
Solution: 1 17 39 36 5 28 11 34 8 38 35 19 42 44 16 6 18 31 33 23 43 4 22 49 24 50 37 15 26 29 30 25 47 20 32 45 21 10 46 13 41 48 2 27 7 40 14 3 12 9 

Inst_Index:5714 	 City_Num:50 	 Concorde:5.871615 	 MCTS:5.871615 Improve:-0.000000 	 Time:3.76 Seconds
Solution: 1 27 14 15 38 42 44 20 7 10 33 34 24 3 16 31 41 6 39 23 2 49 45 37 17 48 43 13 25 30 36 35 19 8 46 47 12 9 4 18 21 5 29 32 50 11 28 26 40 22 

Inst_Index:5715 	 City_Num:50 	 Concorde:5.672693 	 MCTS:5.672693 Improve:0.000000 	 Time:3.76 Seconds
Solution: 1 2 32 13 44 24 43 5 3 42 12 27 46 29 33 30 41 38 7 20 40 10 8 15 16 21 9 18 37 31 48 35 28 25 36 23 47 50 19 22 26 14 11 4 49 45 39 6 17 34 

Inst_Index:5716 	 City_Num:50 	 Concorde:5.362554 	 MCTS:5.361875 Improve:0.000680 	 Time:3.75 Seconds
Solution: 1 14 34 46 15 44 27 16 47 50 32 41 12 42 29 38 30 6 45 18 31 11 3 23 36 22 35 39 48 25 8 19 13 33 28 21 24 20 7 17 26 2 10 4 5 9 43 40 37 49 

Inst_Index:5717 	 City_Num:50 	 Concorde:5.823433 	 MCTS:5.823433 Improve:0.000000 	 Time:3.76 Seconds
Solution: 1 40 22 12 5 47 26 35 27 29 17 24 46 18 41 4 11 19 30 13 25 15 3 7 42 9 48 16 20 39 10 43 36 34 21 14 45 32 49 31 6 8 33 28 50 2 44 38 37 23 

Inst_Index:5718 	 City_Num:50 	 Concorde:6.034638 	 MCTS:6.034638 Improve:-0.000000 	 Time:3.75 Seconds
Solution: 1 46 20 36 2 11 12 45 3 39 44 16 28 6 17 26 32 33 29 49 50 15 22 18 37 14 31 23 13 43 10 4 25 9 30 27 38 21 42 40 19 47 24 41 5 8 7 35 48 34 

Inst_Index:5719 	 City_Num:50 	 Concorde:5.632522 	 MCTS:5.632522 Improve:-0.000000 	 Time:3.75 Seconds
Solution: 1 14 34 22 43 30 35 45 11 38 9 3 28 32 39 46 21 19 24 33 41 49 10 4 48 18 6 47 40 29 23 12 7 44 13 2 5 8 36 50 25 17 31 42 20 27 16 15 37 26 

Inst_Index:5720 	 City_Num:50 	 Concorde:5.630784 	 MCTS:5.630784 Improve:-0.000000 	 Time:3.77 Seconds
Solution: 1 6 47 46 27 9 17 45 29 26 8 36 35 5 48 12 50 44 11 23 25 22 13 20 3 16 24 40 49 10 7 42 4 33 34 31 30 21 14 38 37 15 18 41 43 32 19 28 2 39 

Inst_Index:5721 	 City_Num:50 	 Concorde:5.971029 	 MCTS:5.971029 Improve:0.000000 	 Time:3.77 Seconds
Solution: 1 49 26 14 31 27 45 39 15 50 10 41 21 23 17 2 48 42 6 46 18 43 38 16 25 5 13 9 7 8 29 33 34 24 35 30 20 28 19 47 3 12 11 22 37 32 44 40 4 36 

Inst_Index:5722 	 City_Num:50 	 Concorde:5.941448 	 MCTS:5.941448 Improve:0.000000 	 Time:3.76 Seconds
Solution: 1 31 28 33 47 40 43 35 5 2 11 9 15 39 10 27 14 8 49 36 42 21 19 17 38 20 34 18 44 30 45 23 24 41 46 29 6 13 3 50 32 16 22 48 37 7 25 12 26 4 

Inst_Index:5723 	 City_Num:50 	 Concorde:5.745925 	 MCTS:5.745925 Improve:-0.000000 	 Time:3.75 Seconds
Solution: 1 27 12 42 32 2 40 16 41 48 36 15 3 30 11 38 22 5 31 9 21 44 35 23 39 45 18 43 7 13 26 6 50 4 49 33 34 17 19 14 46 20 29 28 10 25 24 47 37 8 

Inst_Index:5724 	 City_Num:50 	 Concorde:5.832625 	 MCTS:5.832625 Improve:0.000000 	 Time:3.75 Seconds
Solution: 1 25 23 7 20 38 49 47 28 32 39 27 5 40 42 35 36 14 24 45 3 8 50 17 22 12 13 16 6 37 30 46 44 19 2 43 9 10 4 15 21 11 33 41 31 29 26 18 34 48 

Inst_Index:5725 	 City_Num:50 	 Concorde:5.733785 	 MCTS:5.733785 Improve:-0.000000 	 Time:3.76 Seconds
Solution: 1 44 40 30 32 12 2 26 41 8 35 37 7 50 9 16 22 48 23 29 21 4 6 33 10 13 3 34 45 47 31 18 17 36 14 25 11 27 43 46 49 15 5 42 39 19 38 28 20 24 

Inst_Index:5726 	 City_Num:50 	 Concorde:6.016994 	 MCTS:6.016994 Improve:-0.000000 	 Time:3.76 Seconds
Solution: 1 28 33 36 25 19 5 40 39 11 26 30 10 46 21 20 16 50 24 6 35 31 23 45 43 22 44 4 9 32 41 13 38 17 29 2 47 15 12 42 18 34 8 7 48 49 37 14 3 27 

Inst_Index:5727 	 City_Num:50 	 Concorde:5.633706 	 MCTS:5.633706 Improve:0.000000 	 Time:3.75 Seconds
Solution: 1 8 42 24 12 7 11 48 45 23 17 50 44 39 35 20 47 25 9 13 33 10 15 40 18 38 16 37 41 36 26 14 29 19 3 49 4 30 6 21 27 28 5 32 2 34 43 46 31 22 

Inst_Index:5728 	 City_Num:50 	 Concorde:5.594925 	 MCTS:5.594925 Improve:0.000000 	 Time:3.77 Seconds
Solution: 1 30 8 46 21 27 31 35 3 23 4 2 15 32 42 17 28 22 16 48 7 29 10 41 19 37 33 39 13 26 18 11 34 47 24 50 12 38 14 40 5 45 36 6 9 20 44 49 43 25 

Inst_Index:5729 	 City_Num:50 	 Concorde:6.074336 	 MCTS:6.073490 Improve:0.000846 	 Time:3.77 Seconds
Solution: 1 38 35 19 11 13 36 17 46 7 42 43 28 16 29 33 20 49 34 26 6 37 15 44 30 39 12 24 14 18 2 41 31 50 40 5 25 32 8 3 45 48 9 10 22 4 23 21 27 47 

Inst_Index:5730 	 City_Num:50 	 Concorde:5.745653 	 MCTS:5.744350 Improve:0.001303 	 Time:3.75 Seconds
Solution: 1 38 16 13 14 4 42 44 26 36 45 40 15 21 28 18 29 2 22 3 34 23 32 9 47 41 17 7 50 12 20 5 35 30 49 6 10 24 33 31 37 39 27 8 46 48 25 11 19 43 

Inst_Index:5731 	 City_Num:50 	 Concorde:5.905914 	 MCTS:5.904187 Improve:0.001727 	 Time:3.76 Seconds
Solution: 1 19 26 46 37 34 49 15 29 48 38 24 42 35 18 30 8 4 36 2 47 39 50 43 44 21 40 23 25 32 11 33 27 7 3 22 17 10 14 45 13 12 5 16 31 20 6 9 28 41 

Inst_Index:5732 	 City_Num:50 	 Concorde:5.853917 	 MCTS:5.853917 Improve:0.000000 	 Time:3.76 Seconds
Solution: 1 26 2 49 30 43 33 27 14 29 46 24 18 12 50 36 6 22 31 45 19 3 37 47 34 23 15 40 42 21 5 10 44 8 48 4 41 13 32 25 39 17 9 11 7 16 35 38 28 20 

Inst_Index:5733 	 City_Num:50 	 Concorde:5.717045 	 MCTS:5.714974 Improve:0.002071 	 Time:3.75 Seconds
Solution: 1 14 17 48 31 8 46 28 50 39 30 15 6 13 2 21 33 37 7 24 16 34 20 43 4 42 26 27 22 41 36 11 9 12 10 35 40 47 44 29 32 18 25 49 38 3 23 5 45 19 

Inst_Index:5734 	 City_Num:50 	 Concorde:5.817354 	 MCTS:5.817354 Improve:0.000000 	 Time:3.75 Seconds
Solution: 1 16 3 8 42 38 50 32 20 24 27 25 12 5 28 18 11 23 45 41 29 43 2 37 48 47 44 7 31 9 13 49 46 39 4 19 26 35 22 21 10 30 6 33 40 34 17 14 15 36 

Inst_Index:5735 	 City_Num:50 	 Concorde:5.548492 	 MCTS:5.548130 Improve:0.000362 	 Time:3.76 Seconds
Solution: 1 36 10 40 29 27 21 6 9 35 23 34 28 43 39 38 15 18 41 13 44 11 3 47 4 14 46 49 50 19 8 20 17 26 48 32 16 25 12 7 22 31 42 37 30 33 24 45 2 5 

Inst_Index:5736 	 City_Num:50 	 Concorde:5.707657 	 MCTS:5.705567 Improve:0.002090 	 Time:3.76 Seconds
Solution: 1 48 20 43 38 16 36 17 19 6 15 41 37 33 22 27 4 47 40 29 44 14 21 34 32 2 12 18 46 7 39 31 28 26 8 23 3 9 42 13 50 24 30 49 25 45 11 35 5 10 

Inst_Index:5737 	 City_Num:50 	 Concorde:5.461604 	 MCTS:5.455850 Improve:0.005754 	 Time:3.76 Seconds
Solution: 1 36 13 7 4 26 44 22 41 21 32 48 42 24 17 31 6 2 11 29 16 46 18 23 49 19 9 12 40 33 25 15 14 43 3 5 37 39 35 34 8 50 20 30 38 45 47 27 28 10 

Inst_Index:5738 	 City_Num:50 	 Concorde:5.891627 	 MCTS:5.891627 Improve:0.000000 	 Time:3.75 Seconds
Solution: 1 2 21 37 35 39 45 34 44 6 19 10 28 4 15 9 13 24 36 40 27 50 8 49 43 7 12 3 23 26 20 22 30 47 5 14 29 17 38 16 25 32 46 42 41 48 31 18 33 11 

Inst_Index:5739 	 City_Num:50 	 Concorde:5.668961 	 MCTS:5.668480 Improve:0.000481 	 Time:3.76 Seconds
Solution: 1 29 8 39 9 47 49 18 38 16 23 20 42 22 28 40 6 15 48 27 33 45 4 26 14 10 30 13 7 12 3 36 46 21 24 5 34 50 11 35 25 37 2 44 41 19 32 17 43 31 

Inst_Index:5740 	 City_Num:50 	 Concorde:5.656624 	 MCTS:5.656624 Improve:0.000000 	 Time:3.75 Seconds
Solution: 1 20 39 36 34 9 49 4 12 3 28 19 18 6 16 37 8 43 40 45 46 48 5 30 42 21 2 31 24 13 35 44 17 50 11 15 47 23 41 22 14 10 26 33 7 32 38 25 29 27 

Inst_Index:5741 	 City_Num:50 	 Concorde:5.510599 	 MCTS:5.507884 Improve:0.002715 	 Time:3.76 Seconds
Solution: 1 42 50 22 36 27 41 44 28 34 37 10 6 25 13 17 14 11 45 43 19 49 16 35 9 12 8 3 20 46 38 40 32 47 31 15 21 5 33 29 7 39 2 23 18 4 24 30 48 26 

Inst_Index:5742 	 City_Num:50 	 Concorde:5.757279 	 MCTS:5.757279 Improve:0.000000 	 Time:3.77 Seconds
Solution: 1 29 32 38 50 42 18 40 11 43 22 20 28 23 16 31 26 24 21 47 10 6 39 5 8 15 37 17 33 45 12 7 30 4 13 2 14 25 34 41 36 49 35 3 46 9 48 27 44 19 

Inst_Index:5743 	 City_Num:50 	 Concorde:5.824644 	 MCTS:5.824553 Improve:0.000091 	 Time:3.75 Seconds
Solution: 1 34 26 17 16 49 13 20 5 28 24 33 4 42 10 50 21 36 48 2 31 47 44 32 14 37 27 40 12 11 6 43 25 18 3 38 41 46 19 22 23 35 45 7 15 29 30 9 8 39 

Inst_Index:5744 	 City_Num:50 	 Concorde:6.177428 	 MCTS:6.176328 Improve:0.001100 	 Time:3.76 Seconds
Solution: 1 28 26 12 30 29 37 42 41 35 3 15 47 40 24 17 48 4 36 31 10 43 45 2 21 39 6 22 32 11 14 34 25 13 8 19 33 9 16 49 27 44 46 50 18 38 20 5 23 7 

Inst_Index:5745 	 City_Num:50 	 Concorde:5.830305 	 MCTS:5.830305 Improve:0.000000 	 Time:3.76 Seconds
Solution: 1 19 36 30 41 11 48 7 39 16 15 13 22 24 23 47 27 35 14 38 32 40 17 42 28 44 49 12 43 34 29 37 33 8 31 3 26 46 45 2 50 18 4 20 10 21 9 6 25 5 

Inst_Index:5746 	 City_Num:50 	 Concorde:5.723077 	 MCTS:5.723077 Improve:-0.000000 	 Time:3.76 Seconds
Solution: 1 36 24 8 28 9 41 16 35 13 49 5 17 2 4 48 11 15 20 19 38 3 45 34 22 37 10 21 40 12 25 44 18 39 47 30 27 33 23 14 43 50 29 42 31 26 6 7 46 32 

Inst_Index:5747 	 City_Num:50 	 Concorde:5.554526 	 MCTS:5.550169 Improve:0.004357 	 Time:3.77 Seconds
Solution: 1 35 27 45 39 31 16 49 34 41 29 36 18 44 20 48 5 11 25 32 26 15 21 37 22 12 8 10 7 13 24 9 3 46 47 19 30 17 40 4 42 23 33 6 2 43 14 38 28 50 

Inst_Index:5748 	 City_Num:50 	 Concorde:5.590703 	 MCTS:5.590703 Improve:-0.000000 	 Time:3.77 Seconds
Solution: 1 48 16 20 26 17 44 34 28 27 43 4 13 2 6 7 19 8 25 3 39 31 18 15 32 33 9 40 41 49 14 37 24 47 30 23 10 38 5 29 46 42 36 21 35 22 11 45 12 50 

Inst_Index:5749 	 City_Num:50 	 Concorde:5.937314 	 MCTS:5.932094 Improve:0.005220 	 Time:3.75 Seconds
Solution: 1 42 9 27 8 41 34 24 29 12 48 13 44 6 32 14 46 16 39 3 17 5 37 23 2 22 26 47 38 31 33 40 11 28 18 50 49 7 30 25 36 19 35 15 20 10 4 43 21 45 

Inst_Index:5750 	 City_Num:50 	 Concorde:5.656972 	 MCTS:5.656972 Improve:-0.000000 	 Time:3.75 Seconds
Solution: 1 17 6 30 23 31 43 11 40 26 45 27 42 32 10 49 47 46 18 22 14 41 25 33 5 29 28 39 20 24 36 21 4 8 7 44 35 19 12 9 15 48 34 38 3 16 13 37 50 2 

Inst_Index:5751 	 City_Num:50 	 Concorde:5.606129 	 MCTS:5.606129 Improve:0.000000 	 Time:3.75 Seconds
Solution: 1 35 44 15 17 5 33 43 25 31 14 20 49 2 18 7 11 12 42 6 27 28 3 16 26 10 32 39 46 40 48 37 36 41 22 45 21 24 4 50 9 30 47 29 13 8 34 38 23 19 

Inst_Index:5752 	 City_Num:50 	 Concorde:5.580592 	 MCTS:5.579566 Improve:0.001026 	 Time:3.76 Seconds
Solution: 1 41 23 39 25 29 34 27 5 30 49 9 2 35 16 47 32 36 21 11 10 13 24 19 17 33 28 31 14 8 45 43 40 50 15 26 44 4 48 37 3 6 46 7 20 18 42 12 22 38 

Inst_Index:5753 	 City_Num:50 	 Concorde:5.558470 	 MCTS:5.558470 Improve:0.000000 	 Time:3.76 Seconds
Solution: 1 26 7 42 30 40 44 29 14 16 11 37 18 20 4 34 10 24 25 2 46 28 32 13 9 35 23 48 15 12 38 3 8 33 17 27 47 22 45 6 43 21 19 41 5 49 39 31 50 36 

Inst_Index:5754 	 City_Num:50 	 Concorde:5.685000 	 MCTS:5.685000 Improve:-0.000000 	 Time:3.75 Seconds
Solution: 1 30 13 38 6 19 36 44 23 33 34 18 11 16 28 10 4 5 35 43 12 42 17 41 2 50 7 26 25 40 14 46 49 27 3 22 15 32 31 29 20 39 48 45 9 24 21 8 37 47 

Inst_Index:5755 	 City_Num:50 	 Concorde:5.706618 	 MCTS:5.706618 Improve:-0.000000 	 Time:3.76 Seconds
Solution: 1 6 47 31 24 33 13 40 42 14 20 50 7 12 25 26 43 44 36 22 23 45 3 17 41 38 32 2 10 37 16 4 34 46 15 48 29 5 9 39 49 30 19 28 11 35 27 21 8 18 

Inst_Index:5756 	 City_Num:50 	 Concorde:5.836068 	 MCTS:5.836068 Improve:0.000000 	 Time:3.76 Seconds
Solution: 1 45 30 21 3 25 22 49 4 46 44 14 24 5 27 11 12 18 8 33 35 28 13 34 17 47 9 29 26 41 48 42 39 10 7 19 15 20 2 23 32 43 36 40 6 50 16 31 37 38 

Inst_Index:5757 	 City_Num:50 	 Concorde:5.672357 	 MCTS:5.672357 Improve:0.000000 	 Time:3.76 Seconds
Solution: 1 14 10 23 48 32 39 19 9 26 28 2 45 25 36 42 49 27 44 20 5 15 50 6 13 12 35 18 16 29 46 40 22 24 37 31 21 43 11 8 41 4 38 17 47 3 30 34 33 7 

Inst_Index:5758 	 City_Num:50 	 Concorde:5.485799 	 MCTS:5.485799 Improve:0.000000 	 Time:3.76 Seconds
Solution: 1 10 26 37 50 47 11 48 5 42 44 31 14 35 2 17 13 24 8 12 39 7 22 38 15 4 40 36 29 20 19 27 32 46 16 43 34 45 41 33 3 21 9 49 23 30 28 6 18 25 

Inst_Index:5759 	 City_Num:50 	 Concorde:5.961522 	 MCTS:5.961522 Improve:0.000000 	 Time:3.76 Seconds
Solution: 1 3 31 4 49 36 2 47 28 27 21 8 11 25 16 18 20 30 38 39 12 14 37 33 17 32 35 15 5 40 41 48 44 24 42 34 29 22 46 9 10 13 23 19 7 43 50 45 6 26 

Inst_Index:5760 	 City_Num:50 	 Concorde:5.976952 	 MCTS:5.976952 Improve:-0.000000 	 Time:3.75 Seconds
Solution: 1 23 38 43 14 24 5 50 44 46 27 19 30 26 7 21 31 29 35 34 4 33 32 47 17 9 13 49 25 16 22 37 48 41 8 20 28 6 40 18 15 39 10 36 45 11 12 42 3 2 

Inst_Index:5761 	 City_Num:50 	 Concorde:5.506798 	 MCTS:5.506798 Improve:0.000000 	 Time:3.75 Seconds
Solution: 1 7 29 3 32 8 15 43 11 36 18 24 30 38 45 27 40 41 22 10 47 42 6 21 39 19 48 14 5 25 49 50 4 9 26 28 13 20 37 35 33 17 31 2 16 46 34 12 44 23 

Inst_Index:5762 	 City_Num:50 	 Concorde:6.163912 	 MCTS:6.163912 Improve:0.000000 	 Time:3.75 Seconds
Solution: 1 26 50 7 21 13 23 47 15 45 39 46 40 16 5 24 12 14 35 34 44 18 20 43 19 2 28 11 30 3 41 9 22 10 38 27 17 32 48 31 33 42 36 25 6 37 49 4 8 29 

Inst_Index:5763 	 City_Num:50 	 Concorde:5.804141 	 MCTS:5.802355 Improve:0.001786 	 Time:3.76 Seconds
Solution: 1 24 25 32 36 37 27 22 43 23 35 28 30 14 42 3 12 10 47 5 11 46 13 29 39 20 4 45 26 6 33 49 7 38 48 9 19 31 8 2 17 15 16 21 34 50 41 44 18 40 

Inst_Index:5764 	 City_Num:50 	 Concorde:5.863780 	 MCTS:5.863780 Improve:-0.000000 	 Time:3.76 Seconds
Solution: 1 33 7 44 21 29 8 28 20 39 17 35 46 6 26 41 48 43 30 36 42 25 45 49 3 14 31 23 10 34 24 50 9 11 32 2 19 18 13 12 37 47 4 5 22 16 27 40 38 15 

Inst_Index:5765 	 City_Num:50 	 Concorde:5.403133 	 MCTS:5.403133 Improve:0.000000 	 Time:3.75 Seconds
Solution: 1 2 18 20 4 41 13 36 33 11 24 10 16 32 49 48 23 12 30 15 44 46 31 34 5 9 26 22 8 7 6 3 40 25 19 14 21 27 17 38 39 29 43 42 37 35 50 47 28 45 

Inst_Index:5766 	 City_Num:50 	 Concorde:5.610610 	 MCTS:5.610610 Improve:0.000000 	 Time:3.76 Seconds
Solution: 1 9 8 32 19 44 27 10 39 43 28 22 40 17 20 48 47 30 25 3 7 13 37 18 24 50 45 29 33 6 42 16 21 31 12 14 49 5 4 36 35 46 34 38 11 26 23 15 2 41 

Inst_Index:5767 	 City_Num:50 	 Concorde:5.676263 	 MCTS:5.672149 Improve:0.004115 	 Time:3.76 Seconds
Solution: 1 33 3 16 11 26 12 31 34 47 5 38 49 43 22 41 39 35 24 18 21 2 14 15 29 27 23 4 6 36 20 32 17 45 10 19 48 50 37 30 8 42 9 44 28 13 25 40 46 7 

Inst_Index:5768 	 City_Num:50 	 Concorde:5.860282 	 MCTS:5.860282 Improve:0.000000 	 Time:3.75 Seconds
Solution: 1 2 15 30 49 9 23 26 47 18 16 34 31 43 4 10 42 44 6 33 36 22 40 8 11 19 50 12 17 7 3 38 45 21 24 28 39 25 29 41 46 20 37 32 35 5 14 27 13 48 

Inst_Index:5769 	 City_Num:50 	 Concorde:5.916310 	 MCTS:5.913655 Improve:0.002655 	 Time:3.77 Seconds
Solution: 1 32 50 24 18 8 28 42 48 14 2 15 43 34 21 22 30 20 26 33 35 25 10 3 5 29 4 45 16 12 31 46 49 40 13 41 27 36 9 47 17 23 19 6 11 37 39 38 44 7 

Inst_Index:5770 	 City_Num:50 	 Concorde:6.128992 	 MCTS:6.128992 Improve:-0.000000 	 Time:3.75 Seconds
Solution: 1 9 21 2 19 27 5 4 7 17 14 34 41 32 10 42 22 28 44 45 50 46 18 12 15 49 13 23 40 25 16 6 35 29 47 39 11 20 3 30 48 37 36 31 8 26 33 24 43 38 

Inst_Index:5771 	 City_Num:50 	 Concorde:4.938643 	 MCTS:4.938643 Improve:-0.000000 	 Time:3.76 Seconds
Solution: 1 41 5 11 25 49 4 14 35 28 20 45 50 8 46 22 12 31 43 2 15 40 38 29 6 3 44 19 16 39 30 32 13 36 34 48 47 21 42 23 24 37 33 9 26 7 10 18 27 17 

Inst_Index:5772 	 City_Num:50 	 Concorde:5.377148 	 MCTS:5.377148 Improve:-0.000000 	 Time:3.76 Seconds
Solution: 1 29 23 33 17 18 48 11 3 8 38 32 6 26 9 39 34 12 31 49 21 28 5 36 37 10 41 2 16 46 43 7 44 19 13 30 20 4 45 40 22 47 24 15 27 50 14 42 25 35 

Inst_Index:5773 	 City_Num:50 	 Concorde:5.706718 	 MCTS:5.706718 Improve:0.000000 	 Time:3.75 Seconds
Solution: 1 13 4 35 39 30 37 24 12 11 44 48 40 9 10 8 47 19 17 25 32 3 21 49 23 38 29 33 50 41 22 14 18 16 26 7 36 34 28 43 27 15 20 45 31 42 2 5 6 46 

Inst_Index:5774 	 City_Num:50 	 Concorde:5.254907 	 MCTS:5.254907 Improve:-0.000000 	 Time:3.77 Seconds
Solution: 1 24 29 21 15 12 2 35 44 19 16 25 40 11 5 27 43 9 30 8 3 13 41 38 4 34 20 26 31 23 17 28 14 45 10 36 33 49 7 48 46 32 18 42 37 6 22 50 47 39 

Inst_Index:5775 	 City_Num:50 	 Concorde:5.527244 	 MCTS:5.523527 Improve:0.003717 	 Time:3.77 Seconds
Solution: 1 11 36 17 38 2 18 32 10 3 15 12 37 22 30 31 19 21 27 7 8 43 5 6 33 40 13 24 20 49 4 34 14 16 41 45 29 28 35 26 50 39 46 25 48 42 44 23 47 9 

Inst_Index:5776 	 City_Num:50 	 Concorde:5.923331 	 MCTS:5.906431 Improve:0.016900 	 Time:3.76 Seconds
Solution: 1 4 8 13 24 18 34 15 33 48 11 36 43 19 22 14 20 25 12 3 2 9 35 45 44 10 46 32 6 31 16 50 27 30 5 42 26 23 7 39 21 49 28 40 47 37 29 38 41 17 

Inst_Index:5777 	 City_Num:50 	 Concorde:5.947723 	 MCTS:5.947723 Improve:-0.000000 	 Time:3.76 Seconds
Solution: 1 5 4 2 26 17 21 28 8 31 42 48 41 44 23 6 16 34 37 43 45 32 7 13 18 50 36 19 15 33 29 39 3 9 12 49 46 14 35 20 22 30 24 25 11 10 38 27 40 47 

Inst_Index:5778 	 City_Num:50 	 Concorde:5.740004 	 MCTS:5.740004 Improve:-0.000000 	 Time:3.75 Seconds
Solution: 1 10 25 28 24 6 42 43 49 47 20 22 34 48 32 15 18 23 37 50 14 46 9 16 19 41 21 5 30 45 36 26 4 8 3 11 2 13 44 27 29 12 33 17 39 35 31 38 40 7 

Inst_Index:5779 	 City_Num:50 	 Concorde:5.542512 	 MCTS:5.541754 Improve:0.000758 	 Time:3.76 Seconds
Solution: 1 40 21 2 11 28 29 22 38 19 50 39 44 14 41 27 37 7 6 48 5 42 12 16 18 36 32 26 24 15 30 45 47 35 49 17 4 10 46 25 3 13 33 31 8 34 43 9 20 23 

Inst_Index:5780 	 City_Num:50 	 Concorde:5.753106 	 MCTS:5.746285 Improve:0.006820 	 Time:3.76 Seconds
Solution: 1 6 45 22 16 50 13 31 10 27 18 40 49 37 20 5 26 42 32 30 46 24 3 44 35 36 11 15 8 7 41 48 9 12 25 39 34 29 17 38 21 2 14 4 28 43 19 23 33 47 

Inst_Index:5781 	 City_Num:50 	 Concorde:5.790599 	 MCTS:5.790599 Improve:-0.000000 	 Time:3.76 Seconds
Solution: 1 4 23 5 18 3 9 12 40 24 26 46 45 6 13 15 38 48 30 14 47 16 49 41 50 36 25 33 35 32 27 39 31 42 44 34 37 29 8 11 22 21 17 43 20 10 28 2 19 7 

Inst_Index:5782 	 City_Num:50 	 Concorde:5.473883 	 MCTS:5.472400 Improve:0.001483 	 Time:3.78 Seconds
Solution: 1 33 7 44 24 9 14 21 26 3 6 45 17 39 27 19 31 2 32 48 30 43 10 23 40 4 49 46 37 41 29 50 5 36 25 34 47 42 22 11 28 15 20 35 18 38 13 16 8 12 

Inst_Index:5783 	 City_Num:50 	 Concorde:5.945034 	 MCTS:5.937809 Improve:0.007225 	 Time:3.77 Seconds
Solution: 1 2 4 8 23 27 36 50 21 12 39 18 6 33 24 14 30 47 29 3 9 40 43 41 7 31 42 44 35 11 34 17 16 45 49 25 5 28 37 20 46 10 48 38 15 22 19 13 32 26 

Inst_Index:5784 	 City_Num:50 	 Concorde:5.614889 	 MCTS:5.610802 Improve:0.004088 	 Time:3.75 Seconds
Solution: 1 5 16 9 49 14 37 2 11 41 27 23 34 17 38 29 31 18 32 48 39 15 22 44 25 42 46 6 3 20 40 43 10 35 12 50 4 26 30 45 19 36 24 7 28 47 8 13 21 33 

Inst_Index:5785 	 City_Num:50 	 Concorde:5.280291 	 MCTS:5.278095 Improve:0.002196 	 Time:3.76 Seconds
Solution: 1 11 18 32 28 9 45 5 19 30 37 15 31 39 7 12 27 34 23 49 14 6 10 8 48 42 36 29 47 33 17 4 13 35 46 22 38 26 44 43 2 24 16 21 41 50 25 40 20 3 

Inst_Index:5786 	 City_Num:50 	 Concorde:5.723728 	 MCTS:5.723728 Improve:0.000000 	 Time:3.75 Seconds
Solution: 1 13 34 40 49 22 8 29 33 30 36 44 12 39 4 18 42 32 46 15 25 6 47 50 35 41 3 7 48 28 38 11 43 2 21 17 27 23 5 37 26 14 45 19 24 10 31 9 16 20 

Inst_Index:5787 	 City_Num:50 	 Concorde:5.779570 	 MCTS:5.779570 Improve:0.000000 	 Time:3.77 Seconds
Solution: 1 43 39 42 33 18 12 26 45 14 11 19 22 5 48 8 13 23 46 27 28 32 25 17 47 40 10 9 38 24 35 31 2 29 21 4 3 7 44 36 6 15 20 37 16 49 41 30 50 34 

Inst_Index:5788 	 City_Num:50 	 Concorde:5.762678 	 MCTS:5.762678 Improve:-0.000000 	 Time:3.77 Seconds
Solution: 1 36 6 30 21 5 39 19 15 27 12 40 10 34 18 50 48 32 42 3 44 13 22 11 24 14 23 41 9 35 17 45 46 29 31 26 33 4 49 43 20 8 16 7 25 28 47 37 2 38 

Inst_Index:5789 	 City_Num:50 	 Concorde:5.774555 	 MCTS:5.774555 Improve:0.000000 	 Time:3.77 Seconds
Solution: 1 35 23 7 13 22 48 29 44 8 6 2 34 16 10 40 12 24 42 11 46 5 27 36 19 47 21 26 39 30 14 3 45 9 41 18 49 15 38 17 28 50 43 4 31 25 33 32 37 20 

Inst_Index:5790 	 City_Num:50 	 Concorde:6.024422 	 MCTS:6.021184 Improve:0.003238 	 Time:3.75 Seconds
Solution: 1 8 23 17 49 46 7 9 35 29 13 37 30 38 28 18 26 41 25 47 36 50 5 15 42 10 22 21 11 19 3 2 44 4 32 48 14 16 34 40 24 43 31 27 6 39 20 33 12 45 

Inst_Index:5791 	 City_Num:50 	 Concorde:5.399009 	 MCTS:5.399009 Improve:-0.000000 	 Time:3.76 Seconds
Solution: 1 9 21 45 37 10 13 2 44 47 23 40 25 32 18 30 38 19 27 4 43 41 26 17 49 24 31 6 50 22 11 5 29 20 16 15 35 33 28 3 36 14 46 7 8 39 42 34 12 48 

Inst_Index:5792 	 City_Num:50 	 Concorde:5.798991 	 MCTS:5.798991 Improve:0.000000 	 Time:3.77 Seconds
Solution: 1 26 23 33 29 13 2 27 20 47 22 10 25 35 40 42 36 17 28 43 50 12 46 21 9 37 44 5 39 38 16 7 8 32 15 4 11 45 34 48 30 6 18 19 31 24 3 49 14 41 

Inst_Index:5793 	 City_Num:50 	 Concorde:5.667042 	 MCTS:5.667042 Improve:0.000000 	 Time:3.76 Seconds
Solution: 1 37 5 22 46 21 14 16 2 32 40 26 39 44 19 43 36 20 38 34 50 6 24 30 10 27 45 15 8 33 4 25 9 31 13 49 28 23 11 7 12 3 48 47 41 35 17 18 29 42 

Inst_Index:5794 	 City_Num:50 	 Concorde:5.558892 	 MCTS:5.555307 Improve:0.003585 	 Time:3.76 Seconds
Solution: 1 47 13 35 29 12 27 50 34 2 8 22 11 37 24 15 16 14 36 5 31 42 20 48 6 23 32 19 43 49 18 17 21 40 28 39 25 4 33 45 26 30 41 44 9 38 3 7 46 10 

Inst_Index:5795 	 City_Num:50 	 Concorde:5.606349 	 MCTS:5.602361 Improve:0.003988 	 Time:3.77 Seconds
Solution: 1 37 30 33 50 16 10 35 25 12 3 26 2 7 13 14 18 43 39 21 6 38 49 5 40 47 23 31 34 4 15 48 28 20 44 24 42 11 27 9 46 32 45 29 17 36 22 8 41 19 

Inst_Index:5796 	 City_Num:50 	 Concorde:5.932288 	 MCTS:5.932288 Improve:-0.000000 	 Time:3.75 Seconds
Solution: 1 28 31 36 44 18 39 27 3 7 6 43 41 40 12 19 21 9 15 47 10 29 26 46 37 30 22 20 48 45 24 2 25 17 35 14 32 42 16 5 13 33 4 50 38 23 11 34 8 49 

Inst_Index:5797 	 City_Num:50 	 Concorde:5.534092 	 MCTS:5.534092 Improve:0.000000 	 Time:3.76 Seconds
Solution: 1 26 6 19 2 14 36 3 10 15 47 42 5 8 9 43 28 18 45 22 46 38 21 24 13 7 39 4 17 40 23 31 34 12 29 32 48 49 30 25 20 37 33 16 11 50 41 27 44 35 

Inst_Index:5798 	 City_Num:50 	 Concorde:6.067454 	 MCTS:6.066435 Improve:0.001019 	 Time:3.77 Seconds
Solution: 1 12 26 43 8 18 38 22 33 32 49 16 9 36 48 17 30 4 42 40 46 34 20 3 2 10 24 39 5 11 13 7 27 50 45 35 23 37 47 6 31 29 28 44 14 21 41 19 15 25 

Inst_Index:5799 	 City_Num:50 	 Concorde:5.955124 	 MCTS:5.955124 Improve:-0.000000 	 Time:3.77 Seconds
Solution: 1 22 35 38 26 9 40 3 13 33 37 10 7 11 30 20 15 42 23 46 24 43 2 5 47 32 28 29 18 31 17 39 44 41 36 21 14 48 25 8 19 27 16 4 12 49 6 45 34 50 

Inst_Index:5800 	 City_Num:50 	 Concorde:5.798826 	 MCTS:5.796425 Improve:0.002401 	 Time:3.76 Seconds
Solution: 1 32 28 2 12 38 18 7 10 40 30 26 27 44 24 19 20 23 35 21 43 45 48 4 13 39 8 5 41 46 29 9 37 49 22 34 17 47 16 15 33 6 31 42 36 14 50 25 3 11 

Inst_Index:5801 	 City_Num:50 	 Concorde:5.488207 	 MCTS:5.486828 Improve:0.001379 	 Time:3.76 Seconds
Solution: 1 21 6 9 20 23 32 22 4 36 37 26 3 2 13 43 8 18 44 42 49 41 45 5 7 48 19 29 38 40 47 35 17 14 15 12 39 27 10 11 24 28 50 31 25 34 16 33 46 30 

Inst_Index:5802 	 City_Num:50 	 Concorde:5.669902 	 MCTS:5.667017 Improve:0.002885 	 Time:3.77 Seconds
Solution: 1 29 25 48 46 45 32 42 31 11 27 40 43 20 5 16 34 47 30 17 13 7 8 23 12 21 18 37 4 26 24 9 36 28 49 41 10 39 19 15 50 14 44 38 33 2 35 22 6 3 

Inst_Index:5803 	 City_Num:50 	 Concorde:5.822198 	 MCTS:5.822198 Improve:-0.000000 	 Time:3.75 Seconds
Solution: 1 11 10 14 35 49 29 36 47 32 24 20 5 23 18 33 22 17 28 34 8 26 42 7 21 9 31 15 45 25 40 50 46 48 30 44 4 13 43 39 27 3 2 16 41 19 37 12 38 6 

Inst_Index:5804 	 City_Num:50 	 Concorde:5.498086 	 MCTS:5.496559 Improve:0.001527 	 Time:3.76 Seconds
Solution: 1 17 7 14 25 10 12 35 6 22 44 13 36 21 9 30 41 37 8 4 38 26 43 40 20 15 48 29 31 3 33 27 16 19 47 2 18 34 50 39 11 32 24 45 23 42 46 49 5 28 

Inst_Index:5805 	 City_Num:50 	 Concorde:5.730775 	 MCTS:5.730775 Improve:0.000000 	 Time:3.75 Seconds
Solution: 1 45 2 23 4 46 41 21 33 44 42 43 49 19 13 36 6 24 28 35 20 7 48 25 34 39 12 37 32 15 8 29 11 30 9 27 17 22 3 38 5 14 50 40 10 47 31 16 18 26 

Inst_Index:5806 	 City_Num:50 	 Concorde:6.003648 	 MCTS:6.003648 Improve:-0.000000 	 Time:3.75 Seconds
Solution: 1 23 19 17 39 47 35 32 9 30 7 13 5 45 25 36 24 28 46 21 34 26 20 12 10 8 15 33 29 4 50 41 22 16 27 40 44 2 31 18 43 11 6 38 42 14 37 3 49 48 

Inst_Index:5807 	 City_Num:50 	 Concorde:5.117566 	 MCTS:5.117566 Improve:0.000000 	 Time:3.75 Seconds
Solution: 1 10 30 38 11 43 7 26 27 8 18 42 4 44 19 2 34 39 36 29 16 45 5 23 25 9 31 6 33 46 48 40 13 17 21 22 20 35 32 14 37 49 15 50 24 28 12 3 41 47 

Inst_Index:5808 	 City_Num:50 	 Concorde:5.555919 	 MCTS:5.552607 Improve:0.003312 	 Time:3.76 Seconds
Solution: 1 47 12 30 44 14 36 19 17 21 45 24 27 42 40 16 18 33 2 5 26 4 8 13 50 15 38 20 28 43 37 22 39 11 48 31 29 23 9 41 46 3 6 25 10 35 32 34 49 7 

Inst_Index:5809 	 City_Num:50 	 Concorde:5.576274 	 MCTS:5.576274 Improve:0.000000 	 Time:3.75 Seconds
Solution: 1 39 31 19 17 42 23 11 33 6 45 48 38 18 47 5 22 37 40 21 20 46 29 14 8 7 24 30 49 26 44 15 10 9 35 28 27 3 2 12 50 13 41 25 16 43 36 32 34 4 

Inst_Index:5810 	 City_Num:50 	 Concorde:5.910141 	 MCTS:5.910141 Improve:0.000000 	 Time:3.77 Seconds
Solution: 1 22 5 26 17 40 28 31 10 16 8 36 38 32 49 35 24 4 2 34 23 7 15 44 37 43 27 45 30 50 25 12 41 18 47 29 33 46 13 21 42 11 20 39 14 19 3 6 48 9 

Inst_Index:5811 	 City_Num:50 	 Concorde:5.430638 	 MCTS:5.430638 Improve:0.000000 	 Time:3.76 Seconds
Solution: 1 23 34 30 13 48 4 21 7 46 35 33 22 42 17 39 11 16 36 49 19 20 29 50 10 12 38 26 27 37 3 8 47 25 6 41 44 32 9 24 5 43 45 40 31 18 15 2 14 28 

Inst_Index:5812 	 City_Num:50 	 Concorde:5.708928 	 MCTS:5.708928 Improve:0.000000 	 Time:3.76 Seconds
Solution: 1 11 12 40 28 49 48 44 6 25 46 17 5 24 15 16 32 50 43 23 19 18 26 31 29 30 14 8 13 2 42 34 47 27 41 4 35 22 37 39 3 9 36 10 38 21 20 33 7 45 

Inst_Index:5813 	 City_Num:50 	 Concorde:5.686942 	 MCTS:5.685503 Improve:0.001439 	 Time:3.77 Seconds
Solution: 1 14 13 18 40 34 24 36 20 39 31 5 44 16 38 45 35 27 7 42 41 8 19 4 33 28 10 23 25 46 17 50 2 30 15 21 43 47 11 12 22 32 3 48 9 37 29 49 26 6 

Inst_Index:5814 	 City_Num:50 	 Concorde:5.310084 	 MCTS:5.308604 Improve:0.001479 	 Time:3.76 Seconds
Solution: 1 29 27 19 38 44 34 2 46 5 9 49 26 7 21 41 47 37 42 36 40 11 45 10 50 35 17 13 14 8 23 6 32 33 28 20 12 48 30 43 15 16 31 22 39 4 24 3 25 18 

Inst_Index:5815 	 City_Num:50 	 Concorde:5.783337 	 MCTS:5.783337 Improve:0.000000 	 Time:3.75 Seconds
Solution: 1 39 27 41 23 44 31 21 47 16 15 35 19 50 8 17 2 30 34 10 9 28 5 42 40 18 24 20 7 14 13 25 12 3 33 22 4 38 43 29 45 32 26 48 46 36 11 49 37 6 

Inst_Index:5816 	 City_Num:50 	 Concorde:5.997603 	 MCTS:5.997603 Improve:-0.000000 	 Time:3.78 Seconds
Solution: 1 50 23 40 24 4 18 45 46 35 29 6 37 26 48 33 9 41 44 2 17 43 28 21 38 12 14 31 47 11 3 22 30 36 8 20 13 42 10 34 7 15 39 32 16 49 19 25 27 5 

Inst_Index:5817 	 City_Num:50 	 Concorde:5.585197 	 MCTS:5.578610 Improve:0.006587 	 Time:3.75 Seconds
Solution: 1 29 12 23 25 27 43 21 2 39 32 46 8 9 18 47 49 7 16 14 20 10 6 33 44 37 3 35 24 50 30 19 11 17 34 31 22 26 45 42 15 4 38 5 28 48 40 41 36 13 

Inst_Index:5818 	 City_Num:50 	 Concorde:5.763574 	 MCTS:5.763574 Improve:0.000000 	 Time:3.76 Seconds
Solution: 1 43 32 6 12 44 27 31 26 17 9 23 35 8 28 50 25 39 36 46 18 40 13 7 16 42 37 19 29 20 34 49 2 41 21 10 38 30 45 48 3 5 14 24 22 15 11 47 4 33 

Inst_Index:5819 	 City_Num:50 	 Concorde:5.633193 	 MCTS:5.633193 Improve:0.000000 	 Time:3.76 Seconds
Solution: 1 33 48 3 16 8 19 44 41 28 5 39 50 40 27 18 14 45 12 35 9 47 23 20 32 10 13 36 46 15 7 49 6 34 42 25 37 43 26 11 24 29 17 4 22 2 38 21 31 30 

Inst_Index:5820 	 City_Num:50 	 Concorde:5.894511 	 MCTS:5.894511 Improve:-0.000000 	 Time:3.75 Seconds
Solution: 1 17 19 9 25 7 12 15 13 42 3 35 5 28 11 29 44 18 40 23 43 20 49 27 38 10 8 26 45 46 33 47 16 4 30 6 31 22 21 48 24 2 14 39 37 50 36 34 41 32 

Inst_Index:5821 	 City_Num:50 	 Concorde:5.322495 	 MCTS:5.321230 Improve:0.001264 	 Time:3.76 Seconds
Solution: 1 29 38 3 32 4 28 27 33 18 45 42 35 20 40 16 11 41 26 39 34 37 22 19 6 7 2 23 21 36 46 24 8 5 50 17 43 14 47 12 30 49 31 13 44 9 48 10 25 15 

Inst_Index:5822 	 City_Num:50 	 Concorde:5.680366 	 MCTS:5.673759 Improve:0.006607 	 Time:3.77 Seconds
Solution: 1 18 50 25 44 29 22 45 13 9 6 40 17 23 15 49 8 46 48 27 42 28 43 31 38 32 35 19 7 16 14 11 20 26 2 21 37 4 36 34 24 47 3 10 41 39 5 33 30 12 

Inst_Index:5823 	 City_Num:50 	 Concorde:6.019495 	 MCTS:6.019495 Improve:0.000000 	 Time:3.77 Seconds
Solution: 1 27 44 43 29 42 40 32 11 18 4 45 16 20 10 37 9 14 6 30 49 34 35 2 47 12 15 25 7 38 19 33 13 36 17 26 24 50 21 8 28 23 3 46 31 5 48 41 22 39 

Inst_Index:5824 	 City_Num:50 	 Concorde:5.764318 	 MCTS:5.764318 Improve:0.000000 	 Time:3.77 Seconds
Solution: 1 22 39 40 3 28 48 30 41 27 18 45 50 32 17 13 34 33 14 12 4 11 31 15 46 23 35 43 38 10 20 44 8 25 9 21 37 5 49 16 42 2 6 47 7 24 29 26 19 36 

Inst_Index:5825 	 City_Num:50 	 Concorde:5.241893 	 MCTS:5.240408 Improve:0.001485 	 Time:3.76 Seconds
Solution: 1 32 47 36 39 18 25 11 7 8 14 48 29 15 43 41 27 46 19 33 2 5 12 42 10 26 13 24 30 45 28 31 9 20 40 4 38 37 16 22 23 6 49 35 44 50 3 34 17 21 

Inst_Index:5826 	 City_Num:50 	 Concorde:5.882833 	 MCTS:5.881209 Improve:0.001625 	 Time:3.77 Seconds
Solution: 1 14 8 16 18 6 41 27 4 29 49 45 15 48 50 30 10 13 39 25 40 11 20 35 46 31 7 21 24 43 5 38 36 19 42 22 9 28 33 34 23 26 17 44 2 47 32 12 37 3 

Inst_Index:5827 	 City_Num:50 	 Concorde:5.922495 	 MCTS:5.922495 Improve:-0.000000 	 Time:3.76 Seconds
Solution: 1 45 21 33 43 4 50 28 32 19 18 11 22 8 26 15 47 38 40 23 49 20 14 3 5 29 39 44 24 10 31 48 16 13 35 9 42 12 6 2 46 30 7 36 25 34 27 41 17 37 

Inst_Index:5828 	 City_Num:50 	 Concorde:5.746292 	 MCTS:5.746292 Improve:0.000000 	 Time:3.76 Seconds
Solution: 1 19 12 46 28 17 4 8 27 18 39 48 45 14 36 41 35 15 25 37 20 21 44 40 32 47 26 2 29 10 24 38 7 5 42 30 16 31 50 6 49 43 11 23 33 22 34 3 13 9 

Inst_Index:5829 	 City_Num:50 	 Concorde:5.827396 	 MCTS:5.827396 Improve:0.000000 	 Time:3.78 Seconds
Solution: 1 32 14 13 36 34 2 48 18 6 4 9 29 43 40 37 44 25 45 16 50 30 33 8 21 38 12 31 41 23 10 24 27 49 11 46 22 39 35 17 19 15 5 26 3 42 7 28 20 47 

Inst_Index:5830 	 City_Num:50 	 Concorde:6.129298 	 MCTS:6.129298 Improve:0.000000 	 Time:3.75 Seconds
Solution: 1 26 4 18 2 17 29 47 6 36 37 7 31 15 45 19 30 20 14 9 34 12 49 8 24 43 50 13 33 22 44 35 46 10 48 39 16 23 3 11 5 28 38 21 41 42 40 25 32 27 

Inst_Index:5831 	 City_Num:50 	 Concorde:5.935714 	 MCTS:5.922882 Improve:0.012832 	 Time:3.75 Seconds
Solution: 1 26 6 39 49 3 40 48 45 28 18 50 13 10 9 5 2 7 36 34 19 41 46 4 37 33 25 8 47 29 16 27 32 11 35 20 38 30 21 22 42 14 31 17 24 12 23 44 15 43 

Inst_Index:5832 	 City_Num:50 	 Concorde:5.721821 	 MCTS:5.721821 Improve:0.000000 	 Time:3.76 Seconds
Solution: 1 16 43 6 47 27 41 37 45 17 4 30 49 36 31 28 12 34 14 8 18 39 29 3 9 5 22 32 11 35 2 44 23 48 20 19 50 7 33 13 42 40 15 10 21 46 26 25 38 24 

Inst_Index:5833 	 City_Num:50 	 Concorde:5.470817 	 MCTS:5.470817 Improve:0.000000 	 Time:3.75 Seconds
Solution: 1 32 7 47 23 38 30 24 19 20 49 12 26 4 11 14 9 31 22 13 17 8 44 50 28 45 34 43 18 3 41 25 36 29 42 40 39 6 5 21 2 46 16 35 48 15 33 10 37 27 

Inst_Index:5834 	 City_Num:50 	 Concorde:5.551622 	 MCTS:5.551622 Improve:0.000000 	 Time:3.78 Seconds
Solution: 1 39 8 44 30 25 29 45 43 7 38 20 36 13 41 10 14 50 23 28 15 9 2 16 35 33 49 34 31 18 46 26 24 27 19 11 17 3 6 12 40 22 42 4 5 37 21 32 47 48 

Inst_Index:5835 	 City_Num:50 	 Concorde:5.986481 	 MCTS:5.986481 Improve:-0.000000 	 Time:3.77 Seconds
Solution: 1 11 36 14 46 50 21 45 38 39 2 10 18 44 17 28 32 37 15 26 22 9 42 48 33 34 12 27 35 7 4 31 47 24 25 30 5 43 49 40 20 41 3 13 8 29 19 16 6 23 

Inst_Index:5836 	 City_Num:50 	 Concorde:5.338711 	 MCTS:5.338711 Improve:0.000000 	 Time:3.76 Seconds
Solution: 1 3 33 43 34 18 24 37 27 36 21 12 30 28 41 16 23 4 7 44 11 19 48 47 6 5 40 38 15 32 25 29 31 17 42 46 26 10 2 39 14 8 22 13 9 50 45 49 20 35 

Inst_Index:5837 	 City_Num:50 	 Concorde:6.176196 	 MCTS:6.176196 Improve:0.000000 	 Time:3.77 Seconds
Solution: 1 6 27 11 15 44 5 50 43 24 31 28 8 45 7 34 2 14 23 12 36 42 40 18 30 10 17 48 29 3 26 49 20 37 16 25 39 22 47 9 46 38 41 4 35 32 21 33 19 13 

Inst_Index:5838 	 City_Num:50 	 Concorde:5.645364 	 MCTS:5.642603 Improve:0.002761 	 Time:3.75 Seconds
Solution: 1 36 24 28 7 14 19 10 22 6 33 25 35 8 31 41 42 15 44 48 34 9 21 18 16 3 30 5 29 12 38 46 37 32 17 13 20 23 43 49 47 39 40 11 26 45 50 2 27 4 

Inst_Index:5839 	 City_Num:50 	 Concorde:5.515620 	 MCTS:5.515620 Improve:-0.000000 	 Time:3.76 Seconds
Solution: 1 46 23 49 14 43 11 25 37 16 50 5 34 10 4 24 13 26 35 48 28 8 33 3 40 27 31 29 32 30 21 22 45 38 42 41 47 15 12 44 2 17 20 9 6 18 39 36 19 7 

Inst_Index:5840 	 City_Num:50 	 Concorde:5.913524 	 MCTS:5.913524 Improve:-0.000000 	 Time:3.75 Seconds
Solution: 1 34 4 10 42 43 31 5 23 22 18 16 37 32 12 17 30 47 39 48 27 41 11 50 26 15 44 13 28 7 2 14 20 21 19 45 46 25 40 33 36 49 3 9 8 29 6 35 24 38 

Inst_Index:5841 	 City_Num:50 	 Concorde:5.553979 	 MCTS:5.553979 Improve:0.000000 	 Time:3.76 Seconds
Solution: 1 30 11 41 9 28 27 46 10 40 12 49 14 35 21 16 20 47 3 42 50 36 34 37 4 7 29 43 6 5 32 26 23 19 33 31 39 48 24 17 22 25 2 13 45 18 8 15 44 38 

Inst_Index:5842 	 City_Num:50 	 Concorde:5.594240 	 MCTS:5.594240 Improve:0.000000 	 Time:3.78 Seconds
Solution: 1 40 33 43 8 7 21 10 41 50 16 23 6 29 28 44 45 11 39 37 32 26 31 12 42 4 9 36 34 35 17 13 19 25 48 5 14 2 47 24 15 38 22 30 18 27 49 3 46 20 

Inst_Index:5843 	 City_Num:50 	 Concorde:5.777039 	 MCTS:5.772140 Improve:0.004898 	 Time:3.76 Seconds
Solution: 1 45 27 38 8 28 10 14 26 31 48 13 50 44 7 49 6 39 43 37 41 29 40 21 3 5 9 15 34 2 42 22 11 35 17 46 12 36 33 16 25 18 32 20 30 23 4 24 47 19 

Inst_Index:5844 	 City_Num:50 	 Concorde:5.903533 	 MCTS:5.903533 Improve:-0.000000 	 Time:3.76 Seconds
Solution: 1 28 13 20 42 18 4 26 43 47 46 11 24 36 38 16 25 31 32 35 33 49 14 50 3 6 30 48 39 19 5 23 37 21 29 44 8 17 41 12 40 15 9 34 27 7 22 10 2 45 

Inst_Index:5845 	 City_Num:50 	 Concorde:5.688468 	 MCTS:5.688468 Improve:0.000000 	 Time:3.76 Seconds
Solution: 1 4 34 42 47 18 28 14 38 20 12 46 27 7 37 22 10 29 21 49 5 15 19 30 44 36 8 33 50 16 11 24 32 3 26 2 35 9 6 25 39 48 45 17 31 23 43 13 41 40 

Inst_Index:5846 	 City_Num:50 	 Concorde:5.615201 	 MCTS:5.614207 Improve:0.000994 	 Time:3.77 Seconds
Solution: 1 14 39 19 16 35 33 47 15 21 6 2 29 37 22 42 44 41 5 49 24 17 27 8 43 13 34 26 20 9 46 23 25 30 7 31 50 40 11 32 10 12 45 3 48 38 28 4 36 18 

Inst_Index:5847 	 City_Num:50 	 Concorde:5.419288 	 MCTS:5.417801 Improve:0.001487 	 Time:3.76 Seconds
Solution: 1 3 22 24 23 10 9 44 27 28 2 15 6 45 37 36 29 40 17 34 19 33 11 38 5 7 46 43 26 20 4 35 12 47 42 31 18 41 8 48 13 14 30 50 49 16 39 21 25 32 

Inst_Index:5848 	 City_Num:50 	 Concorde:5.706440 	 MCTS:5.705730 Improve:0.000710 	 Time:3.76 Seconds
Solution: 1 15 25 26 21 4 16 36 45 40 14 39 46 17 30 34 12 38 41 11 44 31 13 27 10 6 20 2 48 22 9 33 49 8 43 32 7 47 37 18 5 35 42 19 50 24 3 29 23 28 

Inst_Index:5849 	 City_Num:50 	 Concorde:5.909129 	 MCTS:5.909129 Improve:-0.000000 	 Time:3.75 Seconds
Solution: 1 19 46 47 43 49 34 37 16 31 50 4 2 45 29 14 35 5 24 32 22 27 44 41 30 23 48 33 42 12 20 10 25 39 28 36 13 7 9 11 26 3 40 6 15 17 38 18 21 8 

Inst_Index:5850 	 City_Num:50 	 Concorde:5.507335 	 MCTS:5.507335 Improve:0.000000 	 Time:3.75 Seconds
Solution: 1 44 40 29 24 25 12 33 27 28 39 31 43 32 35 23 48 49 16 50 38 20 26 37 18 21 45 17 9 15 4 3 10 7 8 42 41 19 14 13 47 5 36 6 11 46 22 30 34 2 

Inst_Index:5851 	 City_Num:50 	 Concorde:5.965694 	 MCTS:5.957772 Improve:0.007922 	 Time:3.76 Seconds
Solution: 1 31 19 15 2 8 47 24 13 45 27 5 48 9 16 44 14 29 34 17 7 37 40 35 46 4 26 42 41 36 6 10 50 28 18 43 20 49 32 23 22 30 21 38 33 12 11 25 39 3 

Inst_Index:5852 	 City_Num:50 	 Concorde:5.570834 	 MCTS:5.570834 Improve:-0.000000 	 Time:3.76 Seconds
Solution: 1 35 45 38 7 14 18 34 5 46 22 17 41 30 11 9 6 40 16 42 48 4 29 39 26 44 33 24 20 43 21 50 31 10 36 12 2 32 49 28 19 15 25 8 13 27 47 3 23 37 

Inst_Index:5853 	 City_Num:50 	 Concorde:5.707439 	 MCTS:5.707439 Improve:-0.000000 	 Time:3.75 Seconds
Solution: 1 42 14 40 31 45 34 41 23 9 13 16 32 21 43 25 37 35 18 48 11 26 5 30 28 49 10 50 17 22 12 8 36 19 29 2 20 15 33 38 4 27 3 39 24 7 47 44 6 46 

Inst_Index:5854 	 City_Num:50 	 Concorde:5.749084 	 MCTS:5.748018 Improve:0.001066 	 Time:3.77 Seconds
Solution: 1 25 44 43 16 38 7 26 34 11 23 18 15 45 31 24 2 6 48 30 50 22 8 10 20 41 33 29 47 46 35 9 32 42 3 4 12 5 27 19 21 14 17 28 36 37 49 13 39 40 

Inst_Index:5855 	 City_Num:50 	 Concorde:5.723653 	 MCTS:5.723653 Improve:-0.000000 	 Time:3.76 Seconds
Solution: 1 27 17 14 38 25 32 46 40 19 31 42 13 47 6 22 7 15 30 10 8 18 21 5 37 3 45 11 43 29 49 12 36 34 50 39 26 16 23 24 35 33 9 28 4 44 41 48 2 20 

Inst_Index:5856 	 City_Num:50 	 Concorde:5.804355 	 MCTS:5.804355 Improve:0.000000 	 Time:3.76 Seconds
Solution: 1 32 4 6 43 10 23 39 9 5 45 28 44 40 41 30 50 16 31 47 35 36 14 33 22 8 49 12 19 26 34 15 21 3 11 37 17 7 20 25 27 38 18 13 42 48 2 46 24 29 

Inst_Index:5857 	 City_Num:50 	 Concorde:5.421536 	 MCTS:5.421536 Improve:0.000000 	 Time:3.76 Seconds
Solution: 1 35 47 4 27 23 39 48 16 11 46 8 14 3 10 30 12 17 21 28 9 29 15 50 38 2 36 44 18 31 37 20 26 40 34 49 7 5 32 22 43 41 6 42 33 25 19 24 45 13 

Inst_Index:5858 	 City_Num:50 	 Concorde:5.954670 	 MCTS:5.952977 Improve:0.001694 	 Time:3.77 Seconds
Solution: 1 25 28 39 42 37 19 16 7 35 41 22 20 17 38 34 18 23 31 24 27 5 32 33 9 12 15 4 21 6 11 14 26 3 46 29 45 43 44 50 40 49 36 2 48 10 13 8 47 30 

Inst_Index:5859 	 City_Num:50 	 Concorde:5.665127 	 MCTS:5.665127 Improve:-0.000000 	 Time:3.75 Seconds
Solution: 1 16 9 45 38 33 31 24 46 18 12 3 32 50 21 11 49 44 35 34 39 8 25 43 19 22 28 2 29 30 27 41 10 48 42 6 14 40 7 47 23 5 17 26 4 13 20 15 36 37 

Inst_Index:5860 	 City_Num:50 	 Concorde:5.839251 	 MCTS:5.839251 Improve:0.000000 	 Time:3.76 Seconds
Solution: 1 4 48 18 24 37 17 21 49 47 43 23 41 33 27 36 44 2 26 28 9 32 22 46 39 6 42 30 38 19 5 14 45 13 3 15 11 7 25 40 8 20 10 31 16 35 29 50 34 12 

Inst_Index:5861 	 City_Num:50 	 Concorde:5.821331 	 MCTS:5.820819 Improve:0.000512 	 Time:3.78 Seconds
Solution: 1 7 5 33 28 16 48 3 37 24 19 46 31 40 50 42 14 2 10 21 29 44 41 27 36 34 30 11 15 49 12 20 13 43 6 17 26 8 35 4 47 25 32 22 23 39 38 18 9 45 

Inst_Index:5862 	 City_Num:50 	 Concorde:5.587385 	 MCTS:5.587385 Improve:0.000000 	 Time:3.75 Seconds
Solution: 1 34 24 12 17 30 5 23 18 43 39 46 19 25 31 22 47 9 6 36 42 16 27 11 40 33 38 20 7 8 14 29 13 2 28 15 50 37 3 44 45 49 41 21 35 4 10 26 48 32 

Inst_Index:5863 	 City_Num:50 	 Concorde:5.902331 	 MCTS:5.901708 Improve:0.000623 	 Time:3.76 Seconds
Solution: 1 14 9 46 33 29 20 7 35 41 27 45 2 37 5 4 24 15 21 16 12 26 22 39 17 23 50 3 38 30 44 49 43 42 19 25 36 6 18 31 11 34 48 32 47 40 10 13 28 8 

Inst_Index:5864 	 City_Num:50 	 Concorde:5.298748 	 MCTS:5.298748 Improve:-0.000000 	 Time:3.76 Seconds
Solution: 1 38 49 44 39 19 13 36 9 22 16 21 15 14 28 35 11 27 32 8 45 24 33 30 31 6 43 47 50 10 46 4 5 3 23 34 29 37 42 17 12 48 41 18 2 25 20 26 40 7 

Inst_Index:5865 	 City_Num:50 	 Concorde:5.491791 	 MCTS:5.491791 Improve:0.000000 	 Time:3.76 Seconds
Solution: 1 49 38 29 25 9 36 40 32 34 11 47 27 10 17 45 28 7 30 13 37 26 44 39 4 16 35 23 21 3 19 14 8 6 12 42 2 50 43 46 41 48 22 5 15 18 24 20 33 31 

Inst_Index:5866 	 City_Num:50 	 Concorde:5.905684 	 MCTS:5.905684 Improve:0.000000 	 Time:3.75 Seconds
Solution: 1 25 40 50 29 3 44 22 18 14 47 6 24 19 21 36 30 46 15 43 16 11 17 20 41 13 39 8 34 26 31 12 7 27 37 42 38 5 32 4 2 28 23 10 48 35 33 49 45 9 

Inst_Index:5867 	 City_Num:50 	 Concorde:5.135345 	 MCTS:5.135345 Improve:-0.000000 	 Time:3.76 Seconds
Solution: 1 7 26 45 31 12 15 22 8 3 9 2 37 32 42 28 48 43 21 11 13 20 36 38 16 6 44 46 27 23 33 4 40 47 50 14 34 39 19 18 24 41 49 10 17 30 5 35 29 25 

Inst_Index:5868 	 City_Num:50 	 Concorde:5.994208 	 MCTS:5.994208 Improve:0.000000 	 Time:3.77 Seconds
Solution: 1 18 40 21 44 45 42 46 27 41 3 8 36 7 35 25 48 10 11 28 14 38 26 30 12 33 19 29 2 23 37 4 17 15 13 34 43 9 47 50 24 16 5 6 49 32 20 22 39 31 

Inst_Index:5869 	 City_Num:50 	 Concorde:5.442881 	 MCTS:5.441093 Improve:0.001788 	 Time:3.76 Seconds
Solution: 1 27 44 12 38 24 45 4 33 22 36 5 3 16 17 34 10 6 46 25 43 48 13 37 11 9 40 29 31 32 50 41 21 28 18 19 26 39 2 47 14 49 42 35 15 23 7 30 20 8 

Inst_Index:5870 	 City_Num:50 	 Concorde:5.259126 	 MCTS:5.259126 Improve:-0.000000 	 Time:3.77 Seconds
Solution: 1 43 13 20 5 28 25 22 14 39 23 3 27 46 35 44 50 40 6 41 12 21 11 8 42 16 17 10 36 30 47 19 45 37 49 29 38 33 2 4 18 24 15 7 32 31 34 48 9 26 

Inst_Index:5871 	 City_Num:50 	 Concorde:5.932738 	 MCTS:5.932738 Improve:0.000000 	 Time:3.75 Seconds
Solution: 1 14 12 46 45 24 50 13 38 10 26 48 5 29 4 34 6 22 31 43 11 17 39 49 15 36 2 35 27 42 3 33 16 40 20 37 7 23 47 32 18 9 21 30 44 25 41 8 19 28 

Inst_Index:5872 	 City_Num:50 	 Concorde:5.477932 	 MCTS:5.473852 Improve:0.004081 	 Time:3.77 Seconds
Solution: 1 20 3 4 7 25 35 33 6 8 31 11 27 13 44 5 37 45 41 15 43 47 18 10 46 24 17 19 28 9 26 22 2 21 34 49 12 30 40 36 38 29 14 42 48 23 50 32 39 16 

Inst_Index:5873 	 City_Num:50 	 Concorde:6.084888 	 MCTS:6.084888 Improve:-0.000000 	 Time:3.76 Seconds
Solution: 1 28 36 49 8 38 23 31 29 19 4 42 26 46 33 41 21 10 48 22 16 37 45 34 14 32 39 18 15 17 50 5 9 20 40 43 7 30 35 11 24 2 44 27 25 3 6 13 12 47 

Inst_Index:5874 	 City_Num:50 	 Concorde:6.010620 	 MCTS:6.010620 Improve:0.000000 	 Time:3.76 Seconds
Solution: 1 40 31 36 43 35 29 15 34 24 30 7 14 2 44 41 22 4 37 47 18 38 45 42 5 49 20 46 26 23 3 9 19 33 50 21 39 13 16 10 48 27 17 32 6 11 28 25 12 8 

Inst_Index:5875 	 City_Num:50 	 Concorde:5.753314 	 MCTS:5.753314 Improve:-0.000000 	 Time:3.77 Seconds
Solution: 1 50 9 3 14 8 32 23 20 17 34 21 10 15 13 42 25 46 37 16 28 47 18 29 49 36 2 35 7 41 22 30 38 6 40 12 27 19 44 11 45 33 4 26 5 48 43 31 39 24 

Inst_Index:5876 	 City_Num:50 	 Concorde:5.687980 	 MCTS:5.687980 Improve:0.000000 	 Time:3.76 Seconds
Solution: 1 4 48 18 50 11 44 3 33 26 24 20 22 38 16 14 2 5 47 36 40 42 39 34 30 12 45 49 9 19 21 41 27 31 23 32 15 13 28 43 7 25 6 35 29 17 46 8 10 37 

Inst_Index:5877 	 City_Num:50 	 Concorde:5.349025 	 MCTS:5.349025 Improve:0.000000 	 Time:3.75 Seconds
Solution: 1 20 41 31 39 34 23 6 17 42 44 16 2 45 29 3 19 24 46 28 43 35 22 8 25 13 38 30 14 11 32 5 21 48 26 9 49 18 33 12 50 7 10 36 27 15 37 4 47 40 

Inst_Index:5878 	 City_Num:50 	 Concorde:5.450226 	 MCTS:5.450226 Improve:0.000000 	 Time:3.76 Seconds
Solution: 1 45 38 17 11 25 16 40 42 5 50 34 22 33 10 20 43 44 12 48 28 18 8 7 41 4 24 32 39 23 19 6 46 36 47 29 3 27 2 49 37 14 35 15 26 21 13 30 9 31 

Inst_Index:5879 	 City_Num:50 	 Concorde:5.721411 	 MCTS:5.719231 Improve:0.002181 	 Time:3.78 Seconds
Solution: 1 50 3 43 24 8 13 26 47 29 37 30 15 40 10 45 22 19 23 14 39 41 5 36 34 9 12 32 38 35 4 25 16 42 18 17 49 33 27 21 2 7 46 6 44 31 48 11 28 20 

Inst_Index:5880 	 City_Num:50 	 Concorde:5.912061 	 MCTS:5.912061 Improve:0.000000 	 Time:3.76 Seconds
Solution: 1 15 24 48 7 40 3 43 27 49 45 38 41 50 4 10 6 8 31 35 14 19 20 42 11 16 29 22 39 17 21 25 37 34 18 30 12 13 2 47 32 36 26 23 46 28 44 5 9 33 

Inst_Index:5881 	 City_Num:50 	 Concorde:5.175228 	 MCTS:5.175228 Improve:-0.000000 	 Time:3.76 Seconds
Solution: 1 37 38 5 50 30 19 34 33 4 45 13 49 11 15 10 2 22 40 7 23 16 25 48 14 21 36 46 31 20 35 47 6 32 8 43 42 27 18 39 17 26 29 9 28 12 44 24 41 3 

Inst_Index:5882 	 City_Num:50 	 Concorde:5.735756 	 MCTS:5.735756 Improve:0.000000 	 Time:3.77 Seconds
Solution: 1 23 17 41 40 43 31 25 32 49 5 2 39 19 36 13 10 45 34 7 50 27 30 24 38 4 22 20 15 8 35 3 16 46 29 11 37 21 47 48 28 12 14 33 44 42 9 6 18 26 

Inst_Index:5883 	 City_Num:50 	 Concorde:6.035335 	 MCTS:6.021982 Improve:0.013353 	 Time:3.77 Seconds
Solution: 1 40 14 22 12 20 18 4 21 45 37 23 28 32 35 25 3 43 41 39 34 42 8 9 49 33 29 17 6 16 44 46 15 36 11 30 24 47 48 31 2 50 27 10 13 7 38 5 19 26 

Inst_Index:5884 	 City_Num:50 	 Concorde:5.402443 	 MCTS:5.402443 Improve:0.000000 	 Time:3.75 Seconds
Solution: 1 28 22 13 16 25 9 21 8 12 27 43 40 36 7 23 4 34 33 19 35 32 24 20 37 50 31 39 6 44 26 14 30 15 46 18 10 41 17 29 38 45 2 3 47 11 5 42 49 48 

Inst_Index:5885 	 City_Num:50 	 Concorde:5.678275 	 MCTS:5.678275 Improve:0.000000 	 Time:3.76 Seconds
Solution: 1 7 13 46 5 2 27 36 41 49 16 31 25 17 50 33 12 26 29 18 21 42 4 9 35 6 23 3 20 14 45 8 19 34 39 32 28 44 38 40 22 24 47 15 30 43 11 48 10 37 

Inst_Index:5886 	 City_Num:50 	 Concorde:5.929652 	 MCTS:5.925853 Improve:0.003799 	 Time:3.76 Seconds
Solution: 1 14 39 11 28 19 43 18 20 10 13 15 33 22 26 41 50 35 5 27 12 34 49 16 30 40 7 37 4 31 38 24 2 8 21 23 48 47 36 9 25 44 32 29 17 46 6 45 3 42 

Inst_Index:5887 	 City_Num:50 	 Concorde:5.244710 	 MCTS:5.239944 Improve:0.004766 	 Time:3.75 Seconds
Solution: 1 25 38 24 50 10 44 18 26 15 4 39 35 48 21 31 43 32 9 14 6 47 3 42 46 7 2 8 13 40 45 34 23 20 37 12 22 49 16 19 5 17 30 28 29 33 11 36 41 27 

Inst_Index:5888 	 City_Num:50 	 Concorde:5.545822 	 MCTS:5.545406 Improve:0.000416 	 Time:3.75 Seconds
Solution: 1 31 44 32 8 28 4 41 42 39 38 43 49 20 2 47 14 18 48 23 15 35 11 5 50 26 21 19 36 45 27 16 9 7 24 40 37 46 22 34 29 33 25 10 30 17 3 13 12 6 

Inst_Index:5889 	 City_Num:50 	 Concorde:6.114131 	 MCTS:6.114131 Improve:-0.000000 	 Time:3.78 Seconds
Solution: 1 28 36 4 10 20 35 2 5 11 31 47 50 26 38 45 42 23 43 49 21 3 29 8 44 6 12 37 18 17 41 27 16 34 40 22 32 19 7 15 24 46 14 13 9 48 25 39 33 30 

Inst_Index:5890 	 City_Num:50 	 Concorde:5.650233 	 MCTS:5.641122 Improve:0.009112 	 Time:3.75 Seconds
Solution: 1 13 21 47 34 8 50 36 48 29 16 43 41 12 11 23 46 42 4 10 14 45 28 33 18 37 31 3 2 44 40 30 9 20 26 17 7 35 25 5 38 49 27 39 6 19 24 32 22 15 

Inst_Index:5891 	 City_Num:50 	 Concorde:5.375969 	 MCTS:5.375969 Improve:0.000000 	 Time:3.76 Seconds
Solution: 1 9 3 45 43 25 35 22 16 8 29 44 4 37 28 10 7 36 41 17 12 2 40 27 23 33 34 24 18 26 19 6 32 49 13 20 46 15 21 39 38 42 48 31 47 30 5 50 11 14 

Inst_Index:5892 	 City_Num:50 	 Concorde:5.547808 	 MCTS:5.547808 Improve:0.000000 	 Time:3.76 Seconds
Solution: 1 25 8 19 30 3 43 24 10 27 18 23 14 11 45 15 9 44 32 13 17 29 34 46 50 41 22 37 49 6 16 7 35 21 26 5 4 39 47 31 2 20 42 48 28 33 36 40 12 38 

Inst_Index:5893 	 City_Num:50 	 Concorde:6.026313 	 MCTS:6.026313 Improve:0.000000 	 Time:3.76 Seconds
Solution: 1 7 23 25 11 30 44 5 13 15 19 49 20 33 3 17 38 40 16 29 32 46 9 8 41 14 28 22 4 24 36 34 12 39 42 31 47 45 26 18 43 37 10 21 35 6 2 50 48 27 

Inst_Index:5894 	 City_Num:50 	 Concorde:5.616504 	 MCTS:5.616504 Improve:0.000000 	 Time:3.75 Seconds
Solution: 1 4 3 43 20 25 13 31 19 44 15 46 8 22 16 18 28 11 17 49 24 39 32 7 29 48 41 42 47 30 37 36 2 10 5 50 26 6 45 21 27 33 14 12 35 9 40 23 34 38 

Inst_Index:5895 	 City_Num:50 	 Concorde:6.027840 	 MCTS:6.027840 Improve:0.000000 	 Time:3.77 Seconds
Solution: 1 44 6 11 4 41 5 16 13 20 42 17 35 22 33 37 28 43 31 23 14 47 7 25 45 18 30 39 29 40 49 10 19 3 36 48 32 8 46 12 38 9 27 50 24 21 2 34 15 26 

Inst_Index:5896 	 City_Num:50 	 Concorde:5.507086 	 MCTS:5.506738 Improve:0.000348 	 Time:3.77 Seconds
Solution: 1 47 2 13 34 29 20 7 16 32 23 38 36 19 44 27 46 9 5 24 43 30 28 48 10 11 8 37 42 3 6 4 22 26 40 18 33 45 31 25 49 15 50 12 41 21 39 35 14 17 

Inst_Index:5897 	 City_Num:50 	 Concorde:5.263157 	 MCTS:5.263157 Improve:-0.000000 	 Time:3.78 Seconds
Solution: 1 4 28 21 11 41 46 33 8 3 19 14 26 9 6 15 35 17 12 37 16 24 49 5 31 25 45 7 44 32 34 40 29 27 47 38 23 22 48 18 39 10 42 20 13 43 2 30 50 36 

Inst_Index:5898 	 City_Num:50 	 Concorde:5.857582 	 MCTS:5.852637 Improve:0.004946 	 Time:3.75 Seconds
Solution: 1 17 13 42 25 9 39 36 3 21 33 11 6 43 30 49 48 19 10 20 28 26 41 22 12 34 45 27 31 16 46 4 29 32 40 23 37 8 2 18 24 50 38 35 44 47 14 5 15 7 

Inst_Index:5899 	 City_Num:50 	 Concorde:5.596610 	 MCTS:5.596610 Improve:-0.000000 	 Time:3.77 Seconds
Solution: 1 15 32 17 19 13 40 33 5 4 7 26 39 6 16 9 38 8 29 44 23 41 35 20 34 36 11 31 50 42 24 43 27 2 22 3 28 46 14 47 10 48 12 37 30 21 49 45 25 18 

Inst_Index:5900 	 City_Num:50 	 Concorde:5.182258 	 MCTS:5.182258 Improve:0.000000 	 Time:3.76 Seconds
Solution: 1 3 19 45 32 5 13 42 7 40 37 27 36 21 49 8 23 28 31 10 47 4 44 38 24 41 18 26 29 16 39 6 46 11 25 12 2 9 22 30 50 15 14 20 34 17 33 43 35 48 

Inst_Index:5901 	 City_Num:50 	 Concorde:5.568842 	 MCTS:5.568842 Improve:0.000000 	 Time:3.75 Seconds
Solution: 1 7 6 49 11 45 48 18 8 26 46 31 28 16 2 40 22 14 36 13 17 3 50 30 4 35 37 23 20 15 32 9 21 38 25 42 33 47 12 10 43 29 24 27 34 5 39 44 41 19 

Inst_Index:5902 	 City_Num:50 	 Concorde:6.157339 	 MCTS:6.155248 Improve:0.002091 	 Time:3.75 Seconds
Solution: 1 8 48 2 17 38 46 5 20 13 24 27 49 36 31 9 10 50 7 28 18 47 26 35 21 22 29 32 11 23 25 37 41 3 45 6 12 43 4 34 40 30 19 42 44 14 39 16 33 15 

Inst_Index:5903 	 City_Num:50 	 Concorde:5.404397 	 MCTS:5.403667 Improve:0.000730 	 Time:3.76 Seconds
Solution: 1 44 26 5 47 10 7 49 19 43 46 15 39 24 14 23 50 38 36 3 9 16 2 35 42 31 22 12 28 11 6 32 8 40 33 45 48 21 18 34 25 13 30 17 20 41 4 27 29 37 

Inst_Index:5904 	 City_Num:50 	 Concorde:5.305728 	 MCTS:5.305728 Improve:-0.000000 	 Time:3.76 Seconds
Solution: 1 23 16 42 9 28 44 22 46 6 48 5 32 3 19 25 31 34 33 35 21 49 27 45 7 47 13 20 26 36 2 30 15 24 39 17 40 4 29 10 38 18 41 14 50 8 43 37 11 12 

Inst_Index:5905 	 City_Num:50 	 Concorde:6.132717 	 MCTS:6.132717 Improve:-0.000000 	 Time:3.78 Seconds
Solution: 1 44 37 38 28 39 8 46 14 34 15 41 20 47 48 29 4 6 11 49 18 36 40 31 5 16 23 10 7 45 27 3 13 25 33 32 50 26 2 12 21 19 35 42 22 9 24 43 17 30 

Inst_Index:5906 	 City_Num:50 	 Concorde:5.959333 	 MCTS:5.959333 Improve:-0.000000 	 Time:3.77 Seconds
Solution: 1 11 18 43 6 14 31 5 35 50 12 21 48 30 32 4 37 34 27 36 44 13 8 41 19 49 42 25 23 15 47 9 40 17 33 39 16 46 2 45 7 38 3 20 24 29 26 10 28 22 

Inst_Index:5907 	 City_Num:50 	 Concorde:5.962234 	 MCTS:5.954149 Improve:0.008085 	 Time:3.76 Seconds
Solution: 1 34 33 50 2 39 46 30 8 7 13 3 42 44 26 19 9 22 5 24 28 18 47 43 32 20 48 49 6 11 45 23 10 35 14 40 38 27 37 41 31 16 29 4 17 12 15 21 25 36 

Inst_Index:5908 	 City_Num:50 	 Concorde:5.542653 	 MCTS:5.542653 Improve:-0.000000 	 Time:3.76 Seconds
Solution: 1 50 16 28 13 41 48 22 2 39 45 18 5 47 6 12 11 21 31 26 27 25 43 10 42 40 24 33 38 17 46 34 29 15 20 19 14 23 30 49 36 8 7 35 37 32 9 4 3 44 

Inst_Index:5909 	 City_Num:50 	 Concorde:5.881101 	 MCTS:5.878335 Improve:0.002766 	 Time:3.76 Seconds
Solution: 1 27 26 12 34 35 22 40 6 23 39 7 36 47 49 24 37 28 18 30 29 9 10 15 2 19 8 20 17 44 31 45 41 48 42 32 11 50 38 16 3 5 13 14 21 25 43 46 33 4 

Inst_Index:5910 	 City_Num:50 	 Concorde:5.860248 	 MCTS:5.860248 Improve:-0.000000 	 Time:3.75 Seconds
Solution: 1 26 35 13 44 43 17 30 7 8 42 16 11 9 29 23 31 28 32 22 37 38 15 27 40 5 4 20 24 3 50 2 46 47 14 48 6 39 25 19 36 34 49 41 21 12 18 45 10 33 

Inst_Index:5911 	 City_Num:50 	 Concorde:5.300200 	 MCTS:5.300200 Improve:0.000000 	 Time:3.76 Seconds
Solution: 1 27 29 32 44 46 11 45 38 23 9 28 17 16 7 43 24 18 20 14 10 50 3 35 13 8 15 49 4 48 36 12 42 21 30 31 37 25 33 47 22 34 5 41 26 19 6 2 40 39 

Inst_Index:5912 	 City_Num:50 	 Concorde:5.677362 	 MCTS:5.677362 Improve:0.000000 	 Time:3.76 Seconds
Solution: 1 40 42 29 41 18 39 30 24 34 13 11 23 25 44 15 22 37 16 17 9 19 14 20 32 5 10 38 4 31 7 8 26 45 21 33 28 3 6 27 46 49 47 12 35 36 2 48 43 50 

Inst_Index:5913 	 City_Num:50 	 Concorde:5.747988 	 MCTS:5.743424 Improve:0.004564 	 Time:3.76 Seconds
Solution: 1 4 6 49 38 17 7 33 3 39 48 21 12 20 13 42 45 32 8 27 36 24 28 5 16 40 50 41 37 18 43 31 35 44 11 30 34 46 29 2 10 15 26 22 9 19 47 14 23 25 

Inst_Index:5914 	 City_Num:50 	 Concorde:6.043561 	 MCTS:6.043561 Improve:-0.000000 	 Time:3.76 Seconds
Solution: 1 41 32 23 29 35 43 39 9 33 10 37 24 5 19 20 31 38 26 50 45 42 15 3 22 13 46 16 49 36 4 47 28 7 12 25 21 2 8 11 30 14 40 17 34 27 6 44 18 48 

Inst_Index:5915 	 City_Num:50 	 Concorde:5.664688 	 MCTS:5.664688 Improve:0.000000 	 Time:3.76 Seconds
Solution: 1 7 5 12 15 26 35 45 13 33 16 30 49 32 28 39 8 23 10 48 6 36 17 43 22 31 50 46 4 19 25 20 37 18 27 24 34 2 41 44 9 21 38 42 40 47 11 29 3 14 

Inst_Index:5916 	 City_Num:50 	 Concorde:5.268366 	 MCTS:5.266914 Improve:0.001452 	 Time:3.75 Seconds
Solution: 1 11 30 16 24 14 13 25 33 18 41 32 40 8 42 10 45 26 50 29 39 12 49 23 7 35 15 48 31 36 2 21 27 22 20 37 5 46 4 44 47 43 19 28 34 9 3 38 6 17 

Inst_Index:5917 	 City_Num:50 	 Concorde:5.769597 	 MCTS:5.769597 Improve:-0.000000 	 Time:3.76 Seconds
Solution: 1 6 13 22 23 28 5 26 43 31 35 15 2 7 44 14 33 40 27 3 16 8 37 49 46 21 17 36 38 9 20 29 41 25 42 11 34 19 4 12 50 24 48 10 18 45 39 30 32 47 

Inst_Index:5918 	 City_Num:50 	 Concorde:5.521166 	 MCTS:5.518849 Improve:0.002317 	 Time:3.76 Seconds
Solution: 1 7 29 4 27 2 38 5 36 43 13 19 26 42 12 34 10 50 17 37 47 6 28 40 16 33 32 18 24 3 14 41 25 39 15 8 44 35 48 9 46 22 49 23 30 31 11 21 20 45 

Inst_Index:5919 	 City_Num:50 	 Concorde:5.799835 	 MCTS:5.799159 Improve:0.000676 	 Time:3.76 Seconds
Solution: 1 15 21 19 48 30 9 24 35 27 23 3 17 12 26 6 14 33 11 47 39 28 13 8 22 10 46 37 45 40 31 29 49 2 50 4 5 44 20 18 43 38 34 25 7 36 42 16 32 41 

Inst_Index:5920 	 City_Num:50 	 Concorde:5.767087 	 MCTS:5.767087 Improve:-0.000000 	 Time:3.76 Seconds
Solution: 1 37 39 47 19 22 6 27 43 48 38 16 3 50 10 23 17 49 35 28 13 32 11 5 2 8 30 41 24 26 4 20 25 40 34 45 14 12 21 36 44 46 33 18 7 42 15 31 9 29 

Inst_Index:5921 	 City_Num:50 	 Concorde:5.194495 	 MCTS:5.192155 Improve:0.002340 	 Time:3.77 Seconds
Solution: 1 40 42 45 48 16 46 9 21 10 7 22 30 4 31 44 3 5 36 32 20 17 13 49 2 47 14 37 25 29 23 34 50 18 38 11 28 6 19 43 24 33 8 39 15 26 35 12 27 41 

Inst_Index:5922 	 City_Num:50 	 Concorde:5.570955 	 MCTS:5.568388 Improve:0.002567 	 Time:3.77 Seconds
Solution: 1 46 22 43 27 44 9 10 28 29 2 42 48 17 25 33 12 18 31 21 11 50 24 41 7 37 39 38 8 49 35 23 14 15 40 3 30 13 34 45 36 20 47 5 32 4 16 19 6 26 

Inst_Index:5923 	 City_Num:50 	 Concorde:5.874380 	 MCTS:5.874380 Improve:-0.000000 	 Time:3.76 Seconds
Solution: 1 8 13 7 14 19 48 36 18 44 41 28 22 49 9 29 33 46 16 42 38 10 20 15 50 27 47 17 45 43 40 35 3 32 34 11 37 5 6 26 12 24 23 2 25 30 4 39 21 31 

Inst_Index:5924 	 City_Num:50 	 Concorde:5.752723 	 MCTS:5.749810 Improve:0.002914 	 Time:3.77 Seconds
Solution: 1 2 30 44 20 12 26 37 46 32 40 7 10 29 16 41 47 19 4 27 48 34 15 33 49 25 43 39 22 24 36 18 50 13 3 42 38 6 8 45 31 11 17 5 21 9 35 14 28 23 

Inst_Index:5925 	 City_Num:50 	 Concorde:6.249972 	 MCTS:6.249972 Improve:0.000000 	 Time:3.76 Seconds
Solution: 1 33 31 24 16 40 42 43 23 26 28 35 21 11 8 27 12 34 14 18 22 32 10 25 17 3 46 9 44 6 4 41 49 39 15 37 5 47 20 19 29 13 7 38 45 48 50 36 2 30 

Inst_Index:5926 	 City_Num:50 	 Concorde:6.094260 	 MCTS:6.094260 Improve:0.000000 	 Time:3.76 Seconds
Solution: 1 31 47 24 14 30 45 12 11 28 8 34 15 16 26 23 50 48 21 5 10 13 37 32 49 33 20 42 18 44 9 25 29 39 17 6 19 4 43 40 46 41 35 38 2 22 36 3 27 7 

Inst_Index:5927 	 City_Num:50 	 Concorde:5.302576 	 MCTS:5.302576 Improve:0.000000 	 Time:3.76 Seconds
Solution: 1 47 41 4 13 38 44 21 2 48 25 33 26 31 43 39 30 20 5 42 32 10 29 35 18 46 17 22 34 37 14 50 28 11 3 15 40 45 7 49 9 16 6 27 36 19 12 8 23 24 

Inst_Index:5928 	 City_Num:50 	 Concorde:5.979002 	 MCTS:5.979002 Improve:0.000000 	 Time:3.77 Seconds
Solution: 1 44 32 30 37 45 9 23 19 2 21 18 47 15 42 25 46 7 39 49 11 29 13 20 38 12 17 43 5 35 31 16 26 50 6 27 8 48 10 14 33 24 34 36 22 3 4 28 40 41 

Inst_Index:5929 	 City_Num:50 	 Concorde:5.895322 	 MCTS:5.895322 Improve:-0.000000 	 Time:3.76 Seconds
Solution: 1 42 14 17 12 33 23 48 2 35 29 38 39 15 4 22 41 25 10 18 5 31 49 13 3 30 43 34 46 50 19 28 20 11 27 45 44 8 7 47 6 26 37 32 40 24 21 36 16 9 

Inst_Index:5930 	 City_Num:50 	 Concorde:5.614566 	 MCTS:5.614566 Improve:0.000000 	 Time:3.77 Seconds
Solution: 1 35 19 10 36 22 23 14 44 30 27 39 21 25 4 24 48 40 46 41 34 28 42 33 9 5 49 2 6 43 16 8 47 12 37 32 15 26 50 31 45 7 13 29 3 17 18 38 11 20 

Inst_Index:5931 	 City_Num:50 	 Concorde:6.077115 	 MCTS:6.077115 Improve:0.000000 	 Time:3.77 Seconds
Solution: 1 7 45 46 30 6 41 44 24 4 19 47 18 40 23 10 31 48 14 26 17 34 2 9 29 5 28 38 50 12 33 21 37 15 42 16 49 32 20 22 39 35 13 8 25 27 3 11 43 36 

Inst_Index:5932 	 City_Num:50 	 Concorde:5.829142 	 MCTS:5.829142 Improve:0.000000 	 Time:3.76 Seconds
Solution: 1 13 49 37 48 7 5 21 20 35 9 28 24 45 39 50 22 10 2 30 47 15 14 8 23 31 17 19 32 26 27 38 34 6 4 40 29 18 11 16 25 41 42 12 36 3 46 44 33 43 

Inst_Index:5933 	 City_Num:50 	 Concorde:5.991911 	 MCTS:5.991464 Improve:0.000447 	 Time:3.75 Seconds
Solution: 1 9 15 36 28 14 45 41 8 5 43 35 31 16 11 4 40 7 42 2 44 46 13 37 23 26 10 22 21 25 12 34 18 49 6 38 24 33 3 50 19 17 32 39 30 20 47 27 48 29 

Inst_Index:5934 	 City_Num:50 	 Concorde:5.863595 	 MCTS:5.863595 Improve:0.000000 	 Time:3.76 Seconds
Solution: 1 37 26 9 24 6 47 11 23 14 43 19 36 16 38 49 32 15 33 41 30 10 39 34 42 35 3 25 22 18 13 7 48 17 31 8 46 5 21 12 40 45 28 2 4 50 27 44 20 29 

Inst_Index:5935 	 City_Num:50 	 Concorde:5.711876 	 MCTS:5.711439 Improve:0.000437 	 Time:3.75 Seconds
Solution: 1 18 4 43 24 32 17 35 45 50 42 34 28 39 30 9 19 25 36 6 11 22 48 26 31 2 41 27 12 40 49 21 16 8 20 46 5 15 13 7 44 10 37 3 38 47 29 14 23 33 

Inst_Index:5936 	 City_Num:50 	 Concorde:5.414928 	 MCTS:5.414928 Improve:-0.000000 	 Time:3.75 Seconds
Solution: 1 44 31 30 5 16 38 14 13 40 25 29 17 21 18 35 12 33 36 42 23 32 24 45 22 10 27 7 50 34 41 4 19 8 46 3 26 49 9 11 48 28 37 47 20 2 39 43 6 15 

Inst_Index:5937 	 City_Num:50 	 Concorde:5.191621 	 MCTS:5.188220 Improve:0.003401 	 Time:3.76 Seconds
Solution: 1 15 24 38 7 22 2 42 47 6 21 17 45 4 25 32 37 48 14 8 46 44 9 35 26 18 31 27 30 49 5 34 13 40 12 16 29 10 28 33 11 41 19 23 43 39 50 36 20 3 

Inst_Index:5938 	 City_Num:50 	 Concorde:5.415950 	 MCTS:5.413549 Improve:0.002401 	 Time:3.77 Seconds
Solution: 1 42 43 32 30 5 13 21 10 27 6 17 28 49 2 9 3 41 15 48 25 38 29 50 14 16 34 26 20 44 18 31 12 37 19 22 47 35 4 45 40 11 24 46 23 36 33 8 7 39 

Inst_Index:5939 	 City_Num:50 	 Concorde:5.265277 	 MCTS:5.265277 Improve:-0.000000 	 Time:3.77 Seconds
Solution: 1 17 47 43 3 27 46 9 22 21 42 31 29 15 36 7 14 11 50 2 30 38 12 33 6 39 37 34 20 32 26 41 24 16 44 28 4 35 10 45 23 25 8 48 18 13 49 40 5 19 

Inst_Index:5940 	 City_Num:50 	 Concorde:5.744576 	 MCTS:5.744159 Improve:0.000417 	 Time:3.78 Seconds
Solution: 1 24 13 48 4 38 22 41 43 33 50 42 36 27 16 34 9 35 44 18 11 28 10 32 20 21 12 46 25 19 3 29 5 47 8 15 23 37 39 30 40 14 49 45 2 6 7 26 17 31 

Inst_Index:5941 	 City_Num:50 	 Concorde:5.953622 	 MCTS:5.953622 Improve:0.000000 	 Time:3.77 Seconds
Solution: 1 23 41 22 13 29 40 15 4 25 42 37 14 46 38 47 21 24 16 39 6 34 5 36 19 17 45 9 32 28 10 49 2 12 35 48 20 26 31 7 30 44 18 50 43 8 11 3 33 27 

Inst_Index:5942 	 City_Num:50 	 Concorde:5.637697 	 MCTS:5.635302 Improve:0.002394 	 Time:3.76 Seconds
Solution: 1 50 17 15 35 6 45 47 25 31 12 16 42 30 40 2 37 46 10 11 14 3 20 24 41 8 36 27 39 5 19 23 49 33 34 22 21 7 32 38 28 13 9 18 26 44 48 4 43 29 

Inst_Index:5943 	 City_Num:50 	 Concorde:5.877241 	 MCTS:5.876715 Improve:0.000526 	 Time:3.76 Seconds
Solution: 1 37 28 41 46 45 18 25 50 27 21 8 7 43 24 49 22 20 33 23 15 47 32 31 16 30 29 14 6 19 44 40 17 2 34 4 13 9 36 3 35 48 38 26 11 5 12 39 42 10 

Inst_Index:5944 	 City_Num:50 	 Concorde:5.807309 	 MCTS:5.807309 Improve:-0.000000 	 Time:3.75 Seconds
Solution: 1 46 22 26 37 44 6 48 8 14 12 45 36 16 28 47 3 50 13 21 31 15 9 39 27 32 41 35 7 49 29 24 33 4 23 40 25 11 38 20 10 42 43 34 19 17 30 18 2 5 

Inst_Index:5945 	 City_Num:50 	 Concorde:5.908217 	 MCTS:5.908217 Improve:-0.000000 	 Time:3.76 Seconds
Solution: 1 33 6 44 9 43 12 46 25 30 42 31 35 21 40 37 22 29 23 28 32 34 27 49 16 10 18 38 4 19 13 50 36 8 26 14 7 45 41 48 11 15 2 20 24 47 5 39 3 17 

Inst_Index:5946 	 City_Num:50 	 Concorde:6.293154 	 MCTS:6.293154 Improve:-0.000000 	 Time:3.76 Seconds
Solution: 1 7 11 31 16 30 42 46 13 15 17 14 4 29 36 27 5 22 34 35 20 37 21 50 9 2 18 6 33 47 43 3 10 41 40 28 38 19 23 25 49 12 26 24 45 39 32 8 44 48 

Inst_Index:5947 	 City_Num:50 	 Concorde:5.515579 	 MCTS:5.515579 Improve:-0.000000 	 Time:3.75 Seconds
Solution: 1 49 32 15 35 46 28 43 31 12 9 11 42 5 13 24 8 37 25 18 17 36 14 20 4 29 23 39 45 44 50 30 22 21 38 10 19 26 40 48 2 3 33 27 47 7 16 41 34 6 


Avg_Concorde_Distance: 5.709249 Avg_MCTS_Distance: 5.708087 Avg_Gap: -0.000203 Total_Time: 1178.11 Seconds 
 Beat_Best_Known_Times: 115 Match_Best_Known_Times: 198 Miss_Best_Known_Times: 0 
