Number_of_Instances_In_Current_Batch: 313

Inst_Index:2192 	 City_Num:50 	 Concorde:6.124676 	 MCTS:6.124676 Improve:-0.000000 	 Time:3.77 Seconds
Solution: 1 31 4 35 48 29 26 22 28 17 37 46 44 11 18 30 2 21 20 47 50 39 42 23 41 43 13 36 38 34 33 25 7 27 24 32 19 3 49 6 16 12 15 40 10 9 45 8 5 14 

Inst_Index:2193 	 City_Num:50 	 Concorde:5.810643 	 MCTS:5.810643 Improve:0.000000 	 Time:3.75 Seconds
Solution: 1 48 37 22 25 32 49 27 3 24 44 26 19 30 42 34 31 20 10 16 9 5 50 45 33 6 11 13 17 36 46 47 23 18 8 12 39 21 41 43 38 40 15 35 2 14 28 4 29 7 

Inst_Index:2194 	 City_Num:50 	 Concorde:5.630350 	 MCTS:5.630350 Improve:-0.000000 	 Time:3.77 Seconds
Solution: 1 12 33 38 23 28 42 20 39 14 8 6 40 15 9 35 21 5 50 11 49 44 43 13 29 19 37 45 25 22 31 48 34 10 36 18 17 2 46 32 24 41 16 3 27 30 7 47 26 4 

Inst_Index:2195 	 City_Num:50 	 Concorde:5.857449 	 MCTS:5.857449 Improve:-0.000000 	 Time:3.75 Seconds
Solution: 1 24 15 43 33 44 45 17 50 23 12 3 40 10 2 47 19 5 36 9 30 11 26 39 32 8 48 49 35 29 28 38 46 6 20 34 4 22 27 31 13 16 25 21 37 41 42 18 7 14 

Inst_Index:2196 	 City_Num:50 	 Concorde:5.876708 	 MCTS:5.876708 Improve:-0.000000 	 Time:3.76 Seconds
Solution: 1 44 32 8 31 34 20 22 41 42 2 40 50 19 5 6 14 35 39 47 16 7 36 4 12 18 43 24 46 29 11 21 9 30 17 25 27 23 13 26 45 3 38 48 33 10 49 15 28 37 

Inst_Index:2197 	 City_Num:50 	 Concorde:5.657682 	 MCTS:5.657682 Improve:0.000000 	 Time:3.76 Seconds
Solution: 1 5 45 14 34 24 9 10 21 47 31 23 46 18 13 8 36 26 15 2 25 11 22 16 40 43 49 17 12 50 4 48 35 3 41 19 28 39 20 33 42 32 37 30 38 6 29 27 44 7 

Inst_Index:2198 	 City_Num:50 	 Concorde:5.754621 	 MCTS:5.752509 Improve:0.002112 	 Time:3.76 Seconds
Solution: 1 23 33 46 37 26 10 4 48 30 36 12 13 28 24 27 20 43 9 40 31 35 47 45 19 17 8 3 14 21 39 38 18 2 34 6 41 5 44 32 15 25 11 22 42 50 7 29 16 49 

Inst_Index:2199 	 City_Num:50 	 Concorde:5.492647 	 MCTS:5.492647 Improve:-0.000000 	 Time:3.75 Seconds
Solution: 1 23 24 16 42 2 19 30 9 29 50 32 14 15 49 28 18 10 40 17 31 38 46 33 13 48 4 37 44 8 36 7 45 39 43 27 22 25 5 47 41 3 34 11 26 12 35 6 21 20 

Inst_Index:2200 	 City_Num:50 	 Concorde:5.709309 	 MCTS:5.707478 Improve:0.001831 	 Time:3.75 Seconds
Solution: 1 21 42 47 40 45 24 46 17 15 37 35 33 19 36 16 32 27 8 12 43 25 9 6 13 22 14 10 38 29 49 28 7 48 31 39 44 4 41 50 26 34 11 5 20 30 18 3 2 23 

Inst_Index:2201 	 City_Num:50 	 Concorde:5.721372 	 MCTS:5.721372 Improve:-0.000000 	 Time:3.75 Seconds
Solution: 1 10 37 34 28 39 9 25 24 17 5 2 13 15 35 11 12 32 46 21 18 40 33 42 30 14 36 49 7 48 47 45 16 4 43 8 19 3 44 22 27 6 31 29 26 20 50 38 23 41 

Inst_Index:2202 	 City_Num:50 	 Concorde:5.853866 	 MCTS:5.853866 Improve:-0.000000 	 Time:3.76 Seconds
Solution: 1 4 40 10 29 44 31 46 26 35 19 23 50 34 38 25 17 37 48 39 9 15 42 5 20 41 33 7 32 36 12 49 27 14 3 24 6 45 30 8 16 2 11 18 43 47 22 13 28 21 

Inst_Index:2203 	 City_Num:50 	 Concorde:5.114588 	 MCTS:5.114588 Improve:0.000000 	 Time:3.77 Seconds
Solution: 1 9 24 4 43 42 5 19 30 34 32 38 12 28 25 2 7 3 6 13 11 27 50 48 33 47 35 45 40 31 8 29 15 21 14 37 20 44 46 26 41 23 16 18 17 22 49 39 10 36 

Inst_Index:2204 	 City_Num:50 	 Concorde:6.042003 	 MCTS:6.037827 Improve:0.004177 	 Time:3.77 Seconds
Solution: 1 40 22 46 17 38 6 13 14 33 12 26 25 36 41 7 2 10 47 8 49 23 27 45 21 31 9 19 39 11 3 4 37 30 32 24 50 42 43 29 35 34 20 5 15 28 48 16 44 18 

Inst_Index:2205 	 City_Num:50 	 Concorde:5.870232 	 MCTS:5.867716 Improve:0.002516 	 Time:3.77 Seconds
Solution: 1 15 42 40 43 26 37 50 24 17 11 49 2 25 10 46 22 33 36 32 45 39 19 23 30 29 21 35 41 3 5 20 38 34 8 9 44 4 48 14 7 6 31 12 13 47 28 16 27 18 

Inst_Index:2206 	 City_Num:50 	 Concorde:5.892213 	 MCTS:5.890071 Improve:0.002142 	 Time:3.76 Seconds
Solution: 1 12 39 11 50 20 30 19 17 32 47 15 38 2 34 10 21 45 5 36 25 7 40 26 28 49 46 8 35 44 9 23 31 22 14 24 29 3 33 16 48 4 37 6 41 13 27 42 18 43 

Inst_Index:2207 	 City_Num:50 	 Concorde:5.656896 	 MCTS:5.656896 Improve:0.000000 	 Time:3.75 Seconds
Solution: 1 5 33 32 35 34 21 40 10 37 23 11 43 45 38 24 18 50 44 41 14 36 12 15 17 48 39 19 25 42 6 7 28 49 13 30 20 47 22 3 9 31 27 26 16 29 2 46 8 4 

Inst_Index:2208 	 City_Num:50 	 Concorde:5.753116 	 MCTS:5.753116 Improve:-0.000000 	 Time:3.76 Seconds
Solution: 1 37 47 21 16 36 41 27 43 38 20 33 34 40 25 3 10 30 4 45 13 17 11 29 7 5 2 26 14 28 39 24 49 23 6 18 44 35 12 19 31 42 8 22 15 46 48 9 32 50 

Inst_Index:2209 	 City_Num:50 	 Concorde:5.523859 	 MCTS:5.523859 Improve:-0.000000 	 Time:3.75 Seconds
Solution: 1 17 43 29 3 36 27 18 21 6 7 2 33 28 35 32 31 38 50 25 45 20 47 37 5 40 48 16 4 34 13 41 46 42 9 24 19 44 26 22 23 15 11 49 14 8 12 39 30 10 

Inst_Index:2210 	 City_Num:50 	 Concorde:5.522647 	 MCTS:5.513584 Improve:0.009063 	 Time:3.75 Seconds
Solution: 1 14 23 24 21 3 50 47 19 38 4 43 49 29 7 36 20 46 2 37 45 31 42 26 16 34 6 33 44 40 13 27 35 22 9 17 48 32 12 15 25 10 8 18 5 30 11 39 41 28 

Inst_Index:2211 	 City_Num:50 	 Concorde:6.284518 	 MCTS:6.284518 Improve:0.000000 	 Time:3.75 Seconds
Solution: 1 6 45 11 29 33 23 31 3 21 8 17 27 28 48 24 25 14 26 13 49 32 36 5 39 43 7 2 22 9 40 46 30 38 15 16 20 37 50 41 42 19 47 12 34 10 18 35 4 44 

Inst_Index:2212 	 City_Num:50 	 Concorde:5.870367 	 MCTS:5.870367 Improve:0.000000 	 Time:3.76 Seconds
Solution: 1 49 45 24 46 5 6 31 27 10 22 11 35 26 18 3 28 50 17 47 9 7 20 21 43 23 39 16 25 36 48 40 8 30 13 14 41 44 33 42 34 2 15 12 38 19 32 29 4 37 

Inst_Index:2213 	 City_Num:50 	 Concorde:5.905525 	 MCTS:5.905525 Improve:0.000000 	 Time:3.78 Seconds
Solution: 1 36 44 30 14 11 17 22 43 27 4 18 47 2 49 29 32 28 41 48 20 46 12 35 26 15 21 8 9 42 16 10 38 23 40 34 24 6 25 50 13 19 39 45 31 3 5 33 37 7 

Inst_Index:2214 	 City_Num:50 	 Concorde:5.420391 	 MCTS:5.420391 Improve:0.000000 	 Time:3.77 Seconds
Solution: 1 23 43 34 50 41 13 12 15 27 30 7 39 22 48 21 36 5 24 29 2 45 31 47 38 33 11 14 44 35 25 49 18 20 3 37 28 4 10 26 46 17 19 40 42 9 32 6 8 16 

Inst_Index:2215 	 City_Num:50 	 Concorde:5.704861 	 MCTS:5.704861 Improve:0.000000 	 Time:3.76 Seconds
Solution: 1 24 37 36 25 12 8 13 34 50 21 3 22 44 42 11 9 33 41 28 29 46 47 2 20 48 19 10 16 49 43 35 31 27 30 17 14 23 7 40 6 18 4 38 15 39 5 26 32 45 

Inst_Index:2216 	 City_Num:50 	 Concorde:5.927192 	 MCTS:5.927192 Improve:0.000000 	 Time:3.76 Seconds
Solution: 1 14 44 49 8 48 37 9 33 39 3 35 15 2 42 46 12 18 41 31 25 43 13 17 27 45 40 16 20 26 34 10 22 28 24 36 32 23 6 7 29 4 21 30 11 50 47 19 38 5 

Inst_Index:2217 	 City_Num:50 	 Concorde:5.815553 	 MCTS:5.810968 Improve:0.004585 	 Time:3.75 Seconds
Solution: 1 18 21 37 6 42 41 40 3 29 5 26 33 19 27 20 4 43 12 36 28 2 15 45 47 32 34 22 8 23 13 10 49 11 17 48 50 38 7 31 14 44 39 16 24 30 9 25 35 46 

Inst_Index:2218 	 City_Num:50 	 Concorde:5.836416 	 MCTS:5.836416 Improve:-0.000000 	 Time:3.77 Seconds
Solution: 1 6 18 36 43 13 10 19 42 29 12 16 23 26 33 4 40 2 45 25 7 41 49 8 44 32 20 5 14 38 30 24 47 17 11 28 27 46 9 48 39 3 50 22 15 37 35 31 34 21 

Inst_Index:2219 	 City_Num:50 	 Concorde:5.536486 	 MCTS:5.533937 Improve:0.002548 	 Time:3.77 Seconds
Solution: 1 8 15 18 33 16 50 37 48 17 3 9 49 28 46 13 42 6 29 36 11 39 27 45 40 31 41 14 21 20 35 30 34 44 22 43 25 7 23 19 10 2 47 26 32 5 24 12 38 4 

Inst_Index:2220 	 City_Num:50 	 Concorde:5.475077 	 MCTS:5.474946 Improve:0.000131 	 Time:3.76 Seconds
Solution: 1 39 7 19 35 47 8 31 18 5 12 32 36 45 48 40 24 6 2 13 37 28 14 11 9 17 50 3 42 23 29 44 15 33 34 41 16 43 20 10 25 30 38 26 4 46 49 21 22 27 

Inst_Index:2221 	 City_Num:50 	 Concorde:5.789144 	 MCTS:5.787610 Improve:0.001533 	 Time:3.75 Seconds
Solution: 1 6 33 17 38 10 5 30 28 7 36 13 47 29 40 15 3 45 41 21 50 37 43 23 48 32 22 24 25 42 44 19 2 34 4 11 18 9 31 14 49 20 26 8 35 39 12 16 27 46 

Inst_Index:2222 	 City_Num:50 	 Concorde:5.445587 	 MCTS:5.445587 Improve:-0.000000 	 Time:3.76 Seconds
Solution: 1 49 12 40 15 50 24 34 39 19 30 48 23 37 6 7 29 14 32 5 41 3 35 9 44 20 28 18 13 27 4 25 21 47 17 8 33 43 2 31 22 10 36 11 26 42 38 46 16 45 

Inst_Index:2223 	 City_Num:50 	 Concorde:6.032922 	 MCTS:6.032922 Improve:0.000000 	 Time:3.75 Seconds
Solution: 1 19 10 26 12 42 15 21 31 39 9 47 2 38 5 7 6 25 50 13 11 33 27 23 16 49 37 4 48 29 30 32 40 44 34 20 17 14 45 28 18 35 8 22 41 3 24 46 36 43 

Inst_Index:2224 	 City_Num:50 	 Concorde:5.329136 	 MCTS:5.323862 Improve:0.005274 	 Time:3.75 Seconds
Solution: 1 47 39 32 3 16 6 45 7 28 9 13 25 23 30 21 42 29 20 8 40 50 10 5 26 24 33 49 38 2 27 31 17 15 34 44 4 22 12 18 14 37 41 11 35 43 36 19 46 48 

Inst_Index:2225 	 City_Num:50 	 Concorde:5.404381 	 MCTS:5.404381 Improve:0.000000 	 Time:3.76 Seconds
Solution: 1 22 18 20 30 9 25 39 24 32 2 15 31 36 35 47 14 21 5 13 27 29 38 45 16 6 41 10 26 7 3 12 44 46 43 50 19 28 8 17 11 40 23 4 48 33 42 49 34 37 

Inst_Index:2226 	 City_Num:50 	 Concorde:5.978265 	 MCTS:5.977772 Improve:0.000493 	 Time:3.75 Seconds
Solution: 1 12 26 13 49 7 34 22 38 35 39 5 46 45 9 27 16 24 19 18 41 11 15 48 50 44 23 47 42 17 14 29 33 25 43 40 32 3 30 20 21 36 8 2 4 28 31 6 37 10 

Inst_Index:2227 	 City_Num:50 	 Concorde:5.585709 	 MCTS:5.583549 Improve:0.002160 	 Time:3.75 Seconds
Solution: 1 18 12 5 16 39 7 42 8 3 46 38 44 48 20 47 27 49 9 31 33 4 26 19 28 17 23 22 13 34 10 41 21 36 37 11 45 40 2 29 15 50 25 14 24 6 35 43 32 30 

Inst_Index:2228 	 City_Num:50 	 Concorde:5.831893 	 MCTS:5.831893 Improve:0.000000 	 Time:3.76 Seconds
Solution: 1 18 9 3 15 6 40 16 47 19 44 45 2 37 25 23 4 10 11 30 14 42 43 5 38 46 36 41 31 26 49 29 20 32 12 13 24 8 34 27 21 17 35 50 33 28 22 48 7 39 

Inst_Index:2229 	 City_Num:50 	 Concorde:5.862873 	 MCTS:5.862873 Improve:-0.000000 	 Time:3.75 Seconds
Solution: 1 26 33 8 20 13 44 45 12 32 38 28 15 34 17 7 14 25 11 37 21 22 19 39 43 42 46 16 5 23 18 6 40 9 4 2 10 41 35 31 24 30 48 3 36 49 29 47 50 27 

Inst_Index:2230 	 City_Num:50 	 Concorde:5.631679 	 MCTS:5.631679 Improve:-0.000000 	 Time:3.76 Seconds
Solution: 1 17 5 46 23 10 33 2 3 4 30 20 15 28 49 50 27 45 35 19 41 8 42 18 6 11 31 7 36 38 12 25 32 34 24 39 47 37 44 16 9 43 22 21 40 48 13 14 29 26 

Inst_Index:2231 	 City_Num:50 	 Concorde:5.504275 	 MCTS:5.504275 Improve:-0.000000 	 Time:3.76 Seconds
Solution: 1 43 47 27 29 6 28 36 25 15 32 38 49 50 22 33 46 24 40 30 41 34 4 7 3 10 20 19 45 16 42 21 2 44 14 13 11 9 26 17 12 5 35 31 37 18 23 8 39 48 

Inst_Index:2232 	 City_Num:50 	 Concorde:5.459842 	 MCTS:5.459842 Improve:0.000000 	 Time:3.75 Seconds
Solution: 1 27 17 30 40 46 24 37 50 5 38 3 11 41 28 22 48 29 32 35 31 20 8 44 16 14 4 21 34 33 36 43 2 25 12 18 13 47 6 19 42 7 26 9 49 10 15 39 23 45 

Inst_Index:2233 	 City_Num:50 	 Concorde:5.799038 	 MCTS:5.798497 Improve:0.000541 	 Time:3.75 Seconds
Solution: 1 38 47 12 26 19 20 50 42 6 16 18 44 2 31 25 29 28 48 5 11 23 33 32 17 24 8 22 21 15 43 34 3 39 49 35 13 37 7 14 4 27 45 36 10 46 40 9 41 30 

Inst_Index:2234 	 City_Num:50 	 Concorde:5.863167 	 MCTS:5.858745 Improve:0.004422 	 Time:3.77 Seconds
Solution: 1 45 17 3 47 20 50 22 28 35 18 10 19 11 38 44 5 8 39 24 41 13 7 9 43 37 23 15 29 30 40 4 16 6 42 27 25 21 32 12 49 34 2 14 33 31 48 36 46 26 

Inst_Index:2235 	 City_Num:50 	 Concorde:5.981140 	 MCTS:5.975990 Improve:0.005149 	 Time:3.76 Seconds
Solution: 1 27 41 37 28 8 13 24 39 19 30 16 10 34 25 45 32 17 47 20 9 36 26 7 11 18 6 29 15 23 43 50 4 22 33 46 3 38 21 44 40 31 42 14 48 49 12 5 35 2 

Inst_Index:2236 	 City_Num:50 	 Concorde:5.726247 	 MCTS:5.726247 Improve:0.000000 	 Time:3.77 Seconds
Solution: 1 35 13 8 39 16 47 12 24 30 19 4 36 38 32 23 22 48 37 3 14 43 21 26 11 31 5 25 20 6 28 46 7 49 41 15 18 10 33 44 34 40 29 17 42 2 50 9 45 27 

Inst_Index:2237 	 City_Num:50 	 Concorde:5.447375 	 MCTS:5.444934 Improve:0.002441 	 Time:3.75 Seconds
Solution: 1 44 42 6 17 43 23 2 9 12 32 28 16 41 14 15 47 34 7 21 13 36 4 37 40 10 38 22 39 50 11 45 26 3 5 27 31 18 8 29 48 25 49 19 46 24 30 20 35 33 

Inst_Index:2238 	 City_Num:50 	 Concorde:5.706151 	 MCTS:5.706151 Improve:0.000000 	 Time:3.77 Seconds
Solution: 1 19 6 48 43 35 28 37 2 47 8 42 39 9 11 10 23 26 18 40 46 15 17 34 41 22 20 29 4 32 3 50 16 25 21 38 30 33 31 36 45 24 27 49 14 13 5 7 12 44 

Inst_Index:2239 	 City_Num:50 	 Concorde:5.309009 	 MCTS:5.309009 Improve:0.000000 	 Time:3.76 Seconds
Solution: 1 16 11 38 33 39 44 42 49 7 30 46 5 50 20 3 15 40 34 6 48 17 35 2 43 13 9 18 26 21 45 41 22 31 28 12 10 25 8 32 37 14 24 23 4 27 36 47 29 19 

Inst_Index:2240 	 City_Num:50 	 Concorde:5.746806 	 MCTS:5.744207 Improve:0.002600 	 Time:3.75 Seconds
Solution: 1 10 48 38 20 30 2 18 11 37 43 33 45 46 31 44 41 47 25 42 9 29 28 16 24 27 50 7 26 4 12 22 5 23 17 19 3 34 6 36 21 35 8 15 39 49 32 40 13 14 

Inst_Index:2241 	 City_Num:50 	 Concorde:5.479600 	 MCTS:5.479600 Improve:0.000000 	 Time:3.76 Seconds
Solution: 1 4 34 5 36 31 24 16 43 7 14 33 49 28 32 38 6 50 2 30 46 17 35 20 25 40 19 29 47 41 44 23 18 39 22 26 45 3 42 11 37 48 27 10 13 21 8 12 9 15 

Inst_Index:2242 	 City_Num:50 	 Concorde:6.020522 	 MCTS:6.017065 Improve:0.003458 	 Time:3.78 Seconds
Solution: 1 15 3 20 21 27 33 11 5 40 43 35 37 39 7 13 24 16 41 9 17 46 44 12 36 26 23 50 25 34 45 22 32 31 49 29 48 10 6 18 4 2 30 47 19 14 28 38 8 42 

Inst_Index:2243 	 City_Num:50 	 Concorde:5.688342 	 MCTS:5.688292 Improve:0.000050 	 Time:3.78 Seconds
Solution: 1 43 13 3 47 5 17 4 49 36 25 20 18 10 48 29 7 45 22 34 27 40 46 41 38 6 31 37 24 11 23 9 15 28 8 42 39 35 14 44 50 16 30 2 19 12 26 21 33 32 

Inst_Index:2244 	 City_Num:50 	 Concorde:5.727395 	 MCTS:5.727395 Improve:0.000000 	 Time:3.76 Seconds
Solution: 1 11 49 37 36 32 2 25 46 17 35 27 13 8 21 39 45 9 29 10 4 18 30 48 7 23 20 41 5 19 26 31 22 47 24 34 40 42 44 43 12 15 6 38 16 3 28 33 50 14 

Inst_Index:2245 	 City_Num:50 	 Concorde:5.392060 	 MCTS:5.392060 Improve:0.000000 	 Time:3.76 Seconds
Solution: 1 6 46 37 17 36 42 19 21 4 32 41 13 10 11 40 2 9 27 35 7 34 25 22 28 14 20 38 18 29 43 31 26 49 50 30 45 47 5 3 16 33 39 48 23 44 12 8 15 24 

Inst_Index:2246 	 City_Num:50 	 Concorde:5.435575 	 MCTS:5.426606 Improve:0.008969 	 Time:3.77 Seconds
Solution: 1 13 10 38 11 31 14 3 26 23 33 48 5 27 6 46 45 7 16 40 4 21 15 8 30 9 41 22 42 29 20 36 18 44 25 12 34 19 49 47 32 50 39 17 28 43 24 2 37 35 

Inst_Index:2247 	 City_Num:50 	 Concorde:6.193326 	 MCTS:6.193326 Improve:0.000000 	 Time:3.75 Seconds
Solution: 1 33 45 19 17 44 28 50 31 38 20 26 21 6 49 34 18 15 13 7 11 4 42 24 46 22 16 9 12 14 8 39 40 27 10 29 30 23 35 5 37 32 48 47 25 41 2 3 43 36 

Inst_Index:2248 	 City_Num:50 	 Concorde:5.478704 	 MCTS:5.476073 Improve:0.002631 	 Time:3.78 Seconds
Solution: 1 38 49 20 48 44 12 11 47 35 4 46 7 15 10 14 33 23 29 39 40 37 50 36 42 19 28 27 45 43 26 25 17 8 9 24 34 18 16 31 32 6 2 21 30 5 22 13 3 41 

Inst_Index:2249 	 City_Num:50 	 Concorde:5.810653 	 MCTS:5.809062 Improve:0.001591 	 Time:3.75 Seconds
Solution: 1 4 49 17 11 15 13 44 33 41 50 42 34 19 45 28 40 12 35 3 27 26 14 31 2 47 24 22 48 38 23 5 37 46 9 10 7 39 18 16 36 43 6 21 8 30 32 25 29 20 

Inst_Index:2250 	 City_Num:50 	 Concorde:5.051403 	 MCTS:5.051403 Improve:0.000000 	 Time:3.76 Seconds
Solution: 1 17 48 38 39 8 45 6 37 3 14 28 34 24 15 11 23 41 22 10 27 4 42 32 18 20 16 30 46 26 40 7 5 12 36 9 44 29 35 43 13 33 21 50 2 49 47 31 19 25 

Inst_Index:2251 	 City_Num:50 	 Concorde:5.808815 	 MCTS:5.807063 Improve:0.001751 	 Time:3.77 Seconds
Solution: 1 22 44 4 48 14 9 26 15 29 2 21 47 18 49 25 38 11 5 16 36 13 19 42 8 33 30 50 23 34 27 28 12 31 40 39 45 35 37 20 41 32 6 43 46 17 7 3 10 24 

Inst_Index:2252 	 City_Num:50 	 Concorde:5.596734 	 MCTS:5.596734 Improve:-0.000000 	 Time:3.75 Seconds
Solution: 1 32 16 15 26 34 50 44 13 8 3 49 25 24 33 4 42 45 28 22 11 17 21 19 12 39 40 6 20 10 30 5 46 31 29 23 43 2 47 48 9 37 36 27 38 14 18 7 35 41 

Inst_Index:2253 	 City_Num:50 	 Concorde:5.970598 	 MCTS:5.964397 Improve:0.006201 	 Time:3.75 Seconds
Solution: 1 23 45 10 47 33 20 40 27 8 26 42 39 12 29 50 14 22 44 36 6 13 3 46 38 31 17 48 35 11 21 41 28 2 16 4 37 34 30 43 5 9 7 18 24 49 15 32 19 25 

Inst_Index:2254 	 City_Num:50 	 Concorde:6.166428 	 MCTS:6.166428 Improve:0.000000 	 Time:3.77 Seconds
Solution: 1 5 37 25 50 17 21 30 38 48 31 32 4 45 12 35 34 8 46 23 24 27 26 13 39 6 40 7 10 2 28 41 29 36 14 9 19 3 18 43 11 47 49 22 44 33 42 20 16 15 

Inst_Index:2255 	 City_Num:50 	 Concorde:5.551780 	 MCTS:5.551780 Improve:0.000000 	 Time:3.75 Seconds
Solution: 1 38 48 21 30 32 13 16 41 8 24 11 3 27 42 26 7 19 22 15 20 28 50 18 47 35 6 9 5 29 43 36 25 37 45 44 17 14 23 31 12 46 4 2 39 10 33 34 40 49 

Inst_Index:2256 	 City_Num:50 	 Concorde:5.799307 	 MCTS:5.799307 Improve:-0.000000 	 Time:3.75 Seconds
Solution: 1 15 34 19 25 20 12 5 13 18 3 42 10 7 8 50 47 29 41 48 36 37 23 2 6 4 46 43 31 24 9 21 35 17 22 49 27 44 45 40 28 38 39 11 33 14 30 16 26 32 

Inst_Index:2257 	 City_Num:50 	 Concorde:5.958576 	 MCTS:5.958576 Improve:-0.000000 	 Time:3.77 Seconds
Solution: 1 48 7 14 39 16 50 3 30 49 21 17 9 26 8 44 22 38 18 20 42 25 5 45 2 23 28 15 29 24 43 31 12 13 32 27 36 33 41 6 37 10 4 34 19 35 40 11 47 46 

Inst_Index:2258 	 City_Num:50 	 Concorde:5.758543 	 MCTS:5.758543 Improve:0.000000 	 Time:3.77 Seconds
Solution: 1 21 46 49 37 44 28 26 5 32 45 42 31 18 50 17 29 10 8 24 2 48 35 39 14 13 6 20 4 43 36 27 3 16 15 12 40 30 38 34 23 22 11 33 9 41 25 7 19 47 

Inst_Index:2259 	 City_Num:50 	 Concorde:5.524159 	 MCTS:5.524159 Improve:0.000000 	 Time:3.76 Seconds
Solution: 1 10 27 34 20 17 39 48 49 50 4 46 3 42 2 22 35 14 30 9 13 5 40 29 6 44 15 41 23 43 24 38 21 37 28 7 32 47 19 33 8 36 25 12 18 31 16 45 26 11 

Inst_Index:2260 	 City_Num:50 	 Concorde:5.482122 	 MCTS:5.477818 Improve:0.004304 	 Time:3.77 Seconds
Solution: 1 48 38 41 7 29 10 24 28 14 20 25 47 15 34 3 12 11 31 8 36 5 4 19 26 37 45 22 21 32 49 9 39 18 33 50 43 30 27 2 17 16 35 23 40 6 44 13 46 42 

Inst_Index:2261 	 City_Num:50 	 Concorde:6.133818 	 MCTS:6.133194 Improve:0.000624 	 Time:3.77 Seconds
Solution: 1 12 20 14 44 18 31 40 35 19 24 22 8 38 4 39 6 26 34 7 28 46 16 49 50 32 41 9 42 17 10 33 2 21 48 37 30 47 27 36 15 25 3 29 23 13 45 5 11 43 

Inst_Index:2262 	 City_Num:50 	 Concorde:5.617021 	 MCTS:5.617021 Improve:0.000000 	 Time:3.76 Seconds
Solution: 1 33 8 12 24 43 18 5 11 46 23 10 37 30 49 27 35 47 25 16 15 14 20 28 36 50 42 4 40 13 2 19 22 38 21 48 7 9 32 26 34 29 41 17 45 6 44 31 3 39 

Inst_Index:2263 	 City_Num:50 	 Concorde:5.999328 	 MCTS:5.992317 Improve:0.007010 	 Time:3.76 Seconds
Solution: 1 3 43 14 16 42 35 44 34 19 27 40 48 12 5 25 21 30 41 49 36 29 17 6 23 31 24 26 39 7 11 47 33 45 2 37 32 4 50 28 46 10 38 22 9 18 13 15 8 20 

Inst_Index:2264 	 City_Num:50 	 Concorde:5.263720 	 MCTS:5.259400 Improve:0.004320 	 Time:3.76 Seconds
Solution: 1 49 37 11 5 34 15 2 29 30 31 25 13 43 36 42 14 35 40 48 4 12 24 27 20 33 10 8 41 7 18 39 19 23 50 44 28 32 21 22 26 47 6 45 46 16 17 38 9 3 

Inst_Index:2265 	 City_Num:50 	 Concorde:5.559186 	 MCTS:5.559186 Improve:-0.000000 	 Time:3.76 Seconds
Solution: 1 19 47 46 22 6 10 14 49 41 45 12 38 43 26 2 48 31 20 30 34 29 4 44 9 39 17 23 37 8 3 15 27 13 16 7 18 11 5 33 40 21 28 36 32 42 50 35 25 24 

Inst_Index:2266 	 City_Num:50 	 Concorde:5.662751 	 MCTS:5.662751 Improve:-0.000000 	 Time:3.76 Seconds
Solution: 1 6 17 50 47 2 14 36 43 38 5 23 13 16 18 15 19 41 10 45 49 44 28 7 31 21 34 24 30 37 8 39 26 22 40 9 27 32 33 46 48 42 29 11 3 20 12 25 4 35 

Inst_Index:2267 	 City_Num:50 	 Concorde:5.764279 	 MCTS:5.764264 Improve:0.000014 	 Time:3.75 Seconds
Solution: 1 30 7 35 14 29 33 22 45 2 43 19 34 10 41 32 15 28 36 37 4 26 18 8 9 49 12 5 47 44 3 46 27 39 17 23 50 25 21 38 13 40 48 42 24 6 20 11 31 16 

Inst_Index:2268 	 City_Num:50 	 Concorde:5.338756 	 MCTS:5.338756 Improve:0.000000 	 Time:3.76 Seconds
Solution: 1 17 44 43 41 32 13 21 30 29 10 22 12 19 15 4 46 40 45 3 5 34 35 16 36 31 38 18 23 27 6 8 7 11 14 42 47 9 28 24 49 2 37 26 20 25 33 48 50 39 

Inst_Index:2269 	 City_Num:50 	 Concorde:6.039638 	 MCTS:6.039638 Improve:0.000000 	 Time:3.76 Seconds
Solution: 1 2 10 22 14 17 29 15 7 9 36 45 40 32 42 19 12 41 13 44 21 8 37 34 43 6 49 35 26 25 5 3 47 50 4 33 30 27 48 24 23 20 46 11 18 28 39 16 38 31 

Inst_Index:2270 	 City_Num:50 	 Concorde:5.453324 	 MCTS:5.453324 Improve:-0.000000 	 Time:3.75 Seconds
Solution: 1 4 25 44 15 37 12 32 42 49 41 9 23 28 34 8 36 24 2 45 3 35 6 13 33 11 30 29 16 18 43 10 5 47 31 50 38 20 46 14 39 48 22 27 19 7 17 21 40 26 

Inst_Index:2271 	 City_Num:50 	 Concorde:6.119647 	 MCTS:6.116455 Improve:0.003192 	 Time:3.75 Seconds
Solution: 1 20 37 16 8 2 47 13 15 38 17 6 49 7 29 48 35 31 43 12 9 41 4 28 24 11 19 26 44 27 45 14 42 40 30 21 5 36 50 22 3 10 32 34 25 18 23 33 46 39 

Inst_Index:2272 	 City_Num:50 	 Concorde:5.755910 	 MCTS:5.755910 Improve:0.000000 	 Time:3.77 Seconds
Solution: 1 25 26 19 22 27 36 17 30 12 50 29 47 31 43 35 40 9 15 48 42 3 34 41 46 16 13 7 28 44 18 21 20 45 37 39 4 32 8 23 6 33 49 38 11 14 10 24 5 2 

Inst_Index:2273 	 City_Num:50 	 Concorde:5.886232 	 MCTS:5.886232 Improve:0.000000 	 Time:3.77 Seconds
Solution: 1 2 49 22 12 3 36 32 20 40 18 42 7 43 28 30 41 38 23 6 21 37 46 26 10 13 27 47 39 44 15 31 33 48 9 19 35 45 4 24 16 29 50 5 8 11 14 34 25 17 

Inst_Index:2274 	 City_Num:50 	 Concorde:5.496183 	 MCTS:5.496183 Improve:-0.000000 	 Time:3.75 Seconds
Solution: 1 13 30 4 41 25 22 3 47 15 11 50 31 20 2 38 23 8 9 44 40 12 6 43 42 7 48 21 29 33 45 36 37 14 34 39 5 10 28 16 27 35 46 32 49 17 26 18 24 19 

Inst_Index:2275 	 City_Num:50 	 Concorde:5.701156 	 MCTS:5.692731 Improve:0.008425 	 Time:3.76 Seconds
Solution: 1 16 38 47 49 39 48 15 25 21 22 3 24 43 6 7 19 5 8 4 40 26 14 37 44 28 10 46 11 31 29 32 13 42 9 34 30 50 20 23 17 35 12 45 27 33 18 36 2 41 

Inst_Index:2276 	 City_Num:50 	 Concorde:5.595871 	 MCTS:5.591983 Improve:0.003888 	 Time:3.75 Seconds
Solution: 1 31 25 35 3 42 26 10 41 16 30 40 38 6 19 14 21 8 32 15 47 23 11 20 9 24 33 12 36 27 48 43 5 49 28 39 50 17 7 45 44 37 2 29 22 46 13 4 18 34 

Inst_Index:2277 	 City_Num:50 	 Concorde:5.434338 	 MCTS:5.432895 Improve:0.001443 	 Time:3.75 Seconds
Solution: 1 50 14 2 18 12 13 19 29 23 27 8 47 43 24 44 11 49 21 37 20 4 40 42 35 15 7 3 48 16 32 28 39 9 30 41 34 17 10 46 26 5 33 31 22 6 45 38 25 36 

Inst_Index:2278 	 City_Num:50 	 Concorde:5.580832 	 MCTS:5.580832 Improve:-0.000000 	 Time:3.76 Seconds
Solution: 1 39 45 50 27 48 32 25 5 47 7 46 34 13 10 21 42 3 20 9 24 6 37 29 41 22 11 26 40 33 36 4 14 38 19 2 49 31 12 17 8 15 43 16 44 28 18 35 23 30 

Inst_Index:2279 	 City_Num:50 	 Concorde:5.877555 	 MCTS:5.877555 Improve:0.000000 	 Time:3.76 Seconds
Solution: 1 12 17 18 40 22 34 16 32 31 26 46 37 36 6 48 7 30 33 29 11 43 35 13 39 28 24 41 47 50 27 2 14 10 15 49 19 20 38 44 9 45 5 4 3 25 42 8 23 21 

Inst_Index:2280 	 City_Num:50 	 Concorde:5.550366 	 MCTS:5.550150 Improve:0.000215 	 Time:3.77 Seconds
Solution: 1 29 42 37 23 46 6 34 41 21 17 9 48 28 44 11 5 43 3 7 30 2 15 18 8 45 50 39 16 31 38 25 36 26 49 40 20 35 4 27 47 12 32 24 22 33 19 13 10 14 

Inst_Index:2281 	 City_Num:50 	 Concorde:5.790635 	 MCTS:5.790635 Improve:0.000000 	 Time:3.76 Seconds
Solution: 1 35 10 3 9 16 29 21 28 14 31 50 33 38 45 15 24 34 6 46 5 44 19 30 39 4 41 48 47 2 23 27 25 42 7 26 11 12 36 37 17 40 32 49 22 20 43 8 13 18 

Inst_Index:2282 	 City_Num:50 	 Concorde:5.773001 	 MCTS:5.772999 Improve:0.000002 	 Time:3.75 Seconds
Solution: 1 45 39 26 49 23 34 17 40 5 43 10 46 9 14 44 16 19 15 48 31 42 22 47 25 21 11 33 6 29 50 30 4 36 38 7 35 13 3 8 28 20 41 32 12 27 24 18 2 37 

Inst_Index:2283 	 City_Num:50 	 Concorde:5.637041 	 MCTS:5.633837 Improve:0.003204 	 Time:3.75 Seconds
Solution: 1 19 40 43 32 46 38 28 13 44 9 23 4 33 49 17 7 15 36 10 21 37 42 48 31 16 6 39 26 20 35 5 25 2 18 50 11 34 47 14 41 29 22 45 12 30 3 8 27 24 

Inst_Index:2284 	 City_Num:50 	 Concorde:6.016567 	 MCTS:6.016567 Improve:-0.000000 	 Time:3.76 Seconds
Solution: 1 34 13 9 43 21 49 3 37 47 38 39 22 36 24 10 30 46 19 12 50 23 25 44 4 48 5 15 31 26 14 35 20 33 42 17 7 28 27 40 2 8 29 32 41 45 11 6 18 16 

Inst_Index:2285 	 City_Num:50 	 Concorde:5.711885 	 MCTS:5.711885 Improve:0.000000 	 Time:3.77 Seconds
Solution: 1 20 27 18 26 3 21 45 14 5 23 29 11 47 43 48 10 35 16 36 31 39 2 38 50 19 4 8 22 15 41 44 24 7 30 46 32 13 9 6 28 42 37 33 25 34 17 12 40 49 

Inst_Index:2286 	 City_Num:50 	 Concorde:5.865185 	 MCTS:5.865185 Improve:0.000000 	 Time:3.77 Seconds
Solution: 1 19 41 43 45 37 16 38 28 26 3 47 34 44 18 22 5 4 20 32 13 35 21 17 6 30 11 46 12 9 8 31 27 36 40 14 23 29 50 10 42 24 48 39 49 33 2 25 15 7 

Inst_Index:2287 	 City_Num:50 	 Concorde:5.891222 	 MCTS:5.888373 Improve:0.002849 	 Time:3.76 Seconds
Solution: 1 46 33 37 47 10 22 39 38 34 43 40 35 7 32 18 5 3 36 6 50 28 42 25 23 27 31 11 16 4 12 9 45 44 20 49 19 24 26 15 17 14 48 8 13 30 21 41 2 29 

Inst_Index:2288 	 City_Num:50 	 Concorde:5.506719 	 MCTS:5.506719 Improve:0.000000 	 Time:3.76 Seconds
Solution: 1 31 33 6 22 48 8 7 47 18 9 3 24 40 4 36 2 37 28 44 41 14 30 34 35 16 13 26 50 21 19 23 10 39 27 45 12 46 15 43 25 32 17 5 42 38 29 49 20 11 

Inst_Index:2289 	 City_Num:50 	 Concorde:5.560507 	 MCTS:5.560507 Improve:-0.000000 	 Time:3.76 Seconds
Solution: 1 50 26 28 11 33 47 6 36 34 45 29 44 3 49 42 4 17 7 35 23 40 15 2 25 21 48 27 8 24 18 19 12 5 39 32 20 30 37 38 10 16 46 22 14 43 9 41 13 31 

Inst_Index:2290 	 City_Num:50 	 Concorde:6.123508 	 MCTS:6.123508 Improve:0.000000 	 Time:3.76 Seconds
Solution: 1 7 25 48 19 32 5 42 18 20 13 49 34 15 27 21 9 14 3 46 29 10 23 40 50 44 12 31 17 2 33 11 35 41 30 16 8 6 36 47 45 24 38 39 43 22 28 37 4 26 

Inst_Index:2291 	 City_Num:50 	 Concorde:5.304377 	 MCTS:5.301651 Improve:0.002726 	 Time:3.75 Seconds
Solution: 1 37 5 3 26 15 9 33 7 22 20 27 4 32 47 11 34 36 17 42 44 14 31 50 6 40 23 13 28 35 43 41 21 16 39 12 2 48 18 45 30 25 46 29 8 19 24 49 38 10 

Inst_Index:2292 	 City_Num:50 	 Concorde:5.869963 	 MCTS:5.869963 Improve:0.000000 	 Time:3.77 Seconds
Solution: 1 46 38 6 36 22 37 23 32 49 4 41 48 24 10 30 27 2 15 29 44 34 43 14 5 26 47 12 3 18 39 21 45 11 35 28 19 16 40 31 50 20 42 17 13 7 25 8 9 33 

Inst_Index:2293 	 City_Num:50 	 Concorde:5.446155 	 MCTS:5.446155 Improve:-0.000000 	 Time:3.76 Seconds
Solution: 1 10 18 46 32 11 45 12 24 28 9 49 40 31 20 47 43 38 4 16 23 44 27 42 36 34 33 21 15 35 29 17 22 13 25 19 7 2 41 3 50 37 5 48 39 6 30 8 26 14 

Inst_Index:2294 	 City_Num:50 	 Concorde:5.715316 	 MCTS:5.715316 Improve:0.000000 	 Time:3.76 Seconds
Solution: 1 2 8 15 42 12 34 23 9 50 39 21 25 33 38 14 49 37 5 16 43 4 18 46 20 19 11 30 35 3 31 47 48 32 41 22 13 10 26 27 29 36 24 17 28 40 44 45 7 6 

Inst_Index:2295 	 City_Num:50 	 Concorde:5.847316 	 MCTS:5.847316 Improve:-0.000000 	 Time:3.77 Seconds
Solution: 1 44 16 12 29 27 39 48 38 26 28 14 30 20 13 17 32 35 11 24 36 50 19 31 33 45 10 4 8 15 7 49 40 9 2 5 6 37 34 23 25 18 3 41 47 43 21 46 22 42 

Inst_Index:2296 	 City_Num:50 	 Concorde:5.866254 	 MCTS:5.866254 Improve:0.000000 	 Time:3.76 Seconds
Solution: 1 41 19 39 28 42 45 7 30 36 25 47 49 29 5 16 10 2 27 8 4 37 50 6 34 14 43 31 33 23 32 12 20 18 44 40 38 46 11 3 35 9 26 17 15 13 22 48 24 21 

Inst_Index:2297 	 City_Num:50 	 Concorde:5.381786 	 MCTS:5.381786 Improve:0.000000 	 Time:3.76 Seconds
Solution: 1 10 9 23 27 29 36 14 44 24 32 5 30 50 43 13 8 39 7 20 11 22 28 41 45 35 2 48 47 3 4 46 17 25 40 19 15 31 21 49 12 42 33 38 16 18 26 6 34 37 

Inst_Index:2298 	 City_Num:50 	 Concorde:5.749471 	 MCTS:5.749471 Improve:0.000000 	 Time:3.76 Seconds
Solution: 1 28 43 6 15 4 33 38 50 39 26 18 42 20 8 16 34 5 9 29 41 31 14 35 21 49 30 7 44 25 12 13 46 45 23 47 10 17 48 3 36 24 2 11 19 27 22 32 40 37 

Inst_Index:2299 	 City_Num:50 	 Concorde:5.843867 	 MCTS:5.843867 Improve:0.000000 	 Time:3.76 Seconds
Solution: 1 50 25 9 13 28 24 29 30 35 23 47 36 31 17 21 7 43 32 33 38 27 14 42 20 48 5 26 8 2 12 39 34 10 15 11 37 44 45 18 19 16 40 3 22 49 4 6 41 46 

Inst_Index:2300 	 City_Num:50 	 Concorde:5.937085 	 MCTS:5.937085 Improve:0.000000 	 Time:3.77 Seconds
Solution: 1 31 27 40 44 7 10 36 39 28 30 33 6 11 42 13 17 50 16 49 46 18 29 2 35 4 47 20 21 26 19 48 23 12 41 24 22 38 8 25 14 45 3 43 5 9 15 32 34 37 

Inst_Index:2301 	 City_Num:50 	 Concorde:5.797409 	 MCTS:5.797409 Improve:-0.000000 	 Time:3.76 Seconds
Solution: 1 8 36 49 34 33 28 5 18 20 29 39 40 4 30 35 48 26 3 21 37 19 14 17 50 44 16 13 42 31 24 12 25 7 47 41 46 23 11 15 9 22 43 6 10 38 2 45 27 32 

Inst_Index:2302 	 City_Num:50 	 Concorde:5.576929 	 MCTS:5.576929 Improve:-0.000000 	 Time:3.76 Seconds
Solution: 1 26 3 10 45 31 23 9 43 7 32 21 44 16 34 2 38 12 41 5 39 14 42 48 49 33 4 50 22 29 27 37 11 18 15 8 36 13 6 19 40 46 47 28 25 17 35 20 30 24 

Inst_Index:2303 	 City_Num:50 	 Concorde:5.832463 	 MCTS:5.832463 Improve:-0.000000 	 Time:3.78 Seconds
Solution: 1 45 19 46 35 32 17 25 21 12 31 18 13 34 22 4 33 38 41 48 6 49 2 43 40 50 29 8 30 39 11 47 7 26 16 42 24 10 15 9 20 3 23 37 14 5 36 27 44 28 

Inst_Index:2304 	 City_Num:50 	 Concorde:5.794070 	 MCTS:5.794070 Improve:-0.000000 	 Time:3.76 Seconds
Solution: 1 18 42 21 15 35 10 38 17 45 32 36 41 13 50 5 29 25 20 16 44 47 24 46 23 30 49 39 3 22 8 12 26 7 40 28 4 2 43 6 11 33 19 48 31 14 34 27 37 9 

Inst_Index:2305 	 City_Num:50 	 Concorde:6.037723 	 MCTS:6.037065 Improve:0.000659 	 Time:3.75 Seconds
Solution: 1 17 23 22 14 12 31 43 7 28 11 35 42 50 2 38 24 49 44 20 9 25 18 30 29 21 3 34 4 39 36 6 13 8 48 32 10 41 45 19 47 37 26 40 46 33 16 5 15 27 

Inst_Index:2306 	 City_Num:50 	 Concorde:6.139617 	 MCTS:6.137410 Improve:0.002207 	 Time:3.77 Seconds
Solution: 1 47 14 43 12 23 11 49 41 24 26 32 6 2 40 35 36 21 44 50 19 38 16 34 25 5 46 4 22 27 48 31 42 30 17 45 8 33 29 9 7 10 15 13 28 3 18 37 39 20 

Inst_Index:2307 	 City_Num:50 	 Concorde:6.021470 	 MCTS:6.021470 Improve:-0.000000 	 Time:3.76 Seconds
Solution: 1 5 36 12 44 14 32 3 46 41 10 13 34 37 8 15 39 35 31 22 16 27 50 47 6 26 33 43 2 24 42 11 45 30 40 29 20 49 18 9 7 4 25 17 21 23 48 28 38 19 

Inst_Index:2308 	 City_Num:50 	 Concorde:5.654777 	 MCTS:5.654777 Improve:0.000000 	 Time:3.77 Seconds
Solution: 1 25 12 49 4 31 44 28 50 29 35 48 15 36 38 13 30 45 6 42 20 18 22 9 32 2 43 39 24 19 37 7 33 5 3 41 8 23 11 14 27 10 34 16 40 47 21 17 46 26 

Inst_Index:2309 	 City_Num:50 	 Concorde:5.940398 	 MCTS:5.940398 Improve:-0.000000 	 Time:3.75 Seconds
Solution: 1 26 31 27 42 46 49 37 8 9 47 22 15 48 40 16 39 29 12 50 11 19 20 13 34 35 7 25 38 3 5 10 41 24 23 36 32 6 4 14 30 21 33 17 44 2 28 43 18 45 

Inst_Index:2310 	 City_Num:50 	 Concorde:5.851112 	 MCTS:5.851112 Improve:0.000000 	 Time:3.77 Seconds
Solution: 1 3 37 10 18 19 47 29 21 26 39 35 30 41 9 2 28 20 31 7 45 17 36 22 5 42 43 4 32 34 11 15 48 33 23 14 46 38 50 44 40 8 12 16 13 25 27 24 6 49 

Inst_Index:2311 	 City_Num:50 	 Concorde:5.997672 	 MCTS:5.997019 Improve:0.000653 	 Time:3.76 Seconds
Solution: 1 37 49 10 28 26 8 14 19 21 39 22 15 42 2 47 25 23 43 32 7 36 38 44 31 33 4 20 30 27 11 12 9 34 18 17 6 50 24 41 29 16 48 35 13 40 45 5 3 46 

Inst_Index:2312 	 City_Num:50 	 Concorde:5.683206 	 MCTS:5.678715 Improve:0.004491 	 Time:3.75 Seconds
Solution: 1 2 8 42 34 19 45 14 47 39 24 43 7 31 50 29 4 28 41 26 23 15 13 21 22 30 44 48 6 17 37 9 46 40 38 27 36 16 5 12 35 49 10 33 25 3 11 20 18 32 

Inst_Index:2313 	 City_Num:50 	 Concorde:5.337643 	 MCTS:5.337643 Improve:0.000000 	 Time:3.76 Seconds
Solution: 1 38 50 5 3 46 21 31 40 33 2 36 19 37 18 25 4 12 48 20 6 45 8 22 41 43 10 35 26 17 14 16 27 28 23 7 15 49 44 9 42 11 32 34 29 13 30 47 24 39 

Inst_Index:2314 	 City_Num:50 	 Concorde:5.720325 	 MCTS:5.712338 Improve:0.007987 	 Time:3.76 Seconds
Solution: 1 37 19 43 21 29 13 24 33 23 12 10 17 4 46 34 50 27 42 15 32 45 30 38 22 8 6 41 25 16 18 11 2 26 47 49 35 7 36 31 40 44 20 39 48 5 9 3 14 28 

Inst_Index:2315 	 City_Num:50 	 Concorde:5.701374 	 MCTS:5.701374 Improve:0.000000 	 Time:3.77 Seconds
Solution: 1 9 26 24 18 19 46 49 16 32 6 35 41 12 10 38 30 33 27 39 3 22 45 48 2 44 36 5 7 21 40 34 29 4 11 8 47 37 43 28 20 42 23 13 31 50 15 17 14 25 

Inst_Index:2316 	 City_Num:50 	 Concorde:5.982396 	 MCTS:5.982396 Improve:0.000000 	 Time:3.76 Seconds
Solution: 1 32 48 18 15 46 37 10 25 45 24 27 42 3 28 13 35 23 29 9 40 8 2 22 38 11 19 12 16 17 30 43 20 49 26 31 5 41 34 33 14 7 50 21 4 39 36 44 6 47 

Inst_Index:2317 	 City_Num:50 	 Concorde:5.832161 	 MCTS:5.832161 Improve:-0.000000 	 Time:3.78 Seconds
Solution: 1 26 11 28 37 22 23 3 19 47 4 2 25 30 45 24 27 38 13 41 31 12 50 16 48 32 8 40 9 36 42 43 14 5 21 15 44 46 34 6 18 29 35 33 10 20 49 39 7 17 

Inst_Index:2318 	 City_Num:50 	 Concorde:5.251671 	 MCTS:5.249947 Improve:0.001725 	 Time:3.77 Seconds
Solution: 1 22 16 7 27 35 37 39 19 2 48 46 3 45 9 12 47 17 11 5 40 36 49 34 14 4 13 26 25 33 29 20 41 24 21 18 6 32 30 10 50 15 23 31 42 8 28 43 38 44 

Inst_Index:2319 	 City_Num:50 	 Concorde:5.764443 	 MCTS:5.764443 Improve:0.000000 	 Time:3.75 Seconds
Solution: 1 20 22 26 6 46 4 32 8 30 36 16 13 18 45 35 40 19 14 50 33 28 39 7 34 24 9 2 37 3 27 5 21 12 11 41 43 15 42 44 47 48 17 10 49 31 38 29 23 25 

Inst_Index:2320 	 City_Num:50 	 Concorde:5.219533 	 MCTS:5.219533 Improve:-0.000000 	 Time:3.77 Seconds
Solution: 1 5 9 40 26 47 13 33 28 6 16 29 35 37 11 31 18 27 20 3 42 7 41 2 8 21 38 24 43 48 17 10 45 23 39 30 49 25 19 4 12 34 14 22 36 44 50 32 15 46 

Inst_Index:2321 	 City_Num:50 	 Concorde:5.873249 	 MCTS:5.872411 Improve:0.000839 	 Time:3.77 Seconds
Solution: 1 23 5 26 46 44 9 24 14 6 41 22 3 48 10 31 32 19 38 50 17 7 47 30 42 27 2 29 33 36 49 28 11 34 35 39 12 37 15 20 4 21 40 43 18 16 8 45 13 25 

Inst_Index:2322 	 City_Num:50 	 Concorde:6.067918 	 MCTS:6.067918 Improve:-0.000000 	 Time:3.77 Seconds
Solution: 1 41 9 11 29 36 7 42 46 17 25 15 18 47 32 34 14 8 40 50 31 49 44 24 39 30 35 28 5 19 22 33 6 3 10 20 16 4 26 43 38 45 37 2 21 12 27 48 13 23 

Inst_Index:2323 	 City_Num:50 	 Concorde:5.957226 	 MCTS:5.957226 Improve:0.000000 	 Time:3.76 Seconds
Solution: 1 6 37 16 31 50 29 41 10 49 25 39 48 42 36 21 40 45 34 38 22 26 15 47 13 2 20 19 8 23 12 7 3 5 4 27 33 14 46 30 11 28 18 43 32 17 35 9 24 44 

Inst_Index:2324 	 City_Num:50 	 Concorde:5.845702 	 MCTS:5.830902 Improve:0.014800 	 Time:3.75 Seconds
Solution: 1 44 35 29 23 50 43 24 8 32 21 10 16 15 49 26 45 48 9 2 12 38 11 5 42 31 34 33 13 20 17 36 46 25 6 18 47 14 27 22 19 41 39 40 37 3 30 7 4 28 

Inst_Index:2325 	 City_Num:50 	 Concorde:5.792990 	 MCTS:5.792990 Improve:0.000000 	 Time:3.75 Seconds
Solution: 1 29 43 31 40 18 39 48 14 33 45 16 38 44 6 27 3 4 46 26 36 41 22 47 25 11 9 19 15 10 35 42 2 34 12 8 13 20 37 28 50 32 24 7 17 49 30 23 21 5 

Inst_Index:2326 	 City_Num:50 	 Concorde:5.993650 	 MCTS:5.993650 Improve:-0.000000 	 Time:3.75 Seconds
Solution: 1 13 36 8 31 32 37 42 34 7 16 21 6 24 35 27 28 17 50 4 19 26 41 33 12 43 23 9 15 39 14 5 45 25 49 30 38 3 22 20 40 29 48 47 44 2 46 11 10 18 

Inst_Index:2327 	 City_Num:50 	 Concorde:6.060419 	 MCTS:6.058128 Improve:0.002291 	 Time:3.76 Seconds
Solution: 1 22 26 31 47 12 36 3 32 15 33 28 23 45 14 30 35 41 27 6 20 19 29 38 11 37 34 50 48 17 39 8 13 9 5 25 46 10 2 18 44 42 16 7 43 49 40 4 21 24 

Inst_Index:2328 	 City_Num:50 	 Concorde:5.261276 	 MCTS:5.261276 Improve:-0.000000 	 Time:3.76 Seconds
Solution: 1 34 5 3 45 9 4 37 48 35 30 18 23 28 12 13 46 49 22 38 2 31 32 25 21 6 15 7 20 44 33 14 27 8 24 42 16 11 40 50 10 17 39 41 19 36 29 26 47 43 

Inst_Index:2329 	 City_Num:50 	 Concorde:5.816881 	 MCTS:5.816881 Improve:-0.000000 	 Time:3.77 Seconds
Solution: 1 40 26 21 43 4 9 7 6 32 25 34 11 20 24 19 17 45 16 10 42 44 15 14 23 2 12 27 8 48 22 3 39 50 38 35 36 41 37 31 47 5 18 46 28 30 49 29 13 33 

Inst_Index:2330 	 City_Num:50 	 Concorde:5.476364 	 MCTS:5.476364 Improve:-0.000000 	 Time:3.76 Seconds
Solution: 1 41 17 28 33 8 29 10 13 22 3 31 11 6 18 2 43 19 27 35 21 50 44 23 25 30 26 34 15 4 40 24 48 38 42 14 12 45 39 7 49 5 36 37 9 20 46 16 32 47 

Inst_Index:2331 	 City_Num:50 	 Concorde:5.488302 	 MCTS:5.488302 Improve:0.000000 	 Time:3.76 Seconds
Solution: 1 6 40 31 26 42 23 3 4 38 15 33 28 5 49 25 37 21 16 7 44 47 45 24 36 35 30 8 17 48 19 9 14 11 13 18 43 22 2 41 29 34 12 50 10 39 27 46 32 20 

Inst_Index:2332 	 City_Num:50 	 Concorde:5.502091 	 MCTS:5.500934 Improve:0.001158 	 Time:3.76 Seconds
Solution: 1 24 17 6 31 12 50 11 47 5 19 41 27 48 4 49 43 45 18 23 33 22 32 30 39 42 25 13 7 29 3 20 14 38 8 21 40 10 15 44 34 16 9 35 28 37 2 26 36 46 

Inst_Index:2333 	 City_Num:50 	 Concorde:5.904498 	 MCTS:5.901346 Improve:0.003151 	 Time:3.76 Seconds
Solution: 1 25 22 17 30 15 11 5 47 43 36 46 4 18 33 48 29 39 24 41 12 21 13 2 32 28 27 20 34 3 50 38 8 10 26 6 31 35 42 40 14 7 16 37 45 23 49 9 44 19 

Inst_Index:2334 	 City_Num:50 	 Concorde:5.443466 	 MCTS:5.439912 Improve:0.003554 	 Time:3.77 Seconds
Solution: 1 41 11 14 48 16 10 37 4 36 32 7 5 29 43 2 30 3 42 25 46 12 23 34 50 38 35 40 27 19 6 17 22 15 20 21 18 33 31 44 47 28 13 26 45 8 39 9 49 24 

Inst_Index:2335 	 City_Num:50 	 Concorde:5.521925 	 MCTS:5.521925 Improve:0.000000 	 Time:3.77 Seconds
Solution: 1 15 50 12 47 10 34 30 42 9 19 21 3 41 8 49 28 24 18 43 2 27 25 38 26 32 29 39 22 13 17 23 14 44 36 16 35 40 46 5 4 11 7 45 37 6 31 33 48 20 

Inst_Index:2336 	 City_Num:50 	 Concorde:5.578378 	 MCTS:5.576179 Improve:0.002199 	 Time:3.78 Seconds
Solution: 1 39 47 32 33 19 6 17 27 41 44 42 5 18 30 29 37 40 8 43 16 20 13 4 36 34 24 21 15 3 25 46 49 9 23 11 7 50 10 26 28 48 45 38 12 35 14 31 2 22 

Inst_Index:2337 	 City_Num:50 	 Concorde:6.064229 	 MCTS:6.064229 Improve:0.000000 	 Time:3.76 Seconds
Solution: 1 15 24 35 6 34 41 38 23 49 12 21 40 9 20 14 48 18 13 42 30 43 27 37 46 31 16 32 47 39 8 4 10 25 28 33 44 19 5 17 11 22 45 7 36 2 3 26 50 29 

Inst_Index:2338 	 City_Num:50 	 Concorde:6.092359 	 MCTS:6.082282 Improve:0.010077 	 Time:3.77 Seconds
Solution: 1 11 13 42 31 35 23 39 10 8 17 27 47 38 2 43 19 3 26 4 25 48 12 6 41 40 49 9 7 50 37 5 24 16 46 18 33 22 21 20 15 28 44 36 30 45 29 34 32 14 

Inst_Index:2339 	 City_Num:50 	 Concorde:5.703204 	 MCTS:5.698227 Improve:0.004977 	 Time:3.78 Seconds
Solution: 1 35 26 39 11 29 42 6 34 9 14 19 2 33 20 41 18 47 4 50 3 25 8 21 36 44 46 15 7 37 27 12 13 22 23 28 16 40 24 5 10 32 43 49 30 38 48 17 45 31 

Inst_Index:2340 	 City_Num:50 	 Concorde:5.845727 	 MCTS:5.845727 Improve:0.000000 	 Time:3.76 Seconds
Solution: 1 23 29 17 38 33 6 32 49 5 50 35 31 45 40 4 22 3 43 18 34 7 39 9 46 24 12 42 48 16 11 2 21 15 30 25 44 13 19 36 28 27 20 26 8 14 41 37 10 47 

Inst_Index:2341 	 City_Num:50 	 Concorde:5.560462 	 MCTS:5.560462 Improve:-0.000000 	 Time:3.76 Seconds
Solution: 1 33 10 21 41 24 44 46 26 23 11 29 42 37 9 35 27 13 50 38 32 17 20 31 19 18 7 4 40 45 28 5 14 34 25 43 22 6 16 15 2 49 48 8 30 36 3 39 12 47 

Inst_Index:2342 	 City_Num:50 	 Concorde:5.947752 	 MCTS:5.947284 Improve:0.000468 	 Time:3.76 Seconds
Solution: 1 30 26 4 39 3 12 28 17 50 29 5 46 14 47 44 16 2 8 13 15 19 9 20 45 31 23 33 22 7 48 18 32 35 37 6 27 41 25 11 34 21 10 24 43 36 49 42 38 40 

Inst_Index:2343 	 City_Num:50 	 Concorde:5.365146 	 MCTS:5.365146 Improve:0.000000 	 Time:3.76 Seconds
Solution: 1 13 5 34 48 31 28 35 27 49 11 12 40 22 44 32 18 4 10 6 16 38 29 15 19 9 33 46 42 23 30 2 20 7 25 21 3 43 50 39 45 37 36 14 47 26 8 41 17 24 

Inst_Index:2344 	 City_Num:50 	 Concorde:5.881761 	 MCTS:5.881761 Improve:0.000000 	 Time:3.76 Seconds
Solution: 1 31 19 45 20 32 28 35 38 11 49 16 17 43 15 34 26 39 5 47 6 44 4 21 24 8 33 46 23 42 41 22 40 29 12 50 10 48 30 14 18 36 2 3 27 25 13 9 7 37 

Inst_Index:2345 	 City_Num:50 	 Concorde:6.351039 	 MCTS:6.348736 Improve:0.002303 	 Time:3.78 Seconds
Solution: 1 42 31 7 29 18 43 3 32 40 6 46 22 8 2 17 45 48 12 35 38 21 15 30 26 13 10 19 9 16 23 27 25 24 39 34 50 14 11 49 33 20 41 4 28 37 36 47 5 44 

Inst_Index:2346 	 City_Num:50 	 Concorde:5.760226 	 MCTS:5.750886 Improve:0.009339 	 Time:3.76 Seconds
Solution: 1 41 2 28 35 45 36 21 26 12 8 31 48 24 20 19 4 9 40 44 3 22 32 43 7 42 50 39 5 18 34 29 33 6 46 17 10 49 25 23 37 30 11 38 27 47 16 14 13 15 

Inst_Index:2347 	 City_Num:50 	 Concorde:5.511177 	 MCTS:5.511177 Improve:-0.000000 	 Time:3.75 Seconds
Solution: 1 13 48 26 40 9 30 22 27 33 42 44 18 3 10 35 50 21 41 8 20 12 23 38 16 34 37 4 11 14 47 29 49 31 17 6 15 45 24 19 43 2 46 7 5 39 28 36 32 25 

Inst_Index:2348 	 City_Num:50 	 Concorde:6.081442 	 MCTS:6.081442 Improve:-0.000000 	 Time:3.78 Seconds
Solution: 1 18 45 21 38 31 49 4 33 9 35 22 37 17 20 6 30 2 28 7 5 8 24 14 36 25 23 12 48 19 44 32 39 3 41 27 40 11 13 29 16 26 10 46 50 43 47 34 15 42 

Inst_Index:2349 	 City_Num:50 	 Concorde:5.984032 	 MCTS:5.983316 Improve:0.000716 	 Time:3.76 Seconds
Solution: 1 20 25 10 45 4 32 7 22 2 49 41 13 23 17 21 8 47 34 11 30 33 31 39 5 18 36 29 3 50 44 14 46 26 35 37 48 6 27 15 9 24 43 42 28 12 40 38 19 16 

Inst_Index:2350 	 City_Num:50 	 Concorde:5.364366 	 MCTS:5.360444 Improve:0.003922 	 Time:3.76 Seconds
Solution: 1 26 43 28 10 38 18 22 44 48 21 29 47 39 4 7 35 30 41 40 6 33 23 8 45 19 2 27 14 37 50 3 15 34 17 42 24 11 12 5 13 36 32 25 31 16 20 49 9 46 

Inst_Index:2351 	 City_Num:50 	 Concorde:5.637181 	 MCTS:5.630567 Improve:0.006614 	 Time:3.76 Seconds
Solution: 1 19 28 10 17 44 35 4 50 36 13 43 45 42 9 37 39 15 23 40 24 27 38 22 30 46 14 32 47 3 31 11 6 34 7 41 5 29 25 2 21 49 26 16 33 48 8 12 18 20 

Inst_Index:2352 	 City_Num:50 	 Concorde:6.225138 	 MCTS:6.225138 Improve:0.000000 	 Time:3.75 Seconds
Solution: 1 22 25 2 17 41 37 44 26 49 4 28 9 8 43 47 21 16 33 42 24 11 35 15 40 19 31 34 45 29 7 32 23 50 10 48 20 46 5 18 38 12 6 36 27 14 39 13 3 30 

Inst_Index:2353 	 City_Num:50 	 Concorde:6.259955 	 MCTS:6.259955 Improve:-0.000000 	 Time:3.75 Seconds
Solution: 1 21 43 45 12 24 17 23 3 25 30 2 42 6 38 48 34 8 19 5 40 16 11 27 4 44 18 50 7 47 35 29 28 33 39 14 41 26 15 22 32 10 13 31 37 46 9 20 36 49 

Inst_Index:2354 	 City_Num:50 	 Concorde:5.343794 	 MCTS:5.343794 Improve:0.000000 	 Time:3.76 Seconds
Solution: 1 41 12 44 15 7 36 21 19 28 33 34 24 17 20 10 23 9 48 2 11 32 30 25 49 50 39 18 45 16 38 14 37 5 43 6 31 42 29 46 47 35 40 22 13 26 27 3 4 8 

Inst_Index:2355 	 City_Num:50 	 Concorde:5.707220 	 MCTS:5.707220 Improve:-0.000000 	 Time:3.76 Seconds
Solution: 1 17 44 30 33 16 6 12 37 10 32 14 47 50 46 34 35 45 5 25 24 8 41 22 36 15 48 21 9 7 29 43 4 28 27 42 2 38 18 20 23 19 39 3 49 11 40 26 13 31 

Inst_Index:2356 	 City_Num:50 	 Concorde:5.807644 	 MCTS:5.795348 Improve:0.012296 	 Time:3.75 Seconds
Solution: 1 37 47 2 19 34 46 13 33 12 26 17 8 11 9 14 24 39 40 44 35 29 49 25 48 30 10 45 15 50 41 20 22 18 28 6 36 42 23 5 27 3 21 31 4 16 32 38 7 43 

Inst_Index:2357 	 City_Num:50 	 Concorde:6.005835 	 MCTS:6.005835 Improve:0.000000 	 Time:3.75 Seconds
Solution: 1 42 43 37 48 8 29 18 17 41 3 39 46 21 50 23 40 12 44 15 13 24 14 11 34 7 32 38 6 22 45 30 27 25 31 47 9 5 16 2 28 36 10 20 35 33 4 26 19 49 

Inst_Index:2358 	 City_Num:50 	 Concorde:5.862208 	 MCTS:5.860364 Improve:0.001845 	 Time:3.76 Seconds
Solution: 1 31 40 42 47 13 15 37 23 7 25 14 43 16 19 5 24 21 18 44 4 48 41 17 10 39 12 2 36 45 9 35 11 46 50 22 26 3 34 8 38 20 27 28 30 6 29 49 32 33 

Inst_Index:2359 	 City_Num:50 	 Concorde:5.252107 	 MCTS:5.252107 Improve:0.000000 	 Time:3.76 Seconds
Solution: 1 3 21 24 36 8 4 10 42 17 26 34 49 29 39 6 9 25 28 18 48 46 11 19 45 41 12 5 43 27 16 13 31 7 44 38 20 2 40 14 33 32 37 15 22 47 30 50 23 35 

Inst_Index:2360 	 City_Num:50 	 Concorde:5.808349 	 MCTS:5.808349 Improve:-0.000000 	 Time:3.76 Seconds
Solution: 1 32 7 39 23 49 2 18 6 4 12 34 19 36 21 40 31 46 27 48 41 30 29 28 25 11 45 50 5 15 3 8 24 37 33 17 13 43 10 20 9 38 16 35 44 42 22 26 47 14 

Inst_Index:2361 	 City_Num:50 	 Concorde:5.566982 	 MCTS:5.566982 Improve:0.000000 	 Time:3.76 Seconds
Solution: 1 13 44 22 37 19 3 50 18 26 24 40 29 27 17 14 38 45 32 9 42 4 5 6 35 25 31 33 15 23 21 41 10 30 46 28 20 12 7 8 48 39 2 47 43 16 49 36 11 34 

Inst_Index:2362 	 City_Num:50 	 Concorde:5.571406 	 MCTS:5.571406 Improve:-0.000000 	 Time:3.75 Seconds
Solution: 1 40 36 43 19 29 21 33 12 47 35 50 6 49 8 4 16 7 15 18 24 2 13 25 45 9 37 5 38 48 28 32 26 42 30 17 23 22 44 41 39 10 34 20 46 27 11 31 14 3 

Inst_Index:2363 	 City_Num:50 	 Concorde:5.805735 	 MCTS:5.803165 Improve:0.002570 	 Time:3.75 Seconds
Solution: 1 29 50 10 28 17 49 27 4 47 11 2 44 5 48 7 23 32 25 14 33 16 38 8 19 9 42 30 12 34 46 37 3 15 22 21 41 39 13 43 31 20 6 35 45 26 40 36 24 18 

Inst_Index:2364 	 City_Num:50 	 Concorde:5.300957 	 MCTS:5.300957 Improve:-0.000000 	 Time:3.76 Seconds
Solution: 1 38 44 49 4 28 7 31 9 11 39 30 10 5 14 6 8 17 45 21 32 50 27 46 22 43 34 36 26 13 24 48 35 16 40 25 3 12 47 18 15 42 33 29 19 37 23 20 2 41 

Inst_Index:2365 	 City_Num:50 	 Concorde:5.752052 	 MCTS:5.747101 Improve:0.004951 	 Time:3.76 Seconds
Solution: 1 43 47 48 29 49 44 13 6 37 22 35 41 8 12 28 32 5 50 18 16 7 38 27 19 46 30 21 11 2 15 23 36 45 4 10 33 17 20 3 34 31 42 9 14 24 39 40 25 26 

Inst_Index:2366 	 City_Num:50 	 Concorde:5.288486 	 MCTS:5.285688 Improve:0.002798 	 Time:3.75 Seconds
Solution: 1 2 14 39 31 48 20 47 18 28 10 7 32 15 50 42 21 13 26 3 44 23 24 12 11 35 41 9 45 33 4 46 17 37 27 8 49 16 34 38 36 5 6 40 30 25 22 19 43 29 

Inst_Index:2367 	 City_Num:50 	 Concorde:6.045372 	 MCTS:6.045372 Improve:0.000000 	 Time:3.76 Seconds
Solution: 1 2 39 31 25 9 33 38 15 34 48 23 50 24 26 43 32 41 21 28 14 44 22 11 5 35 10 3 46 20 13 47 18 4 12 30 27 37 42 45 7 29 16 49 40 17 36 6 19 8 

Inst_Index:2368 	 City_Num:50 	 Concorde:5.793778 	 MCTS:5.792394 Improve:0.001385 	 Time:3.75 Seconds
Solution: 1 6 5 22 42 47 15 48 31 44 7 18 32 38 45 4 30 10 34 14 37 16 3 23 39 13 40 28 49 36 12 27 26 21 43 8 24 29 9 20 46 33 19 2 41 17 35 11 25 50 

Inst_Index:2369 	 City_Num:50 	 Concorde:5.691138 	 MCTS:5.691077 Improve:0.000062 	 Time:3.76 Seconds
Solution: 1 24 17 2 28 31 16 5 37 14 23 11 32 22 47 3 19 40 13 46 8 44 33 20 38 25 50 27 43 36 21 48 42 15 35 41 26 34 7 9 4 45 10 49 18 39 30 12 6 29 

Inst_Index:2370 	 City_Num:50 	 Concorde:6.173360 	 MCTS:6.173360 Improve:0.000000 	 Time:3.76 Seconds
Solution: 1 50 27 22 28 47 2 12 45 26 7 33 41 5 38 9 40 43 49 29 25 6 44 18 8 21 19 39 36 42 3 46 35 17 30 48 31 32 16 20 10 23 37 14 11 34 15 24 4 13 

Inst_Index:2371 	 City_Num:50 	 Concorde:5.497345 	 MCTS:5.497345 Improve:-0.000000 	 Time:3.77 Seconds
Solution: 1 39 7 20 6 37 33 34 43 18 16 23 49 5 50 35 17 3 14 21 30 4 25 47 22 11 26 10 13 9 40 24 19 38 36 44 2 41 12 29 42 48 27 45 46 28 31 15 32 8 

Inst_Index:2372 	 City_Num:50 	 Concorde:6.079087 	 MCTS:6.079087 Improve:0.000000 	 Time:3.77 Seconds
Solution: 1 11 25 31 6 30 36 26 18 15 9 16 29 35 44 5 46 20 45 4 3 19 8 14 34 47 43 24 21 23 33 41 13 49 12 17 37 42 39 38 48 32 2 40 50 27 28 7 10 22 

Inst_Index:2373 	 City_Num:50 	 Concorde:6.241267 	 MCTS:6.241267 Improve:-0.000000 	 Time:3.75 Seconds
Solution: 1 20 40 26 19 13 47 21 46 39 25 36 48 23 2 16 22 49 45 50 5 37 4 43 28 11 8 6 38 17 3 29 34 14 12 42 31 10 33 24 32 41 44 9 18 15 7 30 27 35 

Inst_Index:2374 	 City_Num:50 	 Concorde:5.471844 	 MCTS:5.471844 Improve:-0.000000 	 Time:3.75 Seconds
Solution: 1 35 11 10 48 2 27 6 17 23 15 30 39 38 47 21 19 42 45 44 24 13 8 34 29 12 14 33 31 9 4 25 16 43 26 50 28 40 37 41 46 22 49 32 7 5 3 36 20 18 

Inst_Index:2375 	 City_Num:50 	 Concorde:5.785461 	 MCTS:5.785461 Improve:-0.000000 	 Time:3.76 Seconds
Solution: 1 20 3 33 38 4 32 12 40 47 8 23 16 14 41 9 50 39 18 17 48 44 31 43 28 26 22 45 30 35 19 36 7 24 34 29 27 42 13 15 2 21 37 49 6 10 46 25 5 11 

Inst_Index:2376 	 City_Num:50 	 Concorde:5.638093 	 MCTS:5.638093 Improve:-0.000000 	 Time:3.76 Seconds
Solution: 1 5 12 13 25 7 3 43 2 19 21 40 34 48 36 49 41 50 20 22 27 18 29 23 45 4 42 35 26 10 28 46 32 47 33 11 8 6 37 44 24 31 15 16 39 38 17 14 30 9 

Inst_Index:2377 	 City_Num:50 	 Concorde:5.906557 	 MCTS:5.901158 Improve:0.005399 	 Time:3.76 Seconds
Solution: 1 36 50 45 23 4 39 32 13 3 19 9 43 38 12 21 5 30 28 37 29 14 46 44 41 16 8 10 47 15 2 25 26 34 11 42 33 40 17 49 24 27 20 7 48 22 35 31 6 18 

Inst_Index:2378 	 City_Num:50 	 Concorde:5.353298 	 MCTS:5.350929 Improve:0.002369 	 Time:3.75 Seconds
Solution: 1 50 42 3 4 23 33 35 41 25 21 44 8 47 37 15 38 27 2 28 24 46 45 20 34 9 31 6 18 29 19 13 40 43 36 30 22 26 48 7 16 11 39 17 5 32 10 49 14 12 

Inst_Index:2379 	 City_Num:50 	 Concorde:5.181368 	 MCTS:5.181368 Improve:0.000000 	 Time:3.77 Seconds
Solution: 1 28 12 34 15 40 30 32 31 50 6 10 11 43 41 8 45 16 39 49 20 13 38 7 33 19 35 5 36 18 9 44 24 17 42 22 47 48 46 37 23 29 21 25 3 4 26 27 2 14 

Inst_Index:2380 	 City_Num:50 	 Concorde:5.835287 	 MCTS:5.835287 Improve:0.000000 	 Time:3.76 Seconds
Solution: 1 15 3 36 29 4 20 47 35 31 38 50 13 10 33 5 2 41 23 37 24 8 42 22 30 12 21 6 19 43 27 44 7 17 32 39 9 16 28 18 25 46 11 34 45 48 14 40 49 26 

Inst_Index:2381 	 City_Num:50 	 Concorde:5.833666 	 MCTS:5.830176 Improve:0.003490 	 Time:3.75 Seconds
Solution: 1 45 33 34 7 5 41 19 38 50 49 12 8 26 37 32 44 39 30 22 4 40 11 3 42 17 20 35 31 21 6 14 48 47 43 16 15 28 10 27 9 23 29 13 24 46 36 18 25 2 

Inst_Index:2382 	 City_Num:50 	 Concorde:5.788550 	 MCTS:5.788550 Improve:-0.000000 	 Time:3.77 Seconds
Solution: 1 12 20 5 35 8 31 48 2 50 21 4 43 26 40 17 37 22 49 15 34 16 7 30 10 42 25 14 11 24 47 36 13 3 9 41 32 46 45 44 18 38 29 39 33 19 23 27 6 28 

Inst_Index:2383 	 City_Num:50 	 Concorde:5.408664 	 MCTS:5.408664 Improve:0.000000 	 Time:3.75 Seconds
Solution: 1 36 4 3 12 26 45 2 47 7 14 19 34 25 20 23 49 11 32 33 17 13 29 6 24 27 30 9 39 35 16 43 28 50 41 38 37 46 42 5 18 8 15 21 10 48 40 44 31 22 

Inst_Index:2384 	 City_Num:50 	 Concorde:5.386700 	 MCTS:5.383263 Improve:0.003437 	 Time:3.75 Seconds
Solution: 1 16 10 38 30 19 2 27 12 48 25 3 44 23 24 29 50 40 33 28 17 41 20 18 26 11 22 5 31 15 6 49 37 14 7 39 47 43 21 13 34 46 35 36 45 9 4 8 32 42 

Inst_Index:2385 	 City_Num:50 	 Concorde:5.518469 	 MCTS:5.518469 Improve:-0.000000 	 Time:3.75 Seconds
Solution: 1 16 39 27 28 36 4 19 17 34 29 42 38 35 8 44 49 7 18 15 30 41 31 2 20 23 12 6 13 46 47 3 50 48 45 43 14 10 40 11 9 21 26 32 22 33 25 5 24 37 

Inst_Index:2386 	 City_Num:50 	 Concorde:5.703518 	 MCTS:5.703518 Improve:0.000000 	 Time:3.76 Seconds
Solution: 1 33 38 7 26 25 19 42 20 16 44 39 12 4 18 34 35 13 22 24 27 49 6 40 43 47 2 36 37 11 15 41 14 5 48 46 28 10 30 45 21 8 50 17 32 9 31 29 3 23 

Inst_Index:2387 	 City_Num:50 	 Concorde:5.646040 	 MCTS:5.644014 Improve:0.002026 	 Time:3.75 Seconds
Solution: 1 37 34 36 16 10 28 26 22 14 19 13 30 39 27 24 5 38 8 46 2 21 9 12 29 15 44 35 23 31 41 17 25 33 49 45 32 42 4 6 11 20 40 43 3 18 7 48 50 47 

Inst_Index:2388 	 City_Num:50 	 Concorde:5.672133 	 MCTS:5.672133 Improve:-0.000000 	 Time:3.76 Seconds
Solution: 1 42 36 4 10 18 30 40 12 35 16 31 22 48 28 47 43 23 34 8 49 20 2 29 32 26 19 9 44 39 7 6 13 27 37 17 45 21 14 50 3 38 11 24 41 15 46 25 5 33 

Inst_Index:2389 	 City_Num:50 	 Concorde:5.571851 	 MCTS:5.571851 Improve:-0.000000 	 Time:3.76 Seconds
Solution: 1 11 50 49 37 48 30 27 8 23 36 6 33 14 19 39 29 9 7 47 34 16 43 32 12 38 21 26 4 44 46 20 40 45 13 17 28 10 42 3 22 2 25 5 35 15 24 41 31 18 

Inst_Index:2390 	 City_Num:50 	 Concorde:5.839012 	 MCTS:5.839012 Improve:0.000000 	 Time:3.77 Seconds
Solution: 1 4 11 10 35 48 17 6 23 50 18 26 9 19 46 41 27 34 30 32 29 7 31 45 14 33 5 44 24 28 2 21 3 37 16 15 38 25 40 43 20 42 13 12 36 22 39 8 47 49 

Inst_Index:2391 	 City_Num:50 	 Concorde:5.704909 	 MCTS:5.704909 Improve:0.000000 	 Time:3.77 Seconds
Solution: 1 17 50 10 12 28 15 11 48 20 46 4 34 6 38 16 2 45 7 40 8 9 23 32 26 21 18 31 37 42 14 13 30 43 41 35 22 27 19 39 3 47 49 29 36 33 44 5 25 24 

Inst_Index:2392 	 City_Num:50 	 Concorde:5.753787 	 MCTS:5.753787 Improve:-0.000000 	 Time:3.77 Seconds
Solution: 1 25 34 2 29 10 6 26 13 28 11 22 19 49 23 5 47 27 18 38 35 9 44 36 7 21 31 8 37 33 32 46 43 12 3 48 24 20 17 39 45 14 15 4 16 40 41 42 50 30 

Inst_Index:2393 	 City_Num:50 	 Concorde:5.845767 	 MCTS:5.843378 Improve:0.002388 	 Time:3.77 Seconds
Solution: 1 21 13 5 33 46 50 17 22 4 6 20 16 42 9 11 2 26 47 18 29 15 32 23 37 25 36 27 10 34 24 40 19 30 48 43 3 14 49 28 12 8 7 45 31 38 41 44 39 35 

Inst_Index:2394 	 City_Num:50 	 Concorde:5.389487 	 MCTS:5.389487 Improve:0.000000 	 Time:3.76 Seconds
Solution: 1 23 9 36 13 22 39 14 30 10 5 44 45 47 33 26 7 27 8 29 43 12 34 41 4 20 6 3 50 28 2 49 15 48 35 32 40 46 24 17 11 42 21 31 38 25 37 18 19 16 

Inst_Index:2395 	 City_Num:50 	 Concorde:5.822476 	 MCTS:5.819297 Improve:0.003179 	 Time:3.76 Seconds
Solution: 1 33 29 9 18 37 28 2 3 48 34 49 19 42 47 41 30 17 46 4 14 21 38 26 44 40 11 5 32 25 45 27 39 7 35 15 50 13 43 36 6 22 10 24 20 31 16 12 8 23 

Inst_Index:2396 	 City_Num:50 	 Concorde:5.405850 	 MCTS:5.404669 Improve:0.001182 	 Time:3.76 Seconds
Solution: 1 9 35 18 25 45 33 42 22 40 39 16 37 30 31 15 50 26 2 7 13 8 4 44 11 6 47 28 24 29 36 46 17 43 19 5 21 34 23 3 32 20 41 14 48 27 10 38 12 49 

Inst_Index:2397 	 City_Num:50 	 Concorde:5.634935 	 MCTS:5.634935 Improve:-0.000000 	 Time:3.78 Seconds
Solution: 1 19 21 13 26 50 4 43 6 11 25 20 7 36 35 8 46 3 22 27 33 44 23 30 41 42 48 2 28 40 18 17 9 14 16 47 34 15 45 38 29 31 10 39 37 32 5 12 49 24 

Inst_Index:2398 	 City_Num:50 	 Concorde:5.890680 	 MCTS:5.890680 Improve:-0.000000 	 Time:3.76 Seconds
Solution: 1 11 25 42 47 41 32 9 17 49 23 33 27 35 13 38 5 44 15 14 16 3 50 48 6 22 26 45 24 43 7 36 18 34 39 4 46 31 10 8 28 29 21 20 19 12 2 30 40 37 

Inst_Index:2399 	 City_Num:50 	 Concorde:5.892930 	 MCTS:5.892304 Improve:0.000626 	 Time:3.76 Seconds
Solution: 1 24 43 35 44 37 49 41 19 29 38 50 18 40 28 39 4 23 48 25 34 42 7 32 22 8 26 14 45 46 6 36 2 9 20 47 27 5 31 21 33 16 17 10 11 12 3 13 30 15 

Inst_Index:2400 	 City_Num:50 	 Concorde:6.022171 	 MCTS:6.016150 Improve:0.006021 	 Time:3.75 Seconds
Solution: 1 47 8 40 41 39 12 46 48 17 10 23 44 25 35 21 28 31 24 45 18 32 30 7 27 33 6 14 43 38 42 13 37 20 26 3 4 29 50 36 9 34 49 19 11 22 5 15 16 2 

Inst_Index:2401 	 City_Num:50 	 Concorde:5.413997 	 MCTS:5.413997 Improve:-0.000000 	 Time:3.75 Seconds
Solution: 1 6 13 33 16 47 38 32 7 50 43 8 40 41 36 24 12 46 44 9 37 42 35 27 39 31 2 26 19 23 5 4 48 11 25 45 18 3 30 17 29 22 21 14 49 28 34 10 20 15 

Inst_Index:2402 	 City_Num:50 	 Concorde:5.843421 	 MCTS:5.843421 Improve:0.000000 	 Time:3.77 Seconds
Solution: 1 16 26 49 31 7 6 5 48 43 3 38 37 45 39 44 29 40 9 32 13 46 17 23 50 11 10 25 8 28 42 22 33 19 27 20 41 30 14 24 2 4 21 47 36 12 34 15 18 35 

Inst_Index:2403 	 City_Num:50 	 Concorde:6.057632 	 MCTS:6.056302 Improve:0.001330 	 Time:3.75 Seconds
Solution: 1 16 46 45 47 15 32 17 40 22 14 44 8 49 23 11 30 38 7 5 21 19 35 13 6 37 25 41 20 2 9 18 42 4 43 26 28 50 31 33 27 36 12 29 10 34 3 39 24 48 

Inst_Index:2404 	 City_Num:50 	 Concorde:5.582775 	 MCTS:5.579055 Improve:0.003721 	 Time:3.76 Seconds
Solution: 1 43 44 10 41 14 29 18 46 42 39 35 30 45 26 25 3 16 22 38 19 31 11 48 7 20 12 21 24 4 36 6 17 5 37 8 32 27 34 9 28 13 2 47 15 40 49 50 23 33 

Inst_Index:2405 	 City_Num:50 	 Concorde:6.235854 	 MCTS:6.232904 Improve:0.002950 	 Time:3.76 Seconds
Solution: 1 5 26 34 24 49 46 40 17 23 43 28 12 37 44 19 13 30 15 42 27 47 16 29 10 14 45 35 20 2 50 25 11 31 39 33 32 6 8 41 18 7 48 38 21 4 36 9 22 3 

Inst_Index:2406 	 City_Num:50 	 Concorde:5.386658 	 MCTS:5.386658 Improve:-0.000000 	 Time:3.76 Seconds
Solution: 1 24 19 42 9 40 16 14 26 17 3 44 35 11 2 39 6 13 18 21 38 10 41 30 23 33 8 29 50 22 46 15 34 4 32 37 43 36 48 28 31 5 45 25 12 27 7 20 49 47 

Inst_Index:2407 	 City_Num:50 	 Concorde:6.014130 	 MCTS:6.014130 Improve:-0.000000 	 Time:3.76 Seconds
Solution: 1 8 48 3 19 14 5 29 23 26 36 2 40 12 42 17 31 47 6 39 16 28 33 32 35 49 20 10 50 27 46 21 22 43 13 44 30 9 7 45 15 38 18 11 37 24 34 41 25 4 

Inst_Index:2408 	 City_Num:50 	 Concorde:5.985209 	 MCTS:5.985209 Improve:-0.000000 	 Time:3.76 Seconds
Solution: 1 24 37 15 47 6 10 48 20 29 8 2 13 16 21 5 25 28 34 14 19 33 7 44 17 31 49 40 4 32 11 36 3 42 35 46 9 50 39 18 26 43 30 41 12 27 38 22 45 23 

Inst_Index:2409 	 City_Num:50 	 Concorde:5.848400 	 MCTS:5.848400 Improve:0.000000 	 Time:3.76 Seconds
Solution: 1 31 33 26 11 35 25 21 6 17 13 14 44 27 47 4 12 36 34 43 50 19 22 39 40 37 20 2 41 45 7 5 9 10 23 18 8 48 3 16 28 38 15 24 42 49 29 46 32 30 

Inst_Index:2410 	 City_Num:50 	 Concorde:5.789451 	 MCTS:5.789451 Improve:-0.000000 	 Time:3.76 Seconds
Solution: 1 19 44 40 43 18 8 7 26 5 11 17 35 33 27 46 32 15 2 28 42 47 22 49 20 30 21 38 36 10 41 6 39 4 12 14 50 24 3 25 29 48 37 16 9 34 13 45 31 23 

Inst_Index:2411 	 City_Num:50 	 Concorde:5.990249 	 MCTS:5.990249 Improve:-0.000000 	 Time:3.77 Seconds
Solution: 1 9 11 42 49 41 28 40 25 27 37 12 5 23 24 13 26 39 4 34 31 10 35 21 36 48 16 38 8 22 19 30 47 29 44 18 20 46 7 2 3 45 43 50 33 17 32 6 15 14 

Inst_Index:2412 	 City_Num:50 	 Concorde:5.707773 	 MCTS:5.707773 Improve:0.000000 	 Time:3.78 Seconds
Solution: 1 16 2 8 26 33 12 19 5 25 39 3 38 42 32 9 40 17 27 36 7 18 43 45 35 48 31 6 22 4 49 24 11 23 28 10 29 44 46 47 21 14 13 15 37 50 41 30 34 20 

Inst_Index:2413 	 City_Num:50 	 Concorde:6.066457 	 MCTS:6.063839 Improve:0.002618 	 Time:3.75 Seconds
Solution: 1 45 31 24 23 38 7 11 9 25 2 29 26 33 32 13 22 6 14 36 43 50 18 8 19 46 5 21 35 34 15 20 3 39 41 16 49 27 48 37 30 17 47 44 4 28 42 40 12 10 

Inst_Index:2414 	 City_Num:50 	 Concorde:5.145068 	 MCTS:5.140412 Improve:0.004656 	 Time:3.77 Seconds
Solution: 1 14 11 4 30 37 17 12 49 31 45 26 16 5 6 34 35 7 47 13 40 2 36 10 44 28 50 43 48 19 20 3 23 32 25 33 9 42 18 46 8 38 41 29 39 27 22 15 21 24 

Inst_Index:2415 	 City_Num:50 	 Concorde:5.855792 	 MCTS:5.854040 Improve:0.001751 	 Time:3.75 Seconds
Solution: 1 37 48 49 19 13 17 9 24 26 5 21 25 10 23 42 3 44 50 11 33 40 35 46 4 8 45 6 28 27 41 34 15 20 14 32 43 36 39 38 30 29 22 12 2 16 7 18 31 47 

Inst_Index:2416 	 City_Num:50 	 Concorde:5.812395 	 MCTS:5.812395 Improve:0.000000 	 Time:3.75 Seconds
Solution: 1 40 10 35 24 18 17 12 41 7 9 3 8 49 34 19 11 48 36 43 4 20 46 25 33 31 27 6 29 2 28 30 42 13 50 37 14 21 39 15 16 45 23 32 38 5 22 47 26 44 

Inst_Index:2417 	 City_Num:50 	 Concorde:5.213473 	 MCTS:5.213473 Improve:-0.000000 	 Time:3.76 Seconds
Solution: 1 12 9 24 43 38 13 44 40 6 19 28 7 35 17 14 27 30 22 34 46 45 16 10 31 33 26 29 2 21 49 37 50 42 36 11 47 41 5 18 48 25 23 15 20 32 3 8 4 39 

Inst_Index:2418 	 City_Num:50 	 Concorde:5.841573 	 MCTS:5.841573 Improve:0.000000 	 Time:3.75 Seconds
Solution: 1 42 5 12 44 10 49 23 2 41 15 3 27 26 9 4 45 35 18 16 22 32 17 37 38 39 50 24 13 21 34 46 8 33 14 30 6 48 7 11 36 40 25 29 20 43 19 47 28 31 

Inst_Index:2419 	 City_Num:50 	 Concorde:5.692825 	 MCTS:5.692825 Improve:0.000000 	 Time:3.76 Seconds
Solution: 1 39 30 7 3 48 28 26 20 11 46 9 33 16 44 6 12 18 40 42 17 4 31 23 22 50 45 35 14 2 24 34 29 5 32 36 13 19 25 21 10 41 43 8 37 27 47 38 49 15 

Inst_Index:2420 	 City_Num:50 	 Concorde:6.254797 	 MCTS:6.254679 Improve:0.000118 	 Time:3.76 Seconds
Solution: 1 27 3 44 8 16 18 35 43 45 36 28 9 2 37 24 25 17 41 6 49 19 26 34 42 47 29 14 15 13 11 33 10 38 21 48 32 4 50 22 23 39 12 30 46 40 31 5 20 7 

Inst_Index:2421 	 City_Num:50 	 Concorde:5.472611 	 MCTS:5.472611 Improve:-0.000000 	 Time:3.75 Seconds
Solution: 1 43 27 29 39 38 11 4 14 24 15 41 40 46 34 19 32 10 17 12 5 23 7 9 20 21 36 6 18 45 47 30 48 50 31 37 28 44 22 33 35 49 3 2 16 13 25 8 42 26 

Inst_Index:2422 	 City_Num:50 	 Concorde:6.249770 	 MCTS:6.248857 Improve:0.000913 	 Time:3.77 Seconds
Solution: 1 13 41 42 30 6 44 8 33 29 17 12 43 14 48 15 3 26 39 36 18 31 25 27 28 50 20 40 22 5 47 7 35 4 16 49 11 45 19 2 34 32 38 37 23 24 10 46 9 21 

Inst_Index:2423 	 City_Num:50 	 Concorde:5.675828 	 MCTS:5.675404 Improve:0.000425 	 Time:3.76 Seconds
Solution: 1 44 3 6 35 43 11 39 28 8 17 36 15 24 25 14 47 37 7 12 38 30 16 34 33 19 50 21 46 23 9 49 45 10 27 2 26 41 13 5 42 31 4 48 22 20 32 29 18 40 

Inst_Index:2424 	 City_Num:50 	 Concorde:5.743874 	 MCTS:5.743874 Improve:0.000000 	 Time:3.76 Seconds
Solution: 1 18 22 28 44 47 4 27 11 43 20 8 2 13 36 32 34 48 42 41 38 7 46 17 33 35 26 19 5 30 12 39 16 31 3 14 45 25 6 40 23 21 10 37 50 49 15 29 9 24 

Inst_Index:2425 	 City_Num:50 	 Concorde:5.953923 	 MCTS:5.953923 Improve:0.000000 	 Time:3.76 Seconds
Solution: 1 32 21 14 13 42 36 12 40 18 37 49 44 28 48 22 47 31 30 25 8 46 39 2 50 29 9 16 33 41 6 15 38 45 17 19 20 4 26 3 35 10 43 23 11 7 24 5 34 27 

Inst_Index:2426 	 City_Num:50 	 Concorde:5.141422 	 MCTS:5.141422 Improve:0.000000 	 Time:3.76 Seconds
Solution: 1 49 10 36 50 27 41 37 38 11 17 25 24 35 43 28 42 31 48 15 5 34 40 22 23 30 3 45 16 2 32 44 21 33 19 8 7 9 12 6 18 13 26 39 20 29 47 4 14 46 

Inst_Index:2427 	 City_Num:50 	 Concorde:5.508823 	 MCTS:5.501592 Improve:0.007231 	 Time:3.76 Seconds
Solution: 1 9 44 4 41 37 36 16 43 20 2 33 21 11 24 3 18 32 26 15 19 49 7 25 22 30 35 10 12 14 50 39 6 27 47 29 42 38 40 5 46 34 48 31 23 45 13 17 28 8 

Inst_Index:2428 	 City_Num:50 	 Concorde:5.696601 	 MCTS:5.696601 Improve:-0.000000 	 Time:3.76 Seconds
Solution: 1 16 14 23 20 38 46 24 41 25 10 35 34 42 39 19 40 31 37 36 22 43 33 45 30 11 6 21 32 28 17 44 9 2 7 3 4 47 26 15 5 13 18 50 8 49 29 48 27 12 

Inst_Index:2429 	 City_Num:50 	 Concorde:5.890559 	 MCTS:5.888174 Improve:0.002384 	 Time:3.75 Seconds
Solution: 1 3 7 42 29 49 35 6 32 34 26 10 9 25 13 21 46 45 39 40 23 4 41 11 20 27 2 16 8 19 17 22 15 38 12 30 36 37 47 50 44 28 33 14 43 5 31 48 18 24 

Inst_Index:2430 	 City_Num:50 	 Concorde:5.660075 	 MCTS:5.653754 Improve:0.006322 	 Time:3.77 Seconds
Solution: 1 20 29 12 26 39 13 11 24 42 21 6 7 49 4 41 3 48 25 8 14 47 16 33 44 40 43 15 27 22 34 38 37 17 30 45 28 10 50 35 9 23 46 19 31 18 2 5 32 36 

Inst_Index:2431 	 City_Num:50 	 Concorde:5.584774 	 MCTS:5.584590 Improve:0.000184 	 Time:3.76 Seconds
Solution: 1 31 37 24 34 4 36 49 32 39 3 7 41 43 29 22 9 19 12 28 50 45 42 46 35 20 47 48 26 5 40 30 10 2 6 16 11 18 25 38 17 15 13 33 21 44 14 23 27 8 

Inst_Index:2432 	 City_Num:50 	 Concorde:5.368869 	 MCTS:5.368315 Improve:0.000553 	 Time:3.76 Seconds
Solution: 1 11 31 12 46 38 44 4 14 29 28 45 25 16 5 21 23 10 15 17 27 24 39 19 26 47 48 13 2 43 18 35 42 33 50 22 8 36 6 9 32 20 49 41 40 3 30 34 7 37 

Inst_Index:2433 	 City_Num:50 	 Concorde:5.636116 	 MCTS:5.636116 Improve:0.000000 	 Time:3.76 Seconds
Solution: 1 41 37 32 35 42 11 50 27 38 18 39 45 43 15 13 14 3 26 5 8 30 36 44 17 28 23 24 4 34 16 20 47 31 29 49 22 9 2 7 48 33 6 46 19 21 25 12 40 10 

Inst_Index:2434 	 City_Num:50 	 Concorde:5.742775 	 MCTS:5.739189 Improve:0.003586 	 Time:3.76 Seconds
Solution: 1 31 10 20 9 2 23 14 3 49 44 13 37 50 29 35 30 38 40 19 18 48 21 41 24 27 47 45 4 32 42 25 33 15 5 39 26 12 16 8 46 28 34 6 11 43 17 36 7 22 

Inst_Index:2435 	 City_Num:50 	 Concorde:5.464214 	 MCTS:5.462810 Improve:0.001404 	 Time:3.77 Seconds
Solution: 1 7 5 23 16 13 17 48 32 11 29 30 10 31 20 33 25 43 15 9 24 42 35 46 40 50 47 22 37 28 3 38 4 8 49 12 26 18 44 6 14 19 27 36 21 41 39 34 45 2 

Inst_Index:2436 	 City_Num:50 	 Concorde:5.564831 	 MCTS:5.564831 Improve:-0.000000 	 Time:3.77 Seconds
Solution: 1 22 20 38 9 36 16 30 28 35 31 5 24 14 3 6 41 19 47 10 29 25 40 21 8 7 48 27 50 37 43 12 46 42 13 4 33 45 2 17 32 34 23 18 39 49 11 44 15 26 

Inst_Index:2437 	 City_Num:50 	 Concorde:5.639683 	 MCTS:5.639683 Improve:0.000000 	 Time:3.75 Seconds
Solution: 1 16 11 32 21 48 36 3 47 46 44 26 49 20 18 42 35 22 7 8 45 14 27 4 19 38 17 10 5 2 12 50 31 30 41 28 13 43 40 9 6 34 33 39 15 37 24 29 23 25 

Inst_Index:2438 	 City_Num:50 	 Concorde:6.064800 	 MCTS:6.064800 Improve:0.000000 	 Time:3.75 Seconds
Solution: 1 20 6 34 7 36 16 44 14 48 47 27 40 23 17 12 26 32 22 9 31 35 15 25 2 19 8 42 43 10 18 49 41 50 24 5 28 39 4 46 45 21 38 3 33 29 11 37 13 30 

Inst_Index:2439 	 City_Num:50 	 Concorde:5.245476 	 MCTS:5.245476 Improve:0.000000 	 Time:3.76 Seconds
Solution: 1 3 33 46 14 28 47 38 5 31 35 27 44 6 50 26 41 11 42 23 37 9 8 21 17 7 10 45 32 16 49 39 48 18 2 43 22 12 20 19 30 40 25 4 34 24 29 13 15 36 

Inst_Index:2440 	 City_Num:50 	 Concorde:6.078533 	 MCTS:6.077410 Improve:0.001123 	 Time:3.75 Seconds
Solution: 1 3 5 19 6 28 20 9 33 45 23 30 26 7 46 22 17 37 36 39 12 29 8 35 41 31 2 10 48 4 47 43 15 11 38 13 18 42 50 32 40 24 34 44 21 25 27 14 16 49 

Inst_Index:2441 	 City_Num:50 	 Concorde:5.430992 	 MCTS:5.418051 Improve:0.012942 	 Time:3.77 Seconds
Solution: 1 27 42 20 33 2 48 49 5 38 41 29 44 46 18 9 13 25 50 12 8 23 26 15 45 11 16 31 28 30 19 7 10 4 14 24 36 35 21 17 6 37 32 34 40 39 43 3 22 47 

Inst_Index:2442 	 City_Num:50 	 Concorde:5.509197 	 MCTS:5.507278 Improve:0.001919 	 Time:3.75 Seconds
Solution: 1 36 41 23 8 43 4 22 27 9 49 19 45 5 11 21 26 29 25 15 3 35 24 33 44 10 34 48 46 20 38 50 2 7 40 6 17 28 39 31 12 18 42 16 37 47 30 32 14 13 

Inst_Index:2443 	 City_Num:50 	 Concorde:5.667717 	 MCTS:5.667717 Improve:0.000000 	 Time:3.76 Seconds
Solution: 1 5 17 2 32 20 11 29 46 8 22 37 16 39 36 24 14 41 19 38 10 25 15 34 9 3 45 49 44 47 33 35 12 48 43 50 23 13 42 18 28 31 40 4 27 30 26 6 21 7 

Inst_Index:2444 	 City_Num:50 	 Concorde:5.646398 	 MCTS:5.646398 Improve:0.000000 	 Time:3.75 Seconds
Solution: 1 9 15 7 22 10 6 30 28 18 35 43 25 4 41 5 24 34 20 19 47 36 14 49 50 21 12 17 3 37 33 46 32 38 44 39 13 16 23 8 27 26 2 31 40 11 48 29 42 45 

Inst_Index:2445 	 City_Num:50 	 Concorde:5.859657 	 MCTS:5.854485 Improve:0.005173 	 Time:3.76 Seconds
Solution: 1 19 5 6 10 18 42 22 9 30 15 43 29 40 39 24 4 49 44 37 27 7 12 20 25 38 47 11 46 31 2 13 23 48 45 34 28 33 14 50 16 26 35 21 41 32 17 8 3 36 

Inst_Index:2446 	 City_Num:50 	 Concorde:6.007366 	 MCTS:6.004544 Improve:0.002822 	 Time:3.77 Seconds
Solution: 1 47 8 16 38 24 3 4 20 39 36 46 11 43 32 15 17 42 19 41 45 14 2 29 22 10 40 34 12 9 33 23 13 21 28 6 27 35 18 48 37 44 31 26 50 5 30 25 7 49 

Inst_Index:2447 	 City_Num:50 	 Concorde:5.877542 	 MCTS:5.875350 Improve:0.002192 	 Time:3.78 Seconds
Solution: 1 14 19 44 5 47 12 11 29 32 16 46 15 35 39 45 3 31 33 48 22 37 17 50 2 49 21 36 8 26 20 42 41 18 10 13 28 23 38 24 40 27 30 7 4 34 25 6 43 9 

Inst_Index:2448 	 City_Num:50 	 Concorde:5.962282 	 MCTS:5.962282 Improve:0.000000 	 Time:3.76 Seconds
Solution: 1 39 13 9 10 11 14 22 32 23 29 12 21 42 5 37 3 18 34 26 47 33 4 46 31 44 28 38 19 6 2 43 36 20 24 48 25 45 49 15 8 17 7 41 16 35 27 50 40 30 

Inst_Index:2449 	 City_Num:50 	 Concorde:6.058158 	 MCTS:6.058158 Improve:0.000000 	 Time:3.76 Seconds
Solution: 1 20 40 32 11 10 17 9 46 41 49 2 31 4 24 16 5 44 42 15 12 23 36 37 3 35 26 47 8 13 18 6 30 25 50 7 38 14 34 19 28 21 27 45 48 29 33 22 39 43 

Inst_Index:2450 	 City_Num:50 	 Concorde:5.474691 	 MCTS:5.471683 Improve:0.003008 	 Time:3.76 Seconds
Solution: 1 10 18 24 5 4 19 6 35 37 44 22 11 8 46 43 14 50 45 2 47 30 16 48 39 49 34 26 9 36 41 29 32 31 40 28 12 42 13 38 21 3 27 25 23 15 7 17 20 33 

Inst_Index:2451 	 City_Num:50 	 Concorde:5.711577 	 MCTS:5.711577 Improve:0.000000 	 Time:3.75 Seconds
Solution: 1 18 2 42 41 27 6 4 9 49 33 19 11 15 28 32 13 29 10 14 25 38 21 39 30 43 22 7 3 35 46 12 23 45 50 47 16 17 24 40 26 8 31 5 20 36 48 34 37 44 

Inst_Index:2452 	 City_Num:50 	 Concorde:5.787681 	 MCTS:5.783681 Improve:0.004001 	 Time:3.77 Seconds
Solution: 1 25 23 4 40 21 32 19 13 39 41 34 29 2 5 7 49 42 38 33 44 17 14 50 37 12 43 15 11 47 18 26 3 24 31 6 20 9 10 48 22 28 27 45 8 30 16 36 35 46 

Inst_Index:2453 	 City_Num:50 	 Concorde:5.644087 	 MCTS:5.644087 Improve:0.000000 	 Time:3.75 Seconds
Solution: 1 40 7 8 20 10 48 42 27 11 24 12 28 13 50 17 30 5 2 47 44 25 14 39 18 4 3 19 16 33 45 6 43 38 23 34 22 32 9 15 49 21 37 46 26 35 41 31 29 36 

Inst_Index:2454 	 City_Num:50 	 Concorde:6.040882 	 MCTS:6.040185 Improve:0.000697 	 Time:3.77 Seconds
Solution: 1 11 40 42 13 46 22 34 8 29 36 31 20 39 17 35 38 27 47 3 18 12 45 49 41 2 30 44 4 33 7 14 48 21 23 6 43 16 5 37 50 10 19 9 26 15 25 32 24 28 

Inst_Index:2455 	 City_Num:50 	 Concorde:5.394882 	 MCTS:5.389423 Improve:0.005459 	 Time:3.75 Seconds
Solution: 1 2 42 38 27 11 50 49 31 12 5 24 21 39 10 29 34 18 13 36 35 9 43 46 7 32 28 3 4 16 45 30 20 48 40 23 17 8 22 25 6 33 15 47 44 26 41 37 14 19 

Inst_Index:2456 	 City_Num:50 	 Concorde:5.343461 	 MCTS:5.336639 Improve:0.006823 	 Time:3.76 Seconds
Solution: 1 34 16 28 9 8 7 31 5 23 18 47 13 25 35 40 3 41 10 33 50 12 43 4 6 44 11 15 49 19 17 27 30 36 48 29 42 39 46 38 22 20 24 37 21 32 26 45 2 14 

Inst_Index:2457 	 City_Num:50 	 Concorde:5.699612 	 MCTS:5.699612 Improve:0.000000 	 Time:3.76 Seconds
Solution: 1 3 33 30 10 18 24 19 23 25 41 44 28 14 31 27 42 45 48 2 9 35 37 22 13 12 20 32 39 29 15 8 11 49 17 16 43 40 46 50 4 21 36 5 6 47 34 38 26 7 

Inst_Index:2458 	 City_Num:50 	 Concorde:5.424604 	 MCTS:5.422924 Improve:0.001680 	 Time:3.76 Seconds
Solution: 1 9 12 49 13 44 32 16 20 3 41 35 6 28 24 33 19 45 39 36 46 5 26 23 4 21 8 18 34 50 30 15 43 40 2 14 7 22 31 17 10 47 11 27 25 48 42 29 38 37 

Inst_Index:2459 	 City_Num:50 	 Concorde:5.664880 	 MCTS:5.664880 Improve:0.000000 	 Time:3.75 Seconds
Solution: 1 44 2 40 43 22 30 3 12 48 10 33 32 20 35 31 9 28 17 39 24 7 46 13 26 34 11 42 14 8 49 47 21 38 29 27 36 6 15 16 45 19 5 37 41 18 25 4 23 50 

Inst_Index:2460 	 City_Num:50 	 Concorde:5.689736 	 MCTS:5.689736 Improve:0.000000 	 Time:3.75 Seconds
Solution: 1 49 37 47 6 18 39 21 7 8 33 31 42 26 32 2 12 23 10 38 5 9 40 20 44 25 14 17 16 15 34 3 43 29 24 45 46 36 41 11 22 48 13 30 35 27 50 4 19 28 

Inst_Index:2461 	 City_Num:50 	 Concorde:5.945775 	 MCTS:5.940308 Improve:0.005467 	 Time:3.77 Seconds
Solution: 1 42 46 37 28 34 21 31 43 5 47 32 6 39 16 50 17 45 27 8 44 13 9 24 14 48 38 30 25 10 49 40 33 29 12 19 23 15 11 18 7 2 35 3 22 41 4 26 36 20 

Inst_Index:2462 	 City_Num:50 	 Concorde:6.029400 	 MCTS:6.029400 Improve:0.000000 	 Time:3.75 Seconds
Solution: 1 34 13 47 3 37 33 4 6 25 19 41 21 26 15 11 30 45 12 40 22 42 29 43 5 2 32 23 20 38 9 46 31 10 27 49 14 48 35 50 39 8 28 18 7 16 44 24 17 36 

Inst_Index:2463 	 City_Num:50 	 Concorde:5.565123 	 MCTS:5.561964 Improve:0.003159 	 Time:3.75 Seconds
Solution: 1 46 48 35 34 25 42 16 23 44 9 19 27 21 22 32 38 15 2 36 33 28 7 47 3 26 14 24 45 50 10 4 30 17 31 43 13 49 29 5 8 37 12 6 20 39 11 40 41 18 

Inst_Index:2464 	 City_Num:50 	 Concorde:5.651860 	 MCTS:5.651860 Improve:0.000000 	 Time:3.77 Seconds
Solution: 1 36 16 19 15 39 25 10 30 5 14 44 20 48 43 35 31 49 41 40 11 21 7 3 23 9 37 26 34 4 28 29 17 32 45 22 27 42 50 18 47 46 2 6 38 8 33 12 24 13 

Inst_Index:2465 	 City_Num:50 	 Concorde:5.623266 	 MCTS:5.623253 Improve:0.000013 	 Time:3.75 Seconds
Solution: 1 4 43 45 37 35 48 38 16 21 29 46 12 31 25 44 5 15 20 36 50 19 26 18 9 42 3 8 17 32 7 41 49 24 10 22 14 28 30 27 34 23 47 13 6 33 40 2 39 11 

Inst_Index:2466 	 City_Num:50 	 Concorde:5.649196 	 MCTS:5.649196 Improve:0.000000 	 Time:3.77 Seconds
Solution: 1 45 10 49 31 8 39 17 16 22 42 35 2 47 32 6 28 37 12 48 9 44 25 18 4 46 14 38 36 21 20 24 29 3 23 33 5 11 13 40 30 19 43 26 34 50 15 41 27 7 

Inst_Index:2467 	 City_Num:50 	 Concorde:5.852056 	 MCTS:5.852056 Improve:0.000000 	 Time:3.75 Seconds
Solution: 1 34 19 2 4 35 47 41 22 5 7 37 13 27 10 20 9 17 44 33 39 16 32 18 50 8 26 30 48 28 11 31 46 29 25 42 3 21 6 40 43 49 38 24 12 15 14 23 36 45 

Inst_Index:2468 	 City_Num:50 	 Concorde:5.488992 	 MCTS:5.488992 Improve:0.000000 	 Time:3.76 Seconds
Solution: 1 15 8 50 33 38 2 42 20 24 41 21 36 4 26 23 29 30 17 49 47 32 37 5 25 40 43 11 22 3 16 34 28 44 7 18 13 10 14 35 19 6 12 46 27 45 31 48 9 39 

Inst_Index:2469 	 City_Num:50 	 Concorde:6.102839 	 MCTS:6.102839 Improve:-0.000000 	 Time:3.76 Seconds
Solution: 1 25 4 18 46 20 9 8 38 16 22 31 50 41 42 34 21 24 13 30 11 6 49 14 43 48 29 19 28 36 26 35 32 2 12 27 7 40 5 3 39 37 23 10 45 33 47 17 44 15 

Inst_Index:2470 	 City_Num:50 	 Concorde:5.840312 	 MCTS:5.840312 Improve:0.000000 	 Time:3.75 Seconds
Solution: 1 4 36 33 13 18 22 43 38 16 37 12 26 23 21 2 46 32 30 9 29 6 11 35 17 15 42 31 19 34 14 44 5 48 25 28 50 10 41 20 47 3 8 24 49 7 39 45 40 27 

Inst_Index:2471 	 City_Num:50 	 Concorde:5.625133 	 MCTS:5.622846 Improve:0.002286 	 Time:3.77 Seconds
Solution: 1 47 21 5 24 8 30 39 2 3 9 18 27 41 42 31 16 36 44 40 23 33 20 49 29 7 45 37 4 11 46 50 10 25 17 43 13 6 35 12 38 48 32 34 26 14 28 22 19 15 

Inst_Index:2472 	 City_Num:50 	 Concorde:5.857435 	 MCTS:5.857435 Improve:0.000000 	 Time:3.76 Seconds
Solution: 1 10 15 13 24 19 21 50 16 29 6 44 31 3 9 11 20 35 5 30 41 48 25 46 47 17 2 26 39 43 36 27 40 34 18 14 28 38 22 33 42 37 32 7 8 4 12 49 45 23 

Inst_Index:2473 	 City_Num:50 	 Concorde:5.443369 	 MCTS:5.443369 Improve:0.000000 	 Time:3.76 Seconds
Solution: 1 13 3 8 22 49 42 26 47 35 33 29 39 31 9 21 43 20 12 27 4 18 17 23 44 37 5 45 30 36 10 2 41 19 50 24 25 32 7 38 40 6 48 11 16 34 15 46 28 14 

Inst_Index:2474 	 City_Num:50 	 Concorde:5.614337 	 MCTS:5.612876 Improve:0.001461 	 Time:3.75 Seconds
Solution: 1 46 35 25 5 49 41 48 37 27 19 36 9 44 14 4 45 34 3 6 38 2 26 40 20 23 50 24 47 29 16 17 33 21 10 12 7 32 13 15 43 8 39 42 30 18 22 11 28 31 

Inst_Index:2475 	 City_Num:50 	 Concorde:5.693685 	 MCTS:5.690016 Improve:0.003668 	 Time:3.76 Seconds
Solution: 1 16 35 4 2 24 36 37 50 30 8 26 25 6 28 18 49 17 48 41 3 22 15 42 13 31 19 20 33 23 14 34 9 40 45 44 12 32 47 5 38 27 11 7 10 39 46 21 43 29 

Inst_Index:2476 	 City_Num:50 	 Concorde:5.748284 	 MCTS:5.738549 Improve:0.009735 	 Time:3.78 Seconds
Solution: 1 32 27 40 34 25 19 23 41 43 2 17 36 14 10 37 38 39 5 30 24 21 15 42 3 6 12 33 47 18 20 48 4 22 46 35 16 11 50 8 13 44 26 45 49 28 29 31 7 9 

Inst_Index:2477 	 City_Num:50 	 Concorde:5.670422 	 MCTS:5.665617 Improve:0.004804 	 Time:3.76 Seconds
Solution: 1 37 38 42 43 32 13 30 2 39 49 29 21 28 26 22 17 10 50 35 8 4 45 5 34 7 3 41 48 11 9 20 27 18 15 14 16 23 47 46 6 33 44 31 24 25 36 40 12 19 

Inst_Index:2478 	 City_Num:50 	 Concorde:5.214553 	 MCTS:5.214553 Improve:-0.000000 	 Time:3.75 Seconds
Solution: 1 3 41 12 6 26 17 5 29 27 13 23 22 19 15 11 16 25 24 10 50 37 45 36 7 40 2 44 32 49 4 34 30 42 38 48 31 9 47 43 8 39 20 14 35 28 18 46 33 21 

Inst_Index:2479 	 City_Num:50 	 Concorde:5.782824 	 MCTS:5.778120 Improve:0.004704 	 Time:3.75 Seconds
Solution: 1 40 4 9 11 24 2 46 38 30 47 33 21 32 44 48 15 41 28 27 7 50 8 5 31 34 45 49 19 39 37 25 10 23 6 36 22 35 26 29 16 20 12 3 17 43 14 42 13 18 

Inst_Index:2480 	 City_Num:50 	 Concorde:5.328211 	 MCTS:5.328211 Improve:-0.000000 	 Time:3.76 Seconds
Solution: 1 41 43 27 11 28 31 3 32 19 39 44 25 15 49 29 24 48 4 13 9 16 21 35 40 37 42 5 22 18 33 8 47 17 46 38 30 7 36 6 50 10 45 34 20 14 2 26 12 23 

Inst_Index:2481 	 City_Num:50 	 Concorde:5.753869 	 MCTS:5.751360 Improve:0.002509 	 Time:3.76 Seconds
Solution: 1 40 7 8 10 42 38 19 34 32 33 20 3 22 16 49 36 6 39 11 45 5 13 35 12 17 31 29 50 23 25 18 41 47 48 4 9 46 14 26 28 2 15 27 30 21 43 37 24 44 

Inst_Index:2482 	 City_Num:50 	 Concorde:5.659360 	 MCTS:5.659360 Improve:-0.000000 	 Time:3.77 Seconds
Solution: 1 38 48 7 13 43 9 6 27 29 30 17 34 2 35 46 3 28 14 12 23 41 21 32 22 37 26 24 8 45 33 40 11 49 36 15 19 4 47 39 50 25 42 16 31 18 5 20 10 44 

Inst_Index:2483 	 City_Num:50 	 Concorde:5.962992 	 MCTS:5.962736 Improve:0.000256 	 Time:3.76 Seconds
Solution: 1 8 41 46 10 40 30 33 48 26 27 32 20 35 4 31 6 42 16 28 37 21 19 34 24 36 39 29 25 23 45 15 13 12 47 3 17 9 43 50 7 38 5 18 14 49 22 2 11 44 

Inst_Index:2484 	 City_Num:50 	 Concorde:5.381486 	 MCTS:5.381486 Improve:0.000000 	 Time:3.76 Seconds
Solution: 1 6 39 41 50 36 35 32 33 31 8 38 20 3 45 48 27 47 2 12 34 26 43 7 11 10 24 42 37 44 15 13 17 19 9 23 46 28 21 14 40 22 18 16 49 4 30 25 29 5 

Inst_Index:2485 	 City_Num:50 	 Concorde:5.346402 	 MCTS:5.346402 Improve:0.000000 	 Time:3.76 Seconds
Solution: 1 46 50 26 8 23 17 36 33 19 38 10 14 43 47 20 11 48 27 31 16 9 30 3 21 18 28 49 6 37 40 24 34 39 29 41 5 22 32 2 4 25 7 13 15 42 35 45 12 44 

Inst_Index:2486 	 City_Num:50 	 Concorde:5.850722 	 MCTS:5.850722 Improve:-0.000000 	 Time:3.76 Seconds
Solution: 1 7 8 15 37 36 11 34 14 23 2 32 46 25 19 22 41 26 4 5 33 29 3 40 24 16 50 44 47 31 35 20 30 21 18 39 13 12 42 48 28 17 43 10 27 45 38 9 49 6 

Inst_Index:2487 	 City_Num:50 	 Concorde:5.422179 	 MCTS:5.422179 Improve:0.000000 	 Time:3.78 Seconds
Solution: 1 9 23 39 37 29 7 49 14 30 34 5 42 11 16 24 43 44 27 4 40 21 28 45 12 38 26 15 6 8 31 13 33 32 20 48 10 36 35 19 46 50 3 18 22 2 47 41 17 25 

Inst_Index:2488 	 City_Num:50 	 Concorde:5.928927 	 MCTS:5.928117 Improve:0.000810 	 Time:3.76 Seconds
Solution: 1 46 22 48 16 6 11 18 17 29 47 39 3 28 12 21 37 15 27 42 20 19 38 31 44 10 33 7 4 2 35 40 26 25 24 36 45 13 41 43 30 14 32 34 50 5 8 23 9 49 

Inst_Index:2489 	 City_Num:50 	 Concorde:5.755608 	 MCTS:5.755608 Improve:-0.000000 	 Time:3.78 Seconds
Solution: 1 35 24 38 37 25 18 22 3 30 40 43 47 2 7 14 10 23 20 8 17 26 36 12 13 44 27 50 48 4 31 46 16 41 45 39 6 33 29 49 15 32 42 9 21 19 5 34 28 11 

Inst_Index:2490 	 City_Num:50 	 Concorde:5.376564 	 MCTS:5.376564 Improve:0.000000 	 Time:3.76 Seconds
Solution: 1 32 49 12 3 34 41 42 7 8 14 27 37 45 21 46 36 22 30 44 47 18 13 31 15 48 35 20 50 24 19 29 10 25 11 9 26 4 16 17 38 6 2 5 39 33 28 23 43 40 

Inst_Index:2491 	 City_Num:50 	 Concorde:6.161811 	 MCTS:6.161811 Improve:0.000000 	 Time:3.78 Seconds
Solution: 1 33 13 36 23 38 5 35 39 7 47 44 9 27 20 21 19 43 3 41 18 25 4 2 12 49 31 11 22 16 48 26 15 50 29 32 46 14 28 37 6 40 24 8 30 10 42 45 17 34 

Inst_Index:2492 	 City_Num:50 	 Concorde:5.965675 	 MCTS:5.961105 Improve:0.004570 	 Time:3.75 Seconds
Solution: 1 32 16 26 33 45 48 19 13 29 49 21 14 11 40 39 4 41 46 37 20 12 28 15 43 17 7 2 22 8 23 34 27 3 35 38 6 31 50 18 10 9 42 5 25 44 30 24 47 36 

Inst_Index:2493 	 City_Num:50 	 Concorde:5.353149 	 MCTS:5.353149 Improve:-0.000000 	 Time:3.76 Seconds
Solution: 1 17 23 32 9 14 34 10 38 39 24 29 5 4 15 49 48 25 16 33 45 37 3 27 43 46 8 42 36 40 22 18 6 41 20 26 7 35 50 11 21 31 47 30 28 19 2 13 12 44 

Inst_Index:2494 	 City_Num:50 	 Concorde:6.261343 	 MCTS:6.261343 Improve:-0.000000 	 Time:3.75 Seconds
Solution: 1 42 14 50 17 19 37 21 33 8 2 36 6 44 11 47 15 18 24 46 49 13 28 29 31 27 38 12 7 40 26 39 25 3 10 34 45 32 9 30 35 23 43 4 41 5 20 22 48 16 

Inst_Index:2495 	 City_Num:50 	 Concorde:6.210818 	 MCTS:6.208889 Improve:0.001929 	 Time:3.75 Seconds
Solution: 1 26 18 10 28 12 44 50 49 22 19 42 47 15 2 37 9 21 25 33 32 27 20 36 8 3 39 24 6 43 38 17 13 5 11 4 23 34 31 30 14 40 41 16 29 48 35 46 45 7 

Inst_Index:2496 	 City_Num:50 	 Concorde:5.423769 	 MCTS:5.423076 Improve:0.000693 	 Time:3.75 Seconds
Solution: 1 26 34 39 42 27 28 37 2 40 9 5 23 41 18 15 45 13 7 30 35 20 4 48 49 3 19 43 31 14 47 33 6 21 16 12 10 29 38 24 32 46 36 50 25 22 11 8 44 17 

Inst_Index:2497 	 City_Num:50 	 Concorde:5.916839 	 MCTS:5.916042 Improve:0.000798 	 Time:3.76 Seconds
Solution: 1 16 9 46 7 35 43 50 48 21 10 12 45 3 27 22 5 28 39 24 18 26 6 40 37 41 29 14 13 19 42 11 8 15 32 36 47 20 31 4 25 44 49 2 23 30 17 33 34 38 

Inst_Index:2498 	 City_Num:50 	 Concorde:5.567430 	 MCTS:5.567430 Improve:0.000000 	 Time:3.75 Seconds
Solution: 1 34 36 49 8 2 32 23 31 9 35 39 37 38 47 24 6 11 3 46 33 27 28 12 19 5 42 13 41 26 15 20 40 30 43 25 29 45 4 17 21 44 48 10 14 50 16 18 7 22 

Inst_Index:2499 	 City_Num:50 	 Concorde:5.498620 	 MCTS:5.493488 Improve:0.005132 	 Time:3.77 Seconds
Solution: 1 29 4 2 46 14 11 18 40 10 26 39 50 41 42 23 3 16 25 22 36 8 27 15 17 38 47 12 45 5 34 48 20 37 13 44 30 49 33 32 31 7 35 28 19 43 21 24 9 6 

Inst_Index:2500 	 City_Num:50 	 Concorde:5.611221 	 MCTS:5.608481 Improve:0.002740 	 Time:3.75 Seconds
Solution: 1 32 11 30 48 41 20 27 34 2 13 12 21 45 37 16 31 4 15 44 49 36 3 19 28 29 47 25 50 42 39 17 35 8 14 18 22 46 9 10 23 40 26 38 43 24 7 6 5 33 

Inst_Index:2501 	 City_Num:50 	 Concorde:5.709491 	 MCTS:5.709491 Improve:0.000000 	 Time:3.77 Seconds
Solution: 1 44 5 36 10 43 21 35 24 18 6 25 37 49 38 30 3 42 26 34 7 8 14 16 48 22 29 11 45 13 15 2 19 32 17 39 27 31 40 12 41 20 46 23 50 47 9 33 28 4 

Inst_Index:2502 	 City_Num:50 	 Concorde:5.934498 	 MCTS:5.934498 Improve:0.000000 	 Time:3.75 Seconds
Solution: 1 20 24 44 9 50 21 22 40 33 38 46 39 13 26 28 36 48 12 10 31 32 30 25 14 43 23 6 11 35 17 41 19 3 27 29 42 45 7 5 2 16 4 49 34 15 47 37 18 8 

Inst_Index:2503 	 City_Num:50 	 Concorde:5.656178 	 MCTS:5.655503 Improve:0.000674 	 Time:3.76 Seconds
Solution: 1 30 41 37 45 5 46 35 4 15 2 32 33 3 20 14 19 13 7 26 10 12 34 22 16 24 23 36 43 29 50 17 38 47 6 31 25 40 49 11 42 39 28 8 21 27 9 18 44 48 

Inst_Index:2504 	 City_Num:50 	 Concorde:5.799682 	 MCTS:5.798631 Improve:0.001051 	 Time:3.76 Seconds
Solution: 1 41 49 26 16 25 50 12 47 11 19 32 8 36 7 9 2 30 35 22 34 42 31 33 18 3 46 38 17 44 37 28 4 10 6 39 29 43 27 13 15 40 20 24 14 23 21 48 5 45 


Avg_Concorde_Distance: 5.721228 Avg_MCTS_Distance: 5.719934 Avg_Gap: -0.000227 Total_Time: 1178.08 Seconds 
 Beat_Best_Known_Times: 125 Match_Best_Known_Times: 188 Miss_Best_Known_Times: 0 
