Number_of_Instances_In_Current_Batch: 313

Inst_Index:1879 	 City_Num:50 	 Concorde:5.407805 	 MCTS:5.407805 Improve:-0.000000 	 Time:3.75 Seconds
Solution: 1 38 18 31 10 22 33 35 7 36 30 14 16 12 26 41 5 34 28 32 3 48 47 19 6 25 21 45 49 37 20 43 2 4 27 17 50 42 13 40 23 44 11 39 29 46 15 8 9 24 

Inst_Index:1880 	 City_Num:50 	 Concorde:5.765296 	 MCTS:5.764920 Improve:0.000376 	 Time:3.77 Seconds
Solution: 1 23 30 11 2 45 44 34 5 7 18 26 21 15 3 29 42 24 16 22 10 6 47 28 43 38 32 33 20 13 9 35 25 8 4 46 31 39 19 17 12 36 49 40 14 27 41 37 50 48 

Inst_Index:1881 	 City_Num:50 	 Concorde:5.355889 	 MCTS:5.355889 Improve:0.000000 	 Time:3.77 Seconds
Solution: 1 20 39 23 34 42 24 32 13 36 46 19 25 45 48 8 3 38 50 41 9 29 2 31 16 43 18 11 10 7 47 17 37 5 4 28 35 14 49 40 22 21 33 30 44 15 26 27 12 6 

Inst_Index:1882 	 City_Num:50 	 Concorde:5.416077 	 MCTS:5.416077 Improve:0.000000 	 Time:3.76 Seconds
Solution: 1 35 33 23 15 14 19 12 21 49 29 38 42 10 40 3 27 28 8 16 18 36 5 30 46 50 43 32 9 24 44 37 48 13 6 25 41 31 47 26 11 7 20 39 2 22 17 45 34 4 

Inst_Index:1883 	 City_Num:50 	 Concorde:5.318417 	 MCTS:5.318417 Improve:-0.000000 	 Time:3.76 Seconds
Solution: 1 18 28 9 49 36 2 11 27 10 16 47 6 14 38 44 33 25 17 34 8 22 12 31 21 41 20 48 46 37 39 4 40 42 43 5 32 26 3 29 19 45 15 30 13 35 24 23 7 50 

Inst_Index:1884 	 City_Num:50 	 Concorde:5.619936 	 MCTS:5.612284 Improve:0.007652 	 Time:3.76 Seconds
Solution: 1 3 7 50 45 44 30 11 8 40 43 24 23 32 49 28 5 14 16 36 15 22 26 4 2 37 34 21 9 20 41 10 31 35 46 29 47 18 33 19 17 39 12 13 6 25 42 27 48 38 

Inst_Index:1885 	 City_Num:50 	 Concorde:5.450541 	 MCTS:5.447766 Improve:0.002775 	 Time:3.76 Seconds
Solution: 1 20 11 29 23 13 26 30 7 28 10 31 33 40 19 25 41 48 46 9 8 6 15 17 22 14 4 18 35 27 39 45 37 42 2 36 38 24 16 34 50 32 49 21 43 5 12 44 3 47 

Inst_Index:1886 	 City_Num:50 	 Concorde:5.261326 	 MCTS:5.261326 Improve:-0.000000 	 Time:3.77 Seconds
Solution: 1 40 50 17 49 25 26 19 32 34 11 33 13 21 6 10 30 15 41 31 39 43 3 36 7 28 29 44 5 22 48 46 23 12 4 16 27 8 9 18 47 2 14 35 37 20 24 45 42 38 

Inst_Index:1887 	 City_Num:50 	 Concorde:5.509733 	 MCTS:5.509733 Improve:-0.000000 	 Time:3.76 Seconds
Solution: 1 15 44 7 48 5 12 32 19 23 49 18 4 9 50 43 35 46 10 24 31 28 3 8 39 16 14 20 34 38 27 13 22 17 36 30 26 47 42 37 21 45 29 2 33 41 25 11 6 40 

Inst_Index:1888 	 City_Num:50 	 Concorde:5.453610 	 MCTS:5.453610 Improve:0.000000 	 Time:3.77 Seconds
Solution: 1 2 26 46 6 38 23 20 34 15 9 36 7 47 28 41 13 3 39 14 43 8 45 17 21 25 37 24 42 27 33 5 16 50 49 29 31 10 18 40 4 32 30 19 35 11 22 12 44 48 

Inst_Index:1889 	 City_Num:50 	 Concorde:5.523558 	 MCTS:5.523558 Improve:-0.000000 	 Time:3.75 Seconds
Solution: 1 10 8 46 34 50 28 14 44 33 31 18 15 30 42 20 43 38 11 49 26 25 13 41 21 29 12 22 45 7 23 40 2 19 35 27 37 32 39 36 47 5 3 6 48 17 9 16 24 4 

Inst_Index:1890 	 City_Num:50 	 Concorde:5.951355 	 MCTS:5.951355 Improve:-0.000000 	 Time:3.77 Seconds
Solution: 1 46 43 25 28 29 40 47 13 45 34 16 48 15 12 50 38 44 5 31 20 19 39 21 10 11 41 49 17 42 24 27 37 22 2 3 6 32 8 35 26 18 36 14 9 33 23 4 30 7 

Inst_Index:1891 	 City_Num:50 	 Concorde:5.628980 	 MCTS:5.628479 Improve:0.000501 	 Time:3.77 Seconds
Solution: 1 41 14 39 2 16 15 22 46 13 44 20 10 36 27 30 28 18 35 5 40 23 43 3 32 37 24 21 17 45 42 31 11 50 4 49 7 26 29 48 34 8 38 9 6 19 33 47 12 25 

Inst_Index:1892 	 City_Num:50 	 Concorde:4.998564 	 MCTS:4.994567 Improve:0.003997 	 Time:3.76 Seconds
Solution: 1 9 32 21 19 15 6 20 50 14 44 22 25 42 45 12 11 37 23 2 3 18 28 8 40 5 46 26 30 35 10 13 34 4 43 36 24 27 48 17 16 47 49 39 38 41 33 29 31 7 

Inst_Index:1893 	 City_Num:50 	 Concorde:5.730672 	 MCTS:5.729709 Improve:0.000962 	 Time:3.76 Seconds
Solution: 1 20 33 4 21 36 45 29 14 2 38 12 10 49 7 40 6 5 18 17 37 22 13 16 48 42 26 47 9 32 25 34 46 24 50 44 15 28 3 31 41 19 27 39 35 11 8 23 43 30 

Inst_Index:1894 	 City_Num:50 	 Concorde:5.994063 	 MCTS:5.990069 Improve:0.003994 	 Time:3.76 Seconds
Solution: 1 38 8 13 30 39 44 31 47 10 12 14 23 36 43 45 19 24 49 26 18 20 29 37 35 21 34 42 5 2 41 15 32 25 17 3 4 40 33 9 48 22 6 11 27 50 46 16 28 7 

Inst_Index:1895 	 City_Num:50 	 Concorde:5.780554 	 MCTS:5.779026 Improve:0.001528 	 Time:3.77 Seconds
Solution: 1 26 17 38 2 19 42 27 34 43 18 36 23 44 14 13 32 46 35 37 7 10 15 24 11 31 8 9 30 40 41 22 3 29 39 12 21 33 16 20 5 45 47 50 49 48 25 6 4 28 

Inst_Index:1896 	 City_Num:50 	 Concorde:5.560141 	 MCTS:5.560141 Improve:0.000000 	 Time:3.76 Seconds
Solution: 1 47 41 9 16 35 27 10 49 3 19 37 28 12 11 5 14 50 33 4 24 7 25 34 43 20 36 8 22 45 44 26 15 21 13 17 48 30 46 23 29 6 32 18 31 2 38 39 42 40 

Inst_Index:1897 	 City_Num:50 	 Concorde:5.653388 	 MCTS:5.653150 Improve:0.000238 	 Time:3.77 Seconds
Solution: 1 32 50 25 10 40 41 47 43 28 6 3 34 46 39 13 23 24 33 15 37 31 16 38 12 17 48 42 35 18 4 8 30 22 5 19 29 45 11 36 27 20 14 26 21 7 2 44 49 9 

Inst_Index:1898 	 City_Num:50 	 Concorde:6.032471 	 MCTS:6.032471 Improve:0.000000 	 Time:3.75 Seconds
Solution: 1 40 14 36 50 25 29 28 30 37 16 41 46 18 19 47 45 22 11 8 13 21 3 26 42 34 9 24 4 33 49 7 10 38 44 32 39 48 5 17 15 27 2 12 31 23 6 20 35 43 

Inst_Index:1899 	 City_Num:50 	 Concorde:6.230963 	 MCTS:6.230963 Improve:0.000000 	 Time:3.76 Seconds
Solution: 1 37 25 9 14 33 13 29 22 31 46 38 35 49 21 2 30 6 20 48 34 24 45 16 7 47 40 4 12 15 26 18 43 44 27 39 23 11 50 10 41 36 19 3 17 42 5 32 8 28 

Inst_Index:1900 	 City_Num:50 	 Concorde:5.602860 	 MCTS:5.602860 Improve:-0.000000 	 Time:3.76 Seconds
Solution: 1 37 32 48 8 22 12 19 38 23 18 20 46 43 6 26 14 24 49 21 47 4 2 16 9 11 13 34 15 7 25 3 35 36 40 29 42 31 39 17 41 30 50 28 44 10 27 45 5 33 

Inst_Index:1901 	 City_Num:50 	 Concorde:5.921912 	 MCTS:5.921912 Improve:0.000000 	 Time:3.75 Seconds
Solution: 1 47 3 16 46 4 33 37 10 9 23 22 17 19 11 13 2 25 32 20 38 30 36 5 44 27 48 21 8 43 12 39 24 29 31 28 35 18 42 26 45 14 34 49 6 40 50 7 15 41 

Inst_Index:1902 	 City_Num:50 	 Concorde:5.567932 	 MCTS:5.567932 Improve:-0.000000 	 Time:3.76 Seconds
Solution: 1 28 29 3 21 12 39 17 45 24 33 43 40 11 5 44 30 8 46 34 2 7 18 22 42 48 50 49 47 6 20 15 26 41 9 38 32 4 31 13 16 35 36 19 14 23 10 25 37 27 

Inst_Index:1903 	 City_Num:50 	 Concorde:5.439327 	 MCTS:5.439327 Improve:0.000000 	 Time:3.75 Seconds
Solution: 1 2 24 39 25 16 12 11 14 26 15 36 9 32 4 37 40 8 49 10 18 41 22 45 38 43 28 30 13 33 47 50 27 20 7 3 19 44 35 21 5 29 23 34 6 46 17 42 48 31 

Inst_Index:1904 	 City_Num:50 	 Concorde:5.348359 	 MCTS:5.344509 Improve:0.003850 	 Time:3.75 Seconds
Solution: 1 39 50 37 24 8 38 40 19 17 47 33 5 25 21 45 49 27 6 3 12 28 29 10 23 34 41 46 2 16 4 9 20 11 22 13 30 15 44 31 18 26 42 14 7 36 48 32 35 43 

Inst_Index:1905 	 City_Num:50 	 Concorde:5.707409 	 MCTS:5.707409 Improve:0.000000 	 Time:3.76 Seconds
Solution: 1 2 49 32 20 38 25 15 22 4 42 12 24 31 33 28 16 36 40 5 48 13 3 17 9 6 39 21 10 14 26 30 27 23 46 37 43 44 41 18 35 29 7 47 11 50 45 19 34 8 

Inst_Index:1906 	 City_Num:50 	 Concorde:5.370386 	 MCTS:5.370386 Improve:-0.000000 	 Time:3.77 Seconds
Solution: 1 28 29 7 11 12 6 8 18 16 26 27 42 30 23 37 3 38 24 40 33 45 31 34 4 44 10 46 49 35 36 22 21 15 19 43 25 47 50 2 41 13 9 14 5 39 48 20 17 32 

Inst_Index:1907 	 City_Num:50 	 Concorde:5.513514 	 MCTS:5.513514 Improve:0.000000 	 Time:3.75 Seconds
Solution: 1 35 14 43 17 29 46 16 10 4 24 8 48 21 50 7 25 26 32 5 47 37 30 23 12 40 6 34 44 22 36 20 27 42 19 49 3 28 18 9 45 41 39 33 38 15 13 31 11 2 

Inst_Index:1908 	 City_Num:50 	 Concorde:6.147549 	 MCTS:6.145198 Improve:0.002351 	 Time:3.77 Seconds
Solution: 1 32 29 40 17 41 36 50 48 10 28 3 45 25 47 14 7 35 33 24 20 8 39 16 12 31 30 37 27 21 4 42 2 26 18 22 23 44 49 34 13 43 19 5 6 11 15 38 9 46 

Inst_Index:1909 	 City_Num:50 	 Concorde:6.002422 	 MCTS:6.001614 Improve:0.000809 	 Time:3.77 Seconds
Solution: 1 18 28 48 6 3 23 39 17 13 32 42 2 33 37 46 14 15 4 24 5 34 30 40 41 43 45 21 11 50 26 27 44 49 38 22 47 9 29 10 35 16 36 31 19 20 25 8 12 7 

Inst_Index:1910 	 City_Num:50 	 Concorde:5.745029 	 MCTS:5.741814 Improve:0.003216 	 Time:3.77 Seconds
Solution: 1 23 12 31 30 10 20 22 25 38 49 41 27 13 17 21 45 50 36 40 35 32 3 44 9 28 37 8 14 2 39 29 24 42 16 33 46 7 5 6 34 48 18 47 15 11 26 19 4 43 

Inst_Index:1911 	 City_Num:50 	 Concorde:5.516782 	 MCTS:5.516782 Improve:0.000000 	 Time:3.76 Seconds
Solution: 1 14 50 28 42 49 24 7 37 9 32 34 23 45 48 31 12 35 11 38 3 5 27 18 4 6 10 26 43 17 20 16 21 8 19 39 25 29 41 46 47 36 2 33 15 22 40 13 30 44 

Inst_Index:1912 	 City_Num:50 	 Concorde:5.716132 	 MCTS:5.711975 Improve:0.004157 	 Time:3.76 Seconds
Solution: 1 15 44 40 24 34 46 31 41 35 23 36 3 49 21 28 7 33 29 50 43 32 11 12 45 27 4 5 20 48 13 26 25 42 6 9 18 8 37 38 30 10 14 22 47 2 17 39 16 19 

Inst_Index:1913 	 City_Num:50 	 Concorde:5.912471 	 MCTS:5.908561 Improve:0.003910 	 Time:3.77 Seconds
Solution: 1 21 28 3 6 15 32 18 8 30 39 43 13 12 5 35 11 45 44 24 20 40 26 2 42 19 34 38 25 48 4 50 37 23 22 47 49 7 31 29 46 36 16 27 17 9 41 14 10 33 

Inst_Index:1914 	 City_Num:50 	 Concorde:5.674770 	 MCTS:5.674770 Improve:0.000000 	 Time:3.76 Seconds
Solution: 1 36 46 16 14 19 26 31 4 32 50 48 44 11 12 37 40 9 15 13 10 28 30 18 29 42 17 33 23 3 34 5 24 39 45 35 38 47 25 6 8 20 7 43 22 27 21 2 49 41 

Inst_Index:1915 	 City_Num:50 	 Concorde:5.857756 	 MCTS:5.857756 Improve:0.000000 	 Time:3.76 Seconds
Solution: 1 7 15 39 41 22 23 8 48 5 46 4 11 50 34 12 3 24 20 9 36 33 25 44 19 17 37 6 31 26 21 2 28 30 40 10 38 45 43 42 32 13 47 14 16 29 18 49 27 35 

Inst_Index:1916 	 City_Num:50 	 Concorde:5.550491 	 MCTS:5.550491 Improve:0.000000 	 Time:3.75 Seconds
Solution: 1 40 26 13 45 38 41 5 29 6 9 11 34 32 28 31 33 19 42 16 44 46 50 20 7 4 27 8 48 49 22 35 37 17 43 3 25 23 24 39 12 14 21 15 18 2 30 36 10 47 

Inst_Index:1917 	 City_Num:50 	 Concorde:5.999701 	 MCTS:5.999701 Improve:0.000000 	 Time:3.76 Seconds
Solution: 1 43 34 8 38 41 26 16 35 50 31 19 21 33 15 42 45 3 10 36 12 17 4 9 18 23 32 40 28 27 22 29 30 46 6 37 25 39 13 47 20 48 49 7 2 44 24 5 14 11 

Inst_Index:1918 	 City_Num:50 	 Concorde:5.512275 	 MCTS:5.511693 Improve:0.000583 	 Time:3.77 Seconds
Solution: 1 24 45 3 16 50 23 8 48 43 37 39 44 4 7 22 14 5 40 20 2 11 27 13 15 49 46 29 42 26 34 33 32 35 19 17 25 10 6 30 47 31 12 41 21 9 18 38 36 28 

Inst_Index:1919 	 City_Num:50 	 Concorde:5.726508 	 MCTS:5.726508 Improve:-0.000000 	 Time:3.76 Seconds
Solution: 1 37 17 21 18 36 38 13 47 16 44 39 30 5 4 7 9 6 12 31 24 26 20 15 10 22 50 14 27 23 34 33 41 35 46 19 45 3 29 42 2 43 32 8 28 48 25 40 11 49 

Inst_Index:1920 	 City_Num:50 	 Concorde:5.701987 	 MCTS:5.701355 Improve:0.000631 	 Time:3.75 Seconds
Solution: 1 9 22 32 13 30 39 11 50 25 27 4 8 37 19 44 5 38 16 49 14 20 24 2 40 34 18 29 12 41 48 23 3 26 10 31 17 28 46 47 45 43 36 21 6 15 33 35 7 42 

Inst_Index:1921 	 City_Num:50 	 Concorde:5.997715 	 MCTS:5.989674 Improve:0.008041 	 Time:3.76 Seconds
Solution: 1 32 23 18 2 7 10 27 22 50 38 28 35 41 11 20 31 19 30 49 25 15 12 34 13 14 6 43 21 48 33 3 46 16 42 47 24 37 36 4 39 9 29 26 45 5 17 8 40 44 

Inst_Index:1922 	 City_Num:50 	 Concorde:5.807462 	 MCTS:5.801143 Improve:0.006319 	 Time:3.76 Seconds
Solution: 1 34 46 18 7 48 28 11 10 49 43 26 9 17 20 8 35 47 24 41 16 27 31 19 15 44 21 23 12 45 13 37 3 36 32 22 33 40 2 39 50 42 38 30 6 5 29 25 4 14 

Inst_Index:1923 	 City_Num:50 	 Concorde:5.557236 	 MCTS:5.557236 Improve:-0.000000 	 Time:3.76 Seconds
Solution: 1 6 41 33 47 18 22 11 48 37 9 16 4 36 40 30 34 3 17 5 43 14 42 32 46 38 7 13 25 19 12 28 50 23 10 39 24 31 49 35 27 8 45 20 2 26 29 44 21 15 

Inst_Index:1924 	 City_Num:50 	 Concorde:5.736734 	 MCTS:5.736734 Improve:0.000000 	 Time:3.76 Seconds
Solution: 1 26 2 17 19 41 13 8 36 5 38 48 31 50 32 16 6 39 43 9 7 25 42 35 24 23 18 15 20 30 3 14 40 37 46 27 34 11 45 47 49 21 33 12 4 29 22 28 10 44 

Inst_Index:1925 	 City_Num:50 	 Concorde:5.317068 	 MCTS:5.317068 Improve:-0.000000 	 Time:3.76 Seconds
Solution: 1 18 6 45 31 28 33 15 39 14 9 37 20 13 5 12 17 21 16 26 44 50 8 3 32 46 2 42 49 47 27 7 41 23 30 19 22 40 34 25 24 29 43 10 11 38 36 4 35 48 

Inst_Index:1926 	 City_Num:50 	 Concorde:5.868307 	 MCTS:5.864639 Improve:0.003668 	 Time:3.75 Seconds
Solution: 1 14 6 22 28 26 49 12 47 42 4 40 27 50 37 31 45 10 13 9 2 17 8 43 34 36 11 3 30 41 5 16 19 15 33 38 21 24 48 20 44 25 46 39 32 23 18 29 35 7 

Inst_Index:1927 	 City_Num:50 	 Concorde:5.820325 	 MCTS:5.817957 Improve:0.002368 	 Time:3.77 Seconds
Solution: 1 38 47 42 50 3 16 31 27 35 17 20 34 8 39 49 29 46 7 21 30 25 9 28 23 44 13 4 40 33 6 2 37 11 41 10 48 43 22 15 5 45 18 24 36 26 32 12 19 14 

Inst_Index:1928 	 City_Num:50 	 Concorde:5.800073 	 MCTS:5.797909 Improve:0.002164 	 Time:3.77 Seconds
Solution: 1 36 29 3 4 22 28 41 18 2 14 12 34 48 23 49 9 47 44 43 25 45 8 5 10 46 21 31 33 16 11 20 27 7 38 30 19 40 6 42 50 13 37 32 24 15 39 26 35 17 

Inst_Index:1929 	 City_Num:50 	 Concorde:5.766800 	 MCTS:5.766800 Improve:0.000000 	 Time:3.77 Seconds
Solution: 1 36 30 15 41 20 39 7 26 49 2 6 5 16 12 23 9 22 42 44 45 3 11 8 37 40 46 47 10 50 48 31 27 28 18 38 14 33 34 24 13 43 21 29 35 4 19 25 17 32 

Inst_Index:1930 	 City_Num:50 	 Concorde:5.770903 	 MCTS:5.764201 Improve:0.006702 	 Time:3.76 Seconds
Solution: 1 35 20 10 6 30 11 23 12 38 17 15 45 42 24 34 39 31 28 37 3 8 50 25 22 32 18 43 7 21 48 19 16 5 33 14 46 40 49 9 13 41 29 44 4 26 27 2 36 47 

Inst_Index:1931 	 City_Num:50 	 Concorde:5.897059 	 MCTS:5.897059 Improve:0.000000 	 Time:3.76 Seconds
Solution: 1 22 32 20 34 45 47 18 10 39 5 31 30 48 49 17 41 43 36 7 13 35 26 28 9 23 37 12 24 27 3 50 4 14 6 46 25 15 42 16 29 21 38 8 19 44 2 33 40 11 

Inst_Index:1932 	 City_Num:50 	 Concorde:5.769247 	 MCTS:5.769247 Improve:-0.000000 	 Time:3.76 Seconds
Solution: 1 11 26 42 24 48 40 49 46 16 22 6 43 36 14 21 41 47 35 10 7 31 3 20 28 15 12 37 27 45 44 19 17 29 33 23 18 9 30 32 8 39 4 38 25 2 13 5 34 50 

Inst_Index:1933 	 City_Num:50 	 Concorde:5.816035 	 MCTS:5.816035 Improve:-0.000000 	 Time:3.76 Seconds
Solution: 1 6 7 5 22 42 23 32 39 8 41 47 46 15 33 36 37 24 31 43 3 25 19 40 27 38 17 28 50 49 30 44 10 18 9 14 13 12 21 29 4 48 26 16 2 35 45 34 20 11 

Inst_Index:1934 	 City_Num:50 	 Concorde:5.582089 	 MCTS:5.582005 Improve:0.000084 	 Time:3.76 Seconds
Solution: 1 48 5 38 44 49 3 28 31 43 7 11 39 46 40 25 30 16 33 9 4 34 10 50 21 12 20 47 42 14 36 32 6 22 17 37 18 15 29 2 19 27 41 35 8 23 26 13 45 24 

Inst_Index:1935 	 City_Num:50 	 Concorde:5.621225 	 MCTS:5.620624 Improve:0.000601 	 Time:3.76 Seconds
Solution: 1 6 47 19 32 11 37 21 13 17 35 28 44 2 14 38 12 48 40 34 10 24 33 8 46 41 22 5 7 16 9 30 39 27 29 26 36 15 4 45 18 23 42 43 31 49 3 25 50 20 

Inst_Index:1936 	 City_Num:50 	 Concorde:5.860727 	 MCTS:5.860727 Improve:-0.000000 	 Time:3.76 Seconds
Solution: 1 41 35 11 26 19 34 24 25 40 47 22 5 32 39 12 28 18 14 31 36 6 23 48 43 16 7 44 3 45 15 20 9 2 27 17 38 30 50 4 37 49 29 8 46 13 42 10 33 21 

Inst_Index:1937 	 City_Num:50 	 Concorde:5.809920 	 MCTS:5.809920 Improve:0.000000 	 Time:3.76 Seconds
Solution: 1 19 29 23 42 7 47 31 45 39 24 16 10 22 8 6 14 37 13 25 15 28 38 26 48 5 49 27 2 36 35 3 46 33 44 40 43 32 34 30 9 11 50 18 17 12 41 21 4 20 

Inst_Index:1938 	 City_Num:50 	 Concorde:5.880063 	 MCTS:5.872969 Improve:0.007094 	 Time:3.76 Seconds
Solution: 1 34 40 21 27 2 11 50 19 38 23 3 47 7 13 10 37 12 35 33 30 43 20 6 44 49 15 9 31 45 28 14 17 29 25 22 26 18 46 24 16 8 36 41 5 39 32 4 48 42 

Inst_Index:1939 	 City_Num:50 	 Concorde:5.820288 	 MCTS:5.820288 Improve:0.000000 	 Time:3.76 Seconds
Solution: 1 34 35 21 10 27 41 2 30 17 11 50 42 44 16 20 5 19 47 32 23 3 14 9 22 13 39 26 25 40 37 6 46 33 4 38 12 43 18 7 24 15 29 31 45 48 28 36 8 49 

Inst_Index:1940 	 City_Num:50 	 Concorde:5.974689 	 MCTS:5.974689 Improve:-0.000000 	 Time:3.75 Seconds
Solution: 1 26 43 35 11 6 50 31 39 14 20 18 36 24 29 21 25 5 2 8 28 9 30 27 4 16 32 41 15 48 37 34 12 22 40 17 3 49 23 38 46 33 7 44 13 42 19 45 10 47 

Inst_Index:1941 	 City_Num:50 	 Concorde:5.790680 	 MCTS:5.790680 Improve:0.000000 	 Time:3.76 Seconds
Solution: 1 38 27 34 5 23 40 20 28 19 7 8 2 12 46 30 47 16 18 43 21 32 36 13 48 9 25 37 4 50 42 33 44 6 22 31 35 10 3 49 17 14 11 26 24 39 15 45 41 29 

Inst_Index:1942 	 City_Num:50 	 Concorde:5.570199 	 MCTS:5.569814 Improve:0.000385 	 Time:3.76 Seconds
Solution: 1 50 4 16 5 34 22 31 17 21 19 41 49 8 9 14 42 12 28 25 2 27 30 18 43 29 40 11 48 15 32 26 33 20 6 44 13 23 7 3 24 39 35 38 47 46 10 37 45 36 

Inst_Index:1943 	 City_Num:50 	 Concorde:5.707497 	 MCTS:5.707390 Improve:0.000108 	 Time:3.76 Seconds
Solution: 1 2 23 9 28 41 49 16 7 11 20 38 27 22 34 5 33 29 19 25 17 13 18 30 44 47 21 45 8 26 50 6 10 15 40 3 39 35 42 32 46 31 24 48 43 36 12 14 4 37 

Inst_Index:1944 	 City_Num:50 	 Concorde:5.479768 	 MCTS:5.479768 Improve:-0.000000 	 Time:3.76 Seconds
Solution: 1 14 39 6 20 5 46 17 44 36 45 31 48 40 13 10 38 23 35 9 32 4 33 50 8 27 7 42 18 15 19 37 29 25 34 24 2 11 49 12 47 28 22 43 30 16 26 21 41 3 

Inst_Index:1945 	 City_Num:50 	 Concorde:5.148241 	 MCTS:5.148241 Improve:0.000000 	 Time:3.75 Seconds
Solution: 1 5 12 27 4 21 24 7 9 49 47 17 23 42 11 46 40 43 37 25 38 31 44 33 34 39 29 6 41 28 10 35 16 45 26 15 14 22 2 36 20 19 18 32 3 8 13 50 30 48 

Inst_Index:1946 	 City_Num:50 	 Concorde:5.854606 	 MCTS:5.852631 Improve:0.001974 	 Time:3.75 Seconds
Solution: 1 7 42 32 15 46 12 14 47 33 3 37 8 23 5 49 29 4 6 25 16 19 31 18 44 41 50 10 30 26 21 13 39 22 40 38 43 17 34 28 20 45 35 2 24 48 36 27 11 9 

Inst_Index:1947 	 City_Num:50 	 Concorde:5.739996 	 MCTS:5.739996 Improve:0.000000 	 Time:3.75 Seconds
Solution: 1 22 37 33 30 13 32 29 25 43 3 28 14 26 50 16 15 49 46 34 44 19 35 31 38 12 8 45 5 27 7 6 41 11 18 47 21 9 20 10 4 48 42 24 23 40 39 2 17 36 

Inst_Index:1948 	 City_Num:50 	 Concorde:5.754292 	 MCTS:5.754292 Improve:-0.000000 	 Time:3.75 Seconds
Solution: 1 3 22 34 41 35 15 40 10 23 46 45 47 24 28 36 8 37 16 43 26 25 31 33 5 2 20 32 42 39 50 12 30 18 21 4 27 19 48 44 29 9 17 14 11 7 13 6 49 38 

Inst_Index:1949 	 City_Num:50 	 Concorde:5.965075 	 MCTS:5.956985 Improve:0.008090 	 Time:3.76 Seconds
Solution: 1 33 4 46 3 24 8 38 7 27 31 21 9 11 29 15 22 49 14 43 23 30 12 20 37 25 5 16 39 26 44 32 40 2 6 17 28 13 48 47 19 36 42 41 50 34 10 18 35 45 

Inst_Index:1950 	 City_Num:50 	 Concorde:5.254698 	 MCTS:5.245193 Improve:0.009505 	 Time:3.77 Seconds
Solution: 1 10 35 46 13 32 24 14 5 18 6 33 50 2 42 17 31 45 20 36 37 12 25 30 40 28 19 7 3 26 47 43 16 38 39 15 22 34 27 23 41 49 4 29 8 44 9 11 48 21 

Inst_Index:1951 	 City_Num:50 	 Concorde:5.918523 	 MCTS:5.910539 Improve:0.007984 	 Time:3.76 Seconds
Solution: 1 9 8 3 13 50 28 15 47 43 10 24 29 14 22 7 4 38 46 36 35 6 31 21 30 18 5 48 45 17 20 11 44 32 33 26 25 12 49 39 23 27 34 19 40 16 37 41 2 42 

Inst_Index:1952 	 City_Num:50 	 Concorde:5.704463 	 MCTS:5.693472 Improve:0.010991 	 Time:3.77 Seconds
Solution: 1 4 15 50 7 29 12 35 45 30 26 39 22 48 2 25 10 13 19 33 44 43 11 41 23 49 42 36 16 38 32 28 18 31 17 6 3 34 37 47 9 20 40 24 46 8 5 27 21 14 

Inst_Index:1953 	 City_Num:50 	 Concorde:5.623808 	 MCTS:5.623808 Improve:0.000000 	 Time:3.76 Seconds
Solution: 1 30 42 34 27 7 43 45 40 25 2 38 31 17 12 39 13 21 16 26 28 3 32 20 41 36 11 50 18 19 49 46 15 48 47 33 37 5 14 23 44 9 35 24 4 6 29 22 10 8 

Inst_Index:1954 	 City_Num:50 	 Concorde:5.279219 	 MCTS:5.273617 Improve:0.005602 	 Time:3.76 Seconds
Solution: 1 16 33 50 2 46 18 37 44 27 22 32 35 23 9 15 24 38 5 10 13 12 34 43 48 7 30 31 6 25 3 21 39 19 36 14 40 45 29 26 47 8 49 42 4 28 17 41 11 20 

Inst_Index:1955 	 City_Num:50 	 Concorde:5.825755 	 MCTS:5.825755 Improve:-0.000000 	 Time:3.75 Seconds
Solution: 1 22 39 19 7 42 45 35 50 15 24 13 5 25 31 26 3 11 32 44 23 10 2 14 21 38 46 37 48 49 47 30 33 29 43 12 41 17 6 28 20 36 18 4 27 16 8 34 9 40 

Inst_Index:1956 	 City_Num:50 	 Concorde:5.765131 	 MCTS:5.765131 Improve:0.000000 	 Time:3.75 Seconds
Solution: 1 26 22 2 46 43 49 47 25 24 16 23 9 30 19 10 6 48 11 21 17 34 50 8 5 28 32 41 33 35 42 12 44 40 45 14 29 4 37 13 20 18 36 27 3 38 7 15 31 39 

Inst_Index:1957 	 City_Num:50 	 Concorde:5.798784 	 MCTS:5.798784 Improve:0.000000 	 Time:3.77 Seconds
Solution: 1 27 29 11 8 14 32 17 4 30 50 44 2 41 40 10 35 16 23 21 39 34 28 33 13 25 24 49 38 43 36 47 31 22 6 20 15 37 12 48 7 42 18 26 9 19 45 5 46 3 

Inst_Index:1958 	 City_Num:50 	 Concorde:5.897999 	 MCTS:5.897999 Improve:-0.000000 	 Time:3.78 Seconds
Solution: 1 18 10 39 35 20 13 42 2 44 34 26 27 46 30 38 19 23 25 37 41 21 33 49 11 4 7 5 48 17 12 40 32 14 28 3 47 22 8 24 45 29 36 9 50 6 31 15 16 43 

Inst_Index:1959 	 City_Num:50 	 Concorde:5.831499 	 MCTS:5.831499 Improve:-0.000000 	 Time:3.76 Seconds
Solution: 1 8 19 22 46 34 47 45 4 35 15 28 33 44 36 14 43 9 6 11 41 48 30 2 20 16 10 25 49 50 12 7 21 39 13 5 37 40 42 31 32 18 24 27 3 23 26 38 29 17 

Inst_Index:1960 	 City_Num:50 	 Concorde:5.823796 	 MCTS:5.823796 Improve:0.000000 	 Time:3.76 Seconds
Solution: 1 50 17 43 6 11 31 44 48 8 22 36 40 42 18 37 49 2 14 26 5 34 28 39 30 9 16 47 27 4 33 3 32 29 10 19 23 15 12 21 46 25 35 38 24 7 41 13 45 20 

Inst_Index:1961 	 City_Num:50 	 Concorde:5.709608 	 MCTS:5.709608 Improve:-0.000000 	 Time:3.76 Seconds
Solution: 1 43 11 50 48 32 13 44 41 30 22 10 12 21 45 14 16 33 15 5 24 8 23 6 46 27 39 18 7 47 40 3 34 4 17 29 2 38 20 36 26 42 19 9 28 37 25 49 31 35 

Inst_Index:1962 	 City_Num:50 	 Concorde:5.301636 	 MCTS:5.298457 Improve:0.003179 	 Time:3.76 Seconds
Solution: 1 36 50 32 31 34 28 24 10 37 47 33 42 18 49 21 41 39 48 45 16 8 22 3 43 2 29 40 44 27 6 30 13 35 5 23 7 38 17 46 9 12 4 15 25 19 26 14 11 20 

Inst_Index:1963 	 City_Num:50 	 Concorde:5.897657 	 MCTS:5.897657 Improve:-0.000000 	 Time:3.75 Seconds
Solution: 1 10 22 46 50 26 33 32 13 16 20 2 34 28 48 40 6 3 25 7 31 12 47 15 27 23 8 5 14 43 30 19 24 4 36 17 45 41 21 49 35 9 37 44 29 39 38 11 42 18 

Inst_Index:1964 	 City_Num:50 	 Concorde:5.666357 	 MCTS:5.666357 Improve:0.000000 	 Time:3.77 Seconds
Solution: 1 13 37 38 49 32 48 50 8 31 3 24 43 14 29 34 28 22 15 5 25 20 35 21 16 30 39 46 45 7 41 10 6 17 44 47 36 42 27 33 9 18 2 4 19 11 12 23 26 40 

Inst_Index:1965 	 City_Num:50 	 Concorde:5.881091 	 MCTS:5.877176 Improve:0.003915 	 Time:3.76 Seconds
Solution: 1 30 48 44 19 37 11 39 12 5 35 40 8 2 32 33 43 23 17 4 7 16 18 14 13 29 15 10 45 22 38 26 31 41 25 9 46 27 3 21 24 36 34 20 6 49 50 47 28 42 

Inst_Index:1966 	 City_Num:50 	 Concorde:5.628266 	 MCTS:5.623825 Improve:0.004440 	 Time:3.78 Seconds
Solution: 1 24 49 35 36 42 39 18 11 37 27 28 21 7 34 32 41 20 16 40 47 50 13 15 2 46 9 10 38 23 5 29 25 17 22 26 14 43 3 31 12 48 45 6 8 33 19 44 4 30 

Inst_Index:1967 	 City_Num:50 	 Concorde:5.725579 	 MCTS:5.725579 Improve:0.000000 	 Time:3.77 Seconds
Solution: 1 3 37 29 11 19 35 27 33 47 39 26 30 43 25 23 18 7 45 38 50 28 20 15 32 36 46 17 5 21 42 44 13 22 40 9 10 49 6 48 4 14 16 8 41 31 24 34 2 12 

Inst_Index:1968 	 City_Num:50 	 Concorde:5.889221 	 MCTS:5.889221 Improve:0.000000 	 Time:3.76 Seconds
Solution: 1 7 44 47 46 27 45 32 11 2 13 31 3 8 15 18 5 28 20 29 35 26 50 17 25 24 36 10 40 6 38 37 19 14 21 4 9 49 12 23 34 42 48 33 41 30 16 22 43 39 

Inst_Index:1969 	 City_Num:50 	 Concorde:5.419543 	 MCTS:5.419543 Improve:0.000000 	 Time:3.77 Seconds
Solution: 1 14 42 5 9 49 18 11 20 39 17 10 33 22 21 2 24 48 44 45 19 8 23 3 27 36 6 16 46 31 7 38 13 34 29 12 37 40 4 50 15 25 32 26 43 30 35 28 41 47 

Inst_Index:1970 	 City_Num:50 	 Concorde:5.457550 	 MCTS:5.456191 Improve:0.001358 	 Time:3.77 Seconds
Solution: 1 10 32 4 26 14 28 42 49 15 13 22 38 5 30 20 44 36 3 23 19 12 17 2 35 11 25 43 8 45 40 33 34 46 16 21 29 41 39 37 7 6 27 24 18 48 50 47 9 31 

Inst_Index:1971 	 City_Num:50 	 Concorde:5.414153 	 MCTS:5.412206 Improve:0.001948 	 Time:3.76 Seconds
Solution: 1 47 34 39 50 4 36 16 14 33 27 49 20 42 25 18 38 7 30 31 9 44 28 23 15 24 45 8 35 11 10 41 22 46 2 19 37 5 12 6 32 48 17 13 40 3 26 29 21 43 

Inst_Index:1972 	 City_Num:50 	 Concorde:5.934883 	 MCTS:5.934883 Improve:0.000000 	 Time:3.76 Seconds
Solution: 1 10 36 41 13 37 42 12 3 43 45 44 32 24 23 33 28 30 18 5 14 38 35 9 21 4 22 8 29 19 40 7 39 34 47 17 50 48 31 15 6 2 49 11 27 26 25 16 20 46 

Inst_Index:1973 	 City_Num:50 	 Concorde:5.807417 	 MCTS:5.807417 Improve:0.000000 	 Time:3.76 Seconds
Solution: 1 7 6 43 8 24 49 13 39 38 9 27 36 44 23 3 2 11 26 28 17 29 35 45 37 12 5 25 42 18 15 14 33 48 46 21 20 16 19 22 10 30 4 47 32 40 50 31 34 41 

Inst_Index:1974 	 City_Num:50 	 Concorde:6.239003 	 MCTS:6.239003 Improve:-0.000000 	 Time:3.75 Seconds
Solution: 1 11 16 30 44 35 47 49 34 42 9 7 37 10 21 22 32 33 27 24 14 39 19 28 6 26 3 2 41 18 36 23 15 43 38 50 20 13 17 31 48 4 25 40 12 8 46 29 45 5 

Inst_Index:1975 	 City_Num:50 	 Concorde:5.962486 	 MCTS:5.962486 Improve:0.000000 	 Time:3.75 Seconds
Solution: 1 14 26 42 18 2 10 29 35 4 12 43 37 27 25 34 32 20 13 48 33 45 16 44 38 7 41 9 19 22 24 36 40 47 11 6 21 8 3 28 50 31 39 49 17 5 30 15 23 46 

Inst_Index:1976 	 City_Num:50 	 Concorde:5.913477 	 MCTS:5.913477 Improve:0.000000 	 Time:3.75 Seconds
Solution: 1 29 37 21 45 46 27 49 2 18 39 24 14 13 31 33 42 19 48 28 32 7 5 50 15 41 8 23 30 44 4 12 11 10 40 3 43 26 34 36 38 25 20 9 47 22 17 6 35 16 

Inst_Index:1977 	 City_Num:50 	 Concorde:5.817146 	 MCTS:5.812918 Improve:0.004228 	 Time:3.77 Seconds
Solution: 1 41 14 40 36 19 9 44 6 16 47 25 46 12 48 42 18 3 22 31 49 11 17 34 28 29 15 37 30 33 45 7 23 8 13 4 35 20 24 50 10 38 27 5 43 2 32 39 21 26 

Inst_Index:1978 	 City_Num:50 	 Concorde:5.511359 	 MCTS:5.511359 Improve:0.000000 	 Time:3.75 Seconds
Solution: 1 34 42 16 30 17 49 40 29 10 39 44 23 3 35 5 33 28 18 11 31 20 25 19 47 45 37 43 48 50 46 27 7 22 12 4 24 8 38 21 26 6 9 13 41 32 2 36 14 15 

Inst_Index:1979 	 City_Num:50 	 Concorde:6.187470 	 MCTS:6.185347 Improve:0.002123 	 Time:3.76 Seconds
Solution: 1 18 40 28 5 34 41 48 15 45 8 24 37 43 16 30 6 9 39 12 38 17 25 13 14 20 23 47 29 22 35 50 49 33 19 21 42 3 4 2 11 7 32 44 26 10 36 31 46 27 

Inst_Index:1980 	 City_Num:50 	 Concorde:5.406401 	 MCTS:5.402508 Improve:0.003893 	 Time:3.76 Seconds
Solution: 1 46 9 24 25 36 13 48 44 15 3 16 30 35 38 29 43 34 28 23 45 27 40 22 19 12 8 7 37 41 4 47 50 10 33 31 26 11 2 32 42 18 14 20 6 5 39 49 21 17 

Inst_Index:1981 	 City_Num:50 	 Concorde:6.125401 	 MCTS:6.125401 Improve:0.000000 	 Time:3.76 Seconds
Solution: 1 16 38 18 45 32 46 8 30 47 6 21 37 29 23 22 12 50 10 33 14 3 20 31 28 40 11 44 17 42 15 43 2 41 24 19 13 26 36 5 48 9 27 35 39 49 7 25 34 4 

Inst_Index:1982 	 City_Num:50 	 Concorde:5.803054 	 MCTS:5.803054 Improve:0.000000 	 Time:3.75 Seconds
Solution: 1 45 12 29 34 19 16 35 47 50 38 48 30 28 18 33 23 40 8 10 27 39 37 24 11 26 36 25 32 14 46 13 17 9 43 22 2 41 5 42 3 31 4 7 44 20 21 49 6 15 

Inst_Index:1983 	 City_Num:50 	 Concorde:5.788274 	 MCTS:5.788274 Improve:0.000000 	 Time:3.76 Seconds
Solution: 1 21 32 35 12 4 28 40 48 44 43 8 23 3 18 38 11 19 33 10 14 29 26 39 41 31 16 9 25 42 30 37 15 36 45 47 46 24 22 49 34 2 20 6 7 27 17 5 13 50 

Inst_Index:1984 	 City_Num:50 	 Concorde:5.876950 	 MCTS:5.874026 Improve:0.002924 	 Time:3.76 Seconds
Solution: 1 43 19 7 46 5 6 11 41 3 28 13 16 35 12 32 49 37 33 34 36 10 26 29 30 27 22 9 47 44 39 45 50 21 40 23 15 24 48 8 20 17 25 2 31 18 38 14 42 4 

Inst_Index:1985 	 City_Num:50 	 Concorde:5.534439 	 MCTS:5.534439 Improve:0.000000 	 Time:3.78 Seconds
Solution: 1 31 43 13 5 21 34 9 14 11 36 37 28 20 38 47 45 27 16 4 22 46 24 26 35 50 25 17 3 30 19 33 23 18 42 8 15 39 7 44 41 49 6 2 48 10 32 29 12 40 

Inst_Index:1986 	 City_Num:50 	 Concorde:6.060028 	 MCTS:6.060028 Improve:0.000000 	 Time:3.75 Seconds
Solution: 1 33 9 20 8 48 26 14 13 15 36 39 29 27 34 47 46 10 24 25 16 30 41 23 49 40 7 2 6 19 45 37 35 3 38 17 42 5 50 11 22 18 12 31 43 4 32 28 21 44 

Inst_Index:1987 	 City_Num:50 	 Concorde:5.184731 	 MCTS:5.181054 Improve:0.003677 	 Time:3.76 Seconds
Solution: 1 46 26 30 22 49 20 13 8 10 6 47 2 50 37 29 16 42 31 4 32 40 33 28 15 5 44 48 38 7 39 24 14 27 25 17 41 3 35 11 9 45 18 23 43 12 19 34 36 21 

Inst_Index:1988 	 City_Num:50 	 Concorde:5.302061 	 MCTS:5.302061 Improve:-0.000000 	 Time:3.76 Seconds
Solution: 1 44 25 21 24 35 46 16 36 12 49 20 33 4 41 30 3 50 19 11 15 40 45 42 39 13 32 29 7 43 22 27 6 18 37 31 26 28 48 2 23 47 10 8 5 38 17 14 9 34 

Inst_Index:1989 	 City_Num:50 	 Concorde:5.974500 	 MCTS:5.974500 Improve:0.000000 	 Time:3.76 Seconds
Solution: 1 17 19 45 29 11 39 41 25 42 12 43 8 28 44 32 38 14 23 27 37 2 40 49 47 34 36 48 30 13 50 33 4 15 24 31 20 6 46 7 21 18 35 22 5 3 10 16 9 26 

Inst_Index:1990 	 City_Num:50 	 Concorde:5.657743 	 MCTS:5.657743 Improve:0.000000 	 Time:3.77 Seconds
Solution: 1 21 24 8 40 3 18 14 22 2 36 20 31 10 19 9 6 46 35 37 43 5 38 23 16 49 7 48 30 4 33 32 11 27 29 44 42 39 26 17 13 25 12 47 41 50 45 34 28 15 

Inst_Index:1991 	 City_Num:50 	 Concorde:5.522830 	 MCTS:5.522830 Improve:-0.000000 	 Time:3.76 Seconds
Solution: 1 32 28 23 5 48 7 35 39 13 27 16 29 22 37 50 21 24 20 2 31 12 9 45 41 11 6 3 38 33 36 14 47 8 10 49 43 34 26 44 40 17 4 25 46 15 19 30 42 18 

Inst_Index:1992 	 City_Num:50 	 Concorde:5.606994 	 MCTS:5.600513 Improve:0.006481 	 Time:3.76 Seconds
Solution: 1 3 17 32 26 41 38 50 27 39 43 36 2 24 13 25 31 34 46 48 5 28 21 6 44 23 37 40 18 49 20 9 35 30 15 12 10 11 33 45 8 47 19 14 7 42 29 4 22 16 

Inst_Index:1993 	 City_Num:50 	 Concorde:5.703414 	 MCTS:5.702681 Improve:0.000733 	 Time:3.76 Seconds
Solution: 1 36 10 21 19 38 45 41 3 23 11 17 5 12 47 18 34 50 29 9 14 20 40 49 43 22 33 31 28 15 39 44 25 6 30 16 46 13 4 48 27 7 37 26 35 42 32 24 2 8 

Inst_Index:1994 	 City_Num:50 	 Concorde:6.035038 	 MCTS:6.035038 Improve:0.000000 	 Time:3.76 Seconds
Solution: 1 38 13 6 44 36 7 4 34 42 47 41 49 25 26 14 3 28 43 30 10 15 19 39 17 32 22 31 5 21 16 18 9 35 45 12 29 27 33 50 23 40 8 20 2 24 37 48 11 46 

Inst_Index:1995 	 City_Num:50 	 Concorde:5.495758 	 MCTS:5.495758 Improve:0.000000 	 Time:3.76 Seconds
Solution: 1 26 5 42 12 50 43 4 9 20 14 38 49 13 7 45 10 25 36 34 28 19 39 29 2 41 18 24 3 21 40 31 15 32 44 27 17 22 37 23 35 47 48 30 8 6 46 11 16 33 

Inst_Index:1996 	 City_Num:50 	 Concorde:5.525348 	 MCTS:5.525348 Improve:0.000000 	 Time:3.76 Seconds
Solution: 1 6 11 42 3 35 22 26 12 46 5 24 17 10 7 29 32 43 4 34 44 16 30 40 18 50 23 13 45 19 28 38 31 47 8 9 25 20 2 36 48 49 27 37 15 41 39 14 21 33 

Inst_Index:1997 	 City_Num:50 	 Concorde:5.586776 	 MCTS:5.586776 Improve:0.000000 	 Time:3.76 Seconds
Solution: 1 38 35 7 14 39 26 5 29 22 17 32 13 9 40 41 12 24 44 27 46 10 31 30 25 6 37 28 19 45 34 48 21 33 49 43 42 4 50 3 23 20 16 36 11 47 2 18 15 8 

Inst_Index:1998 	 City_Num:50 	 Concorde:5.698089 	 MCTS:5.691559 Improve:0.006530 	 Time:3.75 Seconds
Solution: 1 38 44 50 22 16 23 4 37 32 35 30 20 17 43 36 13 48 21 9 33 41 31 14 28 27 3 46 11 45 18 25 8 29 26 2 34 10 5 19 42 40 49 7 15 12 24 6 39 47 

Inst_Index:1999 	 City_Num:50 	 Concorde:5.757488 	 MCTS:5.757488 Improve:0.000000 	 Time:3.76 Seconds
Solution: 1 43 9 48 21 40 35 32 49 44 7 2 22 29 31 16 6 18 24 11 41 19 39 37 17 14 30 12 15 36 33 25 42 20 3 34 28 38 13 4 50 26 46 5 45 23 47 10 8 27 

Inst_Index:2000 	 City_Num:50 	 Concorde:5.890606 	 MCTS:5.890606 Improve:0.000000 	 Time:3.75 Seconds
Solution: 1 34 20 38 7 12 5 44 21 50 19 13 24 37 25 32 23 47 45 29 39 48 35 16 49 9 18 30 42 10 3 15 6 26 36 31 4 41 33 46 27 28 43 40 8 17 14 2 11 22 

Inst_Index:2001 	 City_Num:50 	 Concorde:5.606822 	 MCTS:5.606822 Improve:0.000000 	 Time:3.76 Seconds
Solution: 1 46 16 37 36 42 47 7 25 41 19 24 34 33 13 40 3 44 14 17 21 18 11 27 28 49 43 50 10 6 48 45 8 20 23 31 39 2 9 12 4 5 26 30 38 29 15 32 22 35 

Inst_Index:2002 	 City_Num:50 	 Concorde:5.466427 	 MCTS:5.466427 Improve:-0.000000 	 Time:3.76 Seconds
Solution: 1 28 26 15 30 5 24 33 3 38 12 7 19 13 10 45 14 31 36 27 40 49 39 8 47 4 22 32 18 43 17 20 21 44 9 23 25 42 35 11 16 41 2 48 29 34 50 46 6 37 

Inst_Index:2003 	 City_Num:50 	 Concorde:5.666310 	 MCTS:5.663839 Improve:0.002470 	 Time:3.76 Seconds
Solution: 1 3 46 44 5 37 25 19 4 22 40 10 34 27 45 11 17 33 12 6 47 18 13 26 39 42 7 38 28 23 8 16 35 20 24 30 31 2 50 49 36 29 15 32 43 21 14 48 9 41 

Inst_Index:2004 	 City_Num:50 	 Concorde:5.737969 	 MCTS:5.736386 Improve:0.001584 	 Time:3.77 Seconds
Solution: 1 21 2 37 4 3 9 48 7 25 34 41 13 38 12 46 11 33 26 27 47 23 31 30 32 39 17 29 19 6 20 22 18 16 5 8 10 14 15 44 49 40 24 50 43 36 42 45 28 35 

Inst_Index:2005 	 City_Num:50 	 Concorde:5.708959 	 MCTS:5.708893 Improve:0.000066 	 Time:3.76 Seconds
Solution: 1 10 38 42 26 14 43 23 12 7 47 31 28 40 50 37 8 48 22 15 44 27 29 3 35 45 21 9 11 17 19 39 16 49 41 20 32 5 25 18 30 13 24 33 4 6 2 36 34 46 

Inst_Index:2006 	 City_Num:50 	 Concorde:5.681339 	 MCTS:5.681339 Improve:-0.000000 	 Time:3.75 Seconds
Solution: 1 32 46 28 50 14 33 37 5 38 19 44 29 21 11 22 43 10 9 27 41 20 24 23 17 15 7 31 35 30 6 48 36 42 8 45 12 47 18 26 25 39 4 34 40 3 49 13 16 2 

Inst_Index:2007 	 City_Num:50 	 Concorde:5.931250 	 MCTS:5.931250 Improve:-0.000000 	 Time:3.76 Seconds
Solution: 1 31 49 37 26 36 10 11 30 7 12 24 45 33 3 8 48 32 39 40 42 38 20 5 29 15 13 41 25 44 47 43 2 14 18 35 34 27 23 28 17 19 16 6 46 50 22 9 21 4 

Inst_Index:2008 	 City_Num:50 	 Concorde:5.374675 	 MCTS:5.374675 Improve:0.000000 	 Time:3.76 Seconds
Solution: 1 25 3 4 38 32 46 43 31 10 48 13 20 24 16 42 6 30 36 23 27 34 2 22 28 18 47 17 41 19 26 15 11 9 49 39 33 8 12 44 37 29 35 50 40 5 7 45 14 21 

Inst_Index:2009 	 City_Num:50 	 Concorde:5.735725 	 MCTS:5.735725 Improve:0.000000 	 Time:3.76 Seconds
Solution: 1 14 46 48 17 50 22 19 38 45 39 24 4 27 34 29 36 37 42 26 18 47 43 35 25 20 15 32 31 40 12 5 33 3 21 30 10 23 2 9 16 28 13 7 8 49 11 44 41 6 

Inst_Index:2010 	 City_Num:50 	 Concorde:5.801211 	 MCTS:5.801211 Improve:0.000000 	 Time:3.76 Seconds
Solution: 1 45 3 44 28 37 36 47 25 15 30 20 38 48 43 13 22 8 29 4 49 6 7 35 19 11 21 46 12 2 50 24 39 34 41 17 32 18 9 31 5 27 16 10 14 26 42 33 23 40 

Inst_Index:2011 	 City_Num:50 	 Concorde:5.781891 	 MCTS:5.781891 Improve:0.000000 	 Time:3.75 Seconds
Solution: 1 33 5 35 14 48 17 24 31 7 25 4 18 34 28 11 29 39 23 22 49 32 43 10 27 37 15 44 13 40 9 26 21 3 42 16 50 12 6 19 38 47 2 46 36 30 20 41 8 45 

Inst_Index:2012 	 City_Num:50 	 Concorde:5.963636 	 MCTS:5.961373 Improve:0.002263 	 Time:3.76 Seconds
Solution: 1 22 39 19 41 5 46 29 44 32 11 18 31 42 24 37 40 43 10 14 3 25 47 23 26 13 12 16 49 8 48 28 45 36 20 38 35 7 27 30 33 2 17 15 21 9 50 4 34 6 

Inst_Index:2013 	 City_Num:50 	 Concorde:6.155117 	 MCTS:6.147519 Improve:0.007598 	 Time:3.77 Seconds
Solution: 1 45 27 12 49 21 31 2 34 48 32 29 50 22 6 40 7 24 25 42 36 15 26 39 43 23 41 38 35 17 5 18 11 46 19 33 4 47 9 20 44 10 3 14 30 37 13 8 16 28 

Inst_Index:2014 	 City_Num:50 	 Concorde:5.471257 	 MCTS:5.471257 Improve:-0.000000 	 Time:3.77 Seconds
Solution: 1 49 41 42 25 29 3 17 16 33 20 43 13 12 15 19 7 22 14 24 23 30 35 31 50 47 21 26 6 38 4 34 40 45 48 8 5 9 37 10 11 28 32 36 46 39 2 18 44 27 

Inst_Index:2015 	 City_Num:50 	 Concorde:6.154404 	 MCTS:6.154404 Improve:0.000000 	 Time:3.76 Seconds
Solution: 1 43 28 17 12 27 8 22 49 9 48 44 34 24 46 6 42 47 11 15 32 19 14 38 20 25 3 21 4 7 30 33 40 35 36 45 29 18 50 10 39 16 26 37 23 13 41 2 5 31 

Inst_Index:2016 	 City_Num:50 	 Concorde:5.280321 	 MCTS:5.280321 Improve:0.000000 	 Time:3.75 Seconds
Solution: 1 23 19 13 18 24 31 44 39 40 15 17 35 22 41 27 45 46 42 16 50 11 7 43 36 37 38 3 6 4 28 5 33 21 26 10 20 2 9 47 14 8 32 29 49 30 12 48 25 34 

Inst_Index:2017 	 City_Num:50 	 Concorde:6.140596 	 MCTS:6.132333 Improve:0.008263 	 Time:3.77 Seconds
Solution: 1 13 33 6 28 7 42 37 23 25 8 47 22 19 18 16 50 32 30 29 46 44 5 11 14 34 48 45 9 41 10 31 2 35 24 27 21 17 36 49 20 15 39 43 38 4 3 40 12 26 

Inst_Index:2018 	 City_Num:50 	 Concorde:5.147092 	 MCTS:5.144445 Improve:0.002647 	 Time:3.76 Seconds
Solution: 1 18 33 23 25 30 3 43 16 28 11 10 20 7 31 22 38 6 9 39 14 42 24 32 48 27 8 44 29 37 26 4 21 35 50 19 46 47 12 40 49 2 36 13 17 34 41 45 15 5 

Inst_Index:2019 	 City_Num:50 	 Concorde:5.441569 	 MCTS:5.441569 Improve:0.000000 	 Time:3.75 Seconds
Solution: 1 27 8 42 43 35 15 12 48 47 11 32 26 18 34 9 38 46 22 4 30 21 25 6 10 17 24 14 33 37 2 13 3 19 50 23 45 28 49 29 5 41 40 20 7 36 39 16 31 44 

Inst_Index:2020 	 City_Num:50 	 Concorde:5.695736 	 MCTS:5.695109 Improve:0.000627 	 Time:3.76 Seconds
Solution: 1 6 3 30 47 27 24 17 45 35 26 44 25 42 5 20 18 8 36 28 19 33 32 21 48 31 11 37 2 4 40 41 9 22 29 43 16 15 7 13 50 39 46 49 10 23 14 38 12 34 

Inst_Index:2021 	 City_Num:50 	 Concorde:5.652742 	 MCTS:5.652742 Improve:0.000000 	 Time:3.76 Seconds
Solution: 1 36 23 48 2 9 7 31 29 40 8 3 5 4 6 32 30 46 11 20 16 41 22 10 35 21 17 14 19 49 18 27 26 45 42 13 25 34 15 12 39 43 33 44 24 28 50 37 47 38 

Inst_Index:2022 	 City_Num:50 	 Concorde:5.819306 	 MCTS:5.819306 Improve:-0.000000 	 Time:3.76 Seconds
Solution: 1 14 32 13 44 22 30 12 19 3 25 16 20 35 2 50 41 7 49 48 5 31 39 38 21 15 24 10 27 11 47 18 37 29 4 9 6 45 36 26 23 42 28 43 34 8 40 17 46 33 

Inst_Index:2023 	 City_Num:50 	 Concorde:6.079428 	 MCTS:6.078740 Improve:0.000687 	 Time:3.76 Seconds
Solution: 1 48 37 10 9 22 5 4 33 23 27 24 28 11 13 36 26 21 2 8 6 41 42 30 7 39 25 20 38 3 50 44 14 29 45 32 47 43 12 49 35 19 16 40 46 15 17 34 18 31 

Inst_Index:2024 	 City_Num:50 	 Concorde:6.036908 	 MCTS:6.036908 Improve:0.000000 	 Time:3.76 Seconds
Solution: 1 18 4 16 34 27 29 33 14 50 48 5 49 44 21 37 13 25 9 38 15 47 10 2 7 17 3 6 12 31 20 42 19 40 45 8 24 28 30 46 11 41 23 22 26 39 36 43 35 32 

Inst_Index:2025 	 City_Num:50 	 Concorde:5.606218 	 MCTS:5.606218 Improve:0.000000 	 Time:3.76 Seconds
Solution: 1 48 32 37 26 12 23 10 50 9 11 22 41 45 24 14 17 46 2 7 5 3 30 49 4 16 28 34 47 33 27 29 8 19 39 35 42 6 21 38 43 15 44 36 40 20 13 18 31 25 

Inst_Index:2026 	 City_Num:50 	 Concorde:5.585383 	 MCTS:5.585383 Improve:-0.000000 	 Time:3.76 Seconds
Solution: 1 15 3 44 43 17 9 2 24 42 5 33 40 19 23 37 31 14 6 36 32 27 20 45 7 10 50 30 11 25 13 49 41 47 39 22 29 46 12 48 8 16 35 21 28 18 26 38 34 4 

Inst_Index:2027 	 City_Num:50 	 Concorde:5.491721 	 MCTS:5.491362 Improve:0.000359 	 Time:3.77 Seconds
Solution: 1 19 36 2 33 6 28 49 16 25 37 45 34 27 44 31 14 38 11 46 20 29 43 30 35 15 41 21 42 12 23 32 7 39 18 3 50 13 4 24 47 40 5 17 26 48 22 10 8 9 

Inst_Index:2028 	 City_Num:50 	 Concorde:5.348428 	 MCTS:5.348428 Improve:0.000000 	 Time:3.77 Seconds
Solution: 1 13 8 15 24 22 50 44 4 10 12 9 21 7 38 37 45 46 2 29 40 43 27 11 47 41 3 17 49 32 18 14 34 33 19 42 20 25 30 35 36 28 16 31 5 26 48 39 6 23 

Inst_Index:2029 	 City_Num:50 	 Concorde:5.847118 	 MCTS:5.846327 Improve:0.000791 	 Time:3.76 Seconds
Solution: 1 42 33 13 21 34 29 8 12 4 47 17 43 50 37 49 25 20 41 38 35 19 6 15 18 40 7 39 5 28 9 16 22 23 24 2 45 31 27 3 11 10 32 44 30 46 26 36 48 14 

Inst_Index:2030 	 City_Num:50 	 Concorde:5.486523 	 MCTS:5.486523 Improve:0.000000 	 Time:3.76 Seconds
Solution: 1 29 18 41 17 42 49 6 48 34 37 47 35 15 36 33 9 25 46 45 32 16 13 11 26 43 44 2 14 30 4 22 23 40 39 21 5 24 28 38 31 12 10 8 20 3 50 19 27 7 

Inst_Index:2031 	 City_Num:50 	 Concorde:5.187728 	 MCTS:5.185989 Improve:0.001739 	 Time:3.76 Seconds
Solution: 1 35 49 34 21 42 40 11 29 19 50 43 5 37 38 23 9 7 39 22 15 28 41 33 18 36 31 48 8 20 46 24 32 30 12 2 17 25 26 10 6 3 16 44 13 14 4 47 27 45 

Inst_Index:2032 	 City_Num:50 	 Concorde:6.249687 	 MCTS:6.249687 Improve:0.000000 	 Time:3.75 Seconds
Solution: 1 4 10 13 42 35 48 36 27 47 20 30 3 46 32 15 19 38 9 33 34 18 7 45 41 24 6 43 40 23 31 29 5 50 2 14 49 16 21 25 12 26 17 22 8 37 44 28 11 39 

Inst_Index:2033 	 City_Num:50 	 Concorde:5.675840 	 MCTS:5.672244 Improve:0.003595 	 Time:3.75 Seconds
Solution: 1 12 5 41 43 8 16 28 33 10 19 30 11 22 37 26 44 39 23 25 14 32 46 47 9 21 48 18 50 35 24 40 42 29 49 17 34 20 31 27 3 45 13 36 7 4 15 38 2 6 

Inst_Index:2034 	 City_Num:50 	 Concorde:5.940642 	 MCTS:5.940642 Improve:-0.000000 	 Time:3.75 Seconds
Solution: 1 9 42 7 12 25 43 34 4 15 32 6 20 28 30 31 16 46 35 40 14 2 26 24 18 38 3 41 50 13 8 21 49 48 36 29 37 39 10 27 19 23 22 45 44 47 17 5 33 11 

Inst_Index:2035 	 City_Num:50 	 Concorde:6.003961 	 MCTS:6.001738 Improve:0.002224 	 Time:3.76 Seconds
Solution: 1 48 14 7 31 15 4 21 19 36 24 49 30 29 9 34 44 42 2 32 10 46 37 40 27 38 41 5 11 3 8 47 39 18 43 45 50 13 33 28 26 20 12 25 23 17 35 6 16 22 

Inst_Index:2036 	 City_Num:50 	 Concorde:5.699644 	 MCTS:5.699644 Improve:0.000000 	 Time:3.76 Seconds
Solution: 1 35 6 8 13 24 47 50 30 45 19 17 2 5 36 22 33 18 49 40 48 27 15 46 28 43 41 44 26 29 21 32 34 23 39 31 11 37 20 38 4 25 16 3 9 7 12 10 14 42 

Inst_Index:2037 	 City_Num:50 	 Concorde:5.794724 	 MCTS:5.794724 Improve:0.000000 	 Time:3.76 Seconds
Solution: 1 40 14 44 31 35 2 32 21 30 33 23 20 26 34 36 11 22 41 27 18 7 25 29 13 24 39 6 42 28 9 10 50 16 5 47 43 45 3 8 38 4 15 12 19 49 37 48 46 17 

Inst_Index:2038 	 City_Num:50 	 Concorde:5.346807 	 MCTS:5.346807 Improve:0.000000 	 Time:3.76 Seconds
Solution: 1 41 17 14 29 32 38 30 50 21 48 37 7 33 34 5 9 4 27 22 11 44 25 19 46 23 26 13 20 36 2 15 16 35 31 43 10 8 6 42 39 28 45 40 18 47 3 12 24 49 

Inst_Index:2039 	 City_Num:50 	 Concorde:5.429927 	 MCTS:5.429927 Improve:0.000000 	 Time:3.76 Seconds
Solution: 1 3 27 24 45 34 12 49 32 8 30 7 18 41 43 20 11 13 4 2 26 6 19 22 38 10 48 17 35 29 42 37 15 5 40 16 50 46 47 31 39 44 28 23 21 9 33 36 25 14 

Inst_Index:2040 	 City_Num:50 	 Concorde:5.262535 	 MCTS:5.258690 Improve:0.003845 	 Time:3.76 Seconds
Solution: 1 33 39 17 8 29 35 21 5 42 12 44 45 15 28 18 26 10 16 36 30 3 25 41 14 6 27 38 43 22 37 24 40 4 23 9 31 49 46 50 2 48 20 32 7 11 13 19 34 47 

Inst_Index:2041 	 City_Num:50 	 Concorde:5.750192 	 MCTS:5.742315 Improve:0.007876 	 Time:3.76 Seconds
Solution: 1 32 41 24 30 14 39 50 6 8 9 47 18 5 19 28 17 4 27 22 15 29 10 16 13 43 36 21 34 2 45 44 3 35 38 31 49 48 25 40 12 26 7 42 37 33 46 23 11 20 

Inst_Index:2042 	 City_Num:50 	 Concorde:5.722319 	 MCTS:5.721325 Improve:0.000995 	 Time:3.76 Seconds
Solution: 1 19 28 46 12 32 5 48 35 50 39 10 26 8 24 34 45 40 37 3 44 13 6 14 9 29 36 23 2 47 31 27 17 16 30 25 15 22 42 21 18 38 33 4 43 49 20 41 7 11 

Inst_Index:2043 	 City_Num:50 	 Concorde:5.809369 	 MCTS:5.806131 Improve:0.003238 	 Time:3.75 Seconds
Solution: 1 8 24 49 48 4 37 44 14 12 33 50 29 6 39 45 27 7 30 19 21 47 40 22 32 42 15 34 46 20 13 25 28 10 17 23 35 5 31 2 38 18 11 3 43 41 26 36 9 16 

Inst_Index:2044 	 City_Num:50 	 Concorde:5.554282 	 MCTS:5.550030 Improve:0.004252 	 Time:3.76 Seconds
Solution: 1 34 24 25 42 35 9 37 36 39 26 49 10 43 46 31 50 45 22 41 27 40 23 6 8 21 29 28 12 19 38 47 15 32 7 3 30 11 2 5 4 18 20 44 13 48 16 33 14 17 

Inst_Index:2045 	 City_Num:50 	 Concorde:5.599615 	 MCTS:5.596373 Improve:0.003242 	 Time:3.75 Seconds
Solution: 1 26 34 38 10 21 9 19 33 45 3 24 16 13 17 37 35 22 36 25 49 15 29 40 4 41 14 43 46 27 39 47 5 28 18 7 6 23 50 2 31 11 12 8 44 48 20 32 42 30 

Inst_Index:2046 	 City_Num:50 	 Concorde:5.273679 	 MCTS:5.273389 Improve:0.000290 	 Time:3.76 Seconds
Solution: 1 7 2 12 37 38 18 19 49 21 10 42 32 27 30 16 26 44 24 4 41 15 13 48 17 25 20 46 39 14 31 50 45 47 36 3 8 43 35 11 5 33 28 34 9 22 23 40 6 29 

Inst_Index:2047 	 City_Num:50 	 Concorde:5.724408 	 MCTS:5.724408 Improve:0.000000 	 Time:3.77 Seconds
Solution: 1 46 49 11 33 50 17 25 48 6 37 9 23 3 36 24 22 15 38 7 32 34 29 21 13 16 8 2 10 20 39 44 40 19 27 26 45 43 4 42 47 41 12 18 31 35 14 28 30 5 

Inst_Index:2048 	 City_Num:50 	 Concorde:5.761758 	 MCTS:5.761758 Improve:0.000000 	 Time:3.75 Seconds
Solution: 1 47 10 27 31 19 17 7 34 15 13 9 43 36 11 5 12 32 20 40 21 2 45 39 6 48 8 46 38 18 30 24 29 25 4 14 37 41 16 23 42 50 44 33 3 49 26 28 35 22 

Inst_Index:2049 	 City_Num:50 	 Concorde:5.348526 	 MCTS:5.348526 Improve:-0.000000 	 Time:3.75 Seconds
Solution: 1 18 50 19 28 15 32 47 26 6 30 39 38 11 25 34 2 20 27 16 40 45 49 42 24 48 7 36 13 44 31 37 22 43 3 12 41 29 9 8 14 46 35 5 10 23 4 21 17 33 

Inst_Index:2050 	 City_Num:50 	 Concorde:6.107028 	 MCTS:6.105176 Improve:0.001852 	 Time:3.77 Seconds
Solution: 1 21 23 47 6 14 26 24 34 44 12 5 35 10 8 16 39 45 33 40 13 25 11 3 37 41 4 30 28 9 46 15 38 17 29 19 42 27 50 36 2 7 22 20 31 48 49 32 43 18 

Inst_Index:2051 	 City_Num:50 	 Concorde:6.113673 	 MCTS:6.110860 Improve:0.002813 	 Time:3.75 Seconds
Solution: 1 39 10 11 32 48 15 21 37 23 46 5 18 41 25 14 36 31 12 2 22 13 50 44 30 35 47 17 45 27 3 7 28 38 9 43 24 16 6 33 19 49 29 34 4 20 26 42 8 40 

Inst_Index:2052 	 City_Num:50 	 Concorde:5.826123 	 MCTS:5.826123 Improve:0.000000 	 Time:3.76 Seconds
Solution: 1 3 16 20 23 48 27 34 24 19 28 29 10 45 4 22 50 25 2 31 30 21 38 13 33 49 26 17 6 43 41 15 14 40 18 8 11 47 36 32 39 42 7 46 37 35 5 44 12 9 

Inst_Index:2053 	 City_Num:50 	 Concorde:6.169899 	 MCTS:6.169899 Improve:0.000000 	 Time:3.77 Seconds
Solution: 1 14 49 8 32 6 19 20 40 38 41 3 39 16 15 9 48 45 2 11 27 22 12 50 36 10 18 31 33 46 23 34 25 17 13 35 30 43 44 5 47 24 42 7 21 4 28 29 26 37 

Inst_Index:2054 	 City_Num:50 	 Concorde:5.842716 	 MCTS:5.842716 Improve:0.000000 	 Time:3.76 Seconds
Solution: 1 47 14 41 16 9 36 5 13 28 8 50 25 20 4 6 21 38 33 15 11 22 35 19 7 45 18 27 29 49 48 44 2 32 39 46 30 24 26 34 12 10 42 3 40 17 37 43 23 31 

Inst_Index:2055 	 City_Num:50 	 Concorde:5.753142 	 MCTS:5.753142 Improve:-0.000000 	 Time:3.76 Seconds
Solution: 1 18 15 41 28 16 50 42 19 30 4 47 35 6 5 25 8 45 24 3 40 20 11 32 12 39 22 38 9 29 44 36 17 13 37 21 27 31 34 26 23 43 7 49 2 48 46 10 14 33 

Inst_Index:2056 	 City_Num:50 	 Concorde:5.783802 	 MCTS:5.783802 Improve:0.000000 	 Time:3.76 Seconds
Solution: 1 49 5 9 20 16 32 6 11 12 42 31 41 47 46 13 33 2 21 48 40 25 24 37 17 36 22 39 27 15 7 14 4 18 38 29 44 30 10 35 23 3 45 26 43 19 28 50 34 8 

Inst_Index:2057 	 City_Num:50 	 Concorde:5.772681 	 MCTS:5.771640 Improve:0.001042 	 Time:3.75 Seconds
Solution: 1 32 35 23 16 50 45 18 36 33 7 6 27 30 9 49 8 25 46 17 42 4 41 13 43 48 12 39 22 5 44 10 28 14 15 34 3 37 19 47 40 38 29 11 2 31 21 20 24 26 

Inst_Index:2058 	 City_Num:50 	 Concorde:5.673494 	 MCTS:5.673478 Improve:0.000016 	 Time:3.75 Seconds
Solution: 1 23 36 25 6 47 26 4 19 35 9 41 2 14 11 42 37 38 39 13 45 31 16 24 30 28 49 48 15 21 12 17 50 7 5 43 34 46 32 10 8 3 40 33 29 22 18 44 20 27 

Inst_Index:2059 	 City_Num:50 	 Concorde:5.659098 	 MCTS:5.659098 Improve:0.000000 	 Time:3.76 Seconds
Solution: 1 2 44 42 33 41 3 40 7 30 37 28 9 24 36 26 48 22 16 21 14 10 5 39 23 27 11 13 12 4 45 43 38 46 49 32 18 6 29 17 31 20 15 25 34 50 8 35 47 19 

Inst_Index:2060 	 City_Num:50 	 Concorde:5.956061 	 MCTS:5.955654 Improve:0.000407 	 Time:3.76 Seconds
Solution: 1 31 46 38 39 29 43 42 11 49 4 37 36 50 44 12 27 20 3 16 32 33 47 40 13 15 30 23 8 2 21 6 41 28 7 10 14 45 19 18 22 26 17 25 34 35 5 24 48 9 

Inst_Index:2061 	 City_Num:50 	 Concorde:5.569136 	 MCTS:5.565589 Improve:0.003547 	 Time:3.76 Seconds
Solution: 1 30 41 48 14 27 10 32 9 47 11 25 21 29 18 2 16 33 28 43 19 36 34 35 24 46 5 44 38 49 42 23 12 20 37 13 3 26 50 39 7 4 31 15 22 45 6 40 8 17 

Inst_Index:2062 	 City_Num:50 	 Concorde:5.698863 	 MCTS:5.696493 Improve:0.002370 	 Time:3.75 Seconds
Solution: 1 31 38 43 49 28 9 32 5 6 34 13 27 41 47 22 16 36 14 20 17 15 40 21 44 39 23 35 3 4 46 26 33 7 18 19 2 37 11 8 50 48 24 42 12 10 29 30 25 45 

Inst_Index:2063 	 City_Num:50 	 Concorde:5.958611 	 MCTS:5.958611 Improve:-0.000000 	 Time:3.76 Seconds
Solution: 1 3 29 30 40 35 42 14 15 28 36 4 31 34 26 8 7 2 37 46 6 27 16 25 22 20 10 38 33 32 24 39 9 47 49 21 41 48 44 5 12 11 23 18 43 19 13 50 45 17 

Inst_Index:2064 	 City_Num:50 	 Concorde:5.881096 	 MCTS:5.876853 Improve:0.004243 	 Time:3.75 Seconds
Solution: 1 36 39 13 6 33 7 28 40 16 31 10 19 30 45 44 35 25 47 18 42 20 41 14 24 5 22 46 15 43 49 48 34 26 37 12 2 11 4 3 9 17 27 23 21 38 32 50 29 8 

Inst_Index:2065 	 City_Num:50 	 Concorde:5.741661 	 MCTS:5.741661 Improve:0.000000 	 Time:3.77 Seconds
Solution: 1 47 31 14 30 29 20 32 24 11 34 26 18 12 35 19 39 17 16 49 21 10 33 42 5 6 4 7 36 40 15 3 43 38 9 13 8 45 37 23 22 27 46 2 41 50 44 25 28 48 

Inst_Index:2066 	 City_Num:50 	 Concorde:5.229414 	 MCTS:5.229414 Improve:-0.000000 	 Time:3.75 Seconds
Solution: 1 10 40 7 42 48 46 20 12 13 31 2 39 18 33 6 41 35 47 26 36 27 8 29 37 34 14 19 21 17 23 16 45 30 22 25 38 44 43 15 50 5 49 4 24 32 9 11 28 3 

Inst_Index:2067 	 City_Num:50 	 Concorde:5.280134 	 MCTS:5.280134 Improve:-0.000000 	 Time:3.77 Seconds
Solution: 1 4 16 36 6 44 8 42 13 39 29 46 21 32 10 5 27 49 31 43 40 35 26 30 20 23 19 3 50 25 22 38 17 28 41 15 45 11 24 7 37 9 12 18 34 2 47 14 33 48 

Inst_Index:2068 	 City_Num:50 	 Concorde:5.585415 	 MCTS:5.585415 Improve:0.000000 	 Time:3.75 Seconds
Solution: 1 19 39 16 31 26 33 32 15 43 8 38 17 9 28 12 5 45 14 21 34 36 48 44 2 25 11 27 18 41 50 42 30 6 47 4 35 29 10 23 22 7 49 40 13 20 37 3 46 24 

Inst_Index:2069 	 City_Num:50 	 Concorde:5.411928 	 MCTS:5.411928 Improve:0.000000 	 Time:3.75 Seconds
Solution: 1 29 6 37 31 46 30 39 48 34 44 50 26 11 45 12 7 21 18 49 8 40 23 47 10 19 32 41 38 20 42 15 5 28 3 14 22 25 27 36 4 16 33 43 35 17 2 9 24 13 

Inst_Index:2070 	 City_Num:50 	 Concorde:5.639947 	 MCTS:5.637467 Improve:0.002480 	 Time:3.76 Seconds
Solution: 1 4 29 13 36 46 22 6 5 33 21 25 2 12 44 16 27 26 49 43 7 11 32 40 15 30 34 10 17 39 41 3 31 20 28 48 45 47 18 50 19 35 42 9 8 38 37 14 24 23 

Inst_Index:2071 	 City_Num:50 	 Concorde:5.848717 	 MCTS:5.845960 Improve:0.002756 	 Time:3.75 Seconds
Solution: 1 28 11 6 48 33 42 12 34 27 47 40 37 36 23 41 8 22 10 5 49 31 19 25 2 44 18 3 50 9 21 16 15 4 43 32 46 24 14 17 38 13 26 20 39 35 29 45 7 30 

Inst_Index:2072 	 City_Num:50 	 Concorde:5.285524 	 MCTS:5.285524 Improve:0.000000 	 Time:3.75 Seconds
Solution: 1 36 43 37 48 42 29 28 19 18 47 39 4 6 50 38 24 5 17 46 30 27 34 49 14 23 31 15 12 22 11 7 44 35 9 2 33 41 26 10 45 25 3 20 13 16 32 21 8 40 

Inst_Index:2073 	 City_Num:50 	 Concorde:5.601888 	 MCTS:5.601888 Improve:0.000000 	 Time:3.75 Seconds
Solution: 1 28 46 48 36 45 10 12 19 27 38 47 29 42 7 30 40 3 44 35 6 50 31 5 39 26 17 21 22 9 4 18 20 33 37 8 13 43 34 41 16 32 25 11 23 2 24 15 49 14 

Inst_Index:2074 	 City_Num:50 	 Concorde:5.539897 	 MCTS:5.535907 Improve:0.003989 	 Time:3.76 Seconds
Solution: 1 30 25 9 33 35 14 28 32 21 36 27 47 39 3 31 24 8 41 34 15 4 5 2 49 40 18 38 44 6 10 13 11 42 29 12 20 46 45 16 43 26 23 50 37 48 19 7 22 17 

Inst_Index:2075 	 City_Num:50 	 Concorde:5.947644 	 MCTS:5.947644 Improve:-0.000000 	 Time:3.76 Seconds
Solution: 1 11 6 44 34 25 29 3 7 9 32 17 47 16 49 46 36 31 2 19 35 21 26 23 30 12 10 45 18 28 33 43 37 20 41 27 39 42 13 14 40 4 5 50 15 48 24 38 8 22 

Inst_Index:2076 	 City_Num:50 	 Concorde:5.690693 	 MCTS:5.689591 Improve:0.001102 	 Time:3.77 Seconds
Solution: 1 30 21 15 27 7 25 46 14 44 23 22 9 16 8 5 19 33 40 24 17 31 20 4 13 18 49 3 48 42 43 37 28 50 34 11 39 35 36 6 12 41 26 29 10 32 45 2 38 47 

Inst_Index:2077 	 City_Num:50 	 Concorde:5.411618 	 MCTS:5.411618 Improve:-0.000000 	 Time:3.75 Seconds
Solution: 1 7 14 13 16 11 39 17 12 29 32 2 4 47 48 19 20 15 41 38 37 27 9 24 34 18 46 35 10 50 5 21 44 30 23 42 36 40 31 45 43 49 22 8 26 28 33 3 6 25 

Inst_Index:2078 	 City_Num:50 	 Concorde:5.521651 	 MCTS:5.521651 Improve:0.000000 	 Time:3.75 Seconds
Solution: 1 44 34 23 5 19 41 9 16 4 18 33 35 11 38 28 49 50 46 24 17 10 31 25 30 39 14 7 27 48 6 22 15 32 43 36 21 13 37 45 42 20 40 8 12 47 29 2 3 26 

Inst_Index:2079 	 City_Num:50 	 Concorde:5.547586 	 MCTS:5.547003 Improve:0.000583 	 Time:3.77 Seconds
Solution: 1 2 15 25 27 7 35 46 45 32 22 26 39 16 50 31 14 36 23 40 18 29 49 42 41 6 24 5 11 10 37 44 12 43 21 33 4 17 47 9 30 38 19 28 3 48 20 8 13 34 

Inst_Index:2080 	 City_Num:50 	 Concorde:5.435974 	 MCTS:5.435974 Improve:0.000000 	 Time:3.76 Seconds
Solution: 1 3 15 31 40 47 13 41 20 34 49 19 29 10 8 24 39 12 17 11 50 9 6 36 38 27 48 4 46 5 14 35 18 2 42 21 22 25 7 45 23 44 33 32 37 43 16 28 26 30 

Inst_Index:2081 	 City_Num:50 	 Concorde:5.935560 	 MCTS:5.930911 Improve:0.004649 	 Time:3.75 Seconds
Solution: 1 20 6 17 40 44 16 19 37 25 8 48 28 18 29 49 45 2 38 32 9 21 42 4 27 22 12 39 47 5 36 33 11 13 35 26 46 15 24 41 30 10 7 23 34 50 14 31 43 3 

Inst_Index:2082 	 City_Num:50 	 Concorde:5.388239 	 MCTS:5.388239 Improve:-0.000000 	 Time:3.77 Seconds
Solution: 1 31 45 48 13 34 32 16 23 28 40 39 25 18 6 20 8 26 43 33 5 7 29 10 37 47 46 24 3 21 27 41 30 2 22 11 49 12 4 38 36 9 44 19 17 14 42 50 35 15 

Inst_Index:2083 	 City_Num:50 	 Concorde:5.506348 	 MCTS:5.502625 Improve:0.003724 	 Time:3.76 Seconds
Solution: 1 44 3 39 27 47 46 49 22 50 43 37 13 6 2 4 5 7 25 15 23 34 38 31 28 24 32 42 17 33 10 20 14 19 45 41 21 29 16 12 40 8 36 18 30 35 26 11 9 48 

Inst_Index:2084 	 City_Num:50 	 Concorde:5.144630 	 MCTS:5.144630 Improve:0.000000 	 Time:3.77 Seconds
Solution: 1 31 42 25 18 45 17 13 44 6 24 11 48 30 34 10 49 3 47 14 50 21 28 22 43 8 4 39 27 9 33 16 2 26 35 38 12 36 20 41 32 37 46 40 15 5 7 23 29 19 

Inst_Index:2085 	 City_Num:50 	 Concorde:5.441839 	 MCTS:5.439421 Improve:0.002418 	 Time:3.76 Seconds
Solution: 1 14 11 22 48 38 43 20 33 41 4 18 15 34 36 23 19 35 3 8 45 40 49 42 9 50 44 39 17 26 6 28 32 24 2 13 29 31 21 5 27 12 16 46 25 30 37 7 47 10 

Inst_Index:2086 	 City_Num:50 	 Concorde:5.472381 	 MCTS:5.468417 Improve:0.003964 	 Time:3.75 Seconds
Solution: 1 22 41 35 33 18 43 47 36 40 2 3 28 14 12 27 44 13 11 37 45 7 31 16 25 5 9 48 39 34 42 46 19 26 29 38 21 24 15 4 23 6 8 50 30 49 20 17 32 10 

Inst_Index:2087 	 City_Num:50 	 Concorde:6.051551 	 MCTS:6.051551 Improve:0.000000 	 Time:3.77 Seconds
Solution: 1 37 7 27 20 46 8 28 36 19 23 33 5 43 9 25 44 22 50 32 12 15 11 34 21 40 31 45 49 47 26 30 17 18 35 3 16 14 48 6 41 39 29 13 10 2 24 42 38 4 

Inst_Index:2088 	 City_Num:50 	 Concorde:5.624642 	 MCTS:5.624642 Improve:0.000000 	 Time:3.76 Seconds
Solution: 1 27 21 38 39 42 37 30 28 7 19 25 13 35 34 50 4 24 48 9 36 6 17 43 49 3 5 44 41 8 45 22 10 33 14 26 23 16 12 47 2 11 15 29 18 46 32 31 20 40 

Inst_Index:2089 	 City_Num:50 	 Concorde:5.552676 	 MCTS:5.552676 Improve:-0.000000 	 Time:3.75 Seconds
Solution: 1 12 35 34 5 26 28 14 7 24 21 48 47 36 42 46 8 19 49 30 9 33 29 15 20 25 40 50 16 43 41 18 22 3 2 6 13 37 4 10 44 45 23 11 38 31 17 39 32 27 

Inst_Index:2090 	 City_Num:50 	 Concorde:6.054698 	 MCTS:6.054698 Improve:0.000000 	 Time:3.76 Seconds
Solution: 1 25 48 38 24 36 20 34 50 46 16 32 45 33 41 3 13 8 49 23 37 18 9 30 40 4 5 14 19 6 12 15 29 43 27 47 39 44 35 17 31 22 10 2 21 26 7 11 42 28 

Inst_Index:2091 	 City_Num:50 	 Concorde:5.738234 	 MCTS:5.738234 Improve:-0.000000 	 Time:3.76 Seconds
Solution: 1 21 18 38 24 34 16 13 6 25 22 41 7 17 32 50 47 26 12 33 23 44 10 27 9 46 2 37 39 31 4 8 45 35 43 42 5 49 14 30 15 3 11 36 29 20 19 40 48 28 

Inst_Index:2092 	 City_Num:50 	 Concorde:6.060563 	 MCTS:6.060563 Improve:0.000000 	 Time:3.76 Seconds
Solution: 1 7 19 35 29 11 46 20 50 42 36 10 23 3 24 49 5 13 22 47 12 18 45 30 21 26 4 41 48 8 17 9 2 33 25 32 37 27 43 14 28 15 39 16 40 38 6 34 31 44 

Inst_Index:2093 	 City_Num:50 	 Concorde:5.978462 	 MCTS:5.977895 Improve:0.000567 	 Time:3.76 Seconds
Solution: 1 6 21 12 9 28 37 31 44 33 7 34 2 39 24 14 20 26 50 16 46 38 30 47 32 15 4 22 41 35 10 43 3 17 36 29 5 23 18 45 8 42 11 48 40 25 13 19 27 49 

Inst_Index:2094 	 City_Num:50 	 Concorde:6.318345 	 MCTS:6.318345 Improve:0.000000 	 Time:3.75 Seconds
Solution: 1 14 19 20 46 9 41 39 7 31 36 4 22 17 25 37 5 43 28 35 12 48 47 45 40 32 13 2 30 38 24 49 15 23 26 6 44 21 42 16 27 34 50 29 3 33 8 11 18 10 

Inst_Index:2095 	 City_Num:50 	 Concorde:5.862249 	 MCTS:5.862249 Improve:0.000000 	 Time:3.77 Seconds
Solution: 1 37 50 7 42 5 20 19 17 18 3 15 35 32 45 30 46 49 27 23 47 2 6 34 12 24 25 48 39 14 40 22 33 21 8 31 4 11 41 38 29 36 9 13 43 26 28 10 16 44 

Inst_Index:2096 	 City_Num:50 	 Concorde:6.072437 	 MCTS:6.065741 Improve:0.006696 	 Time:3.75 Seconds
Solution: 1 50 30 38 46 45 24 49 20 10 33 4 13 29 14 34 22 42 2 48 25 35 41 19 32 23 31 28 3 5 37 6 27 21 12 43 17 47 15 7 36 18 40 16 26 8 44 9 39 11 

Inst_Index:2097 	 City_Num:50 	 Concorde:5.618216 	 MCTS:5.618216 Improve:0.000000 	 Time:3.77 Seconds
Solution: 1 17 14 50 25 22 4 31 26 10 39 30 34 6 29 49 36 33 11 8 15 45 3 41 42 32 24 13 18 37 47 7 46 2 28 43 38 48 16 21 40 5 9 44 35 19 12 27 23 20 

Inst_Index:2098 	 City_Num:50 	 Concorde:5.365698 	 MCTS:5.365698 Improve:0.000000 	 Time:3.76 Seconds
Solution: 1 28 18 10 24 31 29 49 12 38 16 42 30 27 33 3 19 34 4 9 47 15 6 8 13 50 37 5 2 32 41 20 7 17 48 46 44 26 22 39 35 45 21 43 11 23 25 40 36 14 

Inst_Index:2099 	 City_Num:50 	 Concorde:5.308594 	 MCTS:5.308594 Improve:0.000000 	 Time:3.76 Seconds
Solution: 1 34 36 2 22 13 6 42 28 32 5 4 30 40 38 29 31 33 9 18 24 27 3 23 10 16 37 50 45 20 48 35 25 46 39 12 43 47 41 11 17 26 21 15 19 49 44 14 7 8 

Inst_Index:2100 	 City_Num:50 	 Concorde:5.461119 	 MCTS:5.461119 Improve:0.000000 	 Time:3.77 Seconds
Solution: 1 14 48 16 25 45 15 11 35 50 5 27 34 6 17 26 30 23 36 8 32 38 43 39 33 20 18 19 12 40 2 31 44 28 9 29 22 21 3 42 7 46 49 41 47 4 24 13 37 10 

Inst_Index:2101 	 City_Num:50 	 Concorde:5.608242 	 MCTS:5.608242 Improve:0.000000 	 Time:3.76 Seconds
Solution: 1 37 38 3 31 23 32 35 20 30 2 34 13 10 41 24 33 15 47 4 28 6 21 27 50 5 16 25 45 9 12 18 11 7 8 17 43 40 39 36 46 19 48 29 14 49 44 26 42 22 

Inst_Index:2102 	 City_Num:50 	 Concorde:5.546139 	 MCTS:5.546139 Improve:0.000000 	 Time:3.76 Seconds
Solution: 1 5 45 33 6 46 43 44 13 25 19 8 32 7 42 23 4 40 14 38 21 31 30 3 15 22 41 17 39 9 29 11 50 37 27 34 35 24 2 47 18 10 36 12 16 20 48 28 49 26 

Inst_Index:2103 	 City_Num:50 	 Concorde:5.818065 	 MCTS:5.818065 Improve:-0.000000 	 Time:3.76 Seconds
Solution: 1 32 8 10 24 5 50 36 12 22 37 43 38 31 40 7 44 14 42 45 21 20 3 2 13 39 27 35 47 19 25 49 11 17 4 33 30 48 29 26 34 18 16 6 46 23 15 28 41 9 

Inst_Index:2104 	 City_Num:50 	 Concorde:5.579343 	 MCTS:5.579343 Improve:0.000000 	 Time:3.75 Seconds
Solution: 1 3 48 8 7 11 14 27 13 30 42 9 41 29 12 49 35 32 15 20 22 33 16 2 21 23 50 43 19 47 18 24 26 28 37 4 45 10 36 39 40 17 31 46 44 25 34 5 6 38 

Inst_Index:2105 	 City_Num:50 	 Concorde:5.859841 	 MCTS:5.859841 Improve:0.000000 	 Time:3.76 Seconds
Solution: 1 38 19 8 16 34 26 6 4 5 42 15 9 36 2 47 31 39 17 13 3 27 37 14 11 18 21 7 41 29 20 49 40 23 43 33 22 35 45 30 32 28 10 48 50 46 25 44 12 24 

Inst_Index:2106 	 City_Num:50 	 Concorde:5.738813 	 MCTS:5.738813 Improve:0.000000 	 Time:3.75 Seconds
Solution: 1 13 33 22 45 27 32 4 47 30 34 38 8 26 6 9 12 7 35 40 5 31 48 37 28 3 50 16 36 46 17 14 43 20 25 10 2 23 19 11 42 24 39 21 18 49 44 41 29 15 

Inst_Index:2107 	 City_Num:50 	 Concorde:5.926506 	 MCTS:5.926506 Improve:0.000000 	 Time:3.76 Seconds
Solution: 1 11 23 49 19 36 9 45 47 3 6 12 8 27 46 38 44 37 30 34 5 14 17 24 10 28 43 39 42 33 13 20 29 25 4 35 50 7 40 18 48 31 41 2 15 22 26 21 16 32 

Inst_Index:2108 	 City_Num:50 	 Concorde:5.640388 	 MCTS:5.640388 Improve:0.000000 	 Time:3.76 Seconds
Solution: 1 42 33 23 34 44 17 2 47 14 11 13 39 40 28 7 50 20 3 31 49 24 5 6 41 16 30 19 21 43 25 37 46 29 8 27 15 32 4 45 35 18 38 10 36 9 22 48 12 26 

Inst_Index:2109 	 City_Num:50 	 Concorde:5.693641 	 MCTS:5.693641 Improve:0.000000 	 Time:3.76 Seconds
Solution: 1 41 28 14 37 23 45 47 43 4 32 39 46 27 6 49 8 10 11 36 42 18 9 2 29 7 24 50 40 16 34 30 38 5 22 13 33 25 20 26 15 19 48 21 3 35 12 17 31 44 

Inst_Index:2110 	 City_Num:50 	 Concorde:5.319666 	 MCTS:5.319666 Improve:0.000000 	 Time:3.77 Seconds
Solution: 1 21 31 29 12 28 24 11 15 35 38 34 40 9 47 18 41 48 23 44 4 5 2 36 3 25 20 33 45 37 42 22 43 39 14 50 13 49 17 26 10 27 16 19 32 7 30 46 8 6 

Inst_Index:2111 	 City_Num:50 	 Concorde:5.417828 	 MCTS:5.413882 Improve:0.003946 	 Time:3.77 Seconds
Solution: 1 28 10 48 24 4 9 7 23 29 50 25 8 21 17 27 22 31 16 30 38 3 26 20 40 41 35 5 2 19 43 11 45 42 44 15 36 13 33 6 47 49 32 14 34 37 46 12 39 18 

Inst_Index:2112 	 City_Num:50 	 Concorde:5.913037 	 MCTS:5.913037 Improve:0.000000 	 Time:3.75 Seconds
Solution: 1 44 32 33 7 49 34 23 42 3 30 11 13 27 15 16 10 14 4 25 37 19 22 26 48 31 35 6 21 18 24 5 43 17 45 46 20 12 9 50 28 47 2 38 36 40 29 41 39 8 

Inst_Index:2113 	 City_Num:50 	 Concorde:5.260953 	 MCTS:5.260953 Improve:0.000000 	 Time:3.76 Seconds
Solution: 1 28 36 15 23 45 31 20 26 24 6 19 7 39 21 27 35 4 8 50 2 9 33 14 38 49 13 18 25 10 12 5 40 42 48 22 11 46 16 47 43 3 29 34 41 30 37 44 32 17 

Inst_Index:2114 	 City_Num:50 	 Concorde:5.362371 	 MCTS:5.361532 Improve:0.000839 	 Time:3.76 Seconds
Solution: 1 27 6 21 13 38 29 31 26 45 46 47 8 44 35 40 17 20 43 49 23 5 19 18 14 33 10 9 4 32 25 12 39 11 37 16 28 7 30 2 15 34 36 41 48 24 50 42 22 3 

Inst_Index:2115 	 City_Num:50 	 Concorde:5.846695 	 MCTS:5.844482 Improve:0.002213 	 Time:3.77 Seconds
Solution: 1 12 34 49 40 3 16 36 14 38 29 20 35 43 48 44 13 10 50 17 18 4 9 15 28 22 11 31 23 39 24 32 6 19 7 27 33 8 2 30 46 25 41 5 42 21 47 37 26 45 

Inst_Index:2116 	 City_Num:50 	 Concorde:6.189632 	 MCTS:6.189632 Improve:-0.000000 	 Time:3.77 Seconds
Solution: 1 26 20 4 31 29 6 46 45 3 21 14 38 28 11 35 36 32 41 27 34 48 22 2 42 30 44 15 50 7 10 40 37 9 23 49 19 39 16 25 47 24 13 5 33 17 18 12 43 8 

Inst_Index:2117 	 City_Num:50 	 Concorde:5.690638 	 MCTS:5.689399 Improve:0.001239 	 Time:3.78 Seconds
Solution: 1 38 41 2 23 24 29 25 32 50 7 11 30 26 18 27 4 14 46 21 22 35 10 28 40 39 3 16 43 15 13 9 37 47 6 49 33 42 8 17 36 20 44 48 45 31 5 12 19 34 

Inst_Index:2118 	 City_Num:50 	 Concorde:5.608612 	 MCTS:5.608612 Improve:0.000000 	 Time:3.76 Seconds
Solution: 1 29 39 9 14 3 16 34 8 13 11 35 48 25 37 38 44 33 12 2 42 43 30 4 6 22 24 31 41 28 46 15 10 47 23 32 19 17 27 7 50 26 40 36 45 20 21 49 5 18 

Inst_Index:2119 	 City_Num:50 	 Concorde:5.440289 	 MCTS:5.437452 Improve:0.002837 	 Time:3.77 Seconds
Solution: 1 35 22 2 17 15 3 39 36 9 41 12 45 44 33 4 46 5 19 26 43 32 50 7 24 38 25 40 21 48 11 6 27 28 10 31 30 47 42 13 16 29 23 37 14 20 49 34 18 8 

Inst_Index:2120 	 City_Num:50 	 Concorde:5.666326 	 MCTS:5.666326 Improve:-0.000000 	 Time:3.76 Seconds
Solution: 1 42 32 36 22 48 43 12 5 19 4 7 18 13 17 45 23 50 21 30 44 35 28 8 25 39 34 15 47 46 29 14 3 27 16 40 49 2 33 20 10 41 11 9 6 26 38 31 37 24 

Inst_Index:2121 	 City_Num:50 	 Concorde:5.366127 	 MCTS:5.365402 Improve:0.000726 	 Time:3.77 Seconds
Solution: 1 31 30 49 18 5 50 9 46 45 20 33 7 35 22 47 19 34 36 21 16 40 6 41 14 13 27 17 2 10 38 4 11 28 42 39 15 3 37 29 48 25 12 23 8 26 32 24 44 43 

Inst_Index:2122 	 City_Num:50 	 Concorde:6.014833 	 MCTS:6.014833 Improve:-0.000000 	 Time:3.75 Seconds
Solution: 1 44 47 41 21 19 10 30 8 37 15 7 38 36 24 18 9 49 40 48 27 28 2 43 5 22 42 50 12 26 4 46 35 16 33 45 20 32 13 29 3 39 34 14 31 23 25 17 6 11 

Inst_Index:2123 	 City_Num:50 	 Concorde:5.595638 	 MCTS:5.595638 Improve:-0.000000 	 Time:3.76 Seconds
Solution: 1 25 20 50 48 40 3 29 32 28 38 19 39 44 9 26 10 21 43 15 37 5 46 24 35 12 18 6 42 2 16 34 41 30 49 17 22 23 47 31 11 8 36 13 7 45 14 4 27 33 

Inst_Index:2124 	 City_Num:50 	 Concorde:5.639970 	 MCTS:5.639970 Improve:0.000000 	 Time:3.76 Seconds
Solution: 1 11 12 23 37 5 50 16 22 18 29 46 30 17 7 10 33 41 40 2 39 13 24 20 47 15 25 8 4 27 3 43 19 34 9 31 45 6 44 38 48 28 32 14 35 49 21 26 36 42 

Inst_Index:2125 	 City_Num:50 	 Concorde:5.337195 	 MCTS:5.337195 Improve:0.000000 	 Time:3.76 Seconds
Solution: 1 17 31 20 48 34 27 49 50 7 43 32 28 6 3 33 35 44 47 21 45 18 11 5 36 22 37 39 42 38 24 2 4 16 26 12 15 29 41 25 30 9 10 14 13 19 40 46 8 23 

Inst_Index:2126 	 City_Num:50 	 Concorde:5.621201 	 MCTS:5.619598 Improve:0.001603 	 Time:3.76 Seconds
Solution: 1 12 22 13 34 25 29 20 33 37 30 40 48 31 27 6 17 26 36 14 23 38 46 32 41 42 28 43 16 15 19 49 44 10 2 11 4 47 5 39 7 9 3 35 21 24 8 18 50 45 

Inst_Index:2127 	 City_Num:50 	 Concorde:5.546185 	 MCTS:5.546185 Improve:0.000000 	 Time:3.75 Seconds
Solution: 1 16 28 39 47 48 12 10 32 36 5 6 23 18 19 20 21 2 27 29 8 45 25 38 22 41 44 37 13 7 43 40 9 4 24 15 35 17 3 14 11 33 42 34 46 30 49 26 31 50 

Inst_Index:2128 	 City_Num:50 	 Concorde:5.395508 	 MCTS:5.395508 Improve:-0.000000 	 Time:3.75 Seconds
Solution: 1 26 27 48 23 33 5 46 28 4 24 36 38 37 47 6 11 10 32 16 20 34 17 43 14 25 19 8 50 21 44 40 9 13 12 22 49 3 31 35 41 29 18 2 30 42 7 45 39 15 

Inst_Index:2129 	 City_Num:50 	 Concorde:5.684251 	 MCTS:5.677047 Improve:0.007203 	 Time:3.77 Seconds
Solution: 1 34 7 4 31 30 22 20 8 50 9 28 32 37 39 11 29 27 45 16 14 23 41 24 26 15 49 36 19 12 38 43 47 44 21 35 17 5 3 46 48 40 2 42 13 6 33 25 10 18 

Inst_Index:2130 	 City_Num:50 	 Concorde:6.498561 	 MCTS:6.490886 Improve:0.007676 	 Time:3.76 Seconds
Solution: 1 18 4 45 34 6 17 46 28 20 42 40 11 43 30 32 39 33 8 50 48 49 15 27 12 24 13 19 41 3 21 36 5 37 38 31 35 26 25 16 7 44 22 14 2 29 47 23 9 10 

Inst_Index:2131 	 City_Num:50 	 Concorde:5.536928 	 MCTS:5.536928 Improve:-0.000000 	 Time:3.75 Seconds
Solution: 1 29 40 50 38 43 4 3 21 26 17 32 28 2 11 19 27 14 6 47 12 39 34 48 46 8 49 22 9 42 10 45 15 7 5 25 23 36 41 31 33 13 20 16 37 35 44 18 30 24 

Inst_Index:2132 	 City_Num:50 	 Concorde:5.544927 	 MCTS:5.542697 Improve:0.002230 	 Time:3.76 Seconds
Solution: 1 5 33 23 22 14 25 18 15 45 21 34 44 38 35 43 37 42 26 19 49 7 6 13 31 29 30 17 48 39 2 20 9 12 41 46 47 24 36 10 11 27 28 16 32 40 50 8 4 3 

Inst_Index:2133 	 City_Num:50 	 Concorde:5.753897 	 MCTS:5.753897 Improve:0.000000 	 Time:3.77 Seconds
Solution: 1 20 11 12 40 9 43 4 49 17 18 22 50 14 34 41 46 23 13 39 31 16 5 48 19 25 3 37 29 21 6 2 33 10 26 24 45 32 42 15 44 27 7 47 28 38 35 30 8 36 

Inst_Index:2134 	 City_Num:50 	 Concorde:5.186195 	 MCTS:5.186195 Improve:0.000000 	 Time:3.77 Seconds
Solution: 1 10 29 5 26 21 39 34 32 15 13 3 38 18 23 19 40 48 24 28 2 11 20 27 36 12 14 46 6 17 37 47 25 33 41 31 4 50 9 42 8 35 7 30 22 43 44 49 16 45 

Inst_Index:2135 	 City_Num:50 	 Concorde:5.888481 	 MCTS:5.888481 Improve:0.000000 	 Time:3.76 Seconds
Solution: 1 11 25 14 41 5 34 49 44 18 30 32 17 42 24 16 21 8 26 20 12 35 13 22 10 43 31 38 36 27 9 19 15 28 7 2 46 47 45 40 3 6 39 48 4 23 50 29 37 33 

Inst_Index:2136 	 City_Num:50 	 Concorde:5.835593 	 MCTS:5.834398 Improve:0.001195 	 Time:3.76 Seconds
Solution: 1 16 34 3 22 50 30 26 43 29 2 36 42 46 37 25 24 28 40 10 11 12 44 23 15 17 48 8 20 18 32 47 5 7 41 6 45 4 13 21 33 38 27 19 14 39 9 31 35 49 

Inst_Index:2137 	 City_Num:50 	 Concorde:5.146174 	 MCTS:5.143327 Improve:0.002847 	 Time:3.76 Seconds
Solution: 1 35 32 45 18 41 11 50 19 27 38 5 20 48 29 6 49 15 47 37 33 23 28 2 46 8 14 24 7 26 9 30 44 16 22 17 12 36 34 10 3 13 39 43 40 31 21 25 42 4 

Inst_Index:2138 	 City_Num:50 	 Concorde:6.125311 	 MCTS:6.125311 Improve:-0.000000 	 Time:3.76 Seconds
Solution: 1 26 41 48 18 3 35 39 37 50 24 7 34 47 30 4 12 32 33 6 23 2 14 27 16 29 21 5 22 42 46 13 36 25 45 11 17 8 49 28 31 38 9 19 10 40 15 43 20 44 

Inst_Index:2139 	 City_Num:50 	 Concorde:5.766804 	 MCTS:5.766804 Improve:-0.000000 	 Time:3.76 Seconds
Solution: 1 13 19 11 48 21 50 14 39 3 35 17 27 23 25 4 46 28 33 38 20 34 2 12 6 9 5 30 41 24 18 42 15 40 16 32 22 36 44 43 31 47 29 10 49 45 26 8 37 7 

Inst_Index:2140 	 City_Num:50 	 Concorde:5.641183 	 MCTS:5.641146 Improve:0.000037 	 Time:3.75 Seconds
Solution: 1 38 17 23 4 9 29 14 3 6 47 41 37 25 30 50 49 32 24 35 33 19 15 7 26 13 43 12 20 21 2 39 8 36 42 44 46 10 27 5 48 11 16 45 31 22 28 18 34 40 

Inst_Index:2141 	 City_Num:50 	 Concorde:5.746134 	 MCTS:5.746134 Improve:-0.000000 	 Time:3.76 Seconds
Solution: 1 28 10 38 15 34 42 11 37 39 13 20 40 19 31 3 43 8 29 46 49 21 2 25 6 35 44 50 7 23 5 4 18 36 24 30 27 12 17 9 47 14 41 48 33 26 16 32 45 22 

Inst_Index:2142 	 City_Num:50 	 Concorde:5.890313 	 MCTS:5.890313 Improve:-0.000000 	 Time:3.75 Seconds
Solution: 1 39 21 14 23 12 2 44 26 47 49 42 40 30 5 34 32 10 29 6 45 24 25 41 16 7 38 20 3 46 31 35 27 43 13 19 15 8 17 9 28 4 48 33 18 36 37 11 50 22 

Inst_Index:2143 	 City_Num:50 	 Concorde:5.502373 	 MCTS:5.502373 Improve:0.000000 	 Time:3.76 Seconds
Solution: 1 23 13 8 19 22 3 11 24 25 41 39 2 43 6 49 40 5 50 31 45 48 16 26 33 38 12 15 37 36 9 34 46 28 14 27 47 18 35 30 21 32 29 10 7 20 4 42 44 17 

Inst_Index:2144 	 City_Num:50 	 Concorde:5.702025 	 MCTS:5.702025 Improve:0.000000 	 Time:3.76 Seconds
Solution: 1 10 7 42 23 16 24 30 11 35 33 32 46 43 29 36 5 39 13 45 21 4 26 27 8 14 2 17 3 19 40 25 44 38 28 22 15 18 41 37 9 49 12 47 50 20 31 48 34 6 

Inst_Index:2145 	 City_Num:50 	 Concorde:5.490126 	 MCTS:5.487582 Improve:0.002544 	 Time:3.76 Seconds
Solution: 1 41 11 20 37 46 5 4 14 50 30 34 35 13 23 6 10 43 49 33 16 8 29 39 27 17 32 28 38 15 9 21 24 22 42 40 3 25 18 12 47 44 48 31 7 45 19 26 36 2 

Inst_Index:2146 	 City_Num:50 	 Concorde:5.777781 	 MCTS:5.777781 Improve:-0.000000 	 Time:3.75 Seconds
Solution: 1 15 31 18 45 43 50 21 46 20 9 4 34 41 39 22 42 5 24 27 40 10 44 35 16 8 19 26 49 48 29 3 14 23 36 12 6 25 2 7 47 32 37 17 33 13 30 11 38 28 

Inst_Index:2147 	 City_Num:50 	 Concorde:5.167677 	 MCTS:5.163757 Improve:0.003919 	 Time:3.77 Seconds
Solution: 1 45 2 32 16 48 49 8 6 3 25 10 34 18 29 43 22 27 42 12 23 36 4 40 9 11 47 14 30 37 17 39 5 24 19 46 26 41 15 44 38 31 35 28 21 13 33 50 7 20 

Inst_Index:2148 	 City_Num:50 	 Concorde:5.674369 	 MCTS:5.672725 Improve:0.001644 	 Time:3.76 Seconds
Solution: 1 28 15 23 46 17 34 11 26 21 36 4 41 22 19 25 47 37 12 43 2 3 6 24 31 44 20 29 48 45 13 49 50 27 16 9 5 18 39 42 32 7 38 8 30 14 35 33 40 10 

Inst_Index:2149 	 City_Num:50 	 Concorde:5.446090 	 MCTS:5.444214 Improve:0.001876 	 Time:3.76 Seconds
Solution: 1 42 40 9 31 21 23 18 26 20 27 50 22 47 28 5 2 15 4 29 37 12 36 44 17 6 14 3 11 16 30 32 24 39 8 48 33 19 34 49 35 38 43 7 45 13 25 46 10 41 

Inst_Index:2150 	 City_Num:50 	 Concorde:5.281338 	 MCTS:5.281338 Improve:0.000000 	 Time:3.76 Seconds
Solution: 1 40 4 13 46 47 27 16 7 32 6 8 25 11 50 49 15 33 31 14 43 41 24 34 12 2 30 22 10 5 26 29 21 42 38 28 44 20 36 9 17 23 19 3 37 45 18 35 39 48 

Inst_Index:2151 	 City_Num:50 	 Concorde:5.127814 	 MCTS:5.124807 Improve:0.003007 	 Time:3.76 Seconds
Solution: 1 37 7 49 21 24 39 15 31 18 26 33 11 27 32 36 30 41 2 28 22 9 20 5 23 29 17 4 34 46 13 44 6 40 42 47 25 19 38 8 43 3 12 16 10 35 14 48 45 50 

Inst_Index:2152 	 City_Num:50 	 Concorde:5.724672 	 MCTS:5.724672 Improve:-0.000000 	 Time:3.75 Seconds
Solution: 1 37 4 7 38 46 34 41 26 42 9 45 31 27 18 28 24 32 5 23 43 20 35 49 13 16 40 33 2 15 3 30 14 19 10 47 29 17 11 22 50 39 8 48 12 21 36 6 25 44 

Inst_Index:2153 	 City_Num:50 	 Concorde:5.557125 	 MCTS:5.556417 Improve:0.000708 	 Time:3.76 Seconds
Solution: 1 46 45 5 39 7 20 11 19 48 49 12 24 33 14 13 8 41 35 4 2 6 42 36 37 15 32 16 26 18 28 10 23 27 21 43 29 17 38 40 31 50 44 9 3 30 47 22 34 25 

Inst_Index:2154 	 City_Num:50 	 Concorde:5.631915 	 MCTS:5.631915 Improve:0.000000 	 Time:3.76 Seconds
Solution: 1 6 17 40 42 26 19 22 18 45 47 35 2 25 27 15 16 3 44 23 43 34 33 5 13 30 31 9 32 37 49 4 29 20 46 39 10 21 36 41 48 28 50 14 24 8 7 12 11 38 

Inst_Index:2155 	 City_Num:50 	 Concorde:5.815544 	 MCTS:5.815544 Improve:-0.000000 	 Time:3.78 Seconds
Solution: 1 39 26 37 41 50 22 49 44 16 2 36 24 5 12 34 21 29 4 30 8 31 32 40 48 25 17 38 13 15 14 3 10 28 46 11 9 35 27 43 33 18 7 6 19 23 47 45 20 42 

Inst_Index:2156 	 City_Num:50 	 Concorde:5.896677 	 MCTS:5.896677 Improve:0.000000 	 Time:3.76 Seconds
Solution: 1 50 4 7 17 28 36 44 11 19 26 14 43 31 35 41 49 23 48 18 38 20 3 37 42 22 24 10 45 30 12 15 27 46 16 29 34 25 9 32 8 13 6 47 33 21 39 40 5 2 

Inst_Index:2157 	 City_Num:50 	 Concorde:5.887615 	 MCTS:5.887615 Improve:0.000000 	 Time:3.76 Seconds
Solution: 1 16 21 25 48 41 33 19 9 13 14 15 30 45 49 26 4 40 22 39 29 47 36 42 6 10 8 43 12 35 2 28 17 20 18 38 32 23 31 5 7 46 50 24 44 3 11 27 37 34 

Inst_Index:2158 	 City_Num:50 	 Concorde:5.801847 	 MCTS:5.801847 Improve:-0.000000 	 Time:3.76 Seconds
Solution: 1 42 21 32 14 19 18 7 12 41 43 35 30 50 26 38 34 3 40 31 27 39 46 17 25 36 11 16 5 45 13 22 20 28 23 24 4 48 10 49 8 15 33 47 37 9 2 44 29 6 

Inst_Index:2159 	 City_Num:50 	 Concorde:5.536704 	 MCTS:5.536704 Improve:-0.000000 	 Time:3.75 Seconds
Solution: 1 39 14 37 48 12 49 42 20 10 28 30 47 11 50 44 8 13 32 36 9 15 24 40 4 29 26 31 6 43 46 17 34 3 45 21 2 22 35 7 23 18 38 33 25 5 27 16 41 19 

Inst_Index:2160 	 City_Num:50 	 Concorde:5.715056 	 MCTS:5.715056 Improve:0.000000 	 Time:3.75 Seconds
Solution: 1 33 28 44 23 39 4 26 15 35 36 11 29 20 47 9 30 18 46 21 37 27 31 14 2 49 43 40 13 16 45 42 6 10 25 24 3 34 5 48 8 41 7 32 19 17 12 38 50 22 

Inst_Index:2161 	 City_Num:50 	 Concorde:5.472324 	 MCTS:5.469990 Improve:0.002334 	 Time:3.76 Seconds
Solution: 1 49 12 25 38 18 44 20 7 47 43 29 23 32 9 16 28 30 10 36 45 11 17 4 50 27 34 3 14 42 46 41 5 6 26 40 22 39 33 13 31 2 37 35 19 21 24 15 8 48 

Inst_Index:2162 	 City_Num:50 	 Concorde:5.694105 	 MCTS:5.694105 Improve:0.000000 	 Time:3.76 Seconds
Solution: 1 30 44 25 45 38 50 14 21 19 29 31 4 15 42 24 6 20 40 3 12 43 23 41 32 28 16 18 2 22 46 36 48 10 9 47 39 27 11 8 33 17 34 5 49 35 7 37 13 26 

Inst_Index:2163 	 City_Num:50 	 Concorde:6.177350 	 MCTS:6.173293 Improve:0.004057 	 Time:3.75 Seconds
Solution: 1 41 33 38 37 44 48 5 36 8 35 19 42 21 30 6 7 39 32 23 11 25 10 22 47 29 2 15 40 20 49 4 50 9 43 34 31 13 26 17 18 45 16 28 27 46 14 24 3 12 

Inst_Index:2164 	 City_Num:50 	 Concorde:5.658112 	 MCTS:5.655805 Improve:0.002307 	 Time:3.75 Seconds
Solution: 1 18 16 36 28 23 42 43 46 17 27 33 4 40 29 26 44 13 15 8 32 11 21 22 41 25 39 14 5 3 50 2 48 49 47 34 30 31 7 12 24 19 38 20 9 45 10 6 37 35 

Inst_Index:2165 	 City_Num:50 	 Concorde:5.554549 	 MCTS:5.547160 Improve:0.007389 	 Time:3.78 Seconds
Solution: 1 5 16 25 36 48 34 46 3 45 19 12 7 20 27 8 40 35 41 15 14 38 9 33 22 43 10 42 13 11 26 21 37 18 30 49 31 4 23 2 17 44 28 47 32 39 24 29 50 6 

Inst_Index:2166 	 City_Num:50 	 Concorde:5.803249 	 MCTS:5.791574 Improve:0.011675 	 Time:3.77 Seconds
Solution: 1 29 4 26 36 50 13 43 35 41 38 6 5 15 11 25 37 30 28 23 12 14 9 49 33 7 46 24 39 47 3 22 18 19 34 21 45 2 16 31 8 40 44 32 17 42 10 20 27 48 

Inst_Index:2167 	 City_Num:50 	 Concorde:5.088550 	 MCTS:5.088550 Improve:0.000000 	 Time:3.76 Seconds
Solution: 1 40 46 11 9 32 24 4 14 6 19 36 2 41 34 17 38 27 22 5 10 50 23 28 33 12 31 18 20 21 26 37 43 35 15 3 8 48 47 30 44 13 49 45 7 29 16 25 42 39 

Inst_Index:2168 	 City_Num:50 	 Concorde:5.634818 	 MCTS:5.634818 Improve:0.000000 	 Time:3.77 Seconds
Solution: 1 14 10 32 49 35 38 34 7 16 13 11 42 6 26 43 8 9 17 50 27 22 39 21 3 24 44 4 37 45 15 2 23 46 36 41 28 33 20 29 31 48 12 19 18 5 47 40 25 30 

Inst_Index:2169 	 City_Num:50 	 Concorde:5.330544 	 MCTS:5.330544 Improve:0.000000 	 Time:3.76 Seconds
Solution: 1 14 40 32 43 29 44 28 16 46 8 49 34 15 11 2 47 13 39 21 4 38 45 10 9 24 27 36 3 7 12 25 26 35 37 17 22 20 42 50 19 18 33 31 5 30 23 6 41 48 

Inst_Index:2170 	 City_Num:50 	 Concorde:5.468669 	 MCTS:5.468669 Improve:0.000000 	 Time:3.76 Seconds
Solution: 1 29 45 16 23 35 21 10 24 38 49 2 17 22 18 26 5 44 3 33 4 7 40 25 11 43 42 30 9 36 47 32 48 15 46 28 14 39 50 37 6 19 41 20 27 31 8 12 13 34 

Inst_Index:2171 	 City_Num:50 	 Concorde:5.546442 	 MCTS:5.542717 Improve:0.003725 	 Time:3.77 Seconds
Solution: 1 37 40 46 14 15 12 24 27 16 42 48 13 50 31 34 26 8 47 41 43 11 36 6 3 29 28 7 23 38 9 30 18 17 33 4 49 32 19 21 25 2 39 5 45 35 20 44 10 22 

Inst_Index:2172 	 City_Num:50 	 Concorde:5.288550 	 MCTS:5.286186 Improve:0.002364 	 Time:3.77 Seconds
Solution: 1 20 19 10 50 41 32 42 26 12 9 29 25 21 24 28 15 4 27 33 22 13 35 16 8 36 34 23 11 37 2 39 30 48 18 7 43 44 49 17 3 46 5 45 6 40 38 47 31 14 

Inst_Index:2173 	 City_Num:50 	 Concorde:5.913907 	 MCTS:5.913907 Improve:-0.000000 	 Time:3.77 Seconds
Solution: 1 29 33 3 11 49 20 18 44 50 36 5 16 45 42 35 12 38 48 34 32 23 24 30 28 4 17 47 40 6 26 21 14 46 10 39 41 37 9 22 8 2 31 43 15 25 19 27 7 13 

Inst_Index:2174 	 City_Num:50 	 Concorde:5.668977 	 MCTS:5.666272 Improve:0.002705 	 Time:3.76 Seconds
Solution: 1 45 49 14 29 31 10 30 25 35 19 20 3 37 34 13 7 33 24 27 28 50 6 16 5 47 41 21 18 26 15 40 11 38 48 36 8 22 2 4 12 44 39 9 17 42 23 32 43 46 

Inst_Index:2175 	 City_Num:50 	 Concorde:5.495868 	 MCTS:5.495868 Improve:0.000000 	 Time:3.76 Seconds
Solution: 1 24 12 31 32 33 6 17 48 47 21 30 3 42 20 9 37 28 8 50 23 10 43 29 35 25 49 41 39 18 22 11 36 4 45 16 46 19 26 38 34 40 27 2 44 7 5 15 14 13 

Inst_Index:2176 	 City_Num:50 	 Concorde:5.586489 	 MCTS:5.581264 Improve:0.005225 	 Time:3.76 Seconds
Solution: 1 35 13 30 4 8 21 41 3 24 40 47 16 20 6 18 9 38 46 27 5 25 45 36 10 17 2 28 48 15 44 14 49 32 34 33 37 26 31 12 22 42 43 39 50 23 29 19 7 11 

Inst_Index:2177 	 City_Num:50 	 Concorde:5.768462 	 MCTS:5.768051 Improve:0.000411 	 Time:3.76 Seconds
Solution: 1 34 27 28 45 10 24 5 18 3 11 36 20 29 19 44 38 30 22 41 15 2 21 31 13 6 39 49 23 32 12 17 35 50 9 4 33 25 46 26 48 14 47 42 37 7 8 16 40 43 

Inst_Index:2178 	 City_Num:50 	 Concorde:6.195809 	 MCTS:6.195809 Improve:0.000000 	 Time:3.76 Seconds
Solution: 1 17 38 27 48 36 9 33 14 37 19 49 5 20 29 18 26 4 30 8 41 24 43 7 13 25 2 23 10 35 12 21 44 6 11 45 3 40 50 22 31 28 47 46 42 39 15 16 32 34 

Inst_Index:2179 	 City_Num:50 	 Concorde:5.224853 	 MCTS:5.224853 Improve:0.000000 	 Time:3.76 Seconds
Solution: 1 18 29 17 24 23 14 25 38 40 7 13 26 8 19 36 6 20 45 16 10 15 30 48 35 47 44 28 50 34 39 43 3 32 11 5 27 41 46 42 33 9 2 37 49 12 4 22 21 31 

Inst_Index:2180 	 City_Num:50 	 Concorde:5.639078 	 MCTS:5.639078 Improve:0.000000 	 Time:3.77 Seconds
Solution: 1 7 8 34 17 25 11 42 10 36 5 29 32 6 41 24 20 18 44 43 31 9 47 3 14 37 15 22 46 23 38 50 27 21 48 12 2 40 33 49 30 28 19 13 26 35 4 39 45 16 

Inst_Index:2181 	 City_Num:50 	 Concorde:5.890689 	 MCTS:5.890689 Improve:0.000000 	 Time:3.77 Seconds
Solution: 1 36 15 30 45 8 14 31 40 12 21 5 50 48 20 7 3 27 18 13 47 9 6 29 42 4 23 26 11 44 2 10 28 24 39 38 41 32 46 33 49 34 16 35 17 37 25 43 19 22 

Inst_Index:2182 	 City_Num:50 	 Concorde:5.651310 	 MCTS:5.651310 Improve:0.000000 	 Time:3.77 Seconds
Solution: 1 14 17 50 40 38 10 47 26 15 46 32 5 20 48 33 21 24 7 31 13 25 34 41 28 11 39 8 2 22 23 12 36 3 42 4 44 19 45 18 16 29 37 35 43 9 30 27 6 49 

Inst_Index:2183 	 City_Num:50 	 Concorde:5.803774 	 MCTS:5.803774 Improve:0.000000 	 Time:3.76 Seconds
Solution: 1 44 5 36 50 17 45 34 46 20 15 42 16 39 14 31 28 35 25 30 10 41 23 37 4 48 6 47 43 29 49 2 18 9 22 12 3 26 7 32 8 11 38 19 27 40 24 33 13 21 

Inst_Index:2184 	 City_Num:50 	 Concorde:5.836766 	 MCTS:5.836766 Improve:-0.000000 	 Time:3.76 Seconds
Solution: 1 22 41 44 3 30 5 49 28 11 39 35 43 42 34 25 19 37 7 45 38 6 24 9 27 8 48 29 10 4 21 50 36 40 20 46 31 26 2 12 18 47 32 16 14 17 13 15 23 33 

Inst_Index:2185 	 City_Num:50 	 Concorde:5.725742 	 MCTS:5.725742 Improve:0.000000 	 Time:3.78 Seconds
Solution: 1 13 23 15 11 34 48 36 16 20 44 32 38 5 49 28 17 46 8 9 31 12 50 29 43 39 33 27 4 25 41 19 40 2 26 42 35 7 45 3 6 37 47 14 22 21 10 24 18 30 

Inst_Index:2186 	 City_Num:50 	 Concorde:5.506483 	 MCTS:5.506483 Improve:0.000000 	 Time:3.77 Seconds
Solution: 1 9 14 16 12 21 17 6 2 32 7 49 15 11 42 44 47 27 35 10 5 33 43 41 19 24 28 22 38 3 46 4 31 50 37 34 36 48 30 45 8 18 25 13 39 26 20 23 29 40 

Inst_Index:2187 	 City_Num:50 	 Concorde:5.855563 	 MCTS:5.855563 Improve:0.000000 	 Time:3.77 Seconds
Solution: 1 10 27 33 35 38 23 32 16 8 41 22 20 26 48 11 34 17 18 31 30 5 3 24 19 9 42 46 50 12 39 43 29 2 37 7 14 36 4 45 49 40 6 15 44 21 25 13 28 47 

Inst_Index:2188 	 City_Num:50 	 Concorde:5.718822 	 MCTS:5.718822 Improve:-0.000000 	 Time:3.76 Seconds
Solution: 1 46 49 34 33 18 32 12 22 29 40 37 23 25 14 43 30 41 19 31 15 36 11 26 6 48 2 47 7 45 5 27 35 38 9 24 21 4 10 17 20 50 13 16 8 42 28 39 44 3 

Inst_Index:2189 	 City_Num:50 	 Concorde:5.431878 	 MCTS:5.431878 Improve:-0.000000 	 Time:3.76 Seconds
Solution: 1 36 34 17 22 25 2 4 35 38 31 50 32 5 43 33 8 10 39 24 3 44 18 45 49 14 16 7 20 41 37 11 29 30 12 47 9 28 23 46 19 15 42 27 6 13 40 26 48 21 

Inst_Index:2190 	 City_Num:50 	 Concorde:5.668425 	 MCTS:5.665651 Improve:0.002774 	 Time:3.76 Seconds
Solution: 1 33 30 18 6 41 29 44 50 8 49 20 26 19 23 7 46 35 12 34 45 21 3 38 10 39 22 48 9 24 37 40 14 25 2 16 43 31 17 42 47 15 13 11 36 28 5 27 4 32 

Inst_Index:2191 	 City_Num:50 	 Concorde:5.841776 	 MCTS:5.836182 Improve:0.005594 	 Time:3.76 Seconds
Solution: 1 23 30 17 18 35 10 44 19 45 32 9 12 43 37 31 28 26 25 38 3 42 20 33 7 2 36 15 50 21 6 8 40 48 4 14 24 47 41 46 5 16 34 49 22 27 11 29 39 13 


Avg_Concorde_Distance: 5.679001 Avg_MCTS_Distance: 5.677801 Avg_Gap: -0.000211 Total_Time: 1178.15 Seconds 
 Beat_Best_Known_Times: 118 Match_Best_Known_Times: 195 Miss_Best_Known_Times: 0 
