Number_of_Instances_In_Current_Batch: 313

Inst_Index:4070 	 City_Num:50 	 Concorde:5.196402 	 MCTS:5.196402 Improve:-0.000000 	 Time:3.76 Seconds
Solution: 1 27 29 50 22 8 2 40 3 32 26 9 28 18 4 13 36 33 16 17 30 12 45 20 47 37 34 38 5 11 15 43 23 31 24 49 35 25 19 44 39 10 7 48 6 42 21 41 14 46 

Inst_Index:4071 	 City_Num:50 	 Concorde:5.389846 	 MCTS:5.389207 Improve:0.000639 	 Time:3.76 Seconds
Solution: 1 10 44 48 43 33 3 5 12 7 27 42 41 35 30 6 49 47 36 19 2 20 40 23 14 31 25 38 17 11 13 15 46 8 21 22 37 45 50 32 4 34 28 24 16 18 9 26 39 29 

Inst_Index:4072 	 City_Num:50 	 Concorde:5.522175 	 MCTS:5.517068 Improve:0.005107 	 Time:3.75 Seconds
Solution: 1 35 17 29 43 41 4 45 39 46 44 40 8 33 2 28 23 19 31 13 49 42 32 36 48 15 22 7 12 14 50 3 16 27 9 5 11 34 38 37 21 30 26 18 20 47 24 25 10 6 

Inst_Index:4073 	 City_Num:50 	 Concorde:5.771257 	 MCTS:5.771257 Improve:0.000000 	 Time:3.76 Seconds
Solution: 1 25 18 12 47 43 14 31 41 7 24 30 26 35 8 36 27 50 3 46 10 40 21 45 28 34 16 17 6 29 49 38 33 13 19 15 39 11 4 5 32 2 23 42 22 20 48 37 9 44 

Inst_Index:4074 	 City_Num:50 	 Concorde:5.780049 	 MCTS:5.780049 Improve:0.000000 	 Time:3.76 Seconds
Solution: 1 9 8 11 25 23 15 7 42 22 43 39 6 24 3 46 28 14 37 40 50 29 13 32 47 27 18 31 5 16 17 30 26 35 36 34 48 44 2 20 4 33 10 19 12 38 49 21 45 41 

Inst_Index:4075 	 City_Num:50 	 Concorde:5.723408 	 MCTS:5.718041 Improve:0.005366 	 Time:3.75 Seconds
Solution: 1 16 47 15 31 17 50 36 2 40 43 29 20 21 12 42 7 48 46 3 28 34 5 22 30 24 44 37 10 26 23 38 25 32 6 45 8 35 4 13 14 9 39 27 49 19 18 41 11 33 

Inst_Index:4076 	 City_Num:50 	 Concorde:5.779279 	 MCTS:5.779279 Improve:-0.000000 	 Time:3.76 Seconds
Solution: 1 37 2 30 42 38 16 46 11 50 44 49 33 26 35 23 19 13 14 18 48 45 6 9 32 40 17 28 39 43 24 34 3 12 29 5 21 4 36 47 25 22 20 31 41 7 8 27 15 10 

Inst_Index:4077 	 City_Num:50 	 Concorde:5.749299 	 MCTS:5.749299 Improve:0.000000 	 Time:3.76 Seconds
Solution: 1 24 40 36 37 22 47 5 25 26 12 8 17 28 34 44 46 18 49 27 7 42 38 4 6 2 10 16 50 21 30 31 14 29 39 23 3 13 32 35 20 11 15 43 19 33 45 48 9 41 

Inst_Index:4078 	 City_Num:50 	 Concorde:5.417589 	 MCTS:5.417589 Improve:0.000000 	 Time:3.76 Seconds
Solution: 1 44 43 17 36 41 2 38 22 37 40 35 15 34 13 21 5 6 48 29 18 42 49 10 23 33 45 30 39 28 14 20 3 9 25 4 12 27 24 31 7 46 16 47 26 32 11 50 19 8 

Inst_Index:4079 	 City_Num:50 	 Concorde:6.146320 	 MCTS:6.146320 Improve:0.000000 	 Time:3.76 Seconds
Solution: 1 15 5 4 40 36 38 24 39 46 43 49 6 11 19 14 41 8 28 25 12 13 29 48 2 45 18 35 22 50 47 3 16 10 37 26 33 21 7 30 31 44 42 20 27 17 23 34 32 9 

Inst_Index:4080 	 City_Num:50 	 Concorde:5.693821 	 MCTS:5.693821 Improve:-0.000000 	 Time:3.76 Seconds
Solution: 1 10 21 29 43 49 5 45 35 30 27 33 6 4 11 20 41 32 47 48 34 44 26 23 46 14 36 42 8 3 2 39 12 31 24 17 50 22 37 19 9 38 18 40 7 15 28 16 25 13 

Inst_Index:4081 	 City_Num:50 	 Concorde:5.715742 	 MCTS:5.715742 Improve:0.000000 	 Time:3.75 Seconds
Solution: 1 33 20 18 16 50 43 48 36 5 11 39 6 32 42 45 35 37 7 19 8 28 27 46 23 47 22 3 2 10 41 38 30 12 14 49 17 29 4 40 25 26 24 21 44 13 9 15 31 34 

Inst_Index:4082 	 City_Num:50 	 Concorde:5.599528 	 MCTS:5.596273 Improve:0.003255 	 Time:3.77 Seconds
Solution: 1 34 9 12 21 48 39 4 31 43 38 8 14 24 46 11 20 40 22 50 19 41 36 25 35 13 3 15 37 16 29 6 32 17 49 5 33 28 26 27 42 23 18 47 30 10 44 7 2 45 

Inst_Index:4083 	 City_Num:50 	 Concorde:5.484598 	 MCTS:5.484598 Improve:-0.000000 	 Time:3.75 Seconds
Solution: 1 38 48 33 41 15 49 3 31 43 35 21 9 24 11 32 39 2 42 13 28 27 14 25 47 30 45 50 6 20 10 36 8 26 44 4 7 12 46 18 17 19 40 23 29 5 34 37 22 16 

Inst_Index:4084 	 City_Num:50 	 Concorde:6.025368 	 MCTS:6.022808 Improve:0.002561 	 Time:3.78 Seconds
Solution: 1 15 18 20 3 47 45 7 38 34 13 29 41 24 28 33 49 37 16 31 50 40 4 22 39 30 32 35 9 5 43 6 10 44 36 26 25 14 8 17 46 23 48 12 27 11 21 2 19 42 

Inst_Index:4085 	 City_Num:50 	 Concorde:5.406932 	 MCTS:5.402032 Improve:0.004901 	 Time:3.77 Seconds
Solution: 1 50 3 22 9 5 14 10 4 42 8 11 2 12 46 30 38 39 21 40 32 27 45 24 44 47 31 20 26 15 49 25 33 29 28 13 19 17 7 35 23 43 6 41 36 18 48 34 16 37 

Inst_Index:4086 	 City_Num:50 	 Concorde:5.774367 	 MCTS:5.765890 Improve:0.008476 	 Time:3.75 Seconds
Solution: 1 41 40 15 35 10 29 17 28 46 14 38 48 26 9 22 3 49 34 47 11 21 37 7 43 12 42 8 20 2 19 39 24 27 18 45 36 5 31 50 33 16 6 23 32 25 30 44 13 4 

Inst_Index:4087 	 City_Num:50 	 Concorde:5.639736 	 MCTS:5.631847 Improve:0.007889 	 Time:3.77 Seconds
Solution: 1 19 8 28 37 39 18 27 38 45 48 10 36 20 32 5 40 31 13 11 2 50 35 43 6 41 26 4 16 23 42 15 22 30 24 34 46 3 9 47 29 33 44 25 21 14 49 17 7 12 

Inst_Index:4088 	 City_Num:50 	 Concorde:5.734709 	 MCTS:5.734709 Improve:0.000000 	 Time:3.76 Seconds
Solution: 1 27 3 23 36 39 24 45 43 11 44 41 33 29 47 37 50 13 35 31 2 34 5 46 48 16 25 15 40 17 30 42 10 12 19 38 7 20 4 9 49 22 18 21 8 6 14 26 28 32 

Inst_Index:4089 	 City_Num:50 	 Concorde:5.744436 	 MCTS:5.744436 Improve:0.000000 	 Time:3.76 Seconds
Solution: 1 17 33 41 31 14 46 9 2 13 22 34 8 50 11 49 27 45 5 40 19 32 4 25 24 39 44 16 15 48 7 6 18 21 23 35 36 30 29 43 47 12 38 42 37 20 28 10 26 3 

Inst_Index:4090 	 City_Num:50 	 Concorde:6.328683 	 MCTS:6.319960 Improve:0.008723 	 Time:3.76 Seconds
Solution: 1 30 44 50 22 14 4 18 29 34 13 16 32 5 28 27 40 21 48 17 19 11 20 38 12 15 41 46 25 36 10 3 37 7 26 45 39 43 49 33 6 2 35 31 8 9 24 23 47 42 

Inst_Index:4091 	 City_Num:50 	 Concorde:5.722848 	 MCTS:5.722848 Improve:-0.000000 	 Time:3.76 Seconds
Solution: 1 13 3 28 34 39 27 30 38 46 26 19 47 5 8 35 36 25 23 24 43 17 29 32 22 11 18 14 48 33 2 49 9 41 10 37 50 21 45 40 44 6 12 7 20 16 42 31 4 15 

Inst_Index:4092 	 City_Num:50 	 Concorde:5.654996 	 MCTS:5.654996 Improve:0.000000 	 Time:3.76 Seconds
Solution: 1 36 25 16 28 17 8 34 19 6 4 20 45 22 2 29 33 23 12 9 21 46 38 11 42 15 14 37 7 18 13 49 43 35 30 27 39 3 41 24 50 31 32 48 5 47 10 40 26 44 

Inst_Index:4093 	 City_Num:50 	 Concorde:5.801451 	 MCTS:5.801451 Improve:0.000000 	 Time:3.76 Seconds
Solution: 1 34 15 33 14 30 48 23 26 16 45 32 4 46 25 12 28 31 42 18 19 41 47 6 5 44 11 2 7 29 21 49 39 40 50 17 24 35 38 22 3 9 36 8 10 27 43 20 13 37 

Inst_Index:4094 	 City_Num:50 	 Concorde:5.579814 	 MCTS:5.576291 Improve:0.003523 	 Time:3.75 Seconds
Solution: 1 7 39 32 10 11 44 2 15 36 16 19 21 33 41 47 40 35 31 14 25 29 17 30 24 9 13 23 34 28 38 5 22 18 37 4 43 12 6 27 42 20 8 48 46 50 3 26 49 45 

Inst_Index:4095 	 City_Num:50 	 Concorde:5.622926 	 MCTS:5.621634 Improve:0.001291 	 Time:3.76 Seconds
Solution: 1 12 41 48 24 46 6 45 42 10 7 43 15 36 34 27 44 38 19 22 9 47 23 35 21 33 3 8 4 37 20 30 28 11 31 50 25 17 32 29 14 18 13 5 2 16 39 49 40 26 

Inst_Index:4096 	 City_Num:50 	 Concorde:5.628360 	 MCTS:5.628360 Improve:0.000000 	 Time:3.76 Seconds
Solution: 1 33 47 37 40 24 29 5 44 4 30 50 32 9 26 45 49 15 8 28 23 3 20 34 46 21 10 19 7 16 18 36 6 25 48 22 2 31 14 39 43 42 41 11 13 17 38 12 27 35 

Inst_Index:4097 	 City_Num:50 	 Concorde:5.756346 	 MCTS:5.754514 Improve:0.001832 	 Time:3.76 Seconds
Solution: 1 21 7 11 23 18 31 37 50 47 19 3 41 15 36 38 49 16 8 44 20 30 12 43 42 22 40 4 29 13 32 34 14 39 35 24 45 27 2 17 10 5 28 48 25 33 46 6 26 9 

Inst_Index:4098 	 City_Num:50 	 Concorde:5.413410 	 MCTS:5.413410 Improve:-0.000000 	 Time:3.76 Seconds
Solution: 1 17 41 4 10 49 46 20 33 8 37 43 34 15 36 30 7 42 5 29 26 47 39 12 50 21 19 28 23 35 40 13 22 3 6 48 2 27 45 11 32 24 44 31 18 9 14 25 38 16 

Inst_Index:4099 	 City_Num:50 	 Concorde:6.077583 	 MCTS:6.077583 Improve:-0.000000 	 Time:3.77 Seconds
Solution: 1 13 27 24 48 47 20 41 16 14 30 28 45 19 8 9 7 15 32 46 2 12 25 42 5 34 10 4 49 38 18 33 36 39 17 43 26 31 50 22 21 11 3 6 23 40 35 29 44 37 

Inst_Index:4100 	 City_Num:50 	 Concorde:5.771058 	 MCTS:5.771058 Improve:0.000000 	 Time:3.76 Seconds
Solution: 1 39 44 40 50 41 22 9 4 3 42 18 38 37 23 28 8 36 45 10 14 48 26 49 35 32 34 31 11 46 5 30 25 6 13 24 21 29 43 19 17 2 20 7 27 15 16 12 47 33 

Inst_Index:4101 	 City_Num:50 	 Concorde:5.945395 	 MCTS:5.944030 Improve:0.001365 	 Time:3.76 Seconds
Solution: 1 38 15 25 3 12 28 36 37 44 26 16 31 21 48 2 34 40 46 49 13 50 19 43 35 29 42 23 5 11 8 4 41 20 39 22 32 33 7 18 30 6 45 14 10 9 17 47 27 24 

Inst_Index:4102 	 City_Num:50 	 Concorde:5.798256 	 MCTS:5.798256 Improve:-0.000000 	 Time:3.76 Seconds
Solution: 1 41 29 6 37 34 47 14 31 26 43 30 15 13 40 2 39 18 38 27 33 3 48 8 25 4 17 32 9 20 45 35 11 28 50 5 49 21 16 22 44 7 12 42 10 46 19 23 24 36 

Inst_Index:4103 	 City_Num:50 	 Concorde:5.277061 	 MCTS:5.277061 Improve:0.000000 	 Time:3.75 Seconds
Solution: 1 3 4 8 33 10 29 36 49 26 45 21 6 16 44 41 35 19 34 5 30 20 13 48 31 18 42 38 9 27 28 15 46 12 50 47 17 22 43 39 32 11 25 2 14 7 24 23 37 40 

Inst_Index:4104 	 City_Num:50 	 Concorde:5.759917 	 MCTS:5.756664 Improve:0.003253 	 Time:3.77 Seconds
Solution: 1 48 7 4 30 27 46 18 31 23 35 12 21 45 13 47 29 43 19 24 32 2 20 14 17 8 6 34 9 25 15 41 39 16 26 36 10 33 50 38 40 5 42 11 3 49 44 37 28 22 

Inst_Index:4105 	 City_Num:50 	 Concorde:5.627807 	 MCTS:5.627807 Improve:0.000000 	 Time:3.76 Seconds
Solution: 1 29 37 30 26 9 36 19 31 32 21 8 33 7 11 45 17 28 4 38 47 49 14 12 42 41 39 13 34 16 10 24 22 40 15 6 27 44 18 46 5 50 48 35 3 43 23 2 25 20 

Inst_Index:4106 	 City_Num:50 	 Concorde:5.209391 	 MCTS:5.209391 Improve:-0.000000 	 Time:3.76 Seconds
Solution: 1 49 22 42 27 2 37 44 8 38 23 31 50 19 32 40 7 28 10 29 12 43 18 9 20 26 13 5 24 17 47 36 15 6 3 45 34 14 11 48 16 33 35 41 21 39 30 25 46 4 

Inst_Index:4107 	 City_Num:50 	 Concorde:5.247973 	 MCTS:5.246692 Improve:0.001280 	 Time:3.77 Seconds
Solution: 1 21 9 3 32 19 4 6 39 5 36 34 33 40 18 8 50 25 42 20 27 17 38 30 37 22 44 43 49 35 16 45 11 24 2 46 10 12 14 15 28 41 48 7 47 13 23 26 31 29 

Inst_Index:4108 	 City_Num:50 	 Concorde:5.071443 	 MCTS:5.071443 Improve:0.000000 	 Time:3.76 Seconds
Solution: 1 37 49 15 19 26 32 24 13 38 30 5 3 45 34 8 18 47 20 17 22 33 10 4 6 50 36 9 39 21 23 42 35 29 11 7 48 27 12 2 43 40 46 31 44 41 16 14 25 28 

Inst_Index:4109 	 City_Num:50 	 Concorde:5.526179 	 MCTS:5.526179 Improve:-0.000000 	 Time:3.75 Seconds
Solution: 1 17 35 18 3 15 26 4 10 44 9 8 47 32 23 14 41 33 36 29 12 34 22 19 30 2 46 20 24 13 42 5 38 7 16 40 37 21 25 11 49 45 48 50 27 28 31 39 6 43 

Inst_Index:4110 	 City_Num:50 	 Concorde:5.926172 	 MCTS:5.919085 Improve:0.007087 	 Time:3.76 Seconds
Solution: 1 45 28 23 12 31 6 17 41 30 33 35 43 34 48 11 40 16 2 5 18 13 10 25 21 38 7 3 27 22 47 14 36 50 8 42 9 39 37 19 29 49 44 15 24 20 26 4 32 46 

Inst_Index:4111 	 City_Num:50 	 Concorde:5.352956 	 MCTS:5.351909 Improve:0.001047 	 Time:3.76 Seconds
Solution: 1 25 11 30 13 39 19 5 41 34 24 50 6 47 18 42 23 35 22 21 2 33 16 14 31 28 3 15 36 32 43 26 48 29 38 49 44 9 8 40 45 17 46 10 12 37 4 7 20 27 

Inst_Index:4112 	 City_Num:50 	 Concorde:5.798833 	 MCTS:5.798833 Improve:0.000000 	 Time:3.76 Seconds
Solution: 1 19 36 4 30 12 7 10 31 5 50 45 40 25 43 8 24 2 6 20 13 28 9 47 33 16 15 46 14 39 37 3 23 48 26 21 41 22 17 11 42 49 27 35 32 44 18 38 29 34 

Inst_Index:4113 	 City_Num:50 	 Concorde:5.611950 	 MCTS:5.611427 Improve:0.000523 	 Time:3.75 Seconds
Solution: 1 3 17 42 26 6 31 30 37 32 44 38 49 29 43 25 40 2 45 19 20 15 9 34 48 22 13 33 8 39 12 50 28 36 21 41 10 35 18 7 23 24 47 16 5 11 46 27 4 14 

Inst_Index:4114 	 City_Num:50 	 Concorde:5.740476 	 MCTS:5.739941 Improve:0.000535 	 Time:3.76 Seconds
Solution: 1 36 29 22 33 12 46 49 32 2 48 16 37 26 11 3 45 31 20 27 7 50 14 24 21 18 23 19 4 41 43 8 35 25 6 15 28 38 47 13 39 34 40 10 9 17 42 30 5 44 

Inst_Index:4115 	 City_Num:50 	 Concorde:5.896213 	 MCTS:5.896213 Improve:-0.000000 	 Time:3.76 Seconds
Solution: 1 25 26 21 4 13 49 24 32 2 17 40 37 30 10 45 36 43 39 8 11 3 42 44 18 9 28 46 35 14 29 16 33 5 12 50 20 23 7 19 41 15 48 38 27 47 31 6 34 22 

Inst_Index:4116 	 City_Num:50 	 Concorde:5.780006 	 MCTS:5.780006 Improve:0.000000 	 Time:3.76 Seconds
Solution: 1 31 47 21 13 6 48 27 19 2 32 14 49 23 8 5 25 3 28 50 4 16 12 44 17 36 9 7 18 34 35 37 15 22 38 43 26 33 10 45 42 30 29 24 11 20 39 46 41 40 

Inst_Index:4117 	 City_Num:50 	 Concorde:5.881474 	 MCTS:5.881474 Improve:-0.000000 	 Time:3.78 Seconds
Solution: 1 37 13 19 38 47 14 10 44 12 49 18 48 36 43 7 9 25 33 42 11 29 16 34 5 40 6 50 32 26 39 20 17 35 22 8 31 27 23 4 21 41 45 28 15 30 46 3 24 2 

Inst_Index:4118 	 City_Num:50 	 Concorde:5.502069 	 MCTS:5.502069 Improve:0.000000 	 Time:3.76 Seconds
Solution: 1 22 43 45 19 8 11 41 46 27 30 2 37 32 15 7 29 34 14 24 16 47 25 12 20 39 35 4 44 50 31 28 33 23 40 5 13 21 3 9 18 36 49 6 42 10 17 48 38 26 

Inst_Index:4119 	 City_Num:50 	 Concorde:6.243464 	 MCTS:6.243464 Improve:0.000000 	 Time:3.76 Seconds
Solution: 1 39 4 42 13 17 35 26 18 33 10 16 49 32 19 43 37 31 7 47 12 21 41 38 11 14 44 36 25 8 40 23 46 29 34 27 15 6 3 22 9 30 45 28 2 50 5 24 48 20 

Inst_Index:4120 	 City_Num:50 	 Concorde:5.151487 	 MCTS:5.151487 Improve:0.000000 	 Time:3.75 Seconds
Solution: 1 48 26 41 11 49 44 15 14 42 17 33 34 45 6 5 28 40 16 10 46 23 35 3 39 20 21 27 50 2 29 38 32 22 9 7 31 18 12 47 8 19 43 13 4 37 36 24 30 25 

Inst_Index:4121 	 City_Num:50 	 Concorde:5.699534 	 MCTS:5.699534 Improve:-0.000000 	 Time:3.76 Seconds
Solution: 1 50 43 16 30 14 15 4 46 9 48 34 31 12 23 29 27 37 36 13 10 35 6 47 24 7 42 20 21 5 25 45 44 49 26 33 39 28 8 11 38 32 41 22 3 17 19 18 40 2 

Inst_Index:4122 	 City_Num:50 	 Concorde:5.292110 	 MCTS:5.283990 Improve:0.008119 	 Time:3.75 Seconds
Solution: 1 9 13 16 49 31 35 27 37 11 17 48 50 40 25 43 15 2 45 4 3 10 22 47 8 24 46 12 39 7 32 23 33 30 6 42 44 21 18 34 38 29 20 28 19 26 41 36 5 14 

Inst_Index:4123 	 City_Num:50 	 Concorde:5.538232 	 MCTS:5.538232 Improve:-0.000000 	 Time:3.76 Seconds
Solution: 1 43 2 50 45 23 42 44 33 41 11 8 30 22 6 34 40 13 25 20 3 39 46 12 38 4 21 31 9 24 35 5 7 27 32 15 19 18 48 36 29 10 26 17 28 14 16 37 47 49 

Inst_Index:4124 	 City_Num:50 	 Concorde:5.733256 	 MCTS:5.733256 Improve:0.000000 	 Time:3.76 Seconds
Solution: 1 31 44 42 23 19 10 4 32 48 30 13 2 47 38 8 14 16 6 43 15 28 40 39 17 7 36 21 3 27 20 24 50 35 37 12 46 26 29 49 5 41 22 34 45 25 9 33 18 11 

Inst_Index:4125 	 City_Num:50 	 Concorde:5.686294 	 MCTS:5.686294 Improve:0.000000 	 Time:3.75 Seconds
Solution: 1 17 41 22 37 26 30 18 49 46 11 34 24 47 28 38 15 50 16 33 31 7 19 5 21 45 29 36 32 10 35 8 2 43 40 4 44 23 20 6 48 25 13 9 39 27 14 3 42 12 

Inst_Index:4126 	 City_Num:50 	 Concorde:5.987439 	 MCTS:5.987439 Improve:0.000000 	 Time:3.77 Seconds
Solution: 1 15 20 38 36 47 6 23 40 11 45 18 13 26 30 50 3 34 39 7 24 12 35 31 25 43 5 29 32 44 21 33 19 10 9 22 8 14 46 17 27 28 37 16 48 4 42 2 41 49 

Inst_Index:4127 	 City_Num:50 	 Concorde:5.621279 	 MCTS:5.621279 Improve:0.000000 	 Time:3.77 Seconds
Solution: 1 41 5 6 4 9 11 32 12 23 17 27 50 18 15 40 13 31 38 46 19 16 49 42 8 25 39 48 22 33 43 34 28 45 29 3 24 10 30 37 14 26 36 21 44 2 20 35 47 7 

Inst_Index:4128 	 City_Num:50 	 Concorde:6.350589 	 MCTS:6.350589 Improve:-0.000000 	 Time:3.77 Seconds
Solution: 1 34 28 35 39 20 46 17 11 30 22 12 5 27 37 25 23 15 48 38 31 7 14 2 24 47 3 6 33 43 50 26 36 32 42 8 10 13 9 40 44 21 16 49 29 19 45 41 18 4 

Inst_Index:4129 	 City_Num:50 	 Concorde:5.541333 	 MCTS:5.541333 Improve:-0.000000 	 Time:3.76 Seconds
Solution: 1 20 36 28 39 33 25 14 21 31 15 6 47 10 30 17 46 16 9 42 49 23 41 19 22 13 38 34 40 43 4 24 27 8 7 45 12 18 29 2 35 37 5 11 48 32 50 26 44 3 

Inst_Index:4130 	 City_Num:50 	 Concorde:5.951679 	 MCTS:5.951679 Improve:0.000000 	 Time:3.77 Seconds
Solution: 1 18 23 32 47 49 37 35 20 4 38 12 11 46 16 15 39 31 44 43 25 22 5 29 6 50 8 34 21 27 10 28 19 9 40 17 48 24 45 3 26 41 13 33 42 30 2 14 7 36 

Inst_Index:4131 	 City_Num:50 	 Concorde:5.621820 	 MCTS:5.621820 Improve:0.000000 	 Time:3.75 Seconds
Solution: 1 4 27 12 35 17 5 3 37 43 32 45 50 48 47 25 49 7 2 39 31 22 26 33 18 14 40 28 11 38 21 41 10 6 29 19 16 44 15 34 8 13 36 30 9 24 46 20 42 23 

Inst_Index:4132 	 City_Num:50 	 Concorde:5.257884 	 MCTS:5.257884 Improve:-0.000000 	 Time:3.76 Seconds
Solution: 1 16 24 28 48 22 39 21 19 40 30 34 17 27 13 49 50 41 47 2 29 4 26 6 15 11 23 20 3 45 25 42 7 44 9 33 46 10 38 37 12 18 43 14 36 35 8 5 31 32 

Inst_Index:4133 	 City_Num:50 	 Concorde:5.736797 	 MCTS:5.735584 Improve:0.001213 	 Time:3.75 Seconds
Solution: 1 16 30 35 38 48 8 44 14 23 21 45 13 41 12 20 37 24 15 19 11 29 27 28 43 25 39 22 36 47 40 50 46 31 32 6 34 42 5 9 49 3 2 26 7 10 33 18 4 17 

Inst_Index:4134 	 City_Num:50 	 Concorde:5.662138 	 MCTS:5.662138 Improve:-0.000000 	 Time:3.75 Seconds
Solution: 1 5 2 10 35 37 29 15 8 25 34 13 42 39 48 3 4 11 20 23 44 21 12 26 18 45 49 38 27 47 30 41 14 19 28 6 17 40 33 50 24 22 16 31 46 7 43 36 9 32 

Inst_Index:4135 	 City_Num:50 	 Concorde:5.814408 	 MCTS:5.813493 Improve:0.000914 	 Time:3.76 Seconds
Solution: 1 14 28 26 34 22 9 40 32 4 50 5 49 44 29 46 41 21 27 39 33 31 11 36 7 37 16 6 12 42 35 43 15 19 20 2 47 17 25 3 38 30 23 13 24 18 48 45 8 10 

Inst_Index:4136 	 City_Num:50 	 Concorde:5.509164 	 MCTS:5.508378 Improve:0.000785 	 Time:3.76 Seconds
Solution: 1 11 5 24 31 7 33 8 29 46 17 18 45 22 35 14 48 3 15 27 21 4 20 9 42 34 2 30 39 50 44 19 16 10 12 23 13 40 41 28 6 32 36 26 43 37 47 49 38 25 

Inst_Index:4137 	 City_Num:50 	 Concorde:5.431318 	 MCTS:5.431318 Improve:0.000000 	 Time:3.76 Seconds
Solution: 1 34 10 38 45 47 23 8 7 31 13 24 44 48 37 9 3 32 6 30 43 50 20 12 17 14 39 11 33 29 22 41 28 21 42 27 25 18 26 15 36 19 2 4 49 40 5 46 35 16 

Inst_Index:4138 	 City_Num:50 	 Concorde:5.245378 	 MCTS:5.245378 Improve:-0.000000 	 Time:3.75 Seconds
Solution: 1 13 50 8 2 6 32 21 43 40 24 12 30 42 35 37 49 45 44 34 3 33 46 10 36 5 38 48 9 41 22 27 29 26 28 15 47 4 11 17 18 19 23 16 20 14 7 31 25 39 

Inst_Index:4139 	 City_Num:50 	 Concorde:5.891777 	 MCTS:5.891777 Improve:-0.000000 	 Time:3.77 Seconds
Solution: 1 45 20 11 27 29 36 21 38 2 34 47 41 22 48 10 23 17 43 15 31 49 28 12 35 16 33 3 7 39 19 25 9 18 40 14 4 50 5 42 46 32 37 30 6 26 24 44 8 13 

Inst_Index:4140 	 City_Num:50 	 Concorde:6.019255 	 MCTS:6.019255 Improve:0.000000 	 Time:3.76 Seconds
Solution: 1 47 15 31 17 16 40 49 48 12 30 45 10 13 18 26 43 3 23 20 29 42 38 44 32 11 24 5 27 14 39 7 36 22 41 25 4 9 46 2 50 19 6 37 33 28 35 8 34 21 

Inst_Index:4141 	 City_Num:50 	 Concorde:5.491348 	 MCTS:5.486172 Improve:0.005177 	 Time:3.76 Seconds
Solution: 1 7 38 16 30 37 34 17 13 21 43 47 12 3 15 24 6 26 14 25 9 33 27 31 22 42 40 11 41 8 2 49 45 44 20 28 23 18 29 48 35 39 36 19 10 46 5 32 50 4 

Inst_Index:4142 	 City_Num:50 	 Concorde:5.908041 	 MCTS:5.908041 Improve:0.000000 	 Time:3.76 Seconds
Solution: 1 39 28 22 35 47 26 12 6 45 37 40 15 9 23 3 11 44 42 25 29 8 18 5 32 43 2 7 16 30 27 48 46 14 10 4 36 49 21 31 13 19 50 24 38 41 17 20 33 34 

Inst_Index:4143 	 City_Num:50 	 Concorde:5.548251 	 MCTS:5.542473 Improve:0.005777 	 Time:3.76 Seconds
Solution: 1 12 40 48 42 14 22 35 43 26 11 16 18 30 32 5 37 36 24 3 20 17 45 50 9 4 27 6 15 7 41 39 10 33 13 25 31 21 23 29 49 47 34 28 46 38 2 19 8 44 

Inst_Index:4144 	 City_Num:50 	 Concorde:5.849027 	 MCTS:5.849027 Improve:0.000000 	 Time:3.75 Seconds
Solution: 1 35 28 20 8 47 38 2 44 30 9 16 6 43 17 29 10 24 23 41 40 25 37 5 3 14 27 50 49 11 4 36 22 48 46 13 7 31 45 34 12 18 32 42 33 15 26 39 21 19 

Inst_Index:4145 	 City_Num:50 	 Concorde:5.659982 	 MCTS:5.649812 Improve:0.010170 	 Time:3.77 Seconds
Solution: 1 36 38 15 33 13 39 35 48 18 26 12 34 47 14 11 37 3 50 40 20 45 25 49 44 32 17 16 22 7 23 29 41 31 2 43 10 9 30 8 21 24 5 42 28 46 19 27 6 4 

Inst_Index:4146 	 City_Num:50 	 Concorde:5.004204 	 MCTS:5.004204 Improve:-0.000000 	 Time:3.75 Seconds
Solution: 1 5 18 37 35 19 36 49 11 12 38 39 16 32 7 40 30 31 43 48 21 25 8 34 50 45 26 20 28 3 46 44 4 22 27 47 33 23 9 13 42 14 24 10 41 17 29 15 6 2 

Inst_Index:4147 	 City_Num:50 	 Concorde:5.867448 	 MCTS:5.866627 Improve:0.000821 	 Time:3.75 Seconds
Solution: 1 19 48 27 21 30 32 13 38 36 35 7 10 31 5 28 15 44 42 3 47 50 17 11 2 25 43 24 37 41 8 39 46 22 16 49 29 45 12 23 4 18 6 33 40 9 20 34 26 14 

Inst_Index:4148 	 City_Num:50 	 Concorde:5.499550 	 MCTS:5.495531 Improve:0.004019 	 Time:3.76 Seconds
Solution: 1 17 22 20 18 6 43 37 42 30 44 50 39 12 23 35 34 3 14 31 32 47 36 9 10 2 15 46 41 19 5 45 7 25 26 16 21 29 8 13 40 4 11 33 38 49 24 28 48 27 

Inst_Index:4149 	 City_Num:50 	 Concorde:5.349766 	 MCTS:5.349766 Improve:0.000000 	 Time:3.75 Seconds
Solution: 1 43 31 17 22 12 50 11 48 29 5 33 26 37 27 21 13 32 24 44 40 35 6 49 7 34 19 15 23 47 4 8 2 38 18 3 41 45 14 10 25 39 30 28 46 36 20 16 42 9 

Inst_Index:4150 	 City_Num:50 	 Concorde:5.322984 	 MCTS:5.322984 Improve:0.000000 	 Time:3.76 Seconds
Solution: 1 16 15 24 49 8 20 32 9 38 22 50 26 27 35 4 18 42 45 12 46 25 11 30 17 41 37 43 13 14 33 21 47 6 31 3 28 44 10 2 36 7 19 23 29 40 48 5 34 39 

Inst_Index:4151 	 City_Num:50 	 Concorde:5.341780 	 MCTS:5.341780 Improve:-0.000000 	 Time:3.78 Seconds
Solution: 1 37 50 49 15 7 40 18 24 26 19 34 2 44 13 11 42 47 23 29 17 43 25 27 6 41 33 31 3 8 32 9 35 38 20 30 4 14 28 22 36 48 45 39 16 21 5 12 46 10 

Inst_Index:4152 	 City_Num:50 	 Concorde:5.531252 	 MCTS:5.530479 Improve:0.000772 	 Time:3.76 Seconds
Solution: 1 4 10 45 38 24 32 30 6 15 7 31 23 39 9 50 3 11 20 42 18 12 49 33 2 37 26 44 17 40 36 16 13 27 25 29 21 41 8 48 5 22 34 28 35 19 46 14 43 47 

Inst_Index:4153 	 City_Num:50 	 Concorde:5.779548 	 MCTS:5.779548 Improve:0.000000 	 Time:3.76 Seconds
Solution: 1 35 29 2 43 38 16 9 21 20 25 13 18 48 31 37 7 28 19 36 15 12 17 41 34 33 27 14 6 24 11 39 8 44 3 40 49 32 10 22 42 46 45 47 26 30 5 50 4 23 

Inst_Index:4154 	 City_Num:50 	 Concorde:5.874373 	 MCTS:5.874373 Improve:0.000000 	 Time:3.76 Seconds
Solution: 1 10 6 11 9 2 34 30 13 32 7 22 39 14 31 19 42 40 50 15 37 49 23 35 43 29 41 44 17 12 33 8 3 4 24 45 25 36 47 20 26 28 46 38 27 48 5 18 16 21 

Inst_Index:4155 	 City_Num:50 	 Concorde:5.368204 	 MCTS:5.368204 Improve:0.000000 	 Time:3.75 Seconds
Solution: 1 8 32 11 15 23 44 12 21 39 17 30 46 27 4 5 3 29 34 38 19 9 37 45 18 50 22 20 47 6 24 26 2 25 40 7 49 33 43 35 14 36 42 28 13 48 31 41 16 10 

Inst_Index:4156 	 City_Num:50 	 Concorde:5.550530 	 MCTS:5.542488 Improve:0.008042 	 Time:3.77 Seconds
Solution: 1 5 10 43 23 21 14 42 31 15 41 33 9 35 16 11 7 2 44 8 26 13 50 3 19 38 24 28 48 34 39 4 6 47 46 32 25 40 18 12 22 27 20 37 45 49 36 30 17 29 

Inst_Index:4157 	 City_Num:50 	 Concorde:5.452413 	 MCTS:5.452413 Improve:0.000000 	 Time:3.75 Seconds
Solution: 1 47 33 32 9 19 18 34 7 17 44 20 15 14 3 26 50 12 43 37 48 2 23 25 24 40 30 28 29 5 27 21 22 46 38 13 49 35 6 36 4 39 41 42 16 8 31 10 45 11 

Inst_Index:4158 	 City_Num:50 	 Concorde:5.248271 	 MCTS:5.244234 Improve:0.004037 	 Time:3.76 Seconds
Solution: 1 45 10 20 40 35 42 5 39 37 4 6 28 47 2 43 48 26 50 12 13 11 25 32 41 17 30 24 31 21 8 22 19 33 34 15 9 44 3 46 27 29 18 7 38 36 23 14 16 49 

Inst_Index:4159 	 City_Num:50 	 Concorde:5.434319 	 MCTS:5.434319 Improve:0.000000 	 Time:3.77 Seconds
Solution: 1 41 49 24 16 29 8 44 37 26 34 17 9 40 45 27 11 39 6 28 43 46 50 13 22 48 38 32 12 21 19 10 47 36 25 15 35 4 3 7 31 30 33 2 23 14 18 42 20 5 

Inst_Index:4160 	 City_Num:50 	 Concorde:5.349129 	 MCTS:5.346156 Improve:0.002973 	 Time:3.75 Seconds
Solution: 1 46 31 29 39 19 33 18 20 48 8 9 16 37 23 35 44 21 50 34 47 40 32 12 38 17 27 15 4 7 45 2 22 41 43 42 36 28 30 11 25 24 3 6 13 49 26 10 14 5 

Inst_Index:4161 	 City_Num:50 	 Concorde:5.834337 	 MCTS:5.834337 Improve:-0.000000 	 Time:3.76 Seconds
Solution: 1 39 24 49 14 50 38 21 2 30 42 18 3 43 7 28 20 26 45 8 11 17 40 4 12 23 16 34 19 29 41 33 35 31 36 47 46 10 37 9 15 6 48 32 13 25 27 44 22 5 

Inst_Index:4162 	 City_Num:50 	 Concorde:5.697128 	 MCTS:5.692641 Improve:0.004487 	 Time:3.77 Seconds
Solution: 1 20 36 38 5 40 24 22 17 49 42 8 28 18 30 50 2 15 10 27 25 13 6 34 11 21 14 26 43 7 3 45 46 41 23 35 19 9 31 33 44 16 12 37 4 39 48 29 32 47 

Inst_Index:4163 	 City_Num:50 	 Concorde:5.966425 	 MCTS:5.966425 Improve:-0.000000 	 Time:3.77 Seconds
Solution: 1 33 2 48 41 23 29 5 16 20 6 15 8 50 11 25 19 12 43 46 13 47 9 37 49 42 45 3 14 32 21 17 40 27 18 31 28 34 35 24 38 26 30 4 7 39 10 22 44 36 

Inst_Index:4164 	 City_Num:50 	 Concorde:5.738623 	 MCTS:5.738623 Improve:0.000000 	 Time:3.77 Seconds
Solution: 1 5 47 30 33 23 15 48 31 18 49 17 3 22 9 38 34 11 16 42 40 10 6 37 20 24 4 19 28 46 7 27 8 13 21 50 36 39 2 43 29 26 44 12 35 14 45 41 25 32 

Inst_Index:4165 	 City_Num:50 	 Concorde:5.292740 	 MCTS:5.289940 Improve:0.002800 	 Time:3.77 Seconds
Solution: 1 38 17 18 42 20 43 4 11 3 9 28 45 40 27 25 49 29 7 39 5 50 46 48 31 36 47 33 8 30 14 6 12 2 19 32 22 34 15 13 26 21 37 23 35 10 16 41 24 44 

Inst_Index:4166 	 City_Num:50 	 Concorde:5.760873 	 MCTS:5.760032 Improve:0.000841 	 Time:3.75 Seconds
Solution: 1 36 18 40 11 27 15 29 21 3 25 9 13 26 6 41 10 24 20 33 47 28 4 39 49 31 46 35 32 34 38 16 8 22 7 45 43 12 17 19 30 48 14 50 23 42 44 2 37 5 

Inst_Index:4167 	 City_Num:50 	 Concorde:5.353832 	 MCTS:5.352382 Improve:0.001450 	 Time:3.78 Seconds
Solution: 1 19 7 33 35 41 16 10 34 20 38 37 40 25 28 15 13 23 27 46 44 2 45 12 4 21 36 18 17 42 24 9 31 29 3 39 22 26 8 14 30 6 48 11 5 49 47 50 32 43 

Inst_Index:4168 	 City_Num:50 	 Concorde:5.300773 	 MCTS:5.298059 Improve:0.002714 	 Time:3.76 Seconds
Solution: 1 49 12 24 10 34 4 23 40 19 45 31 18 5 43 27 6 16 3 47 2 39 30 20 48 37 14 42 7 8 17 21 25 13 35 9 50 36 33 38 32 26 28 15 11 44 41 29 46 22 

Inst_Index:4169 	 City_Num:50 	 Concorde:5.509353 	 MCTS:5.507093 Improve:0.002259 	 Time:3.76 Seconds
Solution: 1 16 36 21 38 6 10 49 3 2 13 40 41 43 7 5 45 32 11 25 44 29 20 8 27 19 23 24 9 37 28 50 18 12 14 26 42 47 17 30 35 34 33 31 22 46 39 48 4 15 

Inst_Index:4170 	 City_Num:50 	 Concorde:5.604594 	 MCTS:5.600865 Improve:0.003729 	 Time:3.76 Seconds
Solution: 1 49 12 32 37 18 17 13 30 15 7 6 42 34 39 11 10 40 22 35 47 23 26 44 45 2 5 29 24 31 38 16 36 8 14 3 25 19 21 48 28 41 27 43 46 20 9 33 4 50 

Inst_Index:4171 	 City_Num:50 	 Concorde:5.688991 	 MCTS:5.688991 Improve:0.000000 	 Time:3.78 Seconds
Solution: 1 42 13 37 6 10 12 11 49 45 5 41 9 15 8 35 22 21 38 39 17 26 20 48 43 4 33 19 31 36 3 29 24 50 47 7 14 28 16 25 34 27 30 32 44 18 40 23 2 46 

Inst_Index:4172 	 City_Num:50 	 Concorde:6.141899 	 MCTS:6.139244 Improve:0.002655 	 Time:3.76 Seconds
Solution: 1 28 9 39 5 17 34 11 45 44 49 41 3 12 46 13 35 4 27 26 7 31 2 15 47 37 33 21 38 36 14 23 43 25 32 19 29 48 8 40 18 42 10 22 30 24 6 20 50 16 

Inst_Index:4173 	 City_Num:50 	 Concorde:5.605716 	 MCTS:5.605716 Improve:0.000000 	 Time:3.77 Seconds
Solution: 1 30 48 35 31 25 22 13 45 29 6 26 23 47 27 5 21 7 4 24 32 46 43 49 36 17 19 18 11 28 15 8 42 39 16 10 33 20 37 38 41 3 34 50 12 40 14 2 9 44 

Inst_Index:4174 	 City_Num:50 	 Concorde:5.968882 	 MCTS:5.968882 Improve:0.000000 	 Time:3.76 Seconds
Solution: 1 8 32 17 16 30 29 24 4 38 10 50 42 15 45 33 13 47 6 46 44 31 48 14 18 49 28 39 41 27 5 20 12 43 26 9 7 22 40 19 36 21 35 11 34 25 37 23 2 3 

Inst_Index:4175 	 City_Num:50 	 Concorde:5.693362 	 MCTS:5.693362 Improve:-0.000000 	 Time:3.77 Seconds
Solution: 1 19 40 39 24 9 13 50 3 17 38 47 31 42 32 10 30 46 16 2 43 11 22 27 5 36 12 15 49 28 45 8 33 7 4 35 6 20 25 23 37 44 48 29 18 41 26 34 21 14 

Inst_Index:4176 	 City_Num:50 	 Concorde:5.531892 	 MCTS:5.523666 Improve:0.008225 	 Time:3.75 Seconds
Solution: 1 42 8 41 18 29 38 32 5 39 30 48 36 9 22 23 12 46 10 4 47 15 25 34 6 43 17 49 45 2 26 35 14 11 50 3 21 40 31 37 16 20 24 28 27 19 7 13 44 33 

Inst_Index:4177 	 City_Num:50 	 Concorde:5.981149 	 MCTS:5.981149 Improve:0.000000 	 Time:3.75 Seconds
Solution: 1 37 42 26 43 15 20 9 7 19 18 32 40 24 22 4 13 10 27 45 35 5 33 12 30 39 47 16 44 31 41 6 14 25 21 34 3 36 50 38 28 46 11 8 2 29 17 48 23 49 

Inst_Index:4178 	 City_Num:50 	 Concorde:5.663586 	 MCTS:5.661407 Improve:0.002179 	 Time:3.77 Seconds
Solution: 1 4 24 27 37 11 17 42 12 44 22 45 47 31 23 32 7 13 43 29 35 33 21 25 6 20 49 14 26 39 38 19 16 10 2 18 5 34 8 9 36 28 46 48 15 30 40 50 3 41 

Inst_Index:4179 	 City_Num:50 	 Concorde:5.774335 	 MCTS:5.772806 Improve:0.001530 	 Time:3.76 Seconds
Solution: 1 23 14 10 37 42 39 12 21 41 17 36 15 40 50 45 30 38 24 26 49 9 22 46 16 2 27 6 47 34 44 43 13 29 20 35 31 4 18 28 8 33 3 11 5 7 32 25 48 19 

Inst_Index:4180 	 City_Num:50 	 Concorde:5.772674 	 MCTS:5.772674 Improve:-0.000000 	 Time:3.75 Seconds
Solution: 1 37 39 10 25 38 48 41 50 26 13 43 17 20 42 7 40 27 18 16 5 46 32 49 19 31 9 34 24 47 23 22 12 4 29 36 14 6 21 35 15 44 11 33 28 45 2 30 8 3 

Inst_Index:4181 	 City_Num:50 	 Concorde:5.997599 	 MCTS:5.997599 Improve:0.000000 	 Time:3.77 Seconds
Solution: 1 43 6 40 12 11 23 3 42 30 22 21 39 25 37 5 10 29 44 26 49 36 19 33 27 41 34 16 35 24 15 14 28 47 32 31 50 13 7 38 45 48 4 9 2 20 8 46 17 18 

Inst_Index:4182 	 City_Num:50 	 Concorde:6.070249 	 MCTS:6.070249 Improve:0.000000 	 Time:3.75 Seconds
Solution: 1 15 40 12 14 29 10 43 37 21 18 13 33 35 8 32 47 3 6 50 24 42 41 38 36 17 22 39 20 11 31 23 5 49 44 27 7 16 46 4 45 9 48 34 30 19 26 28 2 25 

Inst_Index:4183 	 City_Num:50 	 Concorde:5.538249 	 MCTS:5.538249 Improve:0.000000 	 Time:3.75 Seconds
Solution: 1 24 25 22 11 49 13 30 45 9 21 32 27 4 16 33 44 14 39 37 47 18 8 2 17 38 7 15 12 36 29 35 40 19 10 23 42 41 28 43 48 5 34 31 50 6 46 20 3 26 

Inst_Index:4184 	 City_Num:50 	 Concorde:5.885110 	 MCTS:5.878433 Improve:0.006677 	 Time:3.76 Seconds
Solution: 1 47 18 9 41 5 33 7 12 36 27 13 22 50 8 49 30 14 17 26 3 20 39 29 42 16 43 31 23 44 10 40 15 2 34 6 45 46 24 48 37 11 21 4 25 19 35 38 32 28 

Inst_Index:4185 	 City_Num:50 	 Concorde:5.324350 	 MCTS:5.324350 Improve:-0.000000 	 Time:3.75 Seconds
Solution: 1 17 19 24 29 10 32 39 5 45 21 46 41 23 6 4 3 36 9 28 18 40 48 8 34 16 35 30 49 15 2 31 50 42 47 7 43 20 14 44 12 27 26 38 13 22 33 37 25 11 

Inst_Index:4186 	 City_Num:50 	 Concorde:5.767616 	 MCTS:5.766290 Improve:0.001326 	 Time:3.76 Seconds
Solution: 1 28 44 33 40 43 35 47 24 11 48 2 31 25 18 9 50 15 8 37 32 22 16 42 20 49 7 29 14 23 38 6 45 10 4 36 12 5 17 26 34 21 19 27 13 30 41 3 39 46 

Inst_Index:4187 	 City_Num:50 	 Concorde:6.018916 	 MCTS:6.018916 Improve:0.000000 	 Time:3.76 Seconds
Solution: 1 8 20 28 22 9 14 42 39 13 17 18 7 4 30 38 31 43 37 50 5 26 3 35 27 47 21 10 32 48 49 40 45 33 15 23 24 46 12 11 6 2 44 16 41 29 25 34 19 36 

Inst_Index:4188 	 City_Num:50 	 Concorde:6.144630 	 MCTS:6.144630 Improve:-0.000000 	 Time:3.75 Seconds
Solution: 1 49 16 22 42 36 45 5 6 44 18 32 20 41 7 24 8 3 34 4 40 29 26 33 21 17 28 31 25 46 9 27 2 47 15 13 37 23 14 48 38 12 35 39 43 19 10 11 30 50 

Inst_Index:4189 	 City_Num:50 	 Concorde:5.220229 	 MCTS:5.220229 Improve:-0.000000 	 Time:3.76 Seconds
Solution: 1 28 12 26 2 21 50 4 37 10 19 17 43 14 15 38 9 32 23 13 18 39 25 40 20 3 42 48 7 29 47 36 22 30 8 11 46 34 27 41 5 31 45 35 16 44 33 6 24 49 

Inst_Index:4190 	 City_Num:50 	 Concorde:5.722193 	 MCTS:5.722193 Improve:-0.000000 	 Time:3.75 Seconds
Solution: 1 49 8 18 17 21 26 4 25 22 30 47 10 27 9 12 2 43 42 46 34 31 15 33 48 37 32 39 13 45 23 20 5 24 7 11 50 41 44 40 3 28 6 16 14 35 19 29 38 36 

Inst_Index:4191 	 City_Num:50 	 Concorde:5.566725 	 MCTS:5.566725 Improve:0.000000 	 Time:3.76 Seconds
Solution: 1 44 3 33 24 5 11 42 46 40 43 28 37 16 15 34 27 12 29 36 48 25 49 17 20 9 45 41 32 22 13 21 26 19 35 47 50 31 6 10 4 38 14 18 39 7 30 23 8 2 

Inst_Index:4192 	 City_Num:50 	 Concorde:5.872851 	 MCTS:5.872851 Improve:0.000000 	 Time:3.76 Seconds
Solution: 1 45 49 50 12 19 36 29 44 35 41 28 11 7 42 39 16 18 10 4 26 32 27 24 20 31 23 48 15 21 30 34 33 38 8 3 25 47 14 17 22 2 5 6 40 46 9 13 37 43 

Inst_Index:4193 	 City_Num:50 	 Concorde:5.631988 	 MCTS:5.631988 Improve:0.000000 	 Time:3.77 Seconds
Solution: 1 19 11 15 44 21 29 27 30 26 3 36 42 23 37 38 14 24 17 28 50 22 35 31 48 16 47 49 5 40 12 7 33 10 41 4 8 39 34 9 2 20 25 43 18 46 32 6 13 45 

Inst_Index:4194 	 City_Num:50 	 Concorde:5.688442 	 MCTS:5.685331 Improve:0.003111 	 Time:3.76 Seconds
Solution: 1 23 12 18 22 14 50 6 4 42 5 40 46 17 28 25 35 16 2 31 47 39 43 29 7 41 19 27 21 36 11 24 30 48 45 13 8 37 38 15 34 49 3 26 10 33 44 9 32 20 

Inst_Index:4195 	 City_Num:50 	 Concorde:5.874811 	 MCTS:5.874811 Improve:-0.000000 	 Time:3.76 Seconds
Solution: 1 38 3 35 18 17 46 41 26 8 5 13 4 45 25 39 49 48 50 37 23 7 43 19 30 32 6 21 9 42 20 22 40 2 16 44 24 29 33 31 28 14 11 10 12 15 34 27 36 47 

Inst_Index:4196 	 City_Num:50 	 Concorde:5.750475 	 MCTS:5.750475 Improve:0.000000 	 Time:3.76 Seconds
Solution: 1 16 36 34 25 29 28 49 27 15 24 17 32 26 5 35 3 11 14 10 43 41 8 47 42 12 19 37 48 33 18 20 30 4 13 45 44 2 22 7 38 9 6 40 21 46 31 23 50 39 

Inst_Index:4197 	 City_Num:50 	 Concorde:5.870228 	 MCTS:5.868179 Improve:0.002050 	 Time:3.75 Seconds
Solution: 1 37 7 9 17 13 3 48 32 31 14 24 2 4 38 6 26 30 18 23 49 28 22 36 10 25 39 50 41 40 5 20 42 21 33 34 46 27 43 8 29 19 45 35 15 12 44 11 47 16 

Inst_Index:4198 	 City_Num:50 	 Concorde:5.889498 	 MCTS:5.889498 Improve:0.000000 	 Time:3.77 Seconds
Solution: 1 7 17 14 47 43 27 36 16 21 25 28 8 29 41 5 45 20 32 4 35 19 37 3 18 34 50 30 12 23 6 48 46 39 31 44 49 15 24 38 33 2 42 9 10 11 40 13 26 22 

Inst_Index:4199 	 City_Num:50 	 Concorde:5.408596 	 MCTS:5.408596 Improve:0.000000 	 Time:3.76 Seconds
Solution: 1 33 45 35 37 4 25 42 44 38 13 24 6 5 39 2 22 16 32 8 50 17 43 26 41 15 20 7 3 49 46 21 12 30 9 48 18 14 29 47 31 19 27 40 10 23 34 36 11 28 

Inst_Index:4200 	 City_Num:50 	 Concorde:6.011913 	 MCTS:6.011913 Improve:0.000000 	 Time:3.76 Seconds
Solution: 1 11 15 22 13 9 29 6 4 30 44 10 18 19 35 20 3 5 43 40 27 21 14 17 37 46 23 12 34 39 33 49 48 24 28 16 36 7 41 8 47 38 42 31 25 50 45 26 2 32 

Inst_Index:4201 	 City_Num:50 	 Concorde:5.792642 	 MCTS:5.791246 Improve:0.001396 	 Time:3.76 Seconds
Solution: 1 32 3 25 37 14 47 9 13 18 31 12 11 28 39 34 42 44 6 26 17 16 46 30 43 22 36 49 27 15 7 33 2 29 40 19 21 5 24 38 8 23 41 4 45 10 35 20 48 50 

Inst_Index:4202 	 City_Num:50 	 Concorde:5.783316 	 MCTS:5.783316 Improve:0.000000 	 Time:3.76 Seconds
Solution: 1 41 24 8 27 19 14 6 33 9 11 42 35 16 50 10 48 37 49 18 13 12 28 39 45 38 3 34 22 20 32 25 46 2 15 30 23 44 47 17 40 43 5 26 36 21 4 31 7 29 

Inst_Index:4203 	 City_Num:50 	 Concorde:5.022179 	 MCTS:5.020500 Improve:0.001679 	 Time:3.76 Seconds
Solution: 1 16 3 10 11 7 22 44 39 32 14 9 45 27 23 24 26 18 28 43 17 21 6 25 41 38 20 30 19 46 50 15 29 36 34 37 35 49 40 47 8 5 31 13 33 42 2 12 48 4 

Inst_Index:4204 	 City_Num:50 	 Concorde:5.752436 	 MCTS:5.752436 Improve:0.000000 	 Time:3.75 Seconds
Solution: 1 14 24 45 19 48 22 15 43 4 18 46 7 9 34 13 49 23 33 39 3 21 8 40 38 31 32 25 12 30 6 42 5 37 10 27 44 26 35 2 50 47 11 16 20 17 28 36 29 41 

Inst_Index:4205 	 City_Num:50 	 Concorde:5.737037 	 MCTS:5.737037 Improve:0.000000 	 Time:3.76 Seconds
Solution: 1 24 32 45 43 21 25 40 34 2 27 26 29 14 50 38 11 9 15 42 3 12 28 23 48 36 4 41 30 16 37 22 5 17 18 47 39 13 10 19 33 49 44 7 46 31 8 20 6 35 

Inst_Index:4206 	 City_Num:50 	 Concorde:5.895808 	 MCTS:5.894936 Improve:0.000872 	 Time:3.77 Seconds
Solution: 1 26 8 49 47 4 35 37 3 48 50 19 15 40 36 23 18 39 11 25 2 31 13 29 14 34 27 24 32 10 45 5 12 30 42 38 22 17 33 21 43 6 46 28 16 9 44 41 7 20 

Inst_Index:4207 	 City_Num:50 	 Concorde:5.447948 	 MCTS:5.447948 Improve:-0.000000 	 Time:3.76 Seconds
Solution: 1 46 44 20 31 13 33 26 18 2 39 3 40 34 12 42 24 17 9 29 5 41 27 45 23 43 30 10 28 22 14 32 38 21 50 11 16 8 7 6 36 47 48 49 19 4 15 37 35 25 

Inst_Index:4208 	 City_Num:50 	 Concorde:5.984323 	 MCTS:5.978545 Improve:0.005779 	 Time:3.76 Seconds
Solution: 1 38 31 29 44 41 21 7 39 27 9 26 33 18 16 8 43 49 50 12 13 3 42 19 48 40 37 15 20 23 34 6 28 47 24 14 11 25 5 32 45 2 4 35 46 22 17 36 30 10 

Inst_Index:4209 	 City_Num:50 	 Concorde:5.176123 	 MCTS:5.176123 Improve:-0.000000 	 Time:3.77 Seconds
Solution: 1 23 6 39 45 3 27 20 13 10 42 9 2 29 35 33 7 31 21 30 4 16 28 15 24 49 34 22 5 12 36 38 47 46 48 50 18 14 40 41 37 26 8 43 32 19 17 11 25 44 

Inst_Index:4210 	 City_Num:50 	 Concorde:5.607183 	 MCTS:5.607183 Improve:0.000000 	 Time:3.76 Seconds
Solution: 1 2 18 23 29 13 50 6 27 31 32 33 21 46 17 34 9 7 4 39 20 28 38 49 19 37 22 26 44 11 30 12 3 36 43 16 35 45 41 25 40 8 10 42 48 15 47 14 24 5 

Inst_Index:4211 	 City_Num:50 	 Concorde:5.780260 	 MCTS:5.780260 Improve:-0.000000 	 Time:3.76 Seconds
Solution: 1 23 31 28 10 27 41 48 8 12 50 33 34 38 16 37 43 17 49 36 7 2 6 35 11 22 26 19 4 45 29 3 20 39 47 5 14 9 46 25 44 32 42 13 30 18 15 21 40 24 

Inst_Index:4212 	 City_Num:50 	 Concorde:5.418219 	 MCTS:5.418219 Improve:0.000000 	 Time:3.77 Seconds
Solution: 1 11 30 7 4 27 12 19 42 49 20 13 47 43 26 24 36 10 16 23 39 41 37 50 21 40 5 31 9 15 17 8 28 29 48 33 22 45 38 34 32 14 6 2 18 44 35 3 46 25 

Inst_Index:4213 	 City_Num:50 	 Concorde:5.752724 	 MCTS:5.752724 Improve:0.000000 	 Time:3.77 Seconds
Solution: 1 28 37 23 39 20 44 18 15 30 49 7 4 32 24 45 10 6 25 19 12 17 34 42 8 48 3 9 2 47 50 5 43 31 11 36 38 21 22 27 13 40 33 14 46 16 41 35 29 26 

Inst_Index:4214 	 City_Num:50 	 Concorde:5.486654 	 MCTS:5.486654 Improve:-0.000000 	 Time:3.76 Seconds
Solution: 1 38 14 3 27 16 47 50 18 26 2 19 45 20 32 17 5 12 28 22 7 29 39 11 36 41 46 43 10 40 49 37 9 4 6 25 30 23 35 13 21 42 31 34 48 24 44 8 15 33 

Inst_Index:4215 	 City_Num:50 	 Concorde:6.036178 	 MCTS:6.036178 Improve:-0.000000 	 Time:3.75 Seconds
Solution: 1 31 33 3 25 43 46 42 36 23 40 45 30 21 38 49 26 50 47 41 17 11 13 9 19 2 27 7 14 35 4 18 28 37 12 39 29 44 5 8 32 10 15 20 6 24 22 48 34 16 

Inst_Index:4216 	 City_Num:50 	 Concorde:5.774191 	 MCTS:5.766136 Improve:0.008055 	 Time:3.75 Seconds
Solution: 1 33 40 41 48 15 12 9 16 29 24 34 7 50 25 49 32 42 27 45 31 37 11 23 26 5 8 38 19 46 30 35 4 44 10 47 2 22 36 17 39 6 21 43 18 3 28 14 13 20 

Inst_Index:4217 	 City_Num:50 	 Concorde:5.522282 	 MCTS:5.522282 Improve:-0.000000 	 Time:3.77 Seconds
Solution: 1 41 42 8 24 22 38 44 45 28 48 19 21 33 7 6 9 36 30 46 39 27 11 3 37 34 4 35 13 20 47 43 18 17 15 26 12 10 50 14 40 29 23 32 2 25 49 31 16 5 

Inst_Index:4218 	 City_Num:50 	 Concorde:5.601485 	 MCTS:5.599543 Improve:0.001942 	 Time:3.77 Seconds
Solution: 1 28 6 41 30 34 2 12 22 31 45 29 46 4 16 20 35 9 38 14 23 33 42 24 7 36 49 21 13 25 40 19 11 43 32 10 18 15 50 39 44 37 3 47 8 27 48 5 17 26 

Inst_Index:4219 	 City_Num:50 	 Concorde:5.034828 	 MCTS:5.033868 Improve:0.000959 	 Time:3.75 Seconds
Solution: 1 22 44 15 43 21 26 14 2 29 38 19 4 25 8 36 50 31 48 11 7 33 39 49 17 37 35 12 24 42 20 3 32 6 41 18 40 23 10 28 13 27 5 46 45 30 34 16 9 47 

Inst_Index:4220 	 City_Num:50 	 Concorde:5.722332 	 MCTS:5.720699 Improve:0.001633 	 Time:3.76 Seconds
Solution: 1 23 33 9 34 47 4 40 46 5 6 2 13 3 42 25 39 17 45 37 31 43 36 10 35 28 32 7 30 29 8 22 38 41 16 24 14 20 50 48 49 18 44 11 27 26 19 12 21 15 

Inst_Index:4221 	 City_Num:50 	 Concorde:5.393948 	 MCTS:5.393571 Improve:0.000377 	 Time:3.76 Seconds
Solution: 1 2 8 14 26 4 20 12 35 28 9 49 44 40 36 23 45 43 47 25 19 32 6 7 27 48 37 17 24 13 39 50 33 5 38 10 46 41 31 22 3 42 29 18 15 30 21 16 11 34 

Inst_Index:4222 	 City_Num:50 	 Concorde:5.922917 	 MCTS:5.922917 Improve:-0.000000 	 Time:3.76 Seconds
Solution: 1 25 24 26 37 3 44 46 43 4 17 33 22 7 14 31 13 42 30 45 15 12 36 39 19 47 50 48 40 28 11 8 16 41 6 20 5 21 38 27 10 35 18 2 34 29 49 9 32 23 

Inst_Index:4223 	 City_Num:50 	 Concorde:6.062672 	 MCTS:6.062672 Improve:0.000000 	 Time:3.77 Seconds
Solution: 1 30 21 33 6 20 38 42 35 13 23 45 7 49 34 2 29 50 3 44 48 14 10 41 36 19 32 15 8 9 47 27 37 28 40 22 46 24 39 43 25 4 16 12 31 18 11 26 17 5 

Inst_Index:4224 	 City_Num:50 	 Concorde:5.276490 	 MCTS:5.276490 Improve:0.000000 	 Time:3.76 Seconds
Solution: 1 37 43 11 38 26 34 49 30 31 28 19 9 3 24 5 32 45 14 18 39 35 48 27 46 33 2 17 7 10 36 42 50 16 8 22 41 15 4 13 23 25 20 44 40 29 47 21 6 12 

Inst_Index:4225 	 City_Num:50 	 Concorde:5.245864 	 MCTS:5.241745 Improve:0.004119 	 Time:3.76 Seconds
Solution: 1 15 3 32 28 5 34 35 22 39 24 38 19 50 26 14 49 45 33 25 29 11 23 9 4 47 13 6 44 18 48 42 21 46 31 40 10 17 36 16 7 27 30 20 37 12 43 8 41 2 

Inst_Index:4226 	 City_Num:50 	 Concorde:5.454432 	 MCTS:5.453194 Improve:0.001238 	 Time:3.76 Seconds
Solution: 1 4 32 34 16 33 41 11 5 46 44 20 8 14 48 28 39 23 24 37 15 36 49 18 29 22 19 2 42 3 35 6 43 50 10 26 40 47 25 21 38 12 27 7 31 13 9 17 45 30 

Inst_Index:4227 	 City_Num:50 	 Concorde:5.760964 	 MCTS:5.760964 Improve:-0.000000 	 Time:3.76 Seconds
Solution: 1 22 2 33 39 17 8 14 43 26 3 40 45 49 30 46 27 25 6 23 9 21 12 50 15 44 32 41 36 4 29 11 38 35 10 28 19 37 13 18 42 34 24 5 31 48 16 47 20 7 

Inst_Index:4228 	 City_Num:50 	 Concorde:5.092549 	 MCTS:5.092549 Improve:0.000000 	 Time:3.76 Seconds
Solution: 1 26 29 40 32 37 13 21 23 42 8 27 15 49 14 39 11 20 17 22 24 5 16 3 50 45 43 4 19 31 44 46 10 9 33 28 2 41 18 30 38 36 47 34 35 12 25 7 48 6 

Inst_Index:4229 	 City_Num:50 	 Concorde:5.843504 	 MCTS:5.843504 Improve:0.000000 	 Time:3.75 Seconds
Solution: 1 39 29 14 40 19 47 42 43 27 24 38 36 50 9 26 30 49 48 35 15 41 23 12 18 7 6 25 2 46 11 8 33 22 20 3 21 32 31 44 34 5 37 10 4 28 16 13 17 45 

Inst_Index:4230 	 City_Num:50 	 Concorde:5.762018 	 MCTS:5.761184 Improve:0.000834 	 Time:3.76 Seconds
Solution: 1 31 46 7 32 27 48 33 20 38 5 6 10 21 24 36 18 9 47 15 45 3 12 40 50 2 22 11 49 35 37 19 23 26 28 39 42 41 29 17 44 8 14 4 13 34 43 25 16 30 

Inst_Index:4231 	 City_Num:50 	 Concorde:5.779879 	 MCTS:5.778972 Improve:0.000907 	 Time:3.76 Seconds
Solution: 1 48 22 30 2 26 10 32 15 35 29 46 9 11 45 21 5 34 50 49 39 41 44 13 43 20 17 14 19 31 18 12 24 28 27 40 3 7 38 33 23 42 47 36 25 6 16 4 8 37 

Inst_Index:4232 	 City_Num:50 	 Concorde:5.787273 	 MCTS:5.787273 Improve:0.000000 	 Time:3.76 Seconds
Solution: 1 17 42 26 8 45 30 7 9 23 14 5 48 6 18 28 27 15 32 43 29 11 3 44 50 10 46 33 37 24 38 41 12 34 40 2 36 49 35 16 4 13 20 47 39 25 19 22 21 31 

Inst_Index:4233 	 City_Num:50 	 Concorde:5.938079 	 MCTS:5.936257 Improve:0.001823 	 Time:3.76 Seconds
Solution: 1 42 4 44 6 46 47 33 28 24 35 43 49 25 37 27 31 48 23 19 29 8 40 15 45 36 21 50 2 20 14 39 34 3 16 12 18 7 9 11 26 13 22 10 32 5 41 30 38 17 

Inst_Index:4234 	 City_Num:50 	 Concorde:5.589433 	 MCTS:5.589433 Improve:0.000000 	 Time:3.77 Seconds
Solution: 1 18 24 25 41 22 9 26 20 42 29 37 6 15 48 8 10 14 21 32 12 16 30 28 27 36 34 19 4 7 45 40 5 43 35 13 38 49 31 46 3 2 17 44 47 39 23 50 11 33 

Inst_Index:4235 	 City_Num:50 	 Concorde:5.564774 	 MCTS:5.564774 Improve:-0.000000 	 Time:3.75 Seconds
Solution: 1 35 23 30 19 18 9 47 14 17 50 31 49 24 29 5 12 39 37 7 20 44 10 43 32 46 11 48 36 15 40 45 6 34 41 2 27 25 26 8 3 28 22 4 16 13 42 21 33 38 

Inst_Index:4236 	 City_Num:50 	 Concorde:5.991151 	 MCTS:5.991151 Improve:0.000000 	 Time:3.76 Seconds
Solution: 1 30 43 41 5 39 20 36 24 34 35 2 6 12 3 17 38 4 47 7 18 22 8 44 23 48 13 19 14 31 25 16 29 33 21 42 27 32 9 11 10 46 50 15 40 28 45 49 26 37 

Inst_Index:4237 	 City_Num:50 	 Concorde:5.518748 	 MCTS:5.518748 Improve:0.000000 	 Time:3.78 Seconds
Solution: 1 19 39 8 7 20 33 31 29 46 24 11 41 35 25 22 15 4 10 14 47 13 26 48 6 23 3 2 16 43 9 30 44 12 21 42 18 28 5 40 49 32 37 50 34 17 27 38 45 36 

Inst_Index:4238 	 City_Num:50 	 Concorde:6.029120 	 MCTS:6.029120 Improve:-0.000000 	 Time:3.75 Seconds
Solution: 1 31 48 25 37 22 24 10 43 14 44 33 13 5 21 20 18 29 36 42 6 17 4 3 27 38 47 40 50 2 16 34 8 49 9 23 35 45 32 12 19 41 39 26 15 30 28 7 11 46 

Inst_Index:4239 	 City_Num:50 	 Concorde:5.966217 	 MCTS:5.965090 Improve:0.001126 	 Time:3.78 Seconds
Solution: 1 14 35 32 38 6 22 31 37 23 20 39 36 34 24 47 45 49 16 28 2 5 26 44 8 11 33 42 4 25 17 10 21 7 19 18 12 30 41 15 43 27 48 29 13 50 40 9 3 46 

Inst_Index:4240 	 City_Num:50 	 Concorde:5.209597 	 MCTS:5.209597 Improve:0.000000 	 Time:3.76 Seconds
Solution: 1 44 4 5 6 3 26 19 30 7 50 24 48 10 45 11 9 38 27 28 43 15 12 29 2 34 23 33 22 13 39 42 18 16 37 20 32 31 47 40 41 8 17 21 14 49 46 35 25 36 

Inst_Index:4241 	 City_Num:50 	 Concorde:5.607492 	 MCTS:5.607492 Improve:0.000000 	 Time:3.75 Seconds
Solution: 1 9 23 41 19 46 34 24 20 30 15 12 50 13 5 44 39 42 36 21 33 3 7 38 22 28 25 31 14 37 40 43 45 6 47 29 8 4 18 10 49 27 48 26 32 35 2 16 17 11 

Inst_Index:4242 	 City_Num:50 	 Concorde:6.028553 	 MCTS:6.025365 Improve:0.003188 	 Time:3.76 Seconds
Solution: 1 10 25 14 21 38 29 20 15 27 11 44 31 3 37 28 46 43 19 4 9 23 6 24 5 41 30 18 47 33 42 16 8 12 2 36 40 39 13 7 45 49 50 32 22 34 17 35 48 26 

Inst_Index:4243 	 City_Num:50 	 Concorde:5.675846 	 MCTS:5.675846 Improve:0.000000 	 Time:3.77 Seconds
Solution: 1 32 15 39 24 41 30 25 12 40 11 29 34 5 26 8 9 27 3 49 7 38 17 22 48 10 47 45 6 4 28 46 37 42 2 43 18 13 14 19 44 33 16 20 23 31 36 21 50 35 

Inst_Index:4244 	 City_Num:50 	 Concorde:5.685256 	 MCTS:5.685256 Improve:0.000000 	 Time:3.76 Seconds
Solution: 1 46 11 4 32 29 39 40 31 42 16 47 12 33 2 23 34 25 50 21 5 14 15 43 8 35 38 30 49 45 13 22 9 18 28 24 27 7 10 20 6 3 48 41 36 44 19 17 37 26 

Inst_Index:4245 	 City_Num:50 	 Concorde:5.933585 	 MCTS:5.933585 Improve:0.000000 	 Time:3.76 Seconds
Solution: 1 27 40 14 44 45 34 2 6 23 36 41 43 19 49 33 10 15 42 9 47 12 24 25 50 4 48 46 3 35 8 21 26 18 29 22 13 39 20 17 37 7 16 30 11 38 28 31 5 32 

Inst_Index:4246 	 City_Num:50 	 Concorde:5.870537 	 MCTS:5.870537 Improve:0.000000 	 Time:3.77 Seconds
Solution: 1 18 15 30 10 22 6 44 37 35 13 16 27 24 43 9 12 8 47 7 42 26 23 33 20 17 40 41 38 4 21 32 2 46 28 31 29 50 36 11 5 19 25 39 3 45 49 48 34 14 

Inst_Index:4247 	 City_Num:50 	 Concorde:5.728664 	 MCTS:5.717458 Improve:0.011206 	 Time:3.75 Seconds
Solution: 1 43 8 27 25 24 18 45 50 22 35 7 48 36 16 47 31 46 40 12 15 26 39 41 10 44 32 6 5 11 37 4 17 30 29 20 33 3 9 2 42 49 23 21 13 28 19 38 14 34 

Inst_Index:4248 	 City_Num:50 	 Concorde:5.604619 	 MCTS:5.604619 Improve:-0.000000 	 Time:3.76 Seconds
Solution: 1 23 44 4 39 8 24 9 5 30 22 14 25 10 48 17 7 41 40 49 20 11 29 16 6 38 15 50 12 43 18 32 42 36 2 34 27 47 46 26 3 31 37 33 13 21 19 45 35 28 

Inst_Index:4249 	 City_Num:50 	 Concorde:5.843032 	 MCTS:5.843032 Improve:-0.000000 	 Time:3.76 Seconds
Solution: 1 33 3 26 44 11 14 28 21 32 27 31 22 30 5 46 10 19 4 13 17 23 39 29 35 9 37 8 40 6 16 43 18 34 38 41 12 7 2 25 36 49 47 45 50 42 20 15 24 48 

Inst_Index:4250 	 City_Num:50 	 Concorde:5.653294 	 MCTS:5.653074 Improve:0.000220 	 Time:3.76 Seconds
Solution: 1 28 17 20 13 22 48 40 47 21 46 6 16 33 36 3 7 45 8 49 31 30 39 19 35 24 37 29 27 12 26 18 23 32 2 5 11 34 25 42 15 10 41 44 14 43 4 50 38 9 

Inst_Index:4251 	 City_Num:50 	 Concorde:5.936118 	 MCTS:5.932080 Improve:0.004038 	 Time:3.77 Seconds
Solution: 1 35 39 14 37 7 34 32 23 25 11 24 5 27 10 44 45 47 19 33 38 50 15 13 43 22 40 36 26 8 41 17 4 16 21 46 28 18 2 49 48 6 3 42 20 31 9 30 12 29 

Inst_Index:4252 	 City_Num:50 	 Concorde:5.882532 	 MCTS:5.882480 Improve:0.000052 	 Time:3.76 Seconds
Solution: 1 8 32 31 10 30 2 34 38 14 23 48 49 21 47 26 24 19 27 39 11 13 40 7 15 50 20 42 9 5 33 18 4 36 6 43 29 44 28 25 35 46 41 17 22 12 37 3 45 16 

Inst_Index:4253 	 City_Num:50 	 Concorde:5.891637 	 MCTS:5.891308 Improve:0.000329 	 Time:3.78 Seconds
Solution: 1 25 26 2 20 19 14 17 18 27 16 30 38 50 29 32 44 40 31 8 34 13 39 22 24 15 28 46 7 42 12 37 48 10 35 9 36 43 45 4 11 21 33 3 47 23 5 49 41 6 

Inst_Index:4254 	 City_Num:50 	 Concorde:5.643833 	 MCTS:5.643833 Improve:-0.000000 	 Time:3.76 Seconds
Solution: 1 45 47 21 35 20 31 48 38 13 22 25 43 3 44 36 39 2 34 42 10 41 26 30 6 18 14 5 4 9 49 11 15 24 8 33 50 19 29 16 7 23 40 37 46 12 17 32 28 27 

Inst_Index:4255 	 City_Num:50 	 Concorde:6.043039 	 MCTS:6.043039 Improve:0.000000 	 Time:3.76 Seconds
Solution: 1 47 29 14 11 43 20 6 48 5 42 40 44 36 27 16 7 50 21 18 12 34 35 26 25 13 17 39 41 30 22 37 28 32 10 9 24 3 49 15 33 46 31 23 38 19 4 45 8 2 

Inst_Index:4256 	 City_Num:50 	 Concorde:5.770458 	 MCTS:5.765255 Improve:0.005203 	 Time:3.76 Seconds
Solution: 1 42 29 35 38 41 12 27 22 6 44 28 13 15 50 18 8 26 36 2 24 46 17 14 5 16 19 34 40 32 37 25 30 45 7 43 11 21 3 20 47 49 10 39 23 48 31 9 4 33 

Inst_Index:4257 	 City_Num:50 	 Concorde:5.347908 	 MCTS:5.347908 Improve:0.000000 	 Time:3.75 Seconds
Solution: 1 45 23 15 19 44 4 25 41 27 43 11 31 26 38 36 39 13 47 35 16 10 20 21 18 6 33 5 17 29 37 32 46 48 34 8 28 30 12 24 3 14 7 22 50 49 2 42 40 9 

Inst_Index:4258 	 City_Num:50 	 Concorde:5.540389 	 MCTS:5.540389 Improve:0.000000 	 Time:3.75 Seconds
Solution: 1 25 31 6 19 38 48 50 17 35 34 26 41 44 16 45 22 2 15 49 46 39 47 30 37 21 8 9 18 14 24 27 36 32 11 33 23 20 40 12 43 42 7 5 3 28 13 29 10 4 

Inst_Index:4259 	 City_Num:50 	 Concorde:5.855962 	 MCTS:5.855962 Improve:-0.000000 	 Time:3.78 Seconds
Solution: 1 29 8 49 47 39 31 35 20 30 7 41 23 42 33 13 40 27 28 5 38 3 6 15 50 25 4 14 2 10 43 32 19 44 22 37 24 46 45 12 11 34 26 16 36 17 48 18 21 9 

Inst_Index:4260 	 City_Num:50 	 Concorde:5.872113 	 MCTS:5.869873 Improve:0.002240 	 Time:3.76 Seconds
Solution: 1 43 40 3 31 18 7 13 28 27 20 15 49 6 48 8 2 37 24 9 42 47 10 29 5 19 26 45 23 17 41 39 14 44 25 21 22 35 16 4 50 30 34 11 46 33 36 32 38 12 

Inst_Index:4261 	 City_Num:50 	 Concorde:5.969748 	 MCTS:5.967083 Improve:0.002665 	 Time:3.75 Seconds
Solution: 1 48 30 41 3 38 20 12 46 26 11 5 10 25 36 2 42 21 43 6 49 16 27 24 4 19 33 44 15 14 23 8 40 18 7 34 28 45 13 22 32 17 29 9 31 50 35 39 47 37 

Inst_Index:4262 	 City_Num:50 	 Concorde:5.734421 	 MCTS:5.733390 Improve:0.001030 	 Time:3.75 Seconds
Solution: 1 38 37 15 3 46 26 36 8 34 28 14 2 47 50 13 40 9 30 43 32 44 20 42 11 16 23 41 29 39 45 18 4 48 10 35 7 27 31 33 19 17 49 22 12 25 21 5 24 6 

Inst_Index:4263 	 City_Num:50 	 Concorde:5.502264 	 MCTS:5.498404 Improve:0.003860 	 Time:3.76 Seconds
Solution: 1 25 17 7 26 38 4 24 2 31 36 49 35 14 5 16 18 33 37 39 34 30 48 15 29 46 44 10 28 32 41 11 23 19 3 22 50 47 20 27 12 40 43 45 8 13 21 6 9 42 

Inst_Index:4264 	 City_Num:50 	 Concorde:5.886717 	 MCTS:5.886717 Improve:0.000000 	 Time:3.75 Seconds
Solution: 1 2 3 19 34 17 26 41 47 16 7 14 30 6 45 40 9 31 11 13 37 50 22 20 29 49 8 15 44 33 46 35 42 10 27 39 21 38 5 48 36 24 23 32 18 25 43 28 4 12 

Inst_Index:4265 	 City_Num:50 	 Concorde:5.835530 	 MCTS:5.835530 Improve:-0.000000 	 Time:3.76 Seconds
Solution: 1 40 37 24 3 2 20 49 14 36 12 46 33 17 27 19 35 47 25 21 6 13 45 48 32 18 4 39 8 26 28 43 41 16 15 7 34 9 29 10 22 5 31 50 42 23 38 11 30 44 

Inst_Index:4266 	 City_Num:50 	 Concorde:5.378994 	 MCTS:5.378994 Improve:-0.000000 	 Time:3.76 Seconds
Solution: 1 3 30 43 9 48 2 24 34 31 17 26 27 19 8 4 11 15 44 20 49 35 33 45 36 38 25 22 42 46 13 21 39 32 41 29 7 28 47 50 12 40 23 10 5 6 37 18 14 16 

Inst_Index:4267 	 City_Num:50 	 Concorde:5.959763 	 MCTS:5.959763 Improve:0.000000 	 Time:3.77 Seconds
Solution: 1 2 17 39 25 30 49 45 46 35 10 41 37 13 6 40 48 24 3 50 14 8 11 29 23 36 33 43 38 18 20 42 12 26 44 31 4 28 15 19 16 47 27 9 7 5 34 32 22 21 

Inst_Index:4268 	 City_Num:50 	 Concorde:5.688499 	 MCTS:5.688499 Improve:-0.000000 	 Time:3.75 Seconds
Solution: 1 46 21 43 6 44 24 42 16 25 23 38 12 36 35 40 18 27 15 41 19 47 17 39 28 49 50 20 2 45 31 48 9 4 14 5 13 30 10 8 37 26 3 34 7 11 22 29 33 32 

Inst_Index:4269 	 City_Num:50 	 Concorde:5.957573 	 MCTS:5.957573 Improve:-0.000000 	 Time:3.75 Seconds
Solution: 1 46 44 25 13 5 15 28 14 47 17 37 22 24 12 10 29 11 45 34 23 50 26 41 2 42 36 7 30 32 33 38 39 49 3 27 19 16 4 6 21 43 9 8 18 48 40 31 35 20 

Inst_Index:4270 	 City_Num:50 	 Concorde:5.873345 	 MCTS:5.869289 Improve:0.004056 	 Time:3.76 Seconds
Solution: 1 9 15 28 19 44 2 49 38 22 11 5 37 17 21 6 30 26 4 31 45 32 36 41 8 42 24 27 7 35 34 43 39 3 25 20 14 48 16 33 12 47 23 46 50 40 13 18 29 10 

Inst_Index:4271 	 City_Num:50 	 Concorde:5.413010 	 MCTS:5.412855 Improve:0.000156 	 Time:3.75 Seconds
Solution: 1 21 8 5 14 17 48 27 26 20 45 12 43 47 10 19 49 3 2 41 16 6 24 38 4 11 40 33 18 29 22 31 25 39 23 13 7 35 32 36 42 37 15 50 46 9 28 34 30 44 

Inst_Index:4272 	 City_Num:50 	 Concorde:5.501836 	 MCTS:5.495040 Improve:0.006796 	 Time:3.75 Seconds
Solution: 1 41 3 42 46 20 27 2 33 30 24 40 10 9 11 12 50 43 5 25 32 28 7 21 47 17 26 14 4 45 36 35 31 23 19 29 13 38 49 34 8 15 6 37 48 18 44 39 22 16 

Inst_Index:4273 	 City_Num:50 	 Concorde:5.865646 	 MCTS:5.861501 Improve:0.004145 	 Time:3.75 Seconds
Solution: 1 48 40 34 28 23 30 5 9 37 50 11 45 36 7 8 27 17 10 32 41 2 19 44 15 13 12 47 24 21 35 3 38 25 49 29 6 22 4 20 14 31 39 43 18 46 33 26 16 42 

Inst_Index:4274 	 City_Num:50 	 Concorde:5.861668 	 MCTS:5.861668 Improve:0.000000 	 Time:3.76 Seconds
Solution: 1 45 48 49 28 29 4 16 44 47 10 24 38 14 34 35 46 39 27 30 3 42 25 41 36 21 43 6 32 37 22 17 33 12 13 2 26 18 11 40 19 20 9 7 23 31 15 8 5 50 

Inst_Index:4275 	 City_Num:50 	 Concorde:5.759243 	 MCTS:5.759243 Improve:-0.000000 	 Time:3.76 Seconds
Solution: 1 34 20 23 8 35 21 4 33 43 48 12 45 3 5 11 2 13 19 39 41 18 46 49 36 10 27 9 29 7 26 17 44 40 42 14 32 6 31 28 37 50 38 15 47 22 30 24 16 25 

Inst_Index:4276 	 City_Num:50 	 Concorde:5.592280 	 MCTS:5.592280 Improve:0.000000 	 Time:3.75 Seconds
Solution: 1 43 34 35 36 12 31 47 42 49 32 38 18 45 15 23 39 2 28 9 30 26 25 33 8 21 50 20 24 19 37 17 4 7 6 40 10 41 13 22 27 3 14 11 29 44 46 48 5 16 

Inst_Index:4277 	 City_Num:50 	 Concorde:6.080142 	 MCTS:6.068041 Improve:0.012101 	 Time:3.75 Seconds
Solution: 1 5 32 28 50 3 23 29 27 4 15 16 34 45 37 14 33 20 8 47 43 10 13 26 44 30 24 42 35 12 39 6 22 36 31 38 48 25 7 11 21 18 41 9 40 2 49 17 19 46 

Inst_Index:4278 	 City_Num:50 	 Concorde:5.343393 	 MCTS:5.343393 Improve:-0.000000 	 Time:3.76 Seconds
Solution: 1 48 8 10 4 50 5 38 39 11 41 17 37 19 9 40 27 14 45 13 3 35 15 25 12 49 21 30 36 34 33 2 46 24 16 28 47 6 7 42 29 31 22 23 44 43 20 26 32 18 

Inst_Index:4279 	 City_Num:50 	 Concorde:5.843016 	 MCTS:5.843016 Improve:0.000000 	 Time:3.76 Seconds
Solution: 1 37 15 3 13 45 8 39 2 46 36 28 25 27 42 38 23 5 41 34 50 49 22 31 35 18 24 11 21 7 10 43 47 16 29 12 44 30 6 40 33 26 9 4 20 17 48 14 19 32 

Inst_Index:4280 	 City_Num:50 	 Concorde:5.640693 	 MCTS:5.639160 Improve:0.001533 	 Time:3.76 Seconds
Solution: 1 28 26 12 20 4 16 31 24 2 48 6 45 30 7 18 41 39 27 37 49 21 15 40 34 5 43 3 13 44 9 23 14 29 42 10 32 25 38 11 17 36 33 50 35 46 19 8 22 47 

Inst_Index:4281 	 City_Num:50 	 Concorde:5.459627 	 MCTS:5.456299 Improve:0.003328 	 Time:3.77 Seconds
Solution: 1 31 28 8 3 39 20 13 26 9 4 30 14 32 45 48 23 11 40 5 36 2 50 15 33 34 18 42 38 17 7 24 25 29 41 44 10 43 16 35 49 27 47 21 19 22 46 37 6 12 

Inst_Index:4282 	 City_Num:50 	 Concorde:5.727430 	 MCTS:5.727430 Improve:0.000000 	 Time:3.75 Seconds
Solution: 1 12 32 8 50 31 5 29 23 14 4 11 16 30 18 46 13 47 48 22 15 27 6 24 36 45 2 33 37 9 34 19 41 3 44 38 28 43 35 49 7 25 39 20 42 40 26 10 17 21 

Inst_Index:4283 	 City_Num:50 	 Concorde:5.405001 	 MCTS:5.405001 Improve:0.000000 	 Time:3.76 Seconds
Solution: 1 48 9 31 23 35 39 37 32 33 12 36 44 8 49 16 47 15 18 26 4 11 38 13 34 40 41 22 5 7 6 27 50 3 30 2 29 20 21 28 25 19 14 42 45 17 10 43 46 24 

Inst_Index:4284 	 City_Num:50 	 Concorde:5.998011 	 MCTS:5.998011 Improve:0.000000 	 Time:3.76 Seconds
Solution: 1 18 9 10 19 31 20 34 5 32 36 7 22 15 16 38 43 44 3 24 27 30 8 45 2 33 37 28 26 40 21 12 39 29 4 50 17 47 23 35 13 49 11 46 48 14 6 42 25 41 

Inst_Index:4285 	 City_Num:50 	 Concorde:5.812060 	 MCTS:5.811476 Improve:0.000584 	 Time:3.77 Seconds
Solution: 1 42 16 30 27 32 4 47 14 10 38 13 7 20 34 2 49 29 18 22 11 45 24 41 26 48 28 40 43 21 44 39 15 31 33 9 19 36 6 50 35 46 37 8 25 12 3 5 17 23 

Inst_Index:4286 	 City_Num:50 	 Concorde:5.636966 	 MCTS:5.636966 Improve:-0.000000 	 Time:3.77 Seconds
Solution: 1 25 2 9 33 6 14 43 19 41 47 20 37 10 4 24 26 28 12 39 30 46 29 18 50 5 48 42 3 22 17 40 21 34 27 45 7 36 8 15 11 31 23 38 44 49 13 32 16 35 

Inst_Index:4287 	 City_Num:50 	 Concorde:5.780788 	 MCTS:5.777383 Improve:0.003406 	 Time:3.78 Seconds
Solution: 1 34 43 8 49 5 45 29 31 2 48 18 28 11 30 21 35 16 20 25 23 27 47 13 19 3 41 4 22 33 14 44 17 24 42 46 38 10 7 37 26 40 15 50 39 6 12 32 36 9 

Inst_Index:4288 	 City_Num:50 	 Concorde:5.996033 	 MCTS:5.993702 Improve:0.002331 	 Time:3.76 Seconds
Solution: 1 7 50 45 23 39 43 36 32 18 33 20 6 11 31 25 30 10 40 46 2 41 47 38 48 21 24 12 42 37 26 5 35 49 22 8 34 15 28 13 3 9 4 27 19 44 29 17 14 16 

Inst_Index:4289 	 City_Num:50 	 Concorde:5.829078 	 MCTS:5.823313 Improve:0.005765 	 Time:3.75 Seconds
Solution: 1 24 18 23 27 33 41 21 3 10 36 28 16 7 6 46 12 50 22 38 43 9 40 45 42 17 25 29 31 32 48 35 47 26 11 14 13 44 4 5 39 37 34 49 20 2 15 19 8 30 

Inst_Index:4290 	 City_Num:50 	 Concorde:5.753281 	 MCTS:5.753281 Improve:-0.000000 	 Time:3.75 Seconds
Solution: 1 22 30 7 20 38 23 33 9 28 13 6 49 40 39 44 29 42 35 37 17 45 14 48 21 19 32 50 34 8 47 16 27 18 10 5 41 12 43 4 24 15 2 31 25 3 26 11 46 36 

Inst_Index:4291 	 City_Num:50 	 Concorde:5.137192 	 MCTS:5.133857 Improve:0.003334 	 Time:3.77 Seconds
Solution: 1 18 7 5 27 50 10 32 45 9 23 41 22 4 40 34 16 6 19 31 42 24 48 38 30 17 11 39 44 47 49 15 29 20 35 43 46 37 21 13 8 12 14 26 3 36 28 2 33 25 

Inst_Index:4292 	 City_Num:50 	 Concorde:5.466441 	 MCTS:5.466441 Improve:0.000000 	 Time:3.76 Seconds
Solution: 1 13 8 49 9 40 37 6 4 33 36 21 44 46 39 34 16 7 25 48 50 30 32 41 5 23 22 47 10 18 14 29 20 2 15 42 35 45 27 38 24 3 28 12 43 11 26 19 17 31 

Inst_Index:4293 	 City_Num:50 	 Concorde:5.235287 	 MCTS:5.235287 Improve:0.000000 	 Time:3.77 Seconds
Solution: 1 26 18 14 42 10 37 49 32 39 35 21 43 40 13 46 50 48 17 36 28 31 47 19 20 45 33 23 38 25 6 3 30 29 2 27 15 9 8 41 22 12 5 16 34 4 7 44 11 24 

Inst_Index:4294 	 City_Num:50 	 Concorde:5.865207 	 MCTS:5.865207 Improve:0.000000 	 Time:3.75 Seconds
Solution: 1 49 31 41 19 28 44 45 25 23 26 38 47 8 36 32 7 46 3 35 13 33 30 40 5 17 24 22 27 14 29 48 10 11 50 15 6 43 39 12 42 9 18 34 2 4 37 20 16 21 

Inst_Index:4295 	 City_Num:50 	 Concorde:5.729434 	 MCTS:5.722420 Improve:0.007014 	 Time:3.76 Seconds
Solution: 1 48 14 7 23 29 5 11 33 42 28 19 20 36 39 9 6 13 16 4 21 26 10 41 38 8 3 17 32 22 50 24 12 30 35 49 37 25 31 40 44 2 27 34 15 43 18 46 47 45 

Inst_Index:4296 	 City_Num:50 	 Concorde:5.604518 	 MCTS:5.604518 Improve:0.000000 	 Time:3.75 Seconds
Solution: 1 25 48 50 10 32 34 38 14 42 19 31 44 29 40 26 39 11 2 23 17 21 18 3 30 13 5 33 7 43 49 45 4 37 46 47 28 6 41 15 12 24 20 8 16 35 22 27 9 36 

Inst_Index:4297 	 City_Num:50 	 Concorde:5.729527 	 MCTS:5.729527 Improve:0.000000 	 Time:3.75 Seconds
Solution: 1 38 20 40 35 33 24 25 48 23 18 14 9 28 39 5 6 3 19 22 2 32 29 10 15 7 31 50 36 11 43 12 26 30 45 42 49 47 16 37 34 21 13 46 17 41 4 44 8 27 

Inst_Index:4298 	 City_Num:50 	 Concorde:5.328973 	 MCTS:5.328973 Improve:0.000000 	 Time:3.76 Seconds
Solution: 1 33 30 37 26 50 4 15 8 47 40 44 34 27 17 23 10 38 21 3 32 29 31 13 39 20 24 25 49 5 41 48 6 14 42 46 7 19 43 35 18 36 45 16 28 2 9 12 22 11 

Inst_Index:4299 	 City_Num:50 	 Concorde:5.785989 	 MCTS:5.785989 Improve:-0.000000 	 Time:3.78 Seconds
Solution: 1 7 8 14 24 25 36 26 13 22 20 42 27 12 15 29 2 5 10 33 37 46 31 39 34 18 30 49 4 11 17 16 6 44 35 19 48 9 45 3 38 28 21 47 23 50 40 32 41 43 

Inst_Index:4300 	 City_Num:50 	 Concorde:5.860717 	 MCTS:5.860717 Improve:-0.000000 	 Time:3.75 Seconds
Solution: 1 20 6 43 23 35 11 42 39 41 3 28 24 47 44 33 7 29 48 15 18 38 12 31 8 10 37 30 50 45 14 17 22 19 26 46 40 21 25 32 2 16 4 13 49 9 34 36 27 5 

Inst_Index:4301 	 City_Num:50 	 Concorde:5.891223 	 MCTS:5.888399 Improve:0.002824 	 Time:3.77 Seconds
Solution: 1 19 15 13 26 23 18 21 42 38 29 17 46 49 35 33 25 45 9 3 7 12 8 34 44 40 41 39 50 16 10 31 4 47 32 48 30 37 28 27 6 2 20 36 5 43 14 24 22 11 

Inst_Index:4302 	 City_Num:50 	 Concorde:5.744376 	 MCTS:5.743329 Improve:0.001047 	 Time:3.76 Seconds
Solution: 1 49 47 15 20 44 16 36 5 30 18 34 14 50 46 10 23 13 35 41 40 9 11 43 28 45 2 22 32 48 33 31 29 42 4 38 25 8 24 21 39 3 26 19 17 27 37 7 6 12 

Inst_Index:4303 	 City_Num:50 	 Concorde:5.849333 	 MCTS:5.847746 Improve:0.001587 	 Time:3.76 Seconds
Solution: 1 35 10 26 17 49 25 13 7 29 23 46 31 45 4 19 8 6 34 15 27 33 11 48 20 39 3 16 37 14 5 44 47 30 38 36 22 43 12 9 24 50 28 40 41 42 21 2 32 18 

Inst_Index:4304 	 City_Num:50 	 Concorde:5.506671 	 MCTS:5.506671 Improve:0.000000 	 Time:3.76 Seconds
Solution: 1 2 36 10 9 38 44 43 15 35 5 49 46 48 20 6 3 41 39 30 50 4 7 23 27 47 17 18 13 40 24 34 21 12 16 28 32 42 22 31 14 11 8 33 25 26 19 29 45 37 

Inst_Index:4305 	 City_Num:50 	 Concorde:5.590905 	 MCTS:5.590905 Improve:-0.000000 	 Time:3.76 Seconds
Solution: 1 17 35 34 47 37 16 41 50 28 8 25 14 6 19 10 45 33 49 3 39 29 31 32 38 18 2 24 27 46 11 5 42 12 21 15 36 4 13 44 26 40 7 9 23 30 20 22 48 43 

Inst_Index:4306 	 City_Num:50 	 Concorde:5.549411 	 MCTS:5.549411 Improve:0.000000 	 Time:3.76 Seconds
Solution: 1 8 31 6 20 5 49 27 12 33 37 15 16 7 48 45 14 11 25 17 32 38 35 21 41 43 40 23 50 36 46 39 34 44 26 10 30 22 28 18 42 13 29 2 4 9 19 3 47 24 

Inst_Index:4307 	 City_Num:50 	 Concorde:5.734940 	 MCTS:5.734940 Improve:0.000000 	 Time:3.78 Seconds
Solution: 1 28 18 15 9 3 13 17 42 14 50 24 46 29 31 7 32 22 19 36 35 11 44 47 12 2 40 48 27 33 34 30 37 10 20 26 41 38 6 25 8 39 4 43 16 21 45 23 5 49 

Inst_Index:4308 	 City_Num:50 	 Concorde:5.831119 	 MCTS:5.831119 Improve:0.000000 	 Time:3.76 Seconds
Solution: 1 43 45 25 2 50 10 29 14 6 34 8 44 24 9 46 31 37 5 49 22 12 11 33 39 47 42 32 3 35 30 4 15 28 41 17 38 36 23 40 27 7 20 13 48 21 16 26 18 19 

Inst_Index:4309 	 City_Num:50 	 Concorde:5.764022 	 MCTS:5.763280 Improve:0.000742 	 Time:3.75 Seconds
Solution: 1 8 44 10 25 50 41 48 17 14 28 4 40 43 2 26 18 36 5 35 22 34 23 16 38 33 46 24 11 31 7 19 6 39 3 30 37 13 12 15 20 27 42 47 45 49 21 32 9 29 

Inst_Index:4310 	 City_Num:50 	 Concorde:5.722851 	 MCTS:5.722851 Improve:-0.000000 	 Time:3.78 Seconds
Solution: 1 21 46 14 10 42 2 25 12 6 13 36 4 24 33 20 17 37 44 40 38 43 41 22 35 19 26 23 27 32 7 50 16 3 8 18 28 49 5 47 48 34 11 9 29 30 15 39 45 31 

Inst_Index:4311 	 City_Num:50 	 Concorde:5.788550 	 MCTS:5.788550 Improve:0.000000 	 Time:3.77 Seconds
Solution: 1 34 35 13 17 44 4 48 29 21 14 37 41 5 11 40 19 22 26 18 25 36 47 27 50 46 30 31 12 24 32 43 33 3 9 39 23 28 20 42 8 2 45 49 38 7 16 15 10 6 

Inst_Index:4312 	 City_Num:50 	 Concorde:5.503317 	 MCTS:5.502357 Improve:0.000960 	 Time:3.75 Seconds
Solution: 1 17 8 12 16 21 44 41 32 5 6 50 46 31 11 43 42 9 13 19 34 35 48 26 37 40 23 7 20 14 15 45 4 18 2 49 47 36 39 30 28 24 25 3 38 33 10 29 22 27 

Inst_Index:4313 	 City_Num:50 	 Concorde:5.820689 	 MCTS:5.820689 Improve:0.000000 	 Time:3.76 Seconds
Solution: 1 24 3 38 2 46 14 21 30 48 31 7 44 10 15 22 12 25 37 28 20 5 41 8 49 42 18 34 27 47 26 35 4 40 9 36 13 6 19 39 29 23 50 32 11 33 16 43 45 17 

Inst_Index:4314 	 City_Num:50 	 Concorde:5.514533 	 MCTS:5.513205 Improve:0.001328 	 Time:3.78 Seconds
Solution: 1 2 9 5 20 14 36 45 3 30 24 23 31 25 11 26 43 10 28 41 50 19 21 34 29 15 47 44 6 8 40 7 32 22 35 49 17 37 12 4 13 38 39 42 46 48 27 18 33 16 

Inst_Index:4315 	 City_Num:50 	 Concorde:5.733301 	 MCTS:5.733301 Improve:0.000000 	 Time:3.76 Seconds
Solution: 1 34 2 44 9 16 36 47 48 20 12 41 18 13 28 50 40 5 49 32 15 24 39 33 10 3 8 11 25 22 19 17 38 27 42 4 30 31 45 35 37 21 46 7 14 23 43 26 6 29 

Inst_Index:4316 	 City_Num:50 	 Concorde:5.962540 	 MCTS:5.958598 Improve:0.003942 	 Time:3.76 Seconds
Solution: 1 41 27 23 6 25 46 26 28 44 29 32 37 20 36 16 47 45 22 8 35 13 31 17 21 50 19 30 15 5 40 18 43 38 33 14 48 12 34 7 10 11 49 9 2 3 24 4 39 42 

Inst_Index:4317 	 City_Num:50 	 Concorde:5.797624 	 MCTS:5.789740 Improve:0.007884 	 Time:3.76 Seconds
Solution: 1 38 22 5 6 21 46 34 42 16 43 36 35 44 3 19 23 26 41 4 20 2 14 17 25 24 37 15 10 30 27 28 47 39 31 49 7 45 9 8 18 13 12 40 29 48 33 32 50 11 

Inst_Index:4318 	 City_Num:50 	 Concorde:6.296298 	 MCTS:6.296298 Improve:0.000000 	 Time:3.76 Seconds
Solution: 1 25 24 48 30 9 40 4 7 45 29 20 23 17 39 19 18 47 49 50 5 22 46 31 27 8 44 21 16 41 33 13 2 10 38 28 34 14 6 15 12 36 43 11 42 26 3 35 37 32 

Inst_Index:4319 	 City_Num:50 	 Concorde:5.493935 	 MCTS:5.493935 Improve:0.000000 	 Time:3.76 Seconds
Solution: 1 4 13 12 40 17 31 44 32 20 39 2 47 28 34 25 18 50 43 10 36 38 22 35 6 26 27 15 16 46 30 37 11 24 8 49 33 19 41 21 29 42 48 14 7 5 3 23 45 9 

Inst_Index:4320 	 City_Num:50 	 Concorde:5.878959 	 MCTS:5.878959 Improve:-0.000000 	 Time:3.75 Seconds
Solution: 1 49 22 35 12 31 4 34 11 28 48 37 24 39 18 47 15 2 33 23 25 30 8 20 7 45 40 10 13 14 3 43 46 17 29 44 41 38 6 16 27 19 21 32 5 42 9 36 26 50 

Inst_Index:4321 	 City_Num:50 	 Concorde:5.589201 	 MCTS:5.587519 Improve:0.001682 	 Time:3.75 Seconds
Solution: 1 7 22 37 19 18 47 41 39 40 38 35 23 28 48 34 20 25 9 32 13 27 15 6 30 46 11 14 42 50 29 17 49 36 16 44 45 26 10 3 5 33 2 8 31 12 24 4 21 43 

Inst_Index:4322 	 City_Num:50 	 Concorde:5.296066 	 MCTS:5.296066 Improve:0.000000 	 Time:3.75 Seconds
Solution: 1 44 17 47 5 38 2 50 14 29 41 46 22 4 30 6 28 13 16 43 20 49 23 24 36 10 19 45 34 27 3 18 9 26 25 15 39 33 32 48 21 12 40 42 31 37 7 11 8 35 

Inst_Index:4323 	 City_Num:50 	 Concorde:5.742839 	 MCTS:5.739734 Improve:0.003104 	 Time:3.76 Seconds
Solution: 1 40 11 27 30 19 46 21 20 45 39 15 14 13 29 7 6 43 50 49 16 36 17 5 28 9 2 37 24 47 25 42 48 34 41 3 38 12 32 31 26 23 33 4 22 35 10 18 8 44 

Inst_Index:4324 	 City_Num:50 	 Concorde:5.841245 	 MCTS:5.841245 Improve:0.000000 	 Time:3.76 Seconds
Solution: 1 14 37 36 10 11 29 24 13 28 30 41 19 7 25 43 33 26 38 42 18 12 45 17 46 2 47 34 31 39 9 23 5 21 16 44 15 22 8 48 49 20 27 3 4 40 50 6 32 35 

Inst_Index:4325 	 City_Num:50 	 Concorde:5.727829 	 MCTS:5.725014 Improve:0.002816 	 Time:3.75 Seconds
Solution: 1 10 4 36 47 29 23 20 21 43 24 22 42 12 17 19 50 34 3 44 49 25 37 33 45 14 31 46 26 30 18 39 8 11 9 6 35 7 48 15 38 16 32 28 5 40 27 2 13 41 

Inst_Index:4326 	 City_Num:50 	 Concorde:5.478355 	 MCTS:5.474069 Improve:0.004287 	 Time:3.76 Seconds
Solution: 1 35 9 17 26 47 18 7 45 15 10 37 27 36 13 3 12 14 25 11 19 24 38 44 33 34 20 23 40 42 21 43 22 41 8 46 39 49 30 6 29 28 4 16 48 2 31 5 32 50 

Inst_Index:4327 	 City_Num:50 	 Concorde:5.608220 	 MCTS:5.608220 Improve:0.000000 	 Time:3.75 Seconds
Solution: 1 38 14 13 7 11 27 48 22 26 8 40 20 9 39 30 17 5 4 18 46 32 35 25 31 37 45 36 33 12 2 29 41 49 50 21 34 19 43 23 6 42 24 44 10 15 16 28 3 47 

Inst_Index:4328 	 City_Num:50 	 Concorde:5.895731 	 MCTS:5.895731 Improve:0.000000 	 Time:3.76 Seconds
Solution: 1 42 32 15 8 25 24 19 20 41 6 16 34 37 5 30 10 36 29 11 17 2 43 14 31 3 39 18 44 12 50 33 47 22 45 28 13 21 48 49 26 35 7 38 23 4 40 46 9 27 

Inst_Index:4329 	 City_Num:50 	 Concorde:5.581496 	 MCTS:5.581496 Improve:-0.000000 	 Time:3.76 Seconds
Solution: 1 43 37 39 42 16 47 30 14 46 11 40 8 27 44 41 34 20 24 10 35 6 29 5 4 15 7 25 26 17 3 38 21 12 49 23 45 13 36 50 32 48 31 33 28 9 2 18 19 22 

Inst_Index:4330 	 City_Num:50 	 Concorde:5.568567 	 MCTS:5.568567 Improve:-0.000000 	 Time:3.75 Seconds
Solution: 1 42 9 15 37 6 12 32 29 49 3 39 31 48 41 38 5 25 7 4 20 22 45 50 34 19 43 36 35 30 44 17 46 8 13 14 10 24 11 33 28 18 16 2 26 23 27 40 21 47 

Inst_Index:4331 	 City_Num:50 	 Concorde:5.380018 	 MCTS:5.380018 Improve:0.000000 	 Time:3.76 Seconds
Solution: 1 10 20 35 7 11 8 24 48 25 26 23 22 33 5 29 6 41 4 36 17 16 2 45 38 42 28 31 50 30 37 19 21 27 15 14 46 49 39 32 3 13 9 47 44 12 43 34 18 40 

Inst_Index:4332 	 City_Num:50 	 Concorde:5.310260 	 MCTS:5.310260 Improve:0.000000 	 Time:3.76 Seconds
Solution: 1 47 12 22 4 28 42 13 9 50 11 25 17 18 6 48 14 39 46 24 36 38 44 2 16 3 10 34 49 5 35 30 33 26 37 31 21 45 23 20 43 27 19 29 32 40 7 15 41 8 

Inst_Index:4333 	 City_Num:50 	 Concorde:5.224848 	 MCTS:5.219305 Improve:0.005543 	 Time:3.76 Seconds
Solution: 1 17 24 45 46 6 30 19 5 48 49 34 38 23 22 10 33 2 26 14 41 13 28 21 15 7 44 20 39 31 3 12 40 4 18 50 9 29 27 32 25 43 11 16 8 47 36 35 37 42 

Inst_Index:4334 	 City_Num:50 	 Concorde:5.945371 	 MCTS:5.945371 Improve:0.000000 	 Time:3.77 Seconds
Solution: 1 24 41 5 43 14 42 19 30 26 23 37 25 2 21 17 12 9 18 16 33 50 28 40 39 10 6 47 7 4 11 20 31 38 15 32 29 35 46 8 3 48 13 44 27 36 34 49 45 22 

Inst_Index:4335 	 City_Num:50 	 Concorde:5.558911 	 MCTS:5.558911 Improve:0.000000 	 Time:3.78 Seconds
Solution: 1 31 40 18 34 9 26 19 49 6 45 38 44 36 32 48 46 27 28 39 8 13 23 3 7 29 37 10 12 2 14 25 43 41 11 5 30 50 42 16 20 4 35 24 33 21 15 22 17 47 

Inst_Index:4336 	 City_Num:50 	 Concorde:5.910356 	 MCTS:5.910356 Improve:0.000000 	 Time:3.75 Seconds
Solution: 1 7 31 10 39 41 23 32 22 48 46 18 15 36 20 43 34 27 37 33 35 30 42 47 16 49 5 29 19 24 17 12 9 3 40 14 50 26 11 25 13 45 44 6 8 38 28 4 2 21 

Inst_Index:4337 	 City_Num:50 	 Concorde:5.799408 	 MCTS:5.799408 Improve:0.000000 	 Time:3.77 Seconds
Solution: 1 7 17 47 6 23 40 37 20 28 33 32 27 16 3 22 36 2 10 38 18 30 8 5 31 41 29 19 12 39 48 50 44 34 21 35 14 15 9 43 11 26 46 24 49 4 42 45 25 13 

Inst_Index:4338 	 City_Num:50 	 Concorde:5.338682 	 MCTS:5.338682 Improve:0.000000 	 Time:3.76 Seconds
Solution: 1 44 40 16 21 24 28 2 8 15 29 23 37 20 32 3 48 4 7 12 38 35 10 5 11 22 26 45 17 19 43 31 9 42 25 13 41 36 39 18 33 34 49 47 46 27 6 50 30 14 

Inst_Index:4339 	 City_Num:50 	 Concorde:5.888090 	 MCTS:5.888090 Improve:-0.000000 	 Time:3.77 Seconds
Solution: 1 50 23 7 2 17 10 48 41 30 39 26 42 22 34 12 29 38 25 47 14 21 24 13 9 28 31 19 3 44 8 18 11 20 32 15 46 43 40 37 16 33 35 6 5 49 27 36 45 4 

Inst_Index:4340 	 City_Num:50 	 Concorde:5.667243 	 MCTS:5.666667 Improve:0.000576 	 Time:3.77 Seconds
Solution: 1 13 38 15 37 10 17 36 20 33 18 29 48 8 6 24 35 12 50 3 14 27 44 11 32 23 31 7 47 22 25 9 39 49 26 46 42 4 21 19 34 45 5 40 28 2 30 16 43 41 

Inst_Index:4341 	 City_Num:50 	 Concorde:5.094850 	 MCTS:5.094850 Improve:0.000000 	 Time:3.78 Seconds
Solution: 1 16 32 4 3 10 17 26 33 27 5 50 47 28 23 48 39 35 42 18 43 21 49 25 13 37 7 22 6 34 19 41 15 8 46 2 20 45 36 12 40 24 30 29 9 31 14 38 11 44 

Inst_Index:4342 	 City_Num:50 	 Concorde:5.779374 	 MCTS:5.766428 Improve:0.012946 	 Time:3.77 Seconds
Solution: 1 20 10 39 3 19 11 12 33 9 30 28 41 48 5 35 45 15 13 6 7 25 24 18 17 29 42 37 40 26 36 27 43 31 44 4 16 22 8 47 14 34 50 38 2 46 49 32 21 23 

Inst_Index:4343 	 City_Num:50 	 Concorde:5.716655 	 MCTS:5.716655 Improve:0.000000 	 Time:3.77 Seconds
Solution: 1 11 36 26 33 30 42 48 47 5 6 9 28 14 17 34 19 29 22 16 38 45 25 13 24 18 37 35 2 39 21 4 41 8 23 31 27 46 50 15 44 32 7 49 43 12 3 40 10 20 

Inst_Index:4344 	 City_Num:50 	 Concorde:5.479865 	 MCTS:5.479865 Improve:0.000000 	 Time:3.75 Seconds
Solution: 1 12 7 22 30 11 23 43 35 48 20 29 19 18 25 5 36 13 26 42 49 15 17 40 34 27 38 33 32 21 3 45 2 46 50 31 24 10 28 16 9 47 44 8 14 4 37 41 39 6 

Inst_Index:4345 	 City_Num:50 	 Concorde:5.362356 	 MCTS:5.362356 Improve:0.000000 	 Time:3.76 Seconds
Solution: 1 36 19 24 44 13 26 39 28 12 8 35 40 31 48 11 2 29 6 33 20 18 5 30 14 22 37 34 25 17 50 47 4 23 46 41 10 32 49 15 21 43 9 7 16 27 38 45 3 42 

Inst_Index:4346 	 City_Num:50 	 Concorde:5.628250 	 MCTS:5.628250 Improve:-0.000000 	 Time:3.76 Seconds
Solution: 1 30 24 16 23 32 41 9 7 4 17 20 26 6 22 44 27 40 37 33 43 29 15 14 47 50 11 21 8 19 49 18 42 45 13 10 48 25 3 38 36 35 2 39 31 28 46 12 34 5 

Inst_Index:4347 	 City_Num:50 	 Concorde:5.645590 	 MCTS:5.645590 Improve:0.000000 	 Time:3.75 Seconds
Solution: 1 27 7 22 14 18 50 4 35 16 28 5 12 10 47 24 49 8 3 17 26 25 42 13 40 43 37 34 6 21 29 31 38 9 45 44 11 41 32 48 20 39 30 23 15 46 33 2 36 19 

Inst_Index:4348 	 City_Num:50 	 Concorde:5.707542 	 MCTS:5.707542 Improve:0.000000 	 Time:3.77 Seconds
Solution: 1 40 3 18 38 16 32 12 17 14 26 25 10 31 42 9 24 39 33 48 22 4 50 2 30 47 27 6 43 23 5 46 28 37 8 29 45 7 21 34 20 19 35 13 36 11 44 15 49 41 

Inst_Index:4349 	 City_Num:50 	 Concorde:5.331516 	 MCTS:5.330074 Improve:0.001441 	 Time:3.77 Seconds
Solution: 1 7 15 10 14 5 34 40 32 20 16 29 2 11 48 41 17 27 42 19 45 35 50 4 9 26 18 43 13 22 8 49 23 46 31 12 25 24 21 33 3 36 38 28 44 39 47 6 30 37 

Inst_Index:4350 	 City_Num:50 	 Concorde:5.647080 	 MCTS:5.647080 Improve:-0.000000 	 Time:3.76 Seconds
Solution: 1 7 49 50 13 46 28 38 25 35 12 19 36 6 14 18 29 10 26 27 23 32 15 21 40 24 31 42 2 45 33 34 16 8 44 41 3 5 48 9 20 37 11 4 39 47 22 30 17 43 

Inst_Index:4351 	 City_Num:50 	 Concorde:5.735173 	 MCTS:5.735173 Improve:-0.000000 	 Time:3.75 Seconds
Solution: 1 40 28 16 29 3 37 20 48 44 36 47 9 46 33 24 4 34 14 15 21 19 25 7 12 35 18 11 31 32 45 50 27 5 6 17 13 49 8 22 41 43 30 38 23 2 39 26 42 10 

Inst_Index:4352 	 City_Num:50 	 Concorde:5.604365 	 MCTS:5.597369 Improve:0.006997 	 Time:3.76 Seconds
Solution: 1 42 45 28 33 34 49 19 35 27 12 2 38 23 14 4 44 17 10 46 8 36 37 31 25 41 22 39 26 7 29 5 40 32 3 13 30 15 43 11 21 47 50 16 20 9 18 6 24 48 

Inst_Index:4353 	 City_Num:50 	 Concorde:5.769974 	 MCTS:5.769974 Improve:0.000000 	 Time:3.77 Seconds
Solution: 1 23 50 30 42 12 48 4 47 44 49 33 13 40 35 26 27 5 10 19 43 24 18 37 17 14 29 6 28 2 41 11 25 38 20 34 39 32 22 15 16 45 21 3 31 9 46 7 36 8 

Inst_Index:4354 	 City_Num:50 	 Concorde:5.715548 	 MCTS:5.713529 Improve:0.002019 	 Time:3.77 Seconds
Solution: 1 3 18 49 15 7 35 23 27 17 42 8 25 43 2 21 16 29 36 32 4 20 37 44 45 6 38 14 26 48 30 47 28 12 11 22 33 50 9 10 40 31 34 39 24 5 46 13 19 41 

Inst_Index:4355 	 City_Num:50 	 Concorde:5.567197 	 MCTS:5.567197 Improve:0.000000 	 Time:3.76 Seconds
Solution: 1 7 48 41 4 25 30 5 15 31 9 26 38 12 49 50 3 13 47 44 32 42 35 23 21 36 2 28 16 6 39 22 29 34 45 37 11 27 8 10 43 24 14 40 33 46 17 18 20 19 

Inst_Index:4356 	 City_Num:50 	 Concorde:5.628390 	 MCTS:5.628390 Improve:0.000000 	 Time:3.76 Seconds
Solution: 1 44 38 9 48 28 37 5 17 40 10 11 12 25 16 47 36 29 23 22 35 8 4 46 20 41 21 27 32 19 7 34 26 49 15 6 31 45 39 33 3 13 2 43 50 24 30 14 42 18 

Inst_Index:4357 	 City_Num:50 	 Concorde:5.940653 	 MCTS:5.935167 Improve:0.005486 	 Time:3.75 Seconds
Solution: 1 34 3 48 38 15 42 7 41 17 49 24 43 8 6 47 31 30 21 29 18 4 36 20 10 28 2 11 26 33 35 23 37 22 46 25 19 40 50 44 13 27 16 14 12 45 39 5 32 9 

Inst_Index:4358 	 City_Num:50 	 Concorde:5.119024 	 MCTS:5.118752 Improve:0.000272 	 Time:3.76 Seconds
Solution: 1 22 12 26 47 38 49 30 24 25 13 20 21 29 15 19 6 50 28 34 11 14 31 10 9 41 8 4 35 44 7 42 18 17 2 37 36 48 45 23 27 5 3 32 33 43 39 40 16 46 

Inst_Index:4359 	 City_Num:50 	 Concorde:5.931261 	 MCTS:5.931261 Improve:0.000000 	 Time:3.77 Seconds
Solution: 1 28 5 29 47 2 17 11 50 32 40 42 24 12 37 41 35 15 30 25 22 9 6 7 23 20 48 34 44 49 13 21 38 14 39 27 16 8 46 4 36 10 3 43 18 19 33 31 26 45 

Inst_Index:4360 	 City_Num:50 	 Concorde:5.811884 	 MCTS:5.811884 Improve:-0.000000 	 Time:3.76 Seconds
Solution: 1 28 44 26 43 27 10 46 3 2 41 34 7 15 31 36 33 6 18 20 12 19 13 11 49 38 16 8 24 25 30 40 14 50 21 22 29 48 23 32 5 39 35 17 9 45 37 47 4 42 

Inst_Index:4361 	 City_Num:50 	 Concorde:5.698645 	 MCTS:5.698645 Improve:-0.000000 	 Time:3.76 Seconds
Solution: 1 43 8 21 5 14 34 36 49 20 45 15 23 40 35 30 4 39 41 25 38 32 27 44 13 26 17 46 48 42 33 50 47 11 12 31 19 9 7 6 2 24 10 3 18 16 29 28 37 22 

Inst_Index:4362 	 City_Num:50 	 Concorde:5.593472 	 MCTS:5.593472 Improve:0.000000 	 Time:3.77 Seconds
Solution: 1 27 38 25 46 47 40 20 8 19 41 9 18 28 33 14 17 3 50 4 24 30 44 39 36 6 49 34 22 48 11 21 10 5 12 2 16 37 26 32 35 31 7 29 15 23 42 13 45 43 

Inst_Index:4363 	 City_Num:50 	 Concorde:5.686774 	 MCTS:5.686774 Improve:-0.000000 	 Time:3.77 Seconds
Solution: 1 4 39 34 17 13 42 25 7 2 33 10 21 24 30 49 47 50 22 31 19 35 32 48 20 5 37 15 36 40 26 3 41 14 23 18 8 9 43 6 11 44 45 38 46 12 16 28 29 27 

Inst_Index:4364 	 City_Num:50 	 Concorde:6.131563 	 MCTS:6.131563 Improve:0.000000 	 Time:3.78 Seconds
Solution: 1 19 26 21 20 8 6 9 15 7 33 4 41 30 3 39 31 50 23 37 24 46 18 44 17 5 10 29 16 40 45 35 13 32 42 27 12 11 36 34 49 43 38 25 2 22 14 47 48 28 

Inst_Index:4365 	 City_Num:50 	 Concorde:5.363627 	 MCTS:5.363627 Improve:0.000000 	 Time:3.75 Seconds
Solution: 1 21 20 22 12 34 42 11 8 23 28 15 35 45 32 31 19 9 30 36 38 2 39 14 10 33 44 4 27 7 13 40 43 29 41 47 18 25 17 26 6 46 5 24 16 3 37 50 49 48 

Inst_Index:4366 	 City_Num:50 	 Concorde:5.754304 	 MCTS:5.754304 Improve:-0.000000 	 Time:3.76 Seconds
Solution: 1 28 8 46 38 32 9 27 45 2 14 12 15 29 5 20 19 47 10 43 50 7 24 13 49 22 25 34 31 18 37 21 39 35 26 3 16 6 30 42 44 33 11 40 23 48 41 36 4 17 

Inst_Index:4367 	 City_Num:50 	 Concorde:5.488579 	 MCTS:5.488579 Improve:0.000000 	 Time:3.75 Seconds
Solution: 1 49 9 4 42 39 33 17 43 20 41 18 5 28 31 35 45 2 44 40 30 26 19 10 47 7 38 37 29 12 23 22 11 21 46 25 3 34 16 15 8 14 6 36 24 48 27 50 13 32 

Inst_Index:4368 	 City_Num:50 	 Concorde:5.830584 	 MCTS:5.830584 Improve:-0.000000 	 Time:3.77 Seconds
Solution: 1 11 41 39 45 38 6 35 9 16 40 18 30 34 7 2 25 44 15 33 12 21 27 26 5 48 10 32 4 46 14 22 3 8 49 17 28 13 36 42 24 37 23 47 19 43 31 20 29 50 

Inst_Index:4369 	 City_Num:50 	 Concorde:6.305938 	 MCTS:6.305938 Improve:0.000000 	 Time:3.76 Seconds
Solution: 1 26 48 24 49 35 31 13 11 22 41 7 28 23 27 32 37 38 45 46 12 8 4 6 50 33 29 5 21 2 36 9 20 18 17 14 16 43 19 15 25 40 30 10 3 44 34 39 42 47 

Inst_Index:4370 	 City_Num:50 	 Concorde:5.538579 	 MCTS:5.538579 Improve:0.000000 	 Time:3.78 Seconds
Solution: 1 8 45 44 9 26 38 11 33 28 36 25 15 4 29 18 12 42 2 47 48 46 24 39 32 37 6 20 30 31 43 50 22 7 10 34 35 17 23 49 5 41 40 21 3 27 19 14 13 16 

Inst_Index:4371 	 City_Num:50 	 Concorde:5.855073 	 MCTS:5.854712 Improve:0.000362 	 Time:3.75 Seconds
Solution: 1 30 38 24 10 7 18 34 49 32 43 35 19 15 9 17 48 14 40 41 12 47 4 21 46 37 13 25 26 6 44 31 16 36 45 50 33 2 23 28 20 3 27 11 5 39 22 42 29 8 

Inst_Index:4372 	 City_Num:50 	 Concorde:5.999614 	 MCTS:5.995968 Improve:0.003646 	 Time:3.76 Seconds
Solution: 1 44 20 15 26 6 19 43 2 18 45 7 42 46 50 16 41 27 32 39 3 17 40 9 24 48 13 33 34 8 37 47 10 5 14 11 28 31 36 21 38 12 49 25 29 35 23 22 4 30 

Inst_Index:4373 	 City_Num:50 	 Concorde:5.784924 	 MCTS:5.784924 Improve:-0.000000 	 Time:3.76 Seconds
Solution: 1 29 7 25 48 16 22 37 47 27 45 24 49 13 36 26 10 15 38 41 3 46 35 6 12 8 18 23 20 14 2 4 40 28 30 31 11 43 50 9 33 5 19 34 21 42 44 32 17 39 

Inst_Index:4374 	 City_Num:50 	 Concorde:5.661313 	 MCTS:5.661313 Improve:-0.000000 	 Time:3.76 Seconds
Solution: 1 33 8 48 13 40 50 5 19 16 32 17 31 18 38 36 9 30 29 46 43 21 4 34 6 49 26 45 42 2 25 14 44 47 27 15 22 37 39 35 28 3 11 12 23 24 10 7 20 41 

Inst_Index:4375 	 City_Num:50 	 Concorde:5.945052 	 MCTS:5.945052 Improve:0.000000 	 Time:3.77 Seconds
Solution: 1 2 49 22 10 13 25 36 42 41 15 48 45 37 40 18 5 16 19 44 17 24 11 21 9 30 38 23 43 46 4 35 14 34 6 33 12 47 7 29 28 20 39 27 26 31 3 8 32 50 

Inst_Index:4376 	 City_Num:50 	 Concorde:5.455664 	 MCTS:5.455664 Improve:0.000000 	 Time:3.78 Seconds
Solution: 1 39 33 50 35 45 23 15 36 27 20 5 24 42 19 43 41 2 13 38 31 9 47 4 40 28 16 7 14 48 26 6 46 3 32 34 10 8 12 29 44 18 21 37 30 49 22 17 11 25 

Inst_Index:4377 	 City_Num:50 	 Concorde:5.394193 	 MCTS:5.394193 Improve:0.000000 	 Time:3.76 Seconds
Solution: 1 12 22 43 17 34 28 33 26 11 20 39 27 35 8 18 21 14 16 41 45 24 6 29 19 10 25 3 47 42 37 30 44 23 46 49 5 9 36 15 32 50 4 13 48 40 38 2 7 31 

Inst_Index:4378 	 City_Num:50 	 Concorde:5.306546 	 MCTS:5.306546 Improve:0.000000 	 Time:3.76 Seconds
Solution: 1 38 21 47 36 34 8 12 41 32 17 48 33 26 25 11 40 14 50 31 2 28 43 4 30 49 23 35 5 20 7 6 24 37 13 3 16 18 39 29 44 46 27 15 42 22 9 10 45 19 

Inst_Index:4379 	 City_Num:50 	 Concorde:5.628761 	 MCTS:5.628761 Improve:-0.000000 	 Time:3.75 Seconds
Solution: 1 23 11 46 37 12 41 39 16 2 21 13 7 3 24 8 29 50 9 48 22 15 10 17 44 32 38 35 14 4 27 26 31 18 25 20 28 19 45 30 49 43 42 47 33 5 40 36 34 6 

Inst_Index:4380 	 City_Num:50 	 Concorde:5.202406 	 MCTS:5.202207 Improve:0.000199 	 Time:3.75 Seconds
Solution: 1 20 43 3 44 27 15 21 50 4 49 40 23 13 14 26 18 28 22 8 6 39 37 46 19 33 10 2 24 35 48 47 45 42 25 36 11 38 17 12 32 31 5 34 9 7 30 41 29 16 

Inst_Index:4381 	 City_Num:50 	 Concorde:5.693996 	 MCTS:5.693996 Improve:0.000000 	 Time:3.76 Seconds
Solution: 1 18 24 49 13 4 30 22 50 23 12 46 3 14 19 11 28 42 38 39 45 29 32 21 20 10 7 43 25 34 35 26 27 37 44 47 8 36 17 9 5 6 48 15 16 40 31 41 33 2 

Inst_Index:4382 	 City_Num:50 	 Concorde:6.209372 	 MCTS:6.209372 Improve:0.000000 	 Time:3.76 Seconds
Solution: 1 7 50 31 36 48 17 37 42 24 33 16 14 2 25 27 15 34 21 12 49 28 46 11 10 5 4 8 29 39 40 13 47 19 41 35 9 38 23 20 6 44 43 32 26 45 22 30 18 3 


Avg_Concorde_Distance: 5.674101 Avg_MCTS_Distance: 5.672949 Avg_Gap: -0.000203 Total_Time: 1178.22 Seconds 
 Beat_Best_Known_Times: 109 Match_Best_Known_Times: 204 Miss_Best_Known_Times: 0 
