Number_of_Instances_In_Current_Batch: 313

Inst_Index:5948 	 City_Num:50 	 Concorde:6.057911 	 MCTS:6.053941 Improve:0.003970 	 Time:3.77 Seconds
Solution: 1 39 50 35 15 7 46 49 6 33 4 19 30 8 32 20 41 12 38 44 36 47 14 22 23 17 48 3 29 25 10 45 28 40 26 27 31 42 43 13 34 9 5 2 16 37 24 11 21 18 

Inst_Index:5949 	 City_Num:50 	 Concorde:5.793890 	 MCTS:5.791030 Improve:0.002860 	 Time:3.75 Seconds
Solution: 1 40 46 31 4 21 47 17 37 35 26 27 44 28 13 50 41 32 2 10 48 19 25 22 12 7 36 18 9 38 29 42 20 3 16 8 24 11 33 43 15 49 23 45 30 39 5 34 14 6 

Inst_Index:5950 	 City_Num:50 	 Concorde:5.914855 	 MCTS:5.913144 Improve:0.001711 	 Time:3.75 Seconds
Solution: 1 45 4 37 11 17 23 3 46 19 33 40 5 15 14 42 2 21 20 13 49 35 16 26 30 8 24 38 44 39 6 12 29 48 10 47 22 43 31 34 27 50 18 32 7 25 28 9 41 36 

Inst_Index:5951 	 City_Num:50 	 Concorde:5.790802 	 MCTS:5.789394 Improve:0.001408 	 Time:3.77 Seconds
Solution: 1 12 33 7 43 49 41 25 37 16 8 2 42 17 11 27 23 29 3 48 46 19 45 40 6 30 14 44 34 10 39 13 26 5 20 28 50 47 35 18 22 21 9 4 38 24 31 32 36 15 

Inst_Index:5952 	 City_Num:50 	 Concorde:5.584532 	 MCTS:5.584532 Improve:0.000000 	 Time:3.76 Seconds
Solution: 1 17 46 10 32 42 41 4 27 8 24 12 28 18 6 7 26 44 5 30 38 23 21 40 45 50 37 34 9 49 31 29 11 25 14 16 39 15 35 3 13 47 19 22 48 43 20 33 2 36 

Inst_Index:5953 	 City_Num:50 	 Concorde:5.570405 	 MCTS:5.570405 Improve:0.000000 	 Time:3.76 Seconds
Solution: 1 12 7 34 8 10 29 18 32 4 28 22 16 14 21 3 48 17 13 39 42 43 46 25 5 26 41 15 44 50 6 27 35 9 40 11 2 24 37 30 47 23 33 20 38 49 19 31 45 36 

Inst_Index:5954 	 City_Num:50 	 Concorde:5.601584 	 MCTS:5.601584 Improve:0.000000 	 Time:3.76 Seconds
Solution: 1 25 17 39 29 13 5 12 14 28 11 18 24 31 3 10 33 37 50 43 38 34 41 19 20 8 23 40 4 26 46 48 35 7 47 49 45 16 44 22 21 30 15 2 42 6 36 27 9 32 

Inst_Index:5955 	 City_Num:50 	 Concorde:5.848654 	 MCTS:5.848654 Improve:0.000000 	 Time:3.77 Seconds
Solution: 1 49 27 38 5 10 37 3 30 43 22 28 46 35 9 6 32 4 34 17 31 25 14 42 47 20 19 11 15 29 16 50 48 2 12 39 7 13 23 24 36 33 45 44 18 21 8 26 40 41 

Inst_Index:5956 	 City_Num:50 	 Concorde:5.599026 	 MCTS:5.599026 Improve:-0.000000 	 Time:3.76 Seconds
Solution: 1 4 47 49 31 17 50 43 45 32 16 28 33 23 34 3 5 25 7 11 18 26 6 13 14 24 46 38 12 37 2 15 44 19 10 35 42 8 30 48 20 40 9 22 41 21 36 29 39 27 

Inst_Index:5957 	 City_Num:50 	 Concorde:5.093883 	 MCTS:5.093883 Improve:-0.000000 	 Time:3.75 Seconds
Solution: 1 42 11 45 39 47 20 25 30 15 28 8 17 35 38 27 22 9 29 4 44 48 19 5 32 34 16 12 10 24 43 50 7 33 14 49 41 2 40 18 36 31 23 13 46 3 21 37 26 6 

Inst_Index:5958 	 City_Num:50 	 Concorde:5.576829 	 MCTS:5.570300 Improve:0.006529 	 Time:3.75 Seconds
Solution: 1 39 18 3 14 10 44 4 41 21 29 16 33 22 50 24 6 23 7 2 34 32 40 38 15 49 28 19 17 47 26 5 36 25 48 42 30 27 35 11 43 13 20 31 46 8 45 37 9 12 

Inst_Index:5959 	 City_Num:50 	 Concorde:5.937886 	 MCTS:5.933850 Improve:0.004036 	 Time:3.76 Seconds
Solution: 1 38 9 22 31 33 17 8 29 35 14 24 21 23 34 50 16 3 5 18 10 6 32 48 47 20 25 46 40 26 44 2 15 7 36 4 19 37 42 49 27 45 43 13 11 41 30 28 12 39 

Inst_Index:5960 	 City_Num:50 	 Concorde:5.325690 	 MCTS:5.325690 Improve:0.000000 	 Time:3.75 Seconds
Solution: 1 2 29 50 41 32 10 33 22 3 13 46 12 14 30 4 5 34 7 16 24 21 35 18 44 47 27 36 31 49 38 45 8 26 37 20 40 43 17 25 39 15 23 42 11 9 28 6 19 48 

Inst_Index:5961 	 City_Num:50 	 Concorde:5.879291 	 MCTS:5.879291 Improve:-0.000000 	 Time:3.75 Seconds
Solution: 1 19 2 48 21 40 28 44 43 46 3 12 9 32 36 35 42 17 8 27 30 25 29 50 34 5 24 23 15 39 7 14 38 20 6 4 16 41 49 11 13 33 18 45 26 47 31 22 10 37 

Inst_Index:5962 	 City_Num:50 	 Concorde:5.966308 	 MCTS:5.966308 Improve:0.000000 	 Time:3.76 Seconds
Solution: 1 5 4 19 15 23 35 27 7 6 39 9 46 30 31 37 49 25 43 28 13 50 26 33 32 22 8 18 24 12 45 21 29 47 20 17 34 11 41 16 36 10 38 48 44 14 40 42 2 3 

Inst_Index:5963 	 City_Num:50 	 Concorde:6.073805 	 MCTS:6.073805 Improve:0.000000 	 Time:3.75 Seconds
Solution: 1 46 4 19 45 30 17 27 49 36 35 38 18 21 28 25 29 20 9 11 8 24 12 23 50 48 10 37 43 7 40 42 26 13 2 14 34 41 33 31 39 3 32 16 6 22 15 47 5 44 

Inst_Index:5964 	 City_Num:50 	 Concorde:5.663276 	 MCTS:5.663276 Improve:0.000000 	 Time:3.77 Seconds
Solution: 1 29 42 18 44 35 3 34 17 49 38 16 19 23 48 15 11 41 28 26 7 22 5 46 33 20 25 32 31 30 10 21 8 43 36 27 47 45 40 4 6 9 50 12 14 13 24 37 2 39 

Inst_Index:5965 	 City_Num:50 	 Concorde:5.638257 	 MCTS:5.638257 Improve:0.000000 	 Time:3.76 Seconds
Solution: 1 47 3 19 39 7 28 41 40 17 43 9 12 44 25 50 14 33 35 27 23 31 8 46 49 45 15 38 18 26 29 24 36 5 37 13 34 22 11 30 16 6 42 10 32 21 48 20 4 2 

Inst_Index:5966 	 City_Num:50 	 Concorde:5.622161 	 MCTS:5.622161 Improve:0.000000 	 Time:3.77 Seconds
Solution: 1 40 39 48 13 4 32 6 3 21 2 33 5 27 9 35 7 22 28 50 8 36 24 49 37 30 20 47 42 18 31 23 16 45 26 25 17 19 43 34 11 41 46 44 10 12 38 15 14 29 

Inst_Index:5967 	 City_Num:50 	 Concorde:5.482715 	 MCTS:5.482715 Improve:0.000000 	 Time:3.77 Seconds
Solution: 1 36 11 45 34 9 33 3 4 26 42 18 10 49 44 12 48 47 25 21 37 38 5 15 32 24 14 17 16 19 23 31 6 30 2 46 22 7 28 20 29 35 8 40 39 50 41 27 13 43 

Inst_Index:5968 	 City_Num:50 	 Concorde:5.667045 	 MCTS:5.667045 Improve:-0.000000 	 Time:3.75 Seconds
Solution: 1 25 42 40 24 44 45 41 29 50 49 37 21 13 16 2 35 38 4 48 26 12 43 39 11 8 14 32 9 15 3 31 19 27 28 20 46 30 17 22 5 7 23 34 6 33 36 18 10 47 

Inst_Index:5969 	 City_Num:50 	 Concorde:5.762916 	 MCTS:5.760288 Improve:0.002628 	 Time:3.75 Seconds
Solution: 1 42 36 17 9 43 37 14 38 45 47 13 41 27 46 48 2 16 23 24 15 21 8 7 44 29 30 26 5 35 40 49 34 31 25 50 19 20 33 18 4 28 6 11 10 39 32 22 12 3 

Inst_Index:5970 	 City_Num:50 	 Concorde:5.683967 	 MCTS:5.683761 Improve:0.000206 	 Time:3.78 Seconds
Solution: 1 14 10 27 13 15 50 35 45 17 2 34 28 3 32 29 49 46 21 42 33 30 41 37 47 7 20 12 4 25 24 31 11 23 6 16 22 48 19 5 26 40 43 38 8 18 36 39 44 9 

Inst_Index:5971 	 City_Num:50 	 Concorde:6.130897 	 MCTS:6.130897 Improve:0.000000 	 Time:3.76 Seconds
Solution: 1 40 23 3 19 47 21 4 48 8 30 32 39 33 36 18 22 41 49 10 9 13 27 24 12 46 26 2 6 45 44 16 25 43 28 35 5 34 17 14 11 50 20 29 7 31 38 42 37 15 

Inst_Index:5972 	 City_Num:50 	 Concorde:5.710846 	 MCTS:5.710846 Improve:0.000000 	 Time:3.75 Seconds
Solution: 1 17 42 10 18 50 19 9 37 11 25 12 41 2 31 4 40 39 28 8 46 32 23 21 49 44 29 43 16 7 30 6 35 36 22 14 15 20 34 47 45 5 26 33 13 24 3 38 27 48 

Inst_Index:5973 	 City_Num:50 	 Concorde:5.841140 	 MCTS:5.841140 Improve:-0.000000 	 Time:3.76 Seconds
Solution: 1 37 20 26 22 45 43 41 33 23 19 44 14 29 47 42 25 8 32 10 49 36 46 39 4 34 12 50 35 17 11 38 13 24 6 30 28 31 15 27 40 48 9 16 2 7 18 3 5 21 

Inst_Index:5974 	 City_Num:50 	 Concorde:5.489367 	 MCTS:5.487652 Improve:0.001715 	 Time:3.76 Seconds
Solution: 1 18 7 30 2 46 41 3 34 42 33 29 22 28 14 8 36 5 44 20 19 16 9 4 21 25 27 45 12 13 47 37 48 17 38 43 6 35 23 11 31 39 50 15 24 26 40 32 49 10 

Inst_Index:5975 	 City_Num:50 	 Concorde:5.486545 	 MCTS:5.486545 Improve:-0.000000 	 Time:3.76 Seconds
Solution: 1 39 7 45 20 12 16 26 35 4 6 28 38 5 33 32 40 25 21 30 2 19 44 22 18 42 48 24 13 41 10 34 36 27 9 11 17 50 37 49 43 47 8 31 3 29 46 14 15 23 

Inst_Index:5976 	 City_Num:50 	 Concorde:5.792941 	 MCTS:5.792941 Improve:0.000000 	 Time:3.76 Seconds
Solution: 1 28 17 12 49 3 39 4 8 36 23 34 11 30 15 31 38 41 21 16 13 50 33 43 47 10 40 6 46 9 42 20 5 45 22 7 14 2 26 44 48 25 37 35 18 27 32 24 19 29 

Inst_Index:5977 	 City_Num:50 	 Concorde:5.552010 	 MCTS:5.552010 Improve:0.000000 	 Time:3.76 Seconds
Solution: 1 35 7 50 10 31 27 9 49 22 11 29 14 28 17 38 42 15 43 37 47 5 12 2 36 48 13 4 21 39 23 40 3 34 16 26 25 6 19 33 24 46 18 45 41 44 20 8 32 30 

Inst_Index:5978 	 City_Num:50 	 Concorde:6.235422 	 MCTS:6.235422 Improve:0.000000 	 Time:3.75 Seconds
Solution: 1 18 10 31 50 26 27 21 13 33 7 38 42 49 24 3 16 22 32 34 6 44 40 39 19 23 11 43 48 47 29 41 20 30 46 5 36 12 8 45 28 4 2 37 25 14 35 15 9 17 

Inst_Index:5979 	 City_Num:50 	 Concorde:5.834987 	 MCTS:5.834987 Improve:-0.000000 	 Time:3.75 Seconds
Solution: 1 11 8 25 31 9 32 34 40 45 19 6 23 3 27 33 43 14 29 18 35 24 36 41 49 39 37 50 26 12 15 10 5 48 17 28 38 13 4 21 16 7 47 22 20 44 46 2 42 30 

Inst_Index:5980 	 City_Num:50 	 Concorde:5.781886 	 MCTS:5.775675 Improve:0.006211 	 Time:3.77 Seconds
Solution: 1 32 15 26 49 18 37 14 35 41 45 10 19 12 24 50 31 36 21 33 20 39 29 11 43 30 17 9 44 48 42 4 3 27 6 5 34 22 7 46 13 23 2 38 28 16 8 40 25 47 

Inst_Index:5981 	 City_Num:50 	 Concorde:5.716640 	 MCTS:5.716640 Improve:0.000000 	 Time:3.76 Seconds
Solution: 1 37 13 2 15 14 12 22 26 35 48 3 23 11 4 44 32 9 21 47 18 17 24 33 30 38 41 34 7 40 27 31 49 43 25 19 29 39 28 8 20 45 42 6 10 36 46 50 16 5 

Inst_Index:5982 	 City_Num:50 	 Concorde:5.760997 	 MCTS:5.760997 Improve:-0.000000 	 Time:3.76 Seconds
Solution: 1 42 23 7 46 5 31 19 37 47 25 18 13 14 22 29 27 11 26 20 3 9 41 6 15 39 36 44 16 48 49 40 28 21 50 8 12 2 43 34 38 32 45 33 4 17 24 35 30 10 

Inst_Index:5983 	 City_Num:50 	 Concorde:5.698862 	 MCTS:5.698862 Improve:0.000000 	 Time:3.76 Seconds
Solution: 1 25 5 48 26 9 20 21 42 16 15 7 8 35 24 43 27 31 45 47 13 29 22 46 4 36 23 32 49 11 34 19 3 2 40 14 50 12 30 33 28 41 39 18 44 37 10 6 17 38 

Inst_Index:5984 	 City_Num:50 	 Concorde:5.969351 	 MCTS:5.964291 Improve:0.005060 	 Time:3.75 Seconds
Solution: 1 36 12 22 49 18 40 29 27 3 23 30 13 38 39 31 6 44 10 50 14 9 42 20 11 47 45 37 19 5 46 17 16 32 28 48 33 8 7 41 35 4 21 26 2 15 34 24 25 43 

Inst_Index:5985 	 City_Num:50 	 Concorde:5.506452 	 MCTS:5.497616 Improve:0.008836 	 Time:3.75 Seconds
Solution: 1 18 27 43 19 8 6 42 5 34 31 29 24 33 38 15 14 21 4 35 7 2 44 40 30 28 49 46 32 9 12 22 41 48 17 39 11 45 47 25 37 20 3 13 26 23 16 10 36 50 

Inst_Index:5986 	 City_Num:50 	 Concorde:5.688161 	 MCTS:5.688161 Improve:0.000000 	 Time:3.75 Seconds
Solution: 1 11 25 27 34 46 2 31 37 20 32 8 19 9 23 18 48 21 22 17 45 26 29 5 42 15 7 16 50 12 6 30 44 24 3 33 40 10 47 39 14 36 35 28 49 4 41 13 38 43 

Inst_Index:5987 	 City_Num:50 	 Concorde:5.650927 	 MCTS:5.637271 Improve:0.013656 	 Time:3.76 Seconds
Solution: 1 31 24 4 39 37 49 18 47 3 48 25 28 30 23 22 41 13 21 44 32 2 42 19 15 16 35 46 20 6 11 9 36 50 17 33 34 12 29 45 8 5 7 14 26 38 40 27 10 43 

Inst_Index:5988 	 City_Num:50 	 Concorde:5.968308 	 MCTS:5.966432 Improve:0.001877 	 Time:3.75 Seconds
Solution: 1 50 10 16 14 17 18 46 15 8 31 28 34 39 2 3 30 29 27 42 23 47 12 20 19 5 37 35 44 11 32 40 13 33 38 24 21 22 6 9 26 25 41 4 43 36 48 7 49 45 

Inst_Index:5989 	 City_Num:50 	 Concorde:5.733247 	 MCTS:5.733247 Improve:0.000000 	 Time:3.76 Seconds
Solution: 1 38 23 20 45 19 34 2 27 49 29 44 35 26 31 22 18 16 14 37 32 41 25 46 42 30 11 12 21 47 17 13 36 39 4 28 40 50 24 48 15 33 7 9 6 5 43 10 3 8 

Inst_Index:5990 	 City_Num:50 	 Concorde:5.339461 	 MCTS:5.339461 Improve:-0.000000 	 Time:3.76 Seconds
Solution: 1 15 37 13 4 48 47 33 17 12 22 11 28 43 20 21 25 39 23 8 46 45 26 27 10 18 31 38 6 35 49 14 5 36 44 2 16 42 30 3 41 50 34 40 19 7 29 24 9 32 

Inst_Index:5991 	 City_Num:50 	 Concorde:6.134917 	 MCTS:6.134917 Improve:0.000000 	 Time:3.76 Seconds
Solution: 1 7 2 10 27 9 38 12 5 16 34 48 50 47 33 18 42 36 24 40 44 39 17 30 20 26 25 45 41 14 21 23 35 13 46 4 29 3 37 28 31 6 22 43 32 49 11 15 8 19 

Inst_Index:5992 	 City_Num:50 	 Concorde:5.862884 	 MCTS:5.862884 Improve:0.000000 	 Time:3.77 Seconds
Solution: 1 23 11 29 8 17 13 4 9 35 37 36 3 28 15 7 14 10 32 25 31 46 5 49 2 26 34 22 44 24 41 48 6 12 27 45 50 40 18 33 21 47 42 39 38 19 20 43 30 16 

Inst_Index:5993 	 City_Num:50 	 Concorde:5.618216 	 MCTS:5.616987 Improve:0.001230 	 Time:3.76 Seconds
Solution: 1 2 13 44 48 6 16 41 42 7 50 30 15 22 39 38 10 37 45 43 25 11 5 32 33 18 14 3 21 4 49 26 29 12 9 34 28 31 35 40 23 36 17 20 8 24 46 19 47 27 

Inst_Index:5994 	 City_Num:50 	 Concorde:5.991389 	 MCTS:5.991389 Improve:0.000000 	 Time:3.76 Seconds
Solution: 1 32 42 5 38 39 24 7 9 17 11 50 30 25 34 21 18 2 45 12 41 47 37 29 31 13 15 23 16 3 27 19 6 20 8 26 48 49 40 28 14 33 4 43 10 36 35 22 46 44 

Inst_Index:5995 	 City_Num:50 	 Concorde:5.592593 	 MCTS:5.592593 Improve:-0.000000 	 Time:3.76 Seconds
Solution: 1 30 36 3 27 20 14 12 7 47 16 42 24 19 29 33 28 4 38 17 48 10 31 40 11 13 41 22 15 50 34 6 9 39 8 49 37 2 35 26 45 5 23 43 44 25 32 18 21 46 

Inst_Index:5996 	 City_Num:50 	 Concorde:5.749398 	 MCTS:5.749398 Improve:-0.000000 	 Time:3.77 Seconds
Solution: 1 21 39 4 14 43 38 15 31 16 11 3 47 37 24 29 28 50 23 22 2 41 27 19 18 6 33 7 46 10 8 12 49 9 13 25 45 34 36 5 30 40 17 44 32 35 42 48 26 20 

Inst_Index:5997 	 City_Num:50 	 Concorde:5.825575 	 MCTS:5.825575 Improve:0.000000 	 Time:3.76 Seconds
Solution: 1 44 38 22 42 18 20 4 25 39 27 7 13 43 26 19 9 6 15 50 24 34 45 41 21 8 33 29 35 28 30 2 46 49 48 36 31 37 16 3 47 32 10 12 17 23 14 40 11 5 

Inst_Index:5998 	 City_Num:50 	 Concorde:5.597791 	 MCTS:5.597791 Improve:0.000000 	 Time:3.76 Seconds
Solution: 1 30 14 9 41 38 10 12 11 27 36 29 49 17 46 42 5 23 22 4 13 8 24 15 33 48 16 26 44 47 18 21 19 3 40 2 50 39 43 37 6 34 28 7 35 32 45 20 31 25 

Inst_Index:5999 	 City_Num:50 	 Concorde:5.757079 	 MCTS:5.757079 Improve:0.000000 	 Time:3.75 Seconds
Solution: 1 50 29 17 45 40 38 21 19 34 4 32 18 10 46 37 14 43 13 49 15 47 12 5 26 24 2 3 7 41 16 23 20 44 8 31 6 35 30 27 33 36 28 48 9 22 39 42 11 25 

Inst_Index:6000 	 City_Num:50 	 Concorde:5.114140 	 MCTS:5.114140 Improve:0.000000 	 Time:3.76 Seconds
Solution: 1 35 30 40 39 10 6 43 32 4 33 9 36 47 25 49 48 17 44 15 16 28 50 21 7 34 20 3 12 46 27 11 29 13 37 5 23 24 22 38 41 42 2 14 45 19 26 18 8 31 

Inst_Index:6001 	 City_Num:50 	 Concorde:6.097193 	 MCTS:6.097193 Improve:0.000000 	 Time:3.75 Seconds
Solution: 1 41 12 39 8 36 30 34 28 13 45 50 31 19 10 47 11 40 35 43 2 15 16 4 14 44 38 33 46 27 49 6 48 3 25 29 37 32 7 24 21 26 20 5 23 9 17 18 22 42 

Inst_Index:6002 	 City_Num:50 	 Concorde:5.543207 	 MCTS:5.543207 Improve:0.000000 	 Time:3.78 Seconds
Solution: 1 28 29 27 15 32 5 19 46 24 10 41 16 17 8 50 49 42 23 44 25 12 39 40 37 33 4 22 48 7 47 9 3 21 20 34 18 36 14 6 11 26 38 30 13 31 2 35 45 43 

Inst_Index:6003 	 City_Num:50 	 Concorde:5.543320 	 MCTS:5.540337 Improve:0.002983 	 Time:3.76 Seconds
Solution: 1 25 43 45 36 50 6 20 11 9 47 31 5 7 19 21 26 4 38 18 2 12 13 42 17 33 16 14 10 23 49 8 37 22 40 29 30 41 39 3 35 34 24 28 46 27 32 44 48 15 

Inst_Index:6004 	 City_Num:50 	 Concorde:5.647657 	 MCTS:5.643986 Improve:0.003671 	 Time:3.77 Seconds
Solution: 1 9 36 43 3 28 38 5 30 48 39 12 31 25 13 19 15 27 49 34 40 10 8 44 14 47 46 29 11 16 37 23 7 6 20 24 50 33 41 42 45 2 22 26 4 35 32 17 21 18 

Inst_Index:6005 	 City_Num:50 	 Concorde:5.406502 	 MCTS:5.400683 Improve:0.005818 	 Time:3.76 Seconds
Solution: 1 32 48 45 8 14 31 16 25 18 35 50 20 4 6 26 28 19 15 46 36 33 38 29 43 37 47 44 27 40 9 2 17 3 24 39 12 34 23 30 11 21 22 13 49 5 7 41 42 10 

Inst_Index:6006 	 City_Num:50 	 Concorde:5.652945 	 MCTS:5.652945 Improve:0.000000 	 Time:3.77 Seconds
Solution: 1 44 41 11 49 21 9 48 34 3 5 8 36 40 29 13 30 38 20 15 12 50 24 2 4 33 45 16 10 23 43 32 22 35 37 6 17 47 39 18 19 46 25 27 31 26 7 28 14 42 

Inst_Index:6007 	 City_Num:50 	 Concorde:5.428150 	 MCTS:5.427593 Improve:0.000557 	 Time:3.76 Seconds
Solution: 1 30 18 21 31 10 13 39 41 42 49 19 12 38 3 24 2 40 4 27 36 35 14 47 22 45 46 9 23 33 44 17 43 26 16 11 50 32 20 25 15 48 37 28 29 34 7 5 6 8 

Inst_Index:6008 	 City_Num:50 	 Concorde:5.421341 	 MCTS:5.420666 Improve:0.000674 	 Time:3.75 Seconds
Solution: 1 23 7 18 30 20 50 27 6 8 29 13 48 40 14 49 31 47 16 37 21 11 3 46 41 39 24 32 34 19 2 44 42 26 28 15 33 9 43 5 4 17 22 25 36 45 12 35 10 38 

Inst_Index:6009 	 City_Num:50 	 Concorde:5.775014 	 MCTS:5.772314 Improve:0.002700 	 Time:3.76 Seconds
Solution: 1 25 46 20 36 29 4 31 10 7 15 24 49 23 6 9 48 28 41 42 32 35 45 18 16 27 11 43 2 12 40 13 22 47 26 34 8 17 38 21 33 37 39 44 19 50 30 14 5 3 

Inst_Index:6010 	 City_Num:50 	 Concorde:5.553765 	 MCTS:5.547267 Improve:0.006498 	 Time:3.76 Seconds
Solution: 1 30 12 32 5 47 20 48 29 33 45 39 36 4 42 31 19 25 27 9 8 2 16 35 40 22 10 15 14 41 37 38 11 49 44 17 21 18 50 43 3 13 24 23 7 26 34 28 6 46 

Inst_Index:6011 	 City_Num:50 	 Concorde:5.463503 	 MCTS:5.463503 Improve:0.000000 	 Time:3.76 Seconds
Solution: 1 17 9 3 7 36 39 24 50 26 10 8 14 23 32 6 34 25 5 35 4 22 21 30 11 49 31 44 2 27 28 38 43 37 16 12 47 41 42 48 33 45 46 19 18 40 20 29 15 13 

Inst_Index:6012 	 City_Num:50 	 Concorde:5.767618 	 MCTS:5.766828 Improve:0.000791 	 Time:3.77 Seconds
Solution: 1 50 14 36 47 29 42 28 45 35 27 49 20 37 22 32 5 18 2 43 15 44 30 10 41 25 6 17 19 7 9 46 39 4 31 23 33 38 8 21 16 24 34 12 11 48 26 40 13 3 

Inst_Index:6013 	 City_Num:50 	 Concorde:6.227042 	 MCTS:6.227042 Improve:0.000000 	 Time:3.75 Seconds
Solution: 1 21 34 14 5 39 4 7 17 37 19 38 16 31 2 49 23 33 41 11 28 30 10 12 25 29 45 50 22 27 32 8 48 9 35 43 26 15 20 18 40 24 46 36 13 42 44 6 47 3 

Inst_Index:6014 	 City_Num:50 	 Concorde:5.332029 	 MCTS:5.329759 Improve:0.002270 	 Time:3.75 Seconds
Solution: 1 47 33 7 5 15 14 41 38 19 30 49 25 31 43 28 13 4 29 45 37 39 12 23 27 18 50 48 9 2 44 17 6 35 20 34 8 26 24 46 36 21 22 42 10 32 40 11 3 16 

Inst_Index:6015 	 City_Num:50 	 Concorde:5.938785 	 MCTS:5.938785 Improve:-0.000000 	 Time:3.75 Seconds
Solution: 1 9 5 2 49 41 48 45 19 26 32 23 35 14 24 21 20 12 27 31 8 36 16 44 17 37 47 42 15 11 22 13 33 40 3 46 43 30 28 39 10 6 38 25 34 7 29 50 18 4 

Inst_Index:6016 	 City_Num:50 	 Concorde:5.852663 	 MCTS:5.852663 Improve:-0.000000 	 Time:3.76 Seconds
Solution: 1 38 13 32 24 47 19 14 48 30 11 46 49 34 9 28 10 17 42 26 7 50 36 40 31 15 2 6 25 41 29 8 16 43 37 21 45 12 35 20 44 39 33 5 4 18 3 27 22 23 

Inst_Index:6017 	 City_Num:50 	 Concorde:5.989633 	 MCTS:5.989633 Improve:0.000000 	 Time:3.76 Seconds
Solution: 1 28 9 34 3 13 41 27 30 16 4 8 40 32 23 39 17 35 38 49 45 12 29 47 26 25 15 24 44 50 43 6 42 20 14 46 31 21 48 11 2 19 33 18 36 7 5 10 22 37 

Inst_Index:6018 	 City_Num:50 	 Concorde:5.549464 	 MCTS:5.549464 Improve:0.000000 	 Time:3.75 Seconds
Solution: 1 10 26 2 21 5 6 24 19 35 11 41 8 36 44 50 46 17 38 23 7 37 15 33 42 45 40 29 22 39 32 27 4 16 14 31 13 28 48 34 43 25 12 20 47 30 18 9 3 49 

Inst_Index:6019 	 City_Num:50 	 Concorde:5.406223 	 MCTS:5.406223 Improve:-0.000000 	 Time:3.77 Seconds
Solution: 1 16 49 21 29 33 6 40 39 41 3 19 43 27 7 14 28 2 20 36 4 15 5 26 10 42 24 17 9 12 46 47 32 22 35 34 13 25 50 31 8 11 45 37 30 23 38 18 44 48 

Inst_Index:6020 	 City_Num:50 	 Concorde:5.872149 	 MCTS:5.872149 Improve:-0.000000 	 Time:3.76 Seconds
Solution: 1 41 28 17 21 42 35 2 45 4 33 23 26 34 10 8 24 31 39 25 47 6 32 38 44 14 40 37 46 13 27 9 5 29 18 3 43 30 48 49 36 15 22 19 20 50 11 12 7 16 

Inst_Index:6021 	 City_Num:50 	 Concorde:5.543852 	 MCTS:5.543852 Improve:0.000000 	 Time:3.76 Seconds
Solution: 1 21 25 32 34 16 37 28 19 9 41 26 15 22 4 38 17 5 46 44 23 30 3 13 31 47 39 11 49 40 29 42 12 27 2 18 48 45 50 8 33 20 24 7 43 14 35 36 10 6 

Inst_Index:6022 	 City_Num:50 	 Concorde:5.713941 	 MCTS:5.713941 Improve:-0.000000 	 Time:3.75 Seconds
Solution: 1 18 9 26 27 36 23 12 4 28 19 10 44 17 20 16 50 37 31 32 22 29 2 15 38 8 35 34 48 5 30 39 11 42 46 40 41 3 21 45 43 13 33 6 24 47 14 25 49 7 

Inst_Index:6023 	 City_Num:50 	 Concorde:5.355164 	 MCTS:5.355164 Improve:0.000000 	 Time:3.75 Seconds
Solution: 1 19 43 20 50 49 4 47 42 12 40 14 23 46 28 13 21 22 30 35 6 7 45 16 5 9 25 37 10 18 15 2 48 31 8 38 34 32 11 3 24 44 26 27 36 29 39 33 17 41 

Inst_Index:6024 	 City_Num:50 	 Concorde:5.734788 	 MCTS:5.734788 Improve:0.000000 	 Time:3.75 Seconds
Solution: 1 23 48 34 45 2 22 15 12 43 21 13 44 20 14 40 16 19 7 11 5 32 38 39 26 17 29 27 50 6 9 49 47 37 3 36 33 4 24 46 35 28 42 8 31 30 10 18 41 25 

Inst_Index:6025 	 City_Num:50 	 Concorde:6.118220 	 MCTS:6.117062 Improve:0.001158 	 Time:3.76 Seconds
Solution: 1 11 22 2 15 24 5 37 36 16 7 25 30 45 10 35 8 18 50 6 44 42 33 27 21 32 39 28 40 29 49 23 17 12 9 43 4 41 20 38 26 13 34 14 47 31 3 19 46 48 

Inst_Index:6026 	 City_Num:50 	 Concorde:5.883920 	 MCTS:5.883920 Improve:-0.000000 	 Time:3.77 Seconds
Solution: 1 42 43 25 7 29 9 11 16 37 39 46 12 40 14 10 36 4 8 50 6 26 44 38 3 45 47 32 2 23 35 30 31 41 19 5 33 49 34 27 17 22 13 18 15 28 21 20 48 24 

Inst_Index:6027 	 City_Num:50 	 Concorde:5.740238 	 MCTS:5.740238 Improve:0.000000 	 Time:3.76 Seconds
Solution: 1 10 34 41 47 45 7 17 5 50 23 16 43 36 49 39 18 20 21 11 28 2 44 37 22 14 30 12 35 32 40 48 4 13 46 3 6 42 9 31 15 24 19 8 27 26 29 25 38 33 

Inst_Index:6028 	 City_Num:50 	 Concorde:5.996092 	 MCTS:5.996092 Improve:0.000000 	 Time:3.76 Seconds
Solution: 1 23 22 8 26 28 17 32 36 45 39 50 3 12 7 21 49 30 43 15 41 29 11 14 47 19 6 40 31 34 42 27 38 48 4 46 13 24 16 35 44 10 25 5 18 37 20 33 2 9 

Inst_Index:6029 	 City_Num:50 	 Concorde:5.906791 	 MCTS:5.904885 Improve:0.001905 	 Time:3.76 Seconds
Solution: 1 45 22 50 49 8 30 16 14 41 26 48 31 4 20 38 40 36 35 12 15 46 24 44 32 13 39 21 33 9 18 10 6 28 34 17 42 27 23 3 5 29 43 11 19 2 37 47 25 7 

Inst_Index:6030 	 City_Num:50 	 Concorde:5.912861 	 MCTS:5.912861 Improve:-0.000000 	 Time:3.76 Seconds
Solution: 1 36 37 45 42 31 44 43 30 50 33 8 16 14 18 28 46 11 22 38 20 19 34 25 17 47 5 4 12 49 48 21 6 29 10 24 26 3 40 39 7 15 2 23 35 27 9 41 13 32 

Inst_Index:6031 	 City_Num:50 	 Concorde:5.273334 	 MCTS:5.273334 Improve:0.000000 	 Time:3.77 Seconds
Solution: 1 36 2 30 42 26 18 25 7 44 5 24 17 34 50 49 39 22 11 15 13 48 38 40 45 3 43 31 33 47 9 14 27 10 29 28 23 4 46 35 19 20 16 37 6 41 12 21 32 8 

Inst_Index:6032 	 City_Num:50 	 Concorde:5.897737 	 MCTS:5.897737 Improve:-0.000000 	 Time:3.76 Seconds
Solution: 1 50 23 14 37 35 10 11 9 30 27 5 47 40 25 38 31 21 7 6 4 8 16 29 20 33 17 36 19 41 18 43 45 34 42 44 2 13 24 26 49 32 15 39 22 12 48 3 46 28 

Inst_Index:6033 	 City_Num:50 	 Concorde:6.037771 	 MCTS:6.031892 Improve:0.005878 	 Time:3.76 Seconds
Solution: 1 25 42 45 33 44 3 31 7 19 14 34 2 15 27 6 4 10 36 41 9 21 16 23 11 30 46 38 40 35 50 22 43 20 5 49 29 28 47 24 17 13 39 32 37 12 18 48 8 26 

Inst_Index:6034 	 City_Num:50 	 Concorde:6.097949 	 MCTS:6.097949 Improve:0.000000 	 Time:3.76 Seconds
Solution: 1 7 14 31 3 38 43 30 27 50 44 28 22 42 39 12 2 33 18 37 13 46 16 34 48 6 36 47 49 4 29 8 41 9 15 35 23 19 45 5 20 32 25 10 11 21 40 17 24 26 

Inst_Index:6035 	 City_Num:50 	 Concorde:5.703948 	 MCTS:5.703948 Improve:0.000000 	 Time:3.76 Seconds
Solution: 1 8 29 38 5 36 17 48 16 19 37 24 25 15 26 32 49 4 45 23 50 33 27 11 18 10 35 22 41 6 40 13 28 43 47 7 46 3 30 12 20 39 14 42 9 34 2 31 44 21 

Inst_Index:6036 	 City_Num:50 	 Concorde:5.946060 	 MCTS:5.946060 Improve:0.000000 	 Time:3.78 Seconds
Solution: 1 50 10 11 15 46 2 18 6 42 9 7 17 4 44 27 14 12 41 25 5 49 34 43 29 31 28 22 13 21 20 35 38 19 45 30 48 39 8 3 32 47 26 23 24 36 37 33 16 40 

Inst_Index:6037 	 City_Num:50 	 Concorde:5.234559 	 MCTS:5.233182 Improve:0.001378 	 Time:3.75 Seconds
Solution: 1 2 8 33 36 16 11 42 44 20 27 19 39 6 25 23 13 14 30 38 43 5 47 18 21 28 35 3 32 29 15 7 45 50 22 12 24 46 48 17 34 40 4 9 49 10 41 31 37 26 

Inst_Index:6038 	 City_Num:50 	 Concorde:5.747119 	 MCTS:5.747119 Improve:-0.000000 	 Time:3.77 Seconds
Solution: 1 4 17 27 48 24 37 45 26 40 22 2 20 18 34 50 42 46 30 3 7 35 43 49 13 44 29 41 23 36 31 28 16 14 15 10 32 12 47 25 21 19 38 6 8 9 39 11 33 5 

Inst_Index:6039 	 City_Num:50 	 Concorde:5.956997 	 MCTS:5.956095 Improve:0.000902 	 Time:3.75 Seconds
Solution: 1 47 23 6 19 9 42 7 15 30 13 16 10 21 4 35 17 20 46 39 5 41 38 32 29 34 2 37 48 3 24 28 11 27 31 14 33 40 36 8 12 50 22 44 49 43 45 18 25 26 

Inst_Index:6040 	 City_Num:50 	 Concorde:5.919450 	 MCTS:5.917364 Improve:0.002085 	 Time:3.75 Seconds
Solution: 1 23 42 50 31 39 47 25 3 41 6 30 13 8 38 18 46 10 49 17 33 11 12 34 28 2 16 5 19 32 15 14 7 20 21 48 22 29 4 26 44 45 27 35 36 43 24 37 40 9 

Inst_Index:6041 	 City_Num:50 	 Concorde:5.692854 	 MCTS:5.692854 Improve:-0.000000 	 Time:3.75 Seconds
Solution: 1 44 40 12 48 38 45 41 34 37 25 29 43 15 17 42 30 32 20 4 47 11 31 19 8 50 22 3 21 14 26 5 27 36 33 24 7 9 10 6 28 39 23 13 35 46 16 2 49 18 

Inst_Index:6042 	 City_Num:50 	 Concorde:5.982047 	 MCTS:5.982047 Improve:-0.000000 	 Time:3.77 Seconds
Solution: 1 40 50 15 41 8 44 49 27 7 18 29 23 46 39 42 16 22 26 45 19 3 30 48 33 2 17 35 32 10 6 25 21 20 37 34 36 31 4 43 13 47 24 12 11 28 38 5 14 9 

Inst_Index:6043 	 City_Num:50 	 Concorde:5.592624 	 MCTS:5.588541 Improve:0.004083 	 Time:3.75 Seconds
Solution: 1 13 7 10 19 29 8 34 15 35 3 26 45 31 41 22 37 16 46 2 18 48 47 33 21 42 4 36 12 38 39 17 11 44 14 50 40 5 23 30 27 28 9 32 20 43 24 6 25 49 

Inst_Index:6044 	 City_Num:50 	 Concorde:5.717200 	 MCTS:5.717200 Improve:-0.000000 	 Time:3.75 Seconds
Solution: 1 12 13 40 30 20 31 43 33 45 32 44 3 26 48 39 16 23 41 42 4 10 9 22 15 5 2 28 47 17 14 7 50 8 11 27 29 38 35 21 37 46 6 36 18 19 49 34 24 25 

Inst_Index:6045 	 City_Num:50 	 Concorde:5.673747 	 MCTS:5.673747 Improve:0.000000 	 Time:3.77 Seconds
Solution: 1 14 41 5 29 11 32 4 19 42 10 37 43 15 33 13 28 21 23 49 36 24 22 30 27 46 31 18 44 26 12 50 34 6 38 8 45 3 17 7 16 40 47 2 9 20 48 39 35 25 

Inst_Index:6046 	 City_Num:50 	 Concorde:5.395189 	 MCTS:5.395189 Improve:-0.000000 	 Time:3.77 Seconds
Solution: 1 17 7 16 31 33 6 5 15 40 29 44 4 10 22 13 45 18 26 24 21 49 32 35 8 36 3 41 34 11 28 14 2 50 27 9 30 23 48 47 12 20 46 19 42 39 43 25 38 37 

Inst_Index:6047 	 City_Num:50 	 Concorde:5.177583 	 MCTS:5.176845 Improve:0.000737 	 Time:3.76 Seconds
Solution: 1 19 20 15 44 31 35 30 47 10 50 21 39 14 17 26 4 37 7 29 11 13 9 8 42 3 34 16 40 2 28 46 48 49 32 12 23 22 45 36 24 5 27 6 18 38 43 41 33 25 

Inst_Index:6048 	 City_Num:50 	 Concorde:6.030034 	 MCTS:6.030034 Improve:-0.000000 	 Time:3.75 Seconds
Solution: 1 40 16 35 26 31 43 33 9 5 36 29 7 49 21 18 6 24 34 47 10 28 44 8 41 38 42 46 45 22 3 37 32 23 11 12 17 19 50 39 20 13 48 25 30 2 27 15 4 14 

Inst_Index:6049 	 City_Num:50 	 Concorde:5.875205 	 MCTS:5.875205 Improve:-0.000000 	 Time:3.76 Seconds
Solution: 1 27 16 40 30 36 4 19 10 5 7 50 37 23 15 13 25 32 35 34 20 42 31 8 12 3 18 45 48 44 2 26 39 47 33 28 29 49 38 46 6 9 14 17 41 21 11 43 24 22 

Inst_Index:6050 	 City_Num:50 	 Concorde:6.044510 	 MCTS:6.040296 Improve:0.004214 	 Time:3.77 Seconds
Solution: 1 2 20 38 24 29 16 14 45 26 12 31 40 7 49 9 6 17 44 34 3 22 11 25 23 15 8 30 46 42 33 37 21 35 10 43 47 18 5 41 19 4 13 28 36 32 27 50 48 39 

Inst_Index:6051 	 City_Num:50 	 Concorde:5.044843 	 MCTS:5.044843 Improve:-0.000000 	 Time:3.76 Seconds
Solution: 1 36 5 23 25 30 44 8 42 39 49 9 11 15 32 45 4 13 50 28 24 10 18 26 27 14 20 19 40 17 31 48 12 16 21 22 7 34 47 2 35 43 29 46 33 6 38 37 41 3 

Inst_Index:6052 	 City_Num:50 	 Concorde:5.800605 	 MCTS:5.800150 Improve:0.000455 	 Time:3.75 Seconds
Solution: 1 41 24 50 49 34 27 47 40 30 10 45 36 3 25 17 14 9 33 2 48 15 37 20 7 42 19 43 5 46 16 12 32 23 8 29 21 18 44 6 26 35 31 22 28 4 39 11 38 13 

Inst_Index:6053 	 City_Num:50 	 Concorde:5.562331 	 MCTS:5.559154 Improve:0.003177 	 Time:3.76 Seconds
Solution: 1 29 39 27 8 32 14 16 21 5 26 24 48 25 10 41 2 17 42 37 23 12 34 7 45 22 6 20 33 46 19 40 4 49 18 11 13 50 3 9 47 36 38 35 31 28 44 43 15 30 

Inst_Index:6054 	 City_Num:50 	 Concorde:5.423091 	 MCTS:5.423091 Improve:-0.000000 	 Time:3.77 Seconds
Solution: 1 20 38 39 50 12 13 48 19 30 9 11 10 26 7 46 24 5 40 22 36 18 8 35 42 17 25 31 41 47 4 14 44 28 6 49 29 32 27 3 37 45 43 16 21 34 15 23 2 33 

Inst_Index:6055 	 City_Num:50 	 Concorde:5.650925 	 MCTS:5.646935 Improve:0.003990 	 Time:3.76 Seconds
Solution: 1 7 44 38 8 39 5 49 29 40 37 36 20 28 2 6 46 43 48 11 26 41 16 33 13 3 23 34 35 21 22 14 12 31 24 42 15 17 25 10 45 9 19 50 27 30 4 32 18 47 

Inst_Index:6056 	 City_Num:50 	 Concorde:5.822868 	 MCTS:5.822868 Improve:0.000000 	 Time:3.75 Seconds
Solution: 1 11 10 9 32 28 4 18 41 38 47 34 44 12 37 5 13 16 29 3 43 35 42 17 2 46 26 24 36 19 45 7 14 8 21 6 49 23 50 30 33 22 39 48 25 31 20 40 27 15 

Inst_Index:6057 	 City_Num:50 	 Concorde:5.855520 	 MCTS:5.854136 Improve:0.001384 	 Time:3.77 Seconds
Solution: 1 34 10 17 36 40 42 21 11 30 43 37 48 44 20 23 4 5 22 12 32 7 49 6 27 46 24 18 45 3 25 31 33 13 14 15 50 41 2 28 8 26 38 47 35 19 16 9 29 39 

Inst_Index:6058 	 City_Num:50 	 Concorde:5.774253 	 MCTS:5.774253 Improve:-0.000000 	 Time:3.77 Seconds
Solution: 1 20 6 14 3 35 24 33 11 49 48 16 41 30 10 15 34 39 29 4 40 50 32 31 18 45 25 46 17 47 43 37 7 22 38 42 8 21 23 5 27 26 19 13 28 2 12 36 9 44 

Inst_Index:6059 	 City_Num:50 	 Concorde:5.242922 	 MCTS:5.242922 Improve:0.000000 	 Time:3.77 Seconds
Solution: 1 34 22 15 48 30 4 42 44 47 26 13 35 17 16 19 21 49 29 12 45 39 2 38 46 36 3 23 18 50 31 14 10 5 20 7 37 33 27 24 9 41 28 25 8 43 11 32 6 40 

Inst_Index:6060 	 City_Num:50 	 Concorde:5.918301 	 MCTS:5.918301 Improve:0.000000 	 Time:3.76 Seconds
Solution: 1 39 12 15 4 44 18 11 37 31 9 41 16 23 40 36 21 29 14 17 46 8 35 47 48 20 28 32 45 3 49 26 7 30 42 2 34 43 50 33 13 24 25 10 19 38 22 6 5 27 

Inst_Index:6061 	 City_Num:50 	 Concorde:5.593752 	 MCTS:5.593752 Improve:0.000000 	 Time:3.77 Seconds
Solution: 1 26 50 36 18 21 24 14 35 4 27 33 47 19 28 49 9 17 7 20 43 15 41 2 46 38 23 22 29 40 37 11 8 39 6 30 25 13 10 34 5 48 16 31 32 12 45 42 3 44 

Inst_Index:6062 	 City_Num:50 	 Concorde:5.821417 	 MCTS:5.817885 Improve:0.003532 	 Time:3.77 Seconds
Solution: 1 26 20 4 14 38 23 39 48 19 3 8 32 36 2 11 31 45 34 17 27 44 5 10 25 16 15 49 42 6 40 47 28 37 43 33 24 41 35 7 46 29 22 12 13 9 50 30 21 18 

Inst_Index:6063 	 City_Num:50 	 Concorde:5.645162 	 MCTS:5.645162 Improve:0.000000 	 Time:3.75 Seconds
Solution: 1 31 7 16 34 5 29 30 48 6 42 33 9 19 22 15 24 50 28 21 12 3 49 38 10 32 43 23 35 20 36 8 14 47 40 44 46 26 2 39 18 4 27 45 25 17 37 11 13 41 

Inst_Index:6064 	 City_Num:50 	 Concorde:5.702055 	 MCTS:5.702055 Improve:0.000000 	 Time:3.76 Seconds
Solution: 1 9 29 13 31 35 19 38 7 21 10 49 23 27 39 6 48 8 32 15 47 43 42 28 20 11 33 12 26 40 30 17 34 24 36 22 4 41 46 44 16 25 50 2 45 14 3 5 18 37 

Inst_Index:6065 	 City_Num:50 	 Concorde:6.155739 	 MCTS:6.150059 Improve:0.005679 	 Time:3.75 Seconds
Solution: 1 12 14 24 42 38 35 8 5 30 20 34 23 3 22 2 21 9 27 44 16 43 39 32 28 48 15 36 18 13 19 25 40 6 49 17 29 45 50 41 46 26 31 7 11 4 10 37 33 47 

Inst_Index:6066 	 City_Num:50 	 Concorde:6.051560 	 MCTS:6.051149 Improve:0.000411 	 Time:3.76 Seconds
Solution: 1 48 19 47 49 50 36 12 17 31 41 5 33 18 9 3 16 28 34 27 42 25 15 44 39 35 43 4 30 14 40 8 13 45 24 26 37 11 22 23 10 46 20 21 2 7 29 6 38 32 

Inst_Index:6067 	 City_Num:50 	 Concorde:5.337947 	 MCTS:5.336397 Improve:0.001549 	 Time:3.77 Seconds
Solution: 1 18 14 36 4 12 45 15 13 35 44 42 23 38 5 28 24 2 30 17 21 11 48 40 46 41 31 43 34 27 8 3 16 26 47 29 19 22 33 25 10 39 49 37 32 9 20 50 6 7 

Inst_Index:6068 	 City_Num:50 	 Concorde:5.891337 	 MCTS:5.891337 Improve:0.000000 	 Time:3.75 Seconds
Solution: 1 42 14 23 8 28 11 20 30 36 43 25 17 50 49 4 44 41 2 10 3 35 21 15 19 22 31 47 16 33 40 34 7 38 9 13 18 26 29 37 6 32 12 24 46 48 39 27 45 5 

Inst_Index:6069 	 City_Num:50 	 Concorde:5.405187 	 MCTS:5.405187 Improve:0.000000 	 Time:3.76 Seconds
Solution: 1 28 25 8 36 37 32 47 46 42 44 4 2 12 31 38 41 45 15 20 50 14 49 10 18 34 13 23 35 9 24 19 48 7 22 17 29 40 21 16 26 30 27 33 39 43 11 6 3 5 

Inst_Index:6070 	 City_Num:50 	 Concorde:5.929825 	 MCTS:5.929825 Improve:-0.000000 	 Time:3.77 Seconds
Solution: 1 25 35 49 26 32 34 8 18 23 27 5 16 38 37 19 31 41 17 11 4 3 40 9 46 30 50 43 48 22 21 7 45 47 12 29 13 36 28 10 44 15 33 42 14 24 39 2 20 6 

Inst_Index:6071 	 City_Num:50 	 Concorde:5.933610 	 MCTS:5.933153 Improve:0.000456 	 Time:3.76 Seconds
Solution: 1 24 25 30 6 37 4 39 15 13 48 17 23 5 16 10 18 41 21 14 22 50 31 27 35 19 38 20 43 29 2 46 36 9 12 47 45 8 32 40 3 34 44 33 49 26 7 28 11 42 

Inst_Index:6072 	 City_Num:50 	 Concorde:5.562849 	 MCTS:5.562849 Improve:0.000000 	 Time:3.77 Seconds
Solution: 1 30 12 33 14 46 34 39 42 21 10 44 9 15 48 17 29 49 8 16 27 47 20 37 22 28 3 32 36 35 23 40 41 13 4 25 50 26 31 18 5 19 11 43 7 2 6 24 38 45 

Inst_Index:6073 	 City_Num:50 	 Concorde:5.198975 	 MCTS:5.198975 Improve:-0.000000 	 Time:3.76 Seconds
Solution: 1 4 45 42 37 38 18 15 6 28 24 41 27 39 16 10 46 9 5 47 11 30 3 23 48 14 33 13 50 40 29 31 8 25 7 49 17 32 26 21 34 19 36 44 22 35 43 20 2 12 

Inst_Index:6074 	 City_Num:50 	 Concorde:5.316947 	 MCTS:5.314964 Improve:0.001983 	 Time:3.75 Seconds
Solution: 1 12 35 45 26 28 16 49 47 33 19 43 6 36 44 32 4 21 2 42 11 50 10 25 29 31 39 14 20 23 8 5 37 3 13 22 40 34 30 7 27 48 15 17 41 46 18 9 24 38 

Inst_Index:6075 	 City_Num:50 	 Concorde:5.927663 	 MCTS:5.927663 Improve:-0.000000 	 Time:3.76 Seconds
Solution: 1 35 7 2 28 21 11 46 27 23 31 24 48 33 3 10 22 5 40 17 50 8 13 39 6 32 12 38 45 9 49 26 19 41 47 25 30 44 4 29 16 43 36 15 34 20 42 37 18 14 

Inst_Index:6076 	 City_Num:50 	 Concorde:5.771957 	 MCTS:5.771957 Improve:-0.000000 	 Time:3.77 Seconds
Solution: 1 32 40 18 7 2 5 42 23 50 14 6 9 17 38 37 20 25 16 4 36 28 13 41 24 49 47 21 46 34 43 19 11 33 8 39 45 31 26 3 35 27 30 29 48 10 22 12 15 44 

Inst_Index:6077 	 City_Num:50 	 Concorde:5.904124 	 MCTS:5.904124 Improve:0.000000 	 Time:3.77 Seconds
Solution: 1 43 6 35 45 26 33 10 23 44 46 29 22 9 31 39 11 32 24 28 15 27 3 48 37 25 49 5 47 36 12 13 42 14 30 20 8 41 4 40 17 19 38 18 50 34 21 16 7 2 

Inst_Index:6078 	 City_Num:50 	 Concorde:5.303705 	 MCTS:5.298481 Improve:0.005224 	 Time:3.77 Seconds
Solution: 1 14 16 25 2 10 3 39 31 32 8 46 22 42 48 15 33 13 35 44 24 34 43 12 21 19 45 27 11 47 26 4 5 7 18 23 40 29 37 9 6 50 49 30 41 20 38 36 28 17 

Inst_Index:6079 	 City_Num:50 	 Concorde:5.998698 	 MCTS:5.998698 Improve:-0.000000 	 Time:3.76 Seconds
Solution: 1 26 49 4 39 12 17 50 21 31 47 37 38 3 27 11 14 18 42 5 8 46 41 28 7 9 6 43 40 44 45 34 48 36 29 16 24 15 23 20 22 33 35 13 19 32 10 2 30 25 

Inst_Index:6080 	 City_Num:50 	 Concorde:5.574949 	 MCTS:5.574949 Improve:0.000000 	 Time:3.76 Seconds
Solution: 1 11 37 23 46 6 5 25 28 48 36 13 33 8 16 22 26 40 42 35 18 4 2 20 45 17 19 41 15 10 38 32 21 31 50 47 9 29 7 24 39 27 34 12 3 14 49 44 30 43 

Inst_Index:6081 	 City_Num:50 	 Concorde:5.615965 	 MCTS:5.615965 Improve:-0.000000 	 Time:3.76 Seconds
Solution: 1 12 24 45 23 21 42 5 11 32 39 34 4 33 18 50 30 10 20 36 44 49 40 22 31 19 25 47 6 38 43 46 7 48 14 29 17 13 15 8 27 26 28 35 2 41 3 37 16 9 

Inst_Index:6082 	 City_Num:50 	 Concorde:5.517003 	 MCTS:5.517003 Improve:-0.000000 	 Time:3.76 Seconds
Solution: 1 15 25 27 38 30 3 41 11 26 10 4 33 49 19 24 29 20 17 22 5 45 40 43 35 37 21 2 14 6 18 39 28 12 9 48 23 46 36 16 7 31 34 13 42 44 50 8 32 47 

Inst_Index:6083 	 City_Num:50 	 Concorde:6.128273 	 MCTS:6.121269 Improve:0.007004 	 Time:3.76 Seconds
Solution: 1 6 32 29 23 16 30 18 41 25 5 20 39 44 38 3 31 49 42 8 33 9 26 11 46 37 21 19 48 22 17 50 27 24 15 43 36 13 10 14 2 40 34 45 12 35 47 7 28 4 

Inst_Index:6084 	 City_Num:50 	 Concorde:5.993037 	 MCTS:5.993037 Improve:0.000000 	 Time:3.76 Seconds
Solution: 1 42 34 33 43 47 37 27 18 35 36 17 41 25 7 44 2 6 21 39 46 20 26 49 31 10 3 38 50 15 24 8 22 30 28 23 4 29 9 19 13 40 32 11 16 14 48 45 5 12 

Inst_Index:6085 	 City_Num:50 	 Concorde:5.543070 	 MCTS:5.542922 Improve:0.000148 	 Time:3.75 Seconds
Solution: 1 33 25 48 41 47 38 26 2 24 11 43 37 42 46 15 7 16 31 8 49 22 20 50 17 21 44 39 14 40 18 6 5 28 27 9 19 32 29 13 10 45 34 36 3 35 12 30 4 23 

Inst_Index:6086 	 City_Num:50 	 Concorde:5.776603 	 MCTS:5.774869 Improve:0.001734 	 Time:3.77 Seconds
Solution: 1 26 24 40 9 35 12 18 38 49 33 42 37 31 6 2 39 45 15 22 28 16 30 44 7 10 48 27 3 47 36 14 23 41 25 20 11 4 5 13 50 46 43 34 21 19 32 8 17 29 

Inst_Index:6087 	 City_Num:50 	 Concorde:5.641311 	 MCTS:5.641311 Improve:0.000000 	 Time:3.75 Seconds
Solution: 1 10 46 45 4 33 47 37 27 35 11 41 43 16 23 24 3 25 48 42 44 32 30 14 15 19 2 21 5 31 17 28 6 18 26 34 7 36 38 50 9 39 49 13 22 12 40 29 20 8 

Inst_Index:6088 	 City_Num:50 	 Concorde:5.716419 	 MCTS:5.715344 Improve:0.001075 	 Time:3.75 Seconds
Solution: 1 8 14 16 17 49 2 50 48 25 32 6 28 35 44 5 43 20 47 30 3 46 31 34 42 18 37 23 36 41 10 22 38 13 24 39 12 19 40 7 4 45 26 29 15 27 21 9 11 33 

Inst_Index:6089 	 City_Num:50 	 Concorde:5.879375 	 MCTS:5.879068 Improve:0.000307 	 Time:3.77 Seconds
Solution: 1 34 32 37 33 26 45 44 11 20 39 22 31 15 12 47 30 41 27 19 29 40 4 24 21 42 6 17 5 9 13 3 28 8 35 49 18 36 14 43 2 25 10 7 46 16 23 38 50 48 

Inst_Index:6090 	 City_Num:50 	 Concorde:5.577353 	 MCTS:5.575553 Improve:0.001800 	 Time:3.76 Seconds
Solution: 1 39 37 3 27 48 25 10 43 15 5 31 18 44 28 50 40 29 35 38 49 30 26 8 19 36 20 46 41 14 22 32 23 12 42 7 9 6 47 11 13 34 21 16 4 17 33 24 2 45 

Inst_Index:6091 	 City_Num:50 	 Concorde:5.761499 	 MCTS:5.760547 Improve:0.000952 	 Time:3.75 Seconds
Solution: 1 19 22 49 41 6 48 4 27 31 39 15 25 24 50 8 47 3 33 2 13 38 12 9 37 34 36 23 30 46 42 18 28 20 7 40 35 32 11 5 14 43 29 21 26 45 10 17 16 44 

Inst_Index:6092 	 City_Num:50 	 Concorde:5.574945 	 MCTS:5.573254 Improve:0.001691 	 Time:3.77 Seconds
Solution: 1 18 27 5 34 14 49 50 20 33 8 47 17 45 23 12 21 16 25 19 39 41 2 13 4 7 29 42 36 6 35 48 37 15 40 43 10 11 38 30 32 22 46 26 28 44 31 9 24 3 

Inst_Index:6093 	 City_Num:50 	 Concorde:5.532730 	 MCTS:5.525034 Improve:0.007696 	 Time:3.76 Seconds
Solution: 1 43 36 15 16 33 3 23 45 28 38 39 11 10 35 13 24 34 50 5 26 44 32 18 14 42 29 6 19 49 4 31 9 8 17 30 37 22 27 40 25 47 21 48 46 12 7 20 2 41 

Inst_Index:6094 	 City_Num:50 	 Concorde:5.818232 	 MCTS:5.818232 Improve:0.000000 	 Time:3.76 Seconds
Solution: 1 25 28 37 12 34 42 15 50 32 5 13 35 3 38 49 4 26 21 14 29 7 41 39 48 8 9 6 19 11 16 47 31 2 17 24 40 18 36 33 44 10 43 27 22 20 23 30 46 45 

Inst_Index:6095 	 City_Num:50 	 Concorde:5.885961 	 MCTS:5.877224 Improve:0.008738 	 Time:3.76 Seconds
Solution: 1 31 29 40 5 35 15 38 24 34 2 23 22 25 30 45 11 48 36 14 20 9 26 41 42 13 46 33 21 28 16 49 3 6 47 43 12 7 10 17 4 37 18 19 27 39 8 50 32 44 

Inst_Index:6096 	 City_Num:50 	 Concorde:5.770944 	 MCTS:5.767818 Improve:0.003125 	 Time:3.77 Seconds
Solution: 1 3 37 31 21 46 41 29 10 33 18 28 17 38 35 44 27 20 12 25 23 19 26 15 24 49 36 45 5 7 6 9 32 40 4 14 2 43 48 42 11 30 34 39 47 8 13 16 50 22 

Inst_Index:6097 	 City_Num:50 	 Concorde:5.692818 	 MCTS:5.692818 Improve:-0.000000 	 Time:3.76 Seconds
Solution: 1 19 12 48 2 16 50 47 15 3 27 26 25 45 9 39 36 28 23 46 7 42 32 21 31 24 37 33 10 29 17 49 6 4 22 43 41 38 30 8 13 18 14 40 34 20 35 44 5 11 

Inst_Index:6098 	 City_Num:50 	 Concorde:5.340886 	 MCTS:5.340886 Improve:0.000000 	 Time:3.76 Seconds
Solution: 1 43 40 32 4 24 14 35 41 46 21 2 44 9 3 27 23 16 22 13 25 38 8 50 5 10 36 17 37 30 12 49 48 11 20 34 47 39 15 19 33 42 6 45 18 29 7 26 28 31 

Inst_Index:6099 	 City_Num:50 	 Concorde:4.981068 	 MCTS:4.981068 Improve:0.000000 	 Time:3.76 Seconds
Solution: 1 47 40 41 4 45 11 23 26 14 16 10 25 9 43 2 36 19 6 24 33 22 48 5 20 46 32 3 27 21 31 8 15 49 28 12 38 34 37 39 17 50 18 42 44 35 13 30 29 7 

Inst_Index:6100 	 City_Num:50 	 Concorde:5.950740 	 MCTS:5.949720 Improve:0.001020 	 Time:3.76 Seconds
Solution: 1 29 34 15 24 26 42 50 11 27 4 32 25 41 37 38 35 43 28 18 36 49 16 21 40 31 19 33 10 48 22 6 8 47 2 39 12 5 7 46 23 13 44 20 30 9 14 45 17 3 

Inst_Index:6101 	 City_Num:50 	 Concorde:5.522292 	 MCTS:5.519356 Improve:0.002936 	 Time:3.76 Seconds
Solution: 1 43 9 31 40 44 15 42 19 25 22 24 50 8 4 30 28 3 36 27 2 47 17 20 45 48 41 38 37 10 26 14 12 13 23 6 16 33 5 35 34 7 49 18 46 39 29 32 21 11 

Inst_Index:6102 	 City_Num:50 	 Concorde:5.691623 	 MCTS:5.686648 Improve:0.004975 	 Time:3.75 Seconds
Solution: 1 32 46 34 8 26 36 23 19 43 3 10 9 22 38 29 2 30 12 42 7 5 17 4 11 20 15 27 40 44 33 50 49 14 16 41 18 13 39 28 48 21 37 6 25 24 35 31 45 47 

Inst_Index:6103 	 City_Num:50 	 Concorde:4.948547 	 MCTS:4.948547 Improve:0.000000 	 Time:3.75 Seconds
Solution: 1 3 13 6 12 8 16 20 47 32 15 14 2 22 10 48 4 44 49 7 34 35 38 24 45 43 21 17 23 41 33 5 46 30 37 28 50 39 42 29 25 27 18 19 11 40 36 26 31 9 

Inst_Index:6104 	 City_Num:50 	 Concorde:5.710570 	 MCTS:5.707229 Improve:0.003341 	 Time:3.76 Seconds
Solution: 1 31 48 2 25 7 16 49 38 35 12 30 47 27 22 5 29 33 6 18 45 19 3 28 20 37 50 14 9 42 46 4 34 11 13 21 26 8 15 17 44 36 24 23 43 10 39 40 32 41 

Inst_Index:6105 	 City_Num:50 	 Concorde:5.489878 	 MCTS:5.489878 Improve:0.000000 	 Time:3.78 Seconds
Solution: 1 16 45 19 12 18 20 39 48 25 38 41 26 44 30 33 46 11 22 14 9 6 29 7 15 4 47 8 24 5 40 13 10 37 49 23 32 36 28 3 17 27 42 35 50 2 31 34 21 43 

Inst_Index:6106 	 City_Num:50 	 Concorde:6.125299 	 MCTS:6.125299 Improve:-0.000000 	 Time:3.76 Seconds
Solution: 1 7 41 36 43 46 40 11 30 21 12 14 27 3 33 10 16 50 32 39 29 2 38 9 20 18 17 48 13 44 15 37 31 34 23 49 24 22 5 28 42 47 35 8 4 19 6 25 26 45 

Inst_Index:6107 	 City_Num:50 	 Concorde:5.627441 	 MCTS:5.625707 Improve:0.001733 	 Time:3.76 Seconds
Solution: 1 49 22 34 3 46 25 9 48 27 38 24 50 13 42 11 40 33 44 37 21 23 5 16 36 18 30 35 2 45 20 28 7 26 39 8 17 47 31 4 6 15 29 14 32 12 43 10 19 41 

Inst_Index:6108 	 City_Num:50 	 Concorde:5.963652 	 MCTS:5.957890 Improve:0.005762 	 Time:3.75 Seconds
Solution: 1 38 21 33 27 46 6 4 8 39 23 41 42 29 47 31 40 48 37 43 17 22 19 26 13 2 12 34 49 32 45 25 30 18 16 9 11 50 35 5 24 15 10 7 28 14 36 3 20 44 

Inst_Index:6109 	 City_Num:50 	 Concorde:6.150803 	 MCTS:6.150803 Improve:-0.000000 	 Time:3.77 Seconds
Solution: 1 44 7 13 15 45 27 2 50 24 10 26 46 35 31 40 3 48 20 33 37 22 41 11 21 34 28 14 49 38 5 8 23 25 17 9 16 32 39 4 36 43 12 29 6 42 18 47 30 19 

Inst_Index:6110 	 City_Num:50 	 Concorde:5.979590 	 MCTS:5.979590 Improve:0.000000 	 Time:3.77 Seconds
Solution: 1 27 33 24 11 39 17 41 25 13 12 5 37 7 20 29 34 36 28 46 22 38 9 40 3 8 10 15 26 32 42 35 16 30 49 21 4 31 14 43 50 45 23 44 2 18 47 6 48 19 

Inst_Index:6111 	 City_Num:50 	 Concorde:6.048169 	 MCTS:6.048169 Improve:0.000000 	 Time:3.75 Seconds
Solution: 1 16 33 37 40 44 42 30 36 31 28 11 49 20 47 34 3 41 6 43 7 21 5 10 14 23 2 19 12 38 27 9 24 22 39 32 25 29 13 17 18 46 45 8 26 4 35 48 50 15 

Inst_Index:6112 	 City_Num:50 	 Concorde:5.884217 	 MCTS:5.880429 Improve:0.003788 	 Time:3.77 Seconds
Solution: 1 11 49 18 33 14 40 47 46 38 36 31 16 17 26 12 32 9 7 3 22 10 15 19 44 34 4 25 50 42 41 35 5 20 2 8 43 28 39 13 48 30 6 29 23 27 45 37 21 24 

Inst_Index:6113 	 City_Num:50 	 Concorde:5.974757 	 MCTS:5.974757 Improve:0.000000 	 Time:3.75 Seconds
Solution: 1 16 2 24 8 47 29 27 5 20 30 12 50 21 10 14 17 44 48 9 7 43 39 26 36 25 28 49 11 40 3 31 6 46 13 42 45 19 15 4 41 22 18 37 38 23 32 35 34 33 

Inst_Index:6114 	 City_Num:50 	 Concorde:5.956954 	 MCTS:5.956954 Improve:0.000000 	 Time:3.75 Seconds
Solution: 1 17 41 3 14 20 21 31 28 32 24 34 49 33 44 15 46 36 25 12 26 48 23 22 6 10 38 45 35 2 29 9 8 30 18 4 16 5 40 47 11 27 37 42 7 50 39 43 13 19 

Inst_Index:6115 	 City_Num:50 	 Concorde:5.741842 	 MCTS:5.741842 Improve:-0.000000 	 Time:3.76 Seconds
Solution: 1 10 33 44 13 15 14 2 5 29 30 47 24 16 38 12 49 32 4 26 20 50 11 34 19 35 39 31 25 48 42 43 37 46 3 7 40 22 23 28 21 9 17 18 41 8 45 6 27 36 

Inst_Index:6116 	 City_Num:50 	 Concorde:5.993499 	 MCTS:5.993499 Improve:-0.000000 	 Time:3.76 Seconds
Solution: 1 18 16 30 17 7 41 11 44 29 23 19 46 6 36 38 40 42 25 48 33 10 45 35 13 14 5 20 37 15 27 31 39 12 3 28 47 21 9 50 24 22 43 8 32 26 4 34 2 49 

Inst_Index:6117 	 City_Num:50 	 Concorde:5.684981 	 MCTS:5.684981 Improve:0.000000 	 Time:3.76 Seconds
Solution: 1 20 3 30 42 32 46 41 6 9 7 10 21 22 8 45 2 16 19 39 13 17 18 11 37 47 33 35 12 44 50 31 23 40 43 14 38 49 34 4 28 29 36 5 24 26 25 15 27 48 

Inst_Index:6118 	 City_Num:50 	 Concorde:5.654288 	 MCTS:5.654288 Improve:-0.000000 	 Time:3.75 Seconds
Solution: 1 47 5 15 20 26 40 8 39 3 44 23 50 12 21 29 34 16 31 46 43 27 11 4 42 2 6 37 45 35 25 13 17 41 9 19 30 38 22 14 33 36 24 7 28 10 32 49 18 48 

Inst_Index:6119 	 City_Num:50 	 Concorde:5.536651 	 MCTS:5.536651 Improve:0.000000 	 Time:3.75 Seconds
Solution: 1 18 15 20 2 34 21 33 12 7 42 13 23 3 48 17 19 36 8 31 39 4 44 49 26 25 38 14 47 43 37 10 40 6 46 35 28 11 30 24 22 5 29 16 45 27 32 50 9 41 

Inst_Index:6120 	 City_Num:50 	 Concorde:5.968040 	 MCTS:5.968040 Improve:-0.000000 	 Time:3.75 Seconds
Solution: 1 24 7 20 9 39 13 43 42 19 30 34 46 8 16 2 4 15 31 17 10 23 21 11 25 28 5 40 45 50 26 18 6 33 12 22 29 38 44 14 49 3 48 35 41 36 37 47 32 27 

Inst_Index:6121 	 City_Num:50 	 Concorde:5.639614 	 MCTS:5.639614 Improve:-0.000000 	 Time:3.75 Seconds
Solution: 1 42 48 45 26 27 9 13 15 19 43 34 46 33 32 37 17 44 50 47 6 49 21 14 35 30 16 8 39 10 7 36 31 40 29 11 23 20 38 2 41 4 25 5 3 24 12 18 22 28 

Inst_Index:6122 	 City_Num:50 	 Concorde:6.199202 	 MCTS:6.199202 Improve:0.000000 	 Time:3.77 Seconds
Solution: 1 15 17 38 19 35 50 2 20 22 45 30 3 21 7 29 34 43 37 40 25 48 26 24 9 42 5 41 6 23 44 47 28 14 4 18 33 13 8 31 36 32 49 10 16 39 27 12 11 46 

Inst_Index:6123 	 City_Num:50 	 Concorde:5.444875 	 MCTS:5.444875 Improve:0.000000 	 Time:3.76 Seconds
Solution: 1 25 35 45 28 3 32 18 14 2 29 40 22 27 33 39 11 42 21 44 17 5 48 30 37 4 23 26 47 7 36 19 15 12 49 16 8 41 20 38 46 43 34 13 31 10 24 9 50 6 

Inst_Index:6124 	 City_Num:50 	 Concorde:5.749224 	 MCTS:5.748195 Improve:0.001028 	 Time:3.77 Seconds
Solution: 1 45 37 50 11 29 19 2 16 3 27 36 21 32 6 43 46 18 30 35 7 17 49 20 28 44 12 15 41 9 10 8 42 5 33 14 24 47 38 4 23 34 48 22 13 31 25 26 39 40 

Inst_Index:6125 	 City_Num:50 	 Concorde:5.707584 	 MCTS:5.707584 Improve:-0.000000 	 Time:3.77 Seconds
Solution: 1 26 11 39 3 4 47 34 35 5 9 18 38 36 44 48 13 29 14 40 2 32 7 30 10 27 21 31 6 22 33 19 20 43 15 49 25 37 23 16 45 46 50 17 28 8 24 42 41 12 

Inst_Index:6126 	 City_Num:50 	 Concorde:5.801807 	 MCTS:5.801807 Improve:0.000000 	 Time:3.76 Seconds
Solution: 1 17 28 6 12 4 7 5 14 31 10 35 39 47 32 20 21 44 41 11 15 36 49 40 42 34 48 33 8 29 38 3 22 46 16 27 50 18 25 13 19 2 24 9 23 30 26 37 43 45 

Inst_Index:6127 	 City_Num:50 	 Concorde:5.256428 	 MCTS:5.256428 Improve:-0.000000 	 Time:3.77 Seconds
Solution: 1 11 25 21 43 3 41 39 47 5 24 4 20 35 17 48 46 37 36 44 45 19 16 42 38 30 26 32 10 12 22 8 18 23 40 50 9 49 31 2 13 33 15 28 29 6 14 27 7 34 

Inst_Index:6128 	 City_Num:50 	 Concorde:5.806797 	 MCTS:5.806797 Improve:0.000000 	 Time:3.75 Seconds
Solution: 1 19 21 9 40 26 34 30 5 49 44 50 16 20 13 37 17 23 27 3 39 11 31 12 45 46 22 28 7 43 15 18 41 36 4 35 42 38 29 32 6 33 10 47 14 24 48 8 2 25 

Inst_Index:6129 	 City_Num:50 	 Concorde:5.964605 	 MCTS:5.964605 Improve:0.000000 	 Time:3.77 Seconds
Solution: 1 24 17 2 7 26 15 44 34 30 27 19 3 5 43 50 22 23 38 31 8 49 29 42 12 18 45 39 16 11 41 10 4 14 46 9 36 35 37 40 25 13 20 47 21 32 6 48 28 33 

Inst_Index:6130 	 City_Num:50 	 Concorde:5.723729 	 MCTS:5.720789 Improve:0.002940 	 Time:3.76 Seconds
Solution: 1 45 33 36 29 23 32 5 2 17 25 20 47 7 27 50 21 37 35 15 46 22 24 43 34 26 19 13 42 18 9 38 30 10 8 28 14 39 31 48 40 49 6 3 12 11 41 16 4 44 

Inst_Index:6131 	 City_Num:50 	 Concorde:5.008940 	 MCTS:5.008940 Improve:0.000000 	 Time:3.76 Seconds
Solution: 1 38 33 8 16 13 3 20 31 37 36 9 12 28 41 49 40 19 43 48 27 21 46 35 15 45 4 25 44 14 11 10 24 2 7 18 34 5 17 29 23 50 26 30 32 39 42 22 47 6 

Inst_Index:6132 	 City_Num:50 	 Concorde:5.660785 	 MCTS:5.652388 Improve:0.008397 	 Time:3.76 Seconds
Solution: 1 29 12 16 50 42 18 31 4 32 20 10 39 36 3 17 38 45 25 27 9 35 44 41 37 48 24 19 13 14 7 30 11 33 49 28 6 8 21 15 26 5 47 2 23 34 40 43 22 46 

Inst_Index:6133 	 City_Num:50 	 Concorde:5.614731 	 MCTS:5.614731 Improve:0.000000 	 Time:3.77 Seconds
Solution: 1 18 48 39 46 33 45 40 4 49 13 14 28 36 15 3 21 38 32 30 37 29 47 25 6 42 23 8 9 43 22 27 10 35 26 11 24 7 12 17 19 31 2 44 5 41 34 50 16 20 

Inst_Index:6134 	 City_Num:50 	 Concorde:5.486590 	 MCTS:5.486590 Improve:0.000000 	 Time:3.76 Seconds
Solution: 1 35 26 24 38 48 30 21 28 12 22 45 42 37 46 23 25 32 5 33 20 36 31 17 27 8 40 41 34 19 18 39 44 13 9 47 14 6 4 7 15 2 11 29 10 49 43 16 3 50 

Inst_Index:6135 	 City_Num:50 	 Concorde:5.747068 	 MCTS:5.747068 Improve:-0.000000 	 Time:3.76 Seconds
Solution: 1 8 33 10 18 25 38 2 41 34 17 9 30 39 27 23 14 3 47 24 35 42 40 49 45 31 16 4 37 13 5 26 44 21 43 6 7 20 50 46 32 12 36 11 29 19 28 48 22 15 

Inst_Index:6136 	 City_Num:50 	 Concorde:5.513101 	 MCTS:5.513101 Improve:0.000000 	 Time:3.75 Seconds
Solution: 1 39 17 29 50 13 32 2 23 28 30 24 15 41 44 46 10 5 14 6 37 38 22 19 12 34 26 48 8 21 11 31 3 9 7 35 25 4 47 18 40 49 16 33 27 36 20 42 43 45 

Inst_Index:6137 	 City_Num:50 	 Concorde:5.669407 	 MCTS:5.669407 Improve:-0.000000 	 Time:3.75 Seconds
Solution: 1 30 19 24 16 9 18 45 29 35 17 20 12 22 32 46 44 42 3 47 27 5 48 37 13 15 6 49 33 28 7 40 43 26 38 4 34 50 39 14 21 23 11 41 25 10 36 8 31 2 

Inst_Index:6138 	 City_Num:50 	 Concorde:5.616302 	 MCTS:5.616302 Improve:0.000000 	 Time:3.77 Seconds
Solution: 1 16 17 49 7 2 5 3 45 39 37 43 24 9 35 4 19 23 34 32 6 40 50 47 33 13 18 31 8 25 41 36 30 21 44 28 38 20 29 10 27 11 48 15 12 26 42 14 46 22 

Inst_Index:6139 	 City_Num:50 	 Concorde:5.924843 	 MCTS:5.924843 Improve:0.000000 	 Time:3.77 Seconds
Solution: 1 39 27 13 3 4 23 22 37 50 41 6 42 8 21 9 16 45 10 28 24 48 31 19 38 17 26 49 32 14 18 36 40 47 46 35 20 34 12 11 30 33 43 7 2 29 15 25 44 5 

Inst_Index:6140 	 City_Num:50 	 Concorde:5.756132 	 MCTS:5.756132 Improve:-0.000000 	 Time:3.76 Seconds
Solution: 1 42 15 17 24 3 30 4 16 43 39 31 45 21 8 46 18 12 41 33 49 22 40 7 36 25 34 50 26 13 20 9 37 14 32 44 11 10 29 6 28 23 19 5 48 38 2 35 47 27 

Inst_Index:6141 	 City_Num:50 	 Concorde:5.832693 	 MCTS:5.832693 Improve:-0.000000 	 Time:3.75 Seconds
Solution: 1 45 4 19 9 47 39 17 34 36 38 42 12 35 15 50 20 16 2 7 11 37 13 48 6 28 32 26 22 41 18 5 33 29 49 14 27 31 30 25 3 10 43 8 40 46 24 21 44 23 

Inst_Index:6142 	 City_Num:50 	 Concorde:5.604865 	 MCTS:5.604865 Improve:0.000000 	 Time:3.75 Seconds
Solution: 1 42 14 30 19 4 43 49 45 6 18 7 9 32 39 23 48 26 31 24 33 46 12 21 22 2 5 38 11 17 34 15 47 8 10 20 28 44 13 36 41 27 25 50 37 29 16 40 35 3 

Inst_Index:6143 	 City_Num:50 	 Concorde:6.114622 	 MCTS:6.110193 Improve:0.004429 	 Time:3.75 Seconds
Solution: 1 32 9 29 42 24 23 2 19 41 15 33 39 20 16 37 6 22 8 21 11 3 35 18 14 5 30 12 47 48 13 44 4 10 28 38 45 43 46 31 36 17 25 50 34 27 40 26 7 49 

Inst_Index:6144 	 City_Num:50 	 Concorde:5.842325 	 MCTS:5.842325 Improve:0.000000 	 Time:3.77 Seconds
Solution: 1 43 41 46 10 8 12 18 50 25 39 28 49 44 31 45 34 14 30 29 33 22 48 11 6 17 40 3 32 27 35 7 19 37 24 47 2 5 9 20 42 4 23 38 36 15 21 16 26 13 

Inst_Index:6145 	 City_Num:50 	 Concorde:5.765416 	 MCTS:5.765416 Improve:0.000000 	 Time:3.76 Seconds
Solution: 1 2 6 18 50 10 45 35 29 26 27 16 11 5 43 41 46 9 31 3 30 23 4 19 36 17 47 22 49 38 33 14 8 7 39 44 25 28 37 42 34 32 48 24 20 21 15 40 12 13 

Inst_Index:6146 	 City_Num:50 	 Concorde:5.437537 	 MCTS:5.437537 Improve:-0.000000 	 Time:3.76 Seconds
Solution: 1 6 22 42 37 32 41 50 34 14 40 28 27 9 20 4 47 33 16 5 12 23 11 38 43 45 35 26 7 18 44 10 48 31 49 15 24 39 19 3 29 2 46 13 21 17 36 8 30 25 

Inst_Index:6147 	 City_Num:50 	 Concorde:5.812310 	 MCTS:5.812310 Improve:0.000000 	 Time:3.75 Seconds
Solution: 1 47 21 33 14 16 2 39 18 40 11 42 10 25 30 32 34 15 13 37 5 45 31 6 46 7 23 43 44 20 50 19 49 8 26 27 3 17 12 48 29 28 35 41 22 36 24 38 4 9 

Inst_Index:6148 	 City_Num:50 	 Concorde:5.715604 	 MCTS:5.715604 Improve:-0.000000 	 Time:3.77 Seconds
Solution: 1 27 17 19 32 49 15 33 11 3 24 5 30 7 13 46 31 22 35 43 48 9 25 4 2 20 6 21 45 36 40 41 47 37 14 26 12 34 50 10 42 23 16 39 18 29 8 28 44 38 

Inst_Index:6149 	 City_Num:50 	 Concorde:5.334110 	 MCTS:5.334110 Improve:-0.000000 	 Time:3.76 Seconds
Solution: 1 2 40 20 19 45 5 21 23 32 42 50 29 11 26 25 10 34 39 12 4 28 49 37 8 7 24 16 33 43 35 31 41 3 38 36 44 30 46 6 14 17 18 27 13 9 48 15 47 22 

Inst_Index:6150 	 City_Num:50 	 Concorde:5.343073 	 MCTS:5.343073 Improve:-0.000000 	 Time:3.75 Seconds
Solution: 1 45 8 16 6 39 38 37 24 22 25 13 12 34 7 28 26 29 41 5 49 50 15 40 19 9 4 11 44 21 31 35 47 46 3 32 43 42 23 18 27 14 33 10 36 17 30 2 20 48 

Inst_Index:6151 	 City_Num:50 	 Concorde:5.658492 	 MCTS:5.654856 Improve:0.003636 	 Time:3.76 Seconds
Solution: 1 35 9 15 13 49 14 8 10 46 20 4 34 36 26 22 33 24 16 32 31 5 2 27 48 50 37 44 42 30 6 18 19 29 40 38 43 41 17 45 25 23 47 3 7 28 12 39 11 21 

Inst_Index:6152 	 City_Num:50 	 Concorde:5.681457 	 MCTS:5.678807 Improve:0.002650 	 Time:3.75 Seconds
Solution: 1 40 7 50 41 10 9 26 3 49 4 45 38 5 2 24 23 35 18 20 36 16 15 48 43 42 25 34 11 37 33 12 8 46 31 6 22 21 28 32 14 39 27 30 47 19 17 13 29 44 

Inst_Index:6153 	 City_Num:50 	 Concorde:5.644023 	 MCTS:5.644023 Improve:0.000000 	 Time:3.75 Seconds
Solution: 1 31 22 10 8 36 19 40 2 39 44 15 3 32 50 43 20 24 30 47 37 21 49 25 45 26 14 29 12 9 38 16 46 7 42 6 23 34 28 27 33 48 41 4 5 18 17 11 13 35 

Inst_Index:6154 	 City_Num:50 	 Concorde:5.461162 	 MCTS:5.461162 Improve:-0.000000 	 Time:3.76 Seconds
Solution: 1 28 25 34 49 4 3 21 36 42 32 35 15 50 38 14 33 23 37 40 13 2 44 7 6 10 29 22 43 17 27 19 11 45 39 47 30 9 16 46 26 18 8 31 24 5 48 20 41 12 

Inst_Index:6155 	 City_Num:50 	 Concorde:5.768603 	 MCTS:5.767216 Improve:0.001388 	 Time:3.75 Seconds
Solution: 1 50 31 20 39 41 22 36 15 17 28 30 3 16 25 37 38 47 43 6 45 4 27 33 18 8 5 32 9 40 11 44 46 26 29 42 10 21 49 48 35 2 14 13 7 23 12 34 24 19 

Inst_Index:6156 	 City_Num:50 	 Concorde:5.645722 	 MCTS:5.643773 Improve:0.001949 	 Time:3.77 Seconds
Solution: 1 16 3 37 20 48 7 19 40 12 9 47 32 39 50 24 6 14 15 43 49 44 45 11 38 5 23 35 17 8 46 13 27 2 21 25 36 31 10 22 30 18 41 34 28 26 29 33 4 42 

Inst_Index:6157 	 City_Num:50 	 Concorde:5.526977 	 MCTS:5.518659 Improve:0.008318 	 Time:3.76 Seconds
Solution: 1 43 22 41 38 49 46 20 10 28 7 42 47 30 34 8 50 11 6 14 16 24 40 9 32 23 15 44 35 36 5 17 29 3 2 12 25 18 21 37 19 33 45 39 26 31 13 48 4 27 

Inst_Index:6158 	 City_Num:50 	 Concorde:5.734641 	 MCTS:5.724872 Improve:0.009770 	 Time:3.76 Seconds
Solution: 1 28 26 27 32 9 5 23 18 12 11 42 25 19 7 14 31 43 41 15 37 45 50 30 8 29 4 17 38 49 48 16 21 39 36 33 3 34 22 47 2 24 35 20 13 6 46 44 10 40 

Inst_Index:6159 	 City_Num:50 	 Concorde:5.158290 	 MCTS:5.158131 Improve:0.000159 	 Time:3.76 Seconds
Solution: 1 21 25 4 28 27 36 13 8 14 16 18 22 47 3 39 41 23 29 43 26 34 20 32 50 35 38 33 30 9 44 24 46 2 49 12 42 31 6 7 17 37 15 5 48 11 10 40 19 45 

Inst_Index:6160 	 City_Num:50 	 Concorde:5.502637 	 MCTS:5.502637 Improve:0.000000 	 Time:3.75 Seconds
Solution: 1 30 3 41 13 34 10 33 46 43 27 2 8 48 4 38 6 17 40 42 21 29 26 50 11 14 5 22 19 7 45 12 16 24 44 28 49 20 25 23 37 31 18 47 39 35 36 32 9 15 

Inst_Index:6161 	 City_Num:50 	 Concorde:5.625182 	 MCTS:5.625182 Improve:0.000000 	 Time:3.75 Seconds
Solution: 1 48 11 30 27 44 40 45 39 24 17 19 21 41 28 23 33 13 20 49 32 46 38 31 34 25 9 15 10 14 42 43 6 3 2 5 37 47 29 16 36 18 35 26 7 4 12 22 8 50 

Inst_Index:6162 	 City_Num:50 	 Concorde:5.487475 	 MCTS:5.487475 Improve:-0.000000 	 Time:3.76 Seconds
Solution: 1 9 5 11 7 28 4 21 14 46 25 36 16 44 42 27 19 29 24 41 8 22 30 3 38 10 33 39 45 6 23 15 50 32 31 20 12 35 18 40 49 26 13 17 48 2 37 43 47 34 

Inst_Index:6163 	 City_Num:50 	 Concorde:6.044875 	 MCTS:6.043396 Improve:0.001480 	 Time:3.77 Seconds
Solution: 1 50 5 45 23 6 26 8 38 39 48 33 10 31 27 19 9 34 16 20 4 35 12 28 46 29 49 32 47 43 7 44 36 22 17 13 30 24 42 37 41 40 11 21 14 25 15 18 3 2 

Inst_Index:6164 	 City_Num:50 	 Concorde:5.663022 	 MCTS:5.661179 Improve:0.001842 	 Time:3.76 Seconds
Solution: 1 33 11 42 18 4 44 12 40 34 31 43 19 35 28 25 47 49 27 21 48 32 29 39 30 17 38 22 26 36 7 15 50 37 10 23 20 5 16 14 6 46 3 2 41 45 8 24 9 13 

Inst_Index:6165 	 City_Num:50 	 Concorde:5.820143 	 MCTS:5.820143 Improve:-0.000000 	 Time:3.75 Seconds
Solution: 1 44 6 46 11 14 45 20 27 9 28 41 25 49 5 42 16 39 38 10 18 7 13 23 35 29 43 32 8 30 37 4 48 15 3 21 40 34 26 2 12 50 33 36 17 24 31 22 19 47 

Inst_Index:6166 	 City_Num:50 	 Concorde:5.894804 	 MCTS:5.894804 Improve:0.000000 	 Time:3.76 Seconds
Solution: 1 15 41 32 4 26 12 39 21 27 18 33 49 28 40 25 47 7 36 2 24 5 35 17 48 3 16 9 8 42 46 29 34 38 31 30 45 19 10 13 11 6 22 20 37 43 44 14 50 23 

Inst_Index:6167 	 City_Num:50 	 Concorde:5.952682 	 MCTS:5.952682 Improve:0.000000 	 Time:3.77 Seconds
Solution: 1 31 19 50 22 42 49 44 6 27 8 43 11 37 30 23 18 25 38 21 15 20 2 13 33 48 14 10 40 36 47 9 28 29 3 26 45 46 34 24 16 7 12 17 4 35 32 39 41 5 

Inst_Index:6168 	 City_Num:50 	 Concorde:6.073243 	 MCTS:6.071582 Improve:0.001661 	 Time:3.76 Seconds
Solution: 1 28 2 44 46 11 29 15 3 34 8 45 22 50 42 10 48 27 7 17 47 35 13 21 24 26 20 32 30 18 12 5 9 25 39 49 19 40 14 31 38 36 6 16 43 4 23 33 41 37 

Inst_Index:6169 	 City_Num:50 	 Concorde:6.393831 	 MCTS:6.393831 Improve:0.000000 	 Time:3.76 Seconds
Solution: 1 14 22 21 8 35 19 49 42 47 41 39 17 32 26 31 34 36 33 13 28 24 25 6 37 15 4 7 20 16 2 3 12 18 46 38 48 44 9 5 30 10 11 27 40 29 43 50 45 23 

Inst_Index:6170 	 City_Num:50 	 Concorde:5.949368 	 MCTS:5.945898 Improve:0.003471 	 Time:3.76 Seconds
Solution: 1 15 32 29 37 20 9 16 44 49 38 24 11 47 42 8 3 2 36 5 14 4 48 26 40 18 30 19 13 28 27 35 17 25 33 34 6 22 43 39 45 7 21 23 31 41 46 12 10 50 

Inst_Index:6171 	 City_Num:50 	 Concorde:5.702302 	 MCTS:5.702302 Improve:0.000000 	 Time:3.76 Seconds
Solution: 1 49 37 36 21 13 17 14 20 25 29 24 6 9 42 3 41 40 47 12 32 46 31 22 5 48 35 30 11 28 15 45 33 4 7 10 23 16 38 44 8 43 39 2 19 34 27 18 50 26 

Inst_Index:6172 	 City_Num:50 	 Concorde:5.319835 	 MCTS:5.319835 Improve:-0.000000 	 Time:3.76 Seconds
Solution: 1 46 30 10 8 7 13 44 22 16 18 2 48 27 4 3 35 31 39 6 33 45 43 23 17 47 20 41 12 11 9 32 5 34 40 25 36 21 26 29 19 28 37 38 15 50 42 24 49 14 

Inst_Index:6173 	 City_Num:50 	 Concorde:5.715672 	 MCTS:5.715672 Improve:0.000000 	 Time:3.76 Seconds
Solution: 1 35 17 28 43 11 5 32 47 23 36 4 14 19 18 29 33 49 48 6 7 15 12 40 3 16 38 8 24 21 42 46 26 25 34 2 13 9 31 50 45 41 10 37 27 30 44 20 39 22 

Inst_Index:6174 	 City_Num:50 	 Concorde:5.667797 	 MCTS:5.667797 Improve:0.000000 	 Time:3.75 Seconds
Solution: 1 2 46 17 7 40 6 47 9 26 11 49 19 36 31 37 18 15 22 41 28 42 38 23 5 8 32 24 50 45 10 30 20 25 35 12 4 44 34 3 13 33 48 16 21 29 27 39 43 14 

Inst_Index:6175 	 City_Num:50 	 Concorde:5.737674 	 MCTS:5.733216 Improve:0.004458 	 Time:3.75 Seconds
Solution: 1 48 45 27 22 44 47 37 10 29 25 46 35 42 24 15 7 23 14 41 50 18 16 39 40 4 11 43 5 3 6 12 38 17 2 36 31 20 32 26 34 28 8 19 9 13 21 30 49 33 

Inst_Index:6176 	 City_Num:50 	 Concorde:5.699648 	 MCTS:5.697381 Improve:0.002267 	 Time:3.76 Seconds
Solution: 1 15 35 24 34 44 12 33 14 3 10 13 38 48 16 27 29 39 36 20 43 41 7 8 32 42 22 6 31 17 23 21 2 9 19 26 5 11 45 40 49 47 46 4 25 30 28 18 37 50 

Inst_Index:6177 	 City_Num:50 	 Concorde:5.844349 	 MCTS:5.844349 Improve:-0.000000 	 Time:3.75 Seconds
Solution: 1 38 25 34 42 24 23 28 27 14 19 4 12 47 50 26 6 29 22 21 9 10 17 11 30 48 37 35 32 3 45 41 31 8 33 36 20 16 40 46 49 39 44 15 13 43 7 5 18 2 

Inst_Index:6178 	 City_Num:50 	 Concorde:5.269456 	 MCTS:5.268986 Improve:0.000470 	 Time:3.76 Seconds
Solution: 1 26 21 11 32 2 6 17 31 18 3 44 48 9 46 16 20 41 30 35 47 29 27 12 40 14 15 10 43 22 19 45 50 25 39 13 49 8 33 38 5 28 23 24 34 37 42 36 4 7 

Inst_Index:6179 	 City_Num:50 	 Concorde:5.916559 	 MCTS:5.916559 Improve:-0.000000 	 Time:3.76 Seconds
Solution: 1 43 12 35 16 36 20 41 10 37 29 30 32 38 42 39 2 24 49 19 40 47 26 50 13 6 34 15 23 44 21 25 9 14 45 46 7 22 11 33 31 18 48 27 3 5 28 4 8 17 

Inst_Index:6180 	 City_Num:50 	 Concorde:5.841936 	 MCTS:5.839704 Improve:0.002233 	 Time:3.77 Seconds
Solution: 1 28 23 7 22 41 48 39 8 14 27 9 45 46 15 17 49 6 10 38 3 43 50 19 25 32 11 30 29 35 31 42 5 47 34 18 21 13 36 20 26 37 24 2 40 4 44 16 12 33 

Inst_Index:6181 	 City_Num:50 	 Concorde:5.526020 	 MCTS:5.526020 Improve:0.000000 	 Time:3.77 Seconds
Solution: 1 36 40 25 14 5 13 18 24 9 7 15 48 33 28 26 16 23 39 12 34 45 10 37 44 35 17 38 43 47 21 27 22 2 4 41 11 42 29 20 6 49 8 50 32 30 31 46 19 3 

Inst_Index:6182 	 City_Num:50 	 Concorde:5.735163 	 MCTS:5.735163 Improve:-0.000000 	 Time:3.76 Seconds
Solution: 1 26 40 8 44 19 10 41 47 50 15 5 42 45 36 33 25 9 4 31 46 14 13 32 29 30 38 28 34 37 22 12 24 27 17 2 20 7 16 39 6 3 43 49 18 21 35 11 48 23 

Inst_Index:6183 	 City_Num:50 	 Concorde:5.750955 	 MCTS:5.750955 Improve:0.000000 	 Time:3.77 Seconds
Solution: 1 16 8 37 7 43 28 48 9 32 25 47 19 46 23 17 41 40 22 33 35 30 38 15 6 5 12 44 50 29 3 18 13 20 34 14 39 42 27 26 2 4 31 24 49 45 10 36 21 11 

Inst_Index:6184 	 City_Num:50 	 Concorde:6.404147 	 MCTS:6.400112 Improve:0.004035 	 Time:3.77 Seconds
Solution: 1 28 5 23 7 49 19 26 2 32 39 25 16 31 27 33 38 29 36 46 45 50 21 34 48 4 44 3 47 15 42 40 20 22 43 11 8 14 13 6 12 18 17 30 24 10 41 37 9 35 

Inst_Index:6185 	 City_Num:50 	 Concorde:6.145190 	 MCTS:6.145190 Improve:0.000000 	 Time:3.77 Seconds
Solution: 1 45 4 25 46 50 17 49 26 5 3 9 38 34 35 27 23 29 39 21 6 20 19 8 18 33 22 16 10 31 12 2 36 44 11 15 37 24 30 7 13 32 43 47 28 40 42 14 48 41 

Inst_Index:6186 	 City_Num:50 	 Concorde:5.618195 	 MCTS:5.612232 Improve:0.005963 	 Time:3.76 Seconds
Solution: 1 26 35 8 41 11 5 21 25 42 12 32 9 50 44 27 34 14 38 39 7 16 17 18 47 46 37 33 19 45 36 43 22 4 24 49 29 15 48 13 31 23 28 10 2 40 3 6 20 30 

Inst_Index:6187 	 City_Num:50 	 Concorde:5.671127 	 MCTS:5.668964 Improve:0.002163 	 Time:3.76 Seconds
Solution: 1 18 42 25 38 24 20 30 29 15 50 46 36 43 47 4 13 8 41 33 22 7 6 12 48 49 26 16 14 31 17 5 37 28 35 27 10 23 34 9 39 44 11 21 32 45 2 19 3 40 

Inst_Index:6188 	 City_Num:50 	 Concorde:5.535186 	 MCTS:5.535186 Improve:0.000000 	 Time:3.75 Seconds
Solution: 1 29 48 38 35 33 22 25 39 26 28 45 43 42 15 40 32 5 11 18 50 41 24 47 6 17 16 44 12 21 23 34 30 14 2 20 31 4 37 3 7 19 10 13 27 9 49 36 46 8 

Inst_Index:6189 	 City_Num:50 	 Concorde:5.738435 	 MCTS:5.738435 Improve:0.000000 	 Time:3.77 Seconds
Solution: 1 32 46 16 8 3 40 36 19 37 42 13 5 10 17 34 11 48 23 35 39 38 28 41 44 47 27 50 2 20 22 4 43 24 49 30 6 26 25 29 15 14 9 12 33 31 7 18 45 21 

Inst_Index:6190 	 City_Num:50 	 Concorde:5.946231 	 MCTS:5.941933 Improve:0.004298 	 Time:3.76 Seconds
Solution: 1 15 33 11 27 20 9 38 37 25 40 32 26 13 50 42 10 3 19 39 49 28 8 31 29 45 44 14 6 7 23 5 2 22 46 17 18 21 41 34 16 48 4 47 24 43 35 36 12 30 

Inst_Index:6191 	 City_Num:50 	 Concorde:5.821360 	 MCTS:5.815868 Improve:0.005492 	 Time:3.76 Seconds
Solution: 1 9 37 26 40 41 10 32 49 30 45 18 35 28 3 39 33 8 14 27 5 31 23 46 47 4 44 16 12 2 34 38 15 29 50 7 24 11 21 17 19 22 36 48 13 42 6 20 43 25 

Inst_Index:6192 	 City_Num:50 	 Concorde:5.605685 	 MCTS:5.605685 Improve:0.000000 	 Time:3.77 Seconds
Solution: 1 15 30 31 47 11 21 7 34 33 26 20 22 18 6 5 50 48 42 27 45 41 23 29 13 39 49 38 46 10 4 16 37 25 19 14 40 28 32 24 3 35 36 8 44 43 9 12 17 2 

Inst_Index:6193 	 City_Num:50 	 Concorde:5.751537 	 MCTS:5.751537 Improve:0.000000 	 Time:3.75 Seconds
Solution: 1 15 22 2 50 43 9 3 41 18 35 45 36 4 39 47 14 8 20 24 26 7 32 11 12 29 10 27 42 33 16 28 30 19 44 38 23 49 40 5 6 13 37 21 48 17 46 31 25 34 

Inst_Index:6194 	 City_Num:50 	 Concorde:6.007759 	 MCTS:6.007759 Improve:-0.000000 	 Time:3.75 Seconds
Solution: 1 37 35 19 24 3 14 30 50 28 13 12 32 41 38 16 5 11 29 34 23 36 10 25 4 40 6 49 33 17 7 27 26 22 45 2 48 44 20 15 21 43 46 47 42 31 9 39 18 8 

Inst_Index:6195 	 City_Num:50 	 Concorde:5.634341 	 MCTS:5.634341 Improve:-0.000000 	 Time:3.76 Seconds
Solution: 1 12 46 45 26 5 35 16 28 34 40 6 33 36 41 9 27 19 47 13 49 20 11 24 14 30 8 44 31 43 42 37 18 48 21 32 25 50 15 7 29 3 10 22 4 17 23 39 2 38 

Inst_Index:6196 	 City_Num:50 	 Concorde:5.771937 	 MCTS:5.771937 Improve:-0.000000 	 Time:3.76 Seconds
Solution: 1 3 48 44 19 32 35 40 17 47 49 4 38 36 41 43 25 13 33 39 23 26 45 11 12 34 30 16 2 5 15 28 37 42 14 50 9 21 7 20 24 22 27 10 46 6 31 18 29 8 

Inst_Index:6197 	 City_Num:50 	 Concorde:5.845268 	 MCTS:5.845268 Improve:0.000000 	 Time:3.78 Seconds
Solution: 1 20 22 31 18 29 38 5 42 9 40 21 4 44 45 24 16 23 47 14 36 26 46 25 30 7 8 35 32 12 13 27 6 3 28 34 2 48 37 10 39 49 33 11 17 19 50 15 41 43 

Inst_Index:6198 	 City_Num:50 	 Concorde:5.996843 	 MCTS:5.996843 Improve:0.000000 	 Time:3.75 Seconds
Solution: 1 13 4 34 17 28 29 36 40 41 43 11 26 33 9 46 31 47 10 3 8 44 21 30 16 18 7 48 50 15 38 5 20 12 32 22 37 2 39 14 35 27 25 49 42 23 19 6 24 45 

Inst_Index:6199 	 City_Num:50 	 Concorde:5.606343 	 MCTS:5.603121 Improve:0.003223 	 Time:3.76 Seconds
Solution: 1 47 16 6 45 23 5 21 28 35 18 11 32 40 24 14 44 13 39 9 46 48 30 29 49 19 15 10 17 34 43 41 33 42 27 7 22 3 2 25 37 36 20 8 12 50 38 4 26 31 

Inst_Index:6200 	 City_Num:50 	 Concorde:5.478911 	 MCTS:5.478911 Improve:0.000000 	 Time:3.76 Seconds
Solution: 1 37 29 33 43 41 45 27 44 19 46 50 31 5 30 36 34 49 7 2 15 4 13 42 18 3 22 16 39 47 12 14 26 35 6 25 38 23 10 20 48 8 40 17 28 21 32 11 9 24 

Inst_Index:6201 	 City_Num:50 	 Concorde:6.164524 	 MCTS:6.156589 Improve:0.007935 	 Time:3.76 Seconds
Solution: 1 35 8 39 19 25 31 9 46 21 11 33 3 7 48 15 28 12 30 17 40 4 47 5 42 27 18 37 38 20 29 22 24 23 49 2 36 32 16 41 50 6 43 13 10 44 14 45 26 34 

Inst_Index:6202 	 City_Num:50 	 Concorde:5.835749 	 MCTS:5.835749 Improve:0.000000 	 Time:3.77 Seconds
Solution: 1 47 44 3 50 5 32 27 22 45 16 31 14 4 28 33 34 13 18 8 36 37 10 20 6 25 2 19 15 12 11 26 7 38 24 21 39 40 29 30 41 23 49 48 35 43 42 9 17 46 

Inst_Index:6203 	 City_Num:50 	 Concorde:5.555264 	 MCTS:5.555264 Improve:-0.000000 	 Time:3.76 Seconds
Solution: 1 33 39 6 13 37 14 35 45 46 31 47 42 40 25 17 32 9 41 11 23 48 22 49 28 8 24 44 19 27 38 3 16 7 20 5 10 21 50 36 30 34 29 4 18 12 26 15 2 43 

Inst_Index:6204 	 City_Num:50 	 Concorde:5.561401 	 MCTS:5.561401 Improve:0.000000 	 Time:3.75 Seconds
Solution: 1 14 17 26 13 29 28 16 36 31 10 4 5 35 47 27 46 37 33 8 9 22 32 24 25 7 48 30 12 40 39 15 49 11 38 42 45 3 41 6 18 43 19 34 50 23 44 2 21 20 

Inst_Index:6205 	 City_Num:50 	 Concorde:5.901201 	 MCTS:5.900674 Improve:0.000527 	 Time:3.75 Seconds
Solution: 1 43 31 4 23 37 5 11 13 46 47 14 34 40 49 25 26 19 10 8 48 35 2 29 7 17 39 45 21 44 16 38 6 3 9 30 12 22 20 42 50 36 32 41 28 27 15 24 33 18 

Inst_Index:6206 	 City_Num:50 	 Concorde:5.655556 	 MCTS:5.655556 Improve:0.000000 	 Time:3.77 Seconds
Solution: 1 12 3 28 40 4 20 11 24 36 23 37 26 43 45 39 13 47 46 9 7 38 8 19 2 22 16 17 15 44 48 5 34 50 33 14 32 6 35 25 49 41 29 21 27 42 30 31 18 10 

Inst_Index:6207 	 City_Num:50 	 Concorde:5.976889 	 MCTS:5.976889 Improve:-0.000000 	 Time:3.76 Seconds
Solution: 1 37 47 27 18 25 22 6 16 42 38 10 19 17 14 4 11 32 35 39 15 20 36 23 13 48 26 3 31 7 8 44 28 34 45 29 46 24 21 33 5 9 49 43 41 40 50 2 30 12 

Inst_Index:6208 	 City_Num:50 	 Concorde:5.778056 	 MCTS:5.773704 Improve:0.004351 	 Time:3.76 Seconds
Solution: 1 24 14 27 34 28 7 40 44 21 43 9 48 37 47 20 38 31 15 11 26 50 6 39 17 19 33 30 25 46 3 2 13 5 49 4 22 36 12 16 23 35 45 32 42 29 10 41 8 18 

Inst_Index:6209 	 City_Num:50 	 Concorde:5.728550 	 MCTS:5.728550 Improve:-0.000000 	 Time:3.76 Seconds
Solution: 1 23 3 14 4 38 31 39 13 50 2 42 10 34 43 11 16 41 48 5 37 26 22 19 44 25 45 47 6 12 17 7 18 29 27 35 28 30 8 24 36 49 9 46 21 40 33 20 32 15 

Inst_Index:6210 	 City_Num:50 	 Concorde:5.660405 	 MCTS:5.660405 Improve:0.000000 	 Time:3.76 Seconds
Solution: 1 40 41 3 35 13 45 10 14 49 37 29 46 6 15 16 43 25 42 31 4 9 19 32 47 33 48 34 8 5 30 22 2 17 21 36 23 44 39 18 20 28 26 11 12 27 38 50 24 7 

Inst_Index:6211 	 City_Num:50 	 Concorde:5.916998 	 MCTS:5.916998 Improve:0.000000 	 Time:3.77 Seconds
Solution: 1 4 37 18 33 20 11 25 49 28 45 42 9 14 44 13 5 48 50 32 16 10 17 47 2 35 19 3 31 12 8 22 39 41 26 36 15 38 34 6 7 21 30 23 29 43 40 27 46 24 

Inst_Index:6212 	 City_Num:50 	 Concorde:5.569717 	 MCTS:5.568598 Improve:0.001119 	 Time:3.76 Seconds
Solution: 1 37 31 2 32 16 20 49 26 29 25 5 30 24 13 21 6 44 50 19 36 35 39 9 11 17 41 10 43 4 28 47 45 48 7 34 38 42 8 14 23 27 46 33 15 12 22 40 3 18 

Inst_Index:6213 	 City_Num:50 	 Concorde:5.839546 	 MCTS:5.835401 Improve:0.004146 	 Time:3.76 Seconds
Solution: 1 9 14 15 7 46 20 16 33 50 29 24 34 28 45 44 48 13 3 18 40 30 8 2 11 12 42 41 39 5 10 23 37 22 31 47 35 32 38 4 36 17 27 6 19 21 26 25 43 49 

Inst_Index:6214 	 City_Num:50 	 Concorde:5.532429 	 MCTS:5.532429 Improve:0.000000 	 Time:3.77 Seconds
Solution: 1 38 22 8 40 6 43 7 3 9 2 45 44 42 35 20 31 15 24 27 23 4 41 28 46 21 16 47 11 50 33 18 39 14 13 5 32 34 29 19 25 49 36 12 10 17 30 37 26 48 

Inst_Index:6215 	 City_Num:50 	 Concorde:5.660247 	 MCTS:5.660247 Improve:-0.000000 	 Time:3.75 Seconds
Solution: 1 50 17 29 5 45 6 40 39 11 13 48 24 31 20 27 26 41 16 12 23 4 36 18 42 7 25 21 44 15 19 10 30 22 2 33 14 32 9 35 43 49 34 37 38 8 46 47 28 3 

Inst_Index:6216 	 City_Num:50 	 Concorde:5.550426 	 MCTS:5.550426 Improve:0.000000 	 Time:3.77 Seconds
Solution: 1 35 11 12 46 5 20 34 50 45 47 42 39 29 3 8 37 2 15 22 28 23 10 6 26 49 40 41 31 16 38 25 13 43 32 44 7 27 33 24 48 21 9 14 30 36 4 17 18 19 

Inst_Index:6217 	 City_Num:50 	 Concorde:5.448987 	 MCTS:5.445247 Improve:0.003741 	 Time:3.76 Seconds
Solution: 1 38 3 46 45 32 39 27 15 44 8 25 47 36 22 37 16 49 26 21 20 48 6 28 4 14 31 29 2 18 9 33 34 35 5 23 30 10 42 40 13 50 17 43 7 12 24 41 11 19 

Inst_Index:6218 	 City_Num:50 	 Concorde:5.510166 	 MCTS:5.506926 Improve:0.003240 	 Time:3.76 Seconds
Solution: 1 7 3 8 41 50 49 33 24 19 27 43 23 12 31 17 35 30 46 5 16 20 6 13 9 25 18 15 32 10 37 45 34 14 4 26 42 44 40 29 21 39 38 36 22 47 48 28 2 11 

Inst_Index:6219 	 City_Num:50 	 Concorde:5.696355 	 MCTS:5.695223 Improve:0.001132 	 Time:3.75 Seconds
Solution: 1 11 49 3 15 42 44 50 6 8 47 38 43 48 28 27 7 17 37 23 2 30 32 35 36 18 39 5 14 12 9 40 41 21 13 29 25 16 10 22 31 26 33 45 19 46 20 34 4 24 

Inst_Index:6220 	 City_Num:50 	 Concorde:5.569678 	 MCTS:5.569678 Improve:0.000000 	 Time:3.77 Seconds
Solution: 1 19 14 10 23 37 45 47 6 30 35 8 3 27 22 29 26 20 28 41 24 39 5 36 2 11 48 46 13 16 25 18 15 21 42 7 44 50 17 38 43 9 49 33 4 31 34 12 32 40 

Inst_Index:6221 	 City_Num:50 	 Concorde:5.648181 	 MCTS:5.648181 Improve:0.000000 	 Time:3.76 Seconds
Solution: 1 10 12 15 21 28 11 43 27 30 47 39 49 33 35 36 44 50 40 34 13 41 14 8 17 5 46 7 4 6 20 22 32 48 18 42 37 23 29 24 26 38 31 45 3 19 9 16 2 25 

Inst_Index:6222 	 City_Num:50 	 Concorde:5.730441 	 MCTS:5.729791 Improve:0.000650 	 Time:3.75 Seconds
Solution: 1 43 38 22 2 18 33 10 28 15 7 36 31 20 21 9 47 4 42 27 3 25 46 45 40 5 23 32 50 48 12 8 16 17 30 35 26 49 29 44 39 24 11 37 6 41 14 34 19 13 

Inst_Index:6223 	 City_Num:50 	 Concorde:5.953740 	 MCTS:5.953740 Improve:0.000000 	 Time:3.75 Seconds
Solution: 1 24 39 4 6 2 49 47 16 36 7 33 45 41 37 12 27 44 23 14 17 18 15 38 26 10 35 8 43 42 5 40 50 20 28 32 11 31 22 25 48 9 29 30 19 34 3 21 13 46 

Inst_Index:6224 	 City_Num:50 	 Concorde:6.130654 	 MCTS:6.130654 Improve:-0.000000 	 Time:3.75 Seconds
Solution: 1 42 22 45 34 48 26 19 12 10 5 13 37 46 31 21 49 38 30 32 9 18 3 27 16 4 14 47 2 20 40 41 28 50 23 11 24 44 7 43 39 29 6 36 33 8 15 17 25 35 

Inst_Index:6225 	 City_Num:50 	 Concorde:5.735069 	 MCTS:5.735069 Improve:0.000000 	 Time:3.76 Seconds
Solution: 1 40 43 16 25 20 28 35 44 45 36 23 3 24 31 49 12 14 30 46 48 32 7 8 11 13 5 38 10 37 21 39 27 19 15 9 17 29 42 41 22 47 4 18 6 33 50 2 26 34 

Inst_Index:6226 	 City_Num:50 	 Concorde:5.796624 	 MCTS:5.796624 Improve:0.000000 	 Time:3.77 Seconds
Solution: 1 2 9 13 19 14 10 28 7 33 23 39 12 22 45 20 46 31 36 5 49 26 6 35 38 21 44 48 16 43 11 37 25 34 30 42 17 8 32 50 41 18 24 27 47 40 4 3 15 29 

Inst_Index:6227 	 City_Num:50 	 Concorde:5.943191 	 MCTS:5.943191 Improve:0.000000 	 Time:3.76 Seconds
Solution: 1 7 50 21 35 20 13 3 47 5 45 34 31 38 41 46 25 36 40 17 37 30 22 11 43 32 2 39 24 49 28 42 8 15 48 26 27 12 23 33 19 16 4 9 44 6 10 29 14 18 

Inst_Index:6228 	 City_Num:50 	 Concorde:5.819617 	 MCTS:5.816037 Improve:0.003580 	 Time:3.75 Seconds
Solution: 1 42 5 34 30 27 21 49 29 4 37 39 35 44 48 14 47 24 15 3 25 46 40 32 23 22 33 8 43 13 10 6 50 2 31 17 20 9 41 26 11 16 38 45 12 18 36 7 28 19 

Inst_Index:6229 	 City_Num:50 	 Concorde:5.837531 	 MCTS:5.835946 Improve:0.001585 	 Time:3.75 Seconds
Solution: 1 8 27 25 30 38 17 15 43 45 49 13 3 35 11 12 5 7 50 14 48 31 21 23 20 46 28 6 32 9 16 24 41 42 10 39 40 37 34 18 44 26 2 19 33 4 29 47 36 22 

Inst_Index:6230 	 City_Num:50 	 Concorde:5.831578 	 MCTS:5.831578 Improve:-0.000000 	 Time:3.76 Seconds
Solution: 1 46 40 11 39 25 3 24 50 6 4 10 44 23 26 49 34 33 7 16 47 22 9 43 12 15 27 29 42 2 30 13 36 8 19 35 38 41 14 48 21 28 20 17 37 31 32 45 18 5 

Inst_Index:6231 	 City_Num:50 	 Concorde:5.871880 	 MCTS:5.871880 Improve:0.000000 	 Time:3.75 Seconds
Solution: 1 12 36 31 46 39 34 27 22 38 16 17 3 47 41 11 30 43 28 26 9 32 29 40 42 48 14 6 24 5 7 13 19 49 37 35 25 2 18 10 4 23 45 21 15 44 20 8 33 50 

Inst_Index:6232 	 City_Num:50 	 Concorde:5.829376 	 MCTS:5.825972 Improve:0.003404 	 Time:3.76 Seconds
Solution: 1 44 27 17 16 35 23 25 42 45 24 21 28 41 34 7 8 13 49 14 11 31 47 20 30 5 32 39 36 3 38 37 46 12 50 43 10 18 15 29 2 26 33 48 40 6 19 9 22 4 

Inst_Index:6233 	 City_Num:50 	 Concorde:5.928305 	 MCTS:5.927538 Improve:0.000766 	 Time:3.76 Seconds
Solution: 1 45 13 12 26 38 18 3 48 47 36 5 23 4 39 27 15 10 41 24 22 46 7 20 32 21 33 16 37 25 35 8 40 9 30 34 14 42 29 43 50 6 2 17 49 28 19 31 44 11 

Inst_Index:6234 	 City_Num:50 	 Concorde:5.815065 	 MCTS:5.812611 Improve:0.002454 	 Time:3.76 Seconds
Solution: 1 2 42 25 34 39 24 22 49 20 31 10 21 28 13 18 6 4 48 27 8 43 30 12 19 14 16 40 41 44 47 3 11 29 32 23 50 33 7 35 36 26 45 5 46 38 17 15 37 9 

Inst_Index:6235 	 City_Num:50 	 Concorde:5.554892 	 MCTS:5.554892 Improve:-0.000000 	 Time:3.76 Seconds
Solution: 1 24 48 6 40 37 5 26 14 23 47 12 27 7 42 8 11 32 31 4 45 36 50 29 2 9 28 44 10 19 43 13 38 33 34 49 20 46 21 18 15 25 22 3 30 35 39 16 41 17 

Inst_Index:6236 	 City_Num:50 	 Concorde:5.821451 	 MCTS:5.821451 Improve:0.000000 	 Time:3.76 Seconds
Solution: 1 36 16 34 21 23 44 8 15 2 46 35 7 40 26 32 4 42 13 3 37 27 39 9 25 49 17 12 29 20 31 43 10 30 18 11 22 19 45 50 14 47 28 5 6 33 38 41 24 48 

Inst_Index:6237 	 City_Num:50 	 Concorde:5.733736 	 MCTS:5.733736 Improve:-0.000000 	 Time:3.76 Seconds
Solution: 1 28 9 50 37 14 49 15 38 44 10 45 24 4 8 33 30 7 43 39 46 18 27 17 12 19 2 35 32 13 47 6 42 5 3 26 31 23 41 48 36 22 29 11 21 34 20 25 40 16 

Inst_Index:6238 	 City_Num:50 	 Concorde:5.937593 	 MCTS:5.937593 Improve:-0.000000 	 Time:3.75 Seconds
Solution: 1 38 36 23 27 2 10 49 30 19 43 9 24 41 3 42 20 31 5 45 18 11 25 40 37 26 48 28 12 44 32 21 4 22 46 6 34 47 29 15 39 8 17 13 50 16 33 35 14 7 

Inst_Index:6239 	 City_Num:50 	 Concorde:5.789804 	 MCTS:5.775481 Improve:0.014323 	 Time:3.75 Seconds
Solution: 1 39 2 21 23 13 47 41 14 17 49 37 12 11 50 4 28 42 7 36 24 9 8 35 22 25 20 33 3 34 6 19 48 44 30 18 16 15 31 32 5 46 45 10 43 27 26 38 40 29 

Inst_Index:6240 	 City_Num:50 	 Concorde:5.998108 	 MCTS:5.998108 Improve:0.000000 	 Time:3.76 Seconds
Solution: 1 50 38 19 40 27 6 28 43 48 26 35 16 33 36 39 2 15 18 5 29 9 41 30 20 22 49 13 4 23 45 8 25 14 24 37 42 46 44 34 10 32 21 7 31 47 12 17 11 3 

Inst_Index:6241 	 City_Num:50 	 Concorde:5.794761 	 MCTS:5.788717 Improve:0.006043 	 Time:3.75 Seconds
Solution: 1 22 36 17 21 19 26 34 30 31 23 8 50 43 44 7 5 42 29 41 48 37 4 27 11 2 16 35 28 6 39 32 24 3 18 38 46 40 10 14 33 49 25 12 47 15 13 9 45 20 

Inst_Index:6242 	 City_Num:50 	 Concorde:5.504221 	 MCTS:5.496831 Improve:0.007390 	 Time:3.76 Seconds
Solution: 1 3 42 44 25 45 32 40 49 11 24 43 37 17 46 22 8 19 41 48 47 7 6 39 23 21 4 28 15 33 27 18 35 38 14 5 12 13 10 29 9 30 20 34 16 2 36 31 26 50 

Inst_Index:6243 	 City_Num:50 	 Concorde:5.324551 	 MCTS:5.321565 Improve:0.002986 	 Time:3.75 Seconds
Solution: 1 25 29 36 44 47 3 23 13 17 11 8 19 24 30 27 21 34 40 43 28 38 37 5 10 42 18 48 33 6 41 46 39 12 4 14 15 2 16 45 32 20 9 50 22 26 35 7 49 31 

Inst_Index:6244 	 City_Num:50 	 Concorde:5.788637 	 MCTS:5.785969 Improve:0.002668 	 Time:3.75 Seconds
Solution: 1 33 24 26 5 31 20 23 17 48 6 32 49 46 4 47 40 19 45 11 9 14 7 39 36 15 3 12 43 21 28 42 37 16 22 41 8 30 29 38 2 10 35 27 34 13 44 18 25 50 

Inst_Index:6245 	 City_Num:50 	 Concorde:6.178756 	 MCTS:6.176543 Improve:0.002213 	 Time:3.77 Seconds
Solution: 1 19 9 31 36 40 25 8 39 41 50 45 35 38 15 24 4 27 49 17 32 29 14 21 23 6 16 43 48 10 46 33 12 44 2 20 11 7 34 3 37 47 28 22 13 5 30 18 42 26 

Inst_Index:6246 	 City_Num:50 	 Concorde:5.438543 	 MCTS:5.438543 Improve:0.000000 	 Time:3.77 Seconds
Solution: 1 30 8 43 21 32 36 12 25 24 5 35 39 4 28 31 20 6 37 42 38 14 3 34 18 29 41 45 7 11 2 17 40 46 9 10 19 16 23 15 50 26 13 44 48 49 27 47 33 22 

Inst_Index:6247 	 City_Num:50 	 Concorde:6.041881 	 MCTS:6.041881 Improve:0.000000 	 Time:3.77 Seconds
Solution: 1 23 36 26 42 33 8 3 27 41 25 4 34 13 2 10 17 44 16 46 47 14 43 9 50 7 22 20 40 39 38 12 11 24 28 18 5 49 15 32 35 29 48 19 30 45 21 31 37 6 

Inst_Index:6248 	 City_Num:50 	 Concorde:5.710073 	 MCTS:5.707005 Improve:0.003067 	 Time:3.76 Seconds
Solution: 1 8 37 9 45 44 25 36 39 10 38 5 42 12 14 24 6 31 7 11 46 3 22 43 33 26 23 35 28 40 34 27 47 15 18 4 29 49 19 41 48 20 17 30 2 32 50 13 21 16 

Inst_Index:6249 	 City_Num:50 	 Concorde:5.664383 	 MCTS:5.664383 Improve:-0.000000 	 Time:3.76 Seconds
Solution: 1 9 37 24 25 44 4 38 16 13 22 33 6 40 41 28 43 18 7 48 21 5 10 36 47 42 3 2 35 46 39 8 15 29 27 32 19 30 12 45 14 31 50 20 17 26 11 49 23 34 

Inst_Index:6250 	 City_Num:50 	 Concorde:5.133563 	 MCTS:5.133563 Improve:0.000000 	 Time:3.76 Seconds
Solution: 1 49 5 7 43 37 41 9 39 19 21 23 35 40 17 11 50 4 20 12 30 8 3 16 46 27 6 32 13 36 2 22 33 26 34 24 38 31 45 15 47 29 48 14 10 42 28 25 44 18 

Inst_Index:6251 	 City_Num:50 	 Concorde:5.670040 	 MCTS:5.669578 Improve:0.000461 	 Time:3.75 Seconds
Solution: 1 44 3 13 34 28 40 50 4 42 36 10 2 46 32 12 20 5 49 27 39 9 37 6 22 45 33 24 11 14 29 26 7 31 15 17 30 43 38 21 19 18 47 16 35 25 41 8 48 23 

Inst_Index:6252 	 City_Num:50 	 Concorde:5.581747 	 MCTS:5.581747 Improve:-0.000000 	 Time:3.76 Seconds
Solution: 1 30 38 6 26 42 46 24 10 23 28 37 13 18 27 4 2 8 12 39 48 15 33 25 14 43 32 35 11 29 21 36 47 16 9 17 22 34 5 19 20 49 44 50 3 45 7 41 40 31 

Inst_Index:6253 	 City_Num:50 	 Concorde:6.153877 	 MCTS:6.153877 Improve:0.000000 	 Time:3.77 Seconds
Solution: 1 10 4 23 28 49 38 42 2 35 48 40 37 33 47 30 19 17 21 44 8 3 20 36 46 45 13 32 22 7 31 14 26 50 9 29 15 25 43 27 41 5 18 24 16 34 12 39 11 6 

Inst_Index:6254 	 City_Num:50 	 Concorde:5.662666 	 MCTS:5.662666 Improve:0.000000 	 Time:3.76 Seconds
Solution: 1 43 42 47 24 4 15 36 31 48 10 23 46 38 12 19 30 25 9 3 41 32 18 8 7 27 2 6 11 49 35 34 22 28 29 14 45 20 37 5 13 16 21 17 26 33 44 50 39 40 

Inst_Index:6255 	 City_Num:50 	 Concorde:5.689369 	 MCTS:5.689369 Improve:-0.000000 	 Time:3.75 Seconds
Solution: 1 12 48 32 22 8 50 25 41 30 45 28 14 36 26 9 4 6 33 21 24 2 19 15 31 18 17 44 43 38 35 20 23 46 3 34 13 7 16 10 37 39 11 49 40 5 27 47 42 29 

Inst_Index:6256 	 City_Num:50 	 Concorde:5.665676 	 MCTS:5.663874 Improve:0.001802 	 Time:3.76 Seconds
Solution: 1 4 21 19 35 48 32 27 44 11 47 24 15 12 8 41 5 49 26 43 14 36 2 20 3 29 37 30 23 16 50 18 38 46 25 22 9 17 34 45 6 28 13 42 33 10 31 40 7 39 

Inst_Index:6257 	 City_Num:50 	 Concorde:5.549564 	 MCTS:5.549564 Improve:0.000000 	 Time:3.75 Seconds
Solution: 1 3 47 41 50 10 23 25 18 6 38 28 39 16 32 26 36 8 49 24 30 17 20 29 33 4 7 19 22 48 14 34 13 11 37 46 43 5 42 12 31 21 35 15 44 45 27 9 2 40 

Inst_Index:6258 	 City_Num:50 	 Concorde:5.536678 	 MCTS:5.536678 Improve:-0.000000 	 Time:3.76 Seconds
Solution: 1 37 2 22 44 39 42 23 28 27 15 35 47 26 34 4 31 38 36 17 33 41 18 50 48 43 49 5 40 13 14 25 29 16 32 10 7 6 9 30 20 21 11 45 3 19 24 12 8 46 

Inst_Index:6259 	 City_Num:50 	 Concorde:5.880664 	 MCTS:5.880664 Improve:0.000000 	 Time:3.77 Seconds
Solution: 1 16 2 36 44 41 15 29 21 42 32 12 11 22 48 17 49 20 5 6 28 47 37 34 26 7 45 14 38 43 4 9 46 13 35 18 25 40 27 39 23 19 50 33 30 3 10 31 8 24 

Inst_Index:6260 	 City_Num:50 	 Concorde:5.212037 	 MCTS:5.212037 Improve:-0.000000 	 Time:3.76 Seconds
Solution: 1 4 46 26 30 38 35 21 17 50 11 14 47 6 20 12 49 22 15 44 13 3 45 33 23 16 41 8 34 31 37 18 42 24 48 5 7 28 39 10 29 27 2 19 9 32 40 43 25 36 


Avg_Concorde_Distance: 5.719489 Avg_MCTS_Distance: 5.718328 Avg_Gap: -0.000202 Total_Time: 1178.01 Seconds 
 Beat_Best_Known_Times: 110 Match_Best_Known_Times: 203 Miss_Best_Known_Times: 0 
