Number_of_Instances_In_Current_Batch: 313

Inst_Index:1253 	 City_Num:50 	 Concorde:5.335061 	 MCTS:5.335061 Improve:-0.000000 	 Time:3.76 Seconds
Solution: 1 19 46 23 40 39 48 15 49 47 21 29 50 35 22 25 34 43 6 16 4 37 20 42 14 31 2 10 41 26 12 8 38 30 3 5 45 17 27 36 28 13 18 44 11 7 24 32 33 9 

Inst_Index:1254 	 City_Num:50 	 Concorde:5.629499 	 MCTS:5.629499 Improve:0.000000 	 Time:3.75 Seconds
Solution: 1 31 32 28 7 47 43 20 45 23 46 49 12 27 26 19 4 40 42 29 35 14 39 17 9 36 2 50 16 8 37 21 44 13 15 41 34 10 6 30 22 48 33 18 25 3 24 38 11 5 

Inst_Index:1255 	 City_Num:50 	 Concorde:5.254020 	 MCTS:5.254020 Improve:0.000000 	 Time:3.75 Seconds
Solution: 1 2 45 9 4 50 31 47 25 41 38 39 48 16 32 22 37 34 11 42 21 12 36 30 27 19 40 17 29 3 43 15 24 49 5 6 28 33 18 20 26 13 14 10 46 7 23 35 44 8 

Inst_Index:1256 	 City_Num:50 	 Concorde:5.640347 	 MCTS:5.640347 Improve:0.000000 	 Time:3.76 Seconds
Solution: 1 41 8 7 40 9 26 47 5 31 35 6 48 15 12 49 36 42 30 17 43 18 37 21 3 27 14 44 20 23 10 25 19 29 11 24 38 22 39 46 50 45 32 28 2 16 33 13 4 34 

Inst_Index:1257 	 City_Num:50 	 Concorde:5.932496 	 MCTS:5.932000 Improve:0.000496 	 Time:3.75 Seconds
Solution: 1 8 29 28 3 7 38 26 41 43 49 40 17 19 25 35 36 6 37 30 13 39 10 47 4 21 50 33 34 18 12 5 16 44 24 20 9 42 11 45 22 31 2 48 23 32 27 46 15 14 

Inst_Index:1258 	 City_Num:50 	 Concorde:5.138420 	 MCTS:5.138420 Improve:-0.000000 	 Time:3.76 Seconds
Solution: 1 13 9 7 16 3 8 37 36 12 45 49 24 33 22 28 21 50 19 35 11 30 43 17 39 2 41 32 15 48 4 34 42 44 23 27 46 29 14 26 5 38 18 6 40 31 47 25 10 20 

Inst_Index:1259 	 City_Num:50 	 Concorde:5.562893 	 MCTS:5.556117 Improve:0.006776 	 Time:3.76 Seconds
Solution: 1 7 6 27 22 10 21 42 15 5 3 11 48 12 17 38 46 47 36 35 18 33 34 23 40 37 24 32 30 2 14 39 50 8 45 20 9 49 16 26 31 4 28 19 44 43 29 13 41 25 

Inst_Index:1260 	 City_Num:50 	 Concorde:6.304225 	 MCTS:6.303449 Improve:0.000776 	 Time:3.76 Seconds
Solution: 1 50 23 30 22 47 12 13 49 33 35 37 15 14 18 42 43 44 25 11 17 45 24 31 32 3 10 48 29 40 26 7 27 4 2 20 36 39 5 46 21 19 8 9 16 6 41 28 34 38 

Inst_Index:1261 	 City_Num:50 	 Concorde:5.924427 	 MCTS:5.924427 Improve:-0.000000 	 Time:3.76 Seconds
Solution: 1 9 49 2 17 31 40 47 10 45 26 33 22 44 42 24 13 35 4 19 3 23 6 12 34 18 27 36 5 29 41 16 21 7 20 43 38 37 50 11 28 25 15 14 39 46 30 48 8 32 

Inst_Index:1262 	 City_Num:50 	 Concorde:5.912403 	 MCTS:5.910933 Improve:0.001470 	 Time:3.75 Seconds
Solution: 1 40 32 19 3 50 5 33 35 39 28 9 34 48 14 47 23 16 12 43 30 15 20 11 49 25 10 22 17 31 27 2 42 18 6 8 26 13 4 44 45 24 36 41 29 7 38 37 46 21 

Inst_Index:1263 	 City_Num:50 	 Concorde:5.566311 	 MCTS:5.564344 Improve:0.001967 	 Time:3.76 Seconds
Solution: 1 25 38 17 20 37 8 30 11 27 10 41 39 9 44 5 35 6 12 47 22 32 34 45 42 29 15 16 13 33 14 24 48 31 50 40 19 49 46 18 4 26 21 3 28 36 43 23 7 2 

Inst_Index:1264 	 City_Num:50 	 Concorde:6.283900 	 MCTS:6.283900 Improve:0.000000 	 Time:3.76 Seconds
Solution: 1 35 33 4 49 13 44 6 12 8 43 20 16 19 29 50 24 48 30 28 14 47 7 23 11 45 46 37 31 39 3 22 34 36 17 9 5 15 25 26 18 42 10 21 38 2 32 40 41 27 

Inst_Index:1265 	 City_Num:50 	 Concorde:5.617146 	 MCTS:5.617041 Improve:0.000105 	 Time:3.76 Seconds
Solution: 1 11 22 21 2 33 9 32 27 14 37 40 50 29 4 19 28 30 44 17 46 16 8 31 7 24 12 34 3 5 49 26 42 23 39 36 45 38 25 47 41 13 6 20 18 10 48 43 15 35 

Inst_Index:1266 	 City_Num:50 	 Concorde:5.655781 	 MCTS:5.653709 Improve:0.002072 	 Time:3.77 Seconds
Solution: 1 8 27 49 12 23 3 29 43 7 30 39 37 2 9 18 13 10 11 19 24 14 15 31 48 17 34 28 21 50 45 46 35 6 47 41 22 20 33 5 40 42 16 38 26 4 25 44 36 32 

Inst_Index:1267 	 City_Num:50 	 Concorde:5.914119 	 MCTS:5.907741 Improve:0.006378 	 Time:3.75 Seconds
Solution: 1 18 9 32 30 41 16 46 44 35 50 20 27 24 26 21 48 19 4 34 43 28 40 12 45 15 6 14 33 49 39 42 47 31 8 10 29 36 37 3 2 22 38 23 13 17 7 25 5 11 

Inst_Index:1268 	 City_Num:50 	 Concorde:5.928650 	 MCTS:5.920086 Improve:0.008564 	 Time:3.76 Seconds
Solution: 1 4 29 23 31 36 18 10 48 2 40 43 3 24 7 11 21 12 44 16 32 30 13 20 34 37 22 38 19 6 35 42 17 26 8 28 15 27 39 50 49 9 46 25 14 41 47 5 45 33 

Inst_Index:1269 	 City_Num:50 	 Concorde:5.649705 	 MCTS:5.643366 Improve:0.006339 	 Time:3.76 Seconds
Solution: 1 2 44 31 28 27 33 30 29 22 43 5 11 21 42 25 3 49 45 32 38 37 12 23 14 13 24 8 20 18 26 10 39 17 46 9 48 41 35 47 7 34 19 16 50 6 15 4 36 40 

Inst_Index:1270 	 City_Num:50 	 Concorde:5.556642 	 MCTS:5.555091 Improve:0.001551 	 Time:3.76 Seconds
Solution: 1 3 9 40 18 12 49 25 30 31 17 44 8 43 32 35 20 45 37 36 13 39 10 29 28 34 6 14 7 50 23 5 27 22 4 2 24 41 33 38 16 42 11 15 19 47 26 21 48 46 

Inst_Index:1271 	 City_Num:50 	 Concorde:5.804310 	 MCTS:5.804310 Improve:0.000000 	 Time:3.76 Seconds
Solution: 1 2 37 14 32 48 11 41 43 29 13 26 7 19 21 16 12 3 38 20 31 27 49 42 34 44 17 5 22 50 25 15 40 8 30 45 4 39 36 9 46 24 47 6 10 28 23 33 35 18 

Inst_Index:1272 	 City_Num:50 	 Concorde:5.709624 	 MCTS:5.709624 Improve:0.000000 	 Time:3.76 Seconds
Solution: 1 5 29 31 7 2 13 45 40 30 17 22 12 26 6 27 21 19 50 35 15 33 38 34 20 10 8 23 37 28 46 14 43 42 18 24 16 32 25 44 9 11 3 36 47 49 41 39 4 48 

Inst_Index:1273 	 City_Num:50 	 Concorde:5.563793 	 MCTS:5.559517 Improve:0.004276 	 Time:3.76 Seconds
Solution: 1 17 31 35 38 45 33 32 7 8 39 46 36 14 3 43 18 26 29 15 2 44 47 28 40 16 42 21 4 48 11 23 37 27 13 22 49 12 19 20 34 10 9 41 6 5 50 24 25 30 

Inst_Index:1274 	 City_Num:50 	 Concorde:5.945380 	 MCTS:5.945380 Improve:0.000000 	 Time:3.75 Seconds
Solution: 1 30 9 23 36 33 19 6 49 17 24 21 27 26 34 10 4 38 32 16 47 40 44 31 2 7 46 43 13 45 8 3 29 11 48 5 12 41 35 50 22 14 37 25 18 15 28 20 39 42 

Inst_Index:1275 	 City_Num:50 	 Concorde:5.573163 	 MCTS:5.573163 Improve:-0.000000 	 Time:3.77 Seconds
Solution: 1 22 26 29 50 43 6 9 47 33 2 24 12 36 27 32 4 16 41 20 49 17 39 25 34 19 11 31 14 40 13 30 37 8 5 45 42 46 28 10 7 21 35 3 23 18 38 15 48 44 

Inst_Index:1276 	 City_Num:50 	 Concorde:5.868342 	 MCTS:5.867038 Improve:0.001304 	 Time:3.76 Seconds
Solution: 1 47 17 28 13 21 38 23 42 14 15 9 7 3 12 4 32 18 22 6 27 48 45 31 30 36 40 26 24 35 5 44 29 19 49 11 46 16 39 8 50 43 37 34 2 10 33 20 41 25 

Inst_Index:1277 	 City_Num:50 	 Concorde:5.867770 	 MCTS:5.860250 Improve:0.007520 	 Time:3.76 Seconds
Solution: 1 2 43 49 12 21 44 35 16 5 45 7 30 46 31 13 41 14 20 28 24 29 23 48 3 36 37 25 18 11 10 40 4 17 38 32 19 6 8 9 15 22 42 47 39 50 26 27 33 34 

Inst_Index:1278 	 City_Num:50 	 Concorde:5.826185 	 MCTS:5.826185 Improve:-0.000000 	 Time:3.77 Seconds
Solution: 1 17 5 22 44 38 13 4 2 48 25 47 24 20 39 50 23 36 33 11 28 26 16 29 49 8 42 46 37 45 43 21 27 34 31 6 40 30 41 3 10 35 19 18 7 14 9 15 32 12 

Inst_Index:1279 	 City_Num:50 	 Concorde:5.170667 	 MCTS:5.170667 Improve:-0.000000 	 Time:3.76 Seconds
Solution: 1 11 39 8 3 15 30 27 7 20 44 33 10 37 29 16 49 18 9 4 17 36 46 12 42 41 31 35 26 48 45 34 47 24 32 5 28 43 13 40 14 6 25 23 38 50 2 19 21 22 

Inst_Index:1280 	 City_Num:50 	 Concorde:5.610084 	 MCTS:5.610084 Improve:0.000000 	 Time:3.76 Seconds
Solution: 1 28 15 3 11 12 36 38 25 10 13 34 18 35 20 39 33 43 8 17 16 2 14 6 19 31 29 42 27 41 49 7 30 22 45 23 24 37 21 44 47 9 40 26 50 46 48 32 4 5 

Inst_Index:1281 	 City_Num:50 	 Concorde:5.632345 	 MCTS:5.632345 Improve:-0.000000 	 Time:3.76 Seconds
Solution: 1 25 21 30 13 20 14 29 36 38 11 49 4 10 5 47 16 18 41 26 50 17 35 31 9 15 27 42 39 40 6 46 12 23 22 32 34 33 19 3 37 44 45 24 2 48 8 7 28 43 

Inst_Index:1282 	 City_Num:50 	 Concorde:5.519871 	 MCTS:5.519871 Improve:0.000000 	 Time:3.76 Seconds
Solution: 1 18 38 27 29 31 4 5 16 41 43 33 13 24 8 22 2 28 23 35 6 15 32 39 20 19 50 3 25 42 47 21 46 44 48 9 36 10 26 30 17 49 34 14 37 45 12 40 7 11 

Inst_Index:1283 	 City_Num:50 	 Concorde:5.866799 	 MCTS:5.866799 Improve:0.000000 	 Time:3.76 Seconds
Solution: 1 37 2 24 38 31 33 46 41 3 20 22 50 5 15 10 43 12 19 14 40 18 16 21 11 17 32 7 36 42 45 23 49 29 6 48 44 4 39 13 25 27 28 26 47 34 30 9 35 8 

Inst_Index:1284 	 City_Num:50 	 Concorde:5.745931 	 MCTS:5.745931 Improve:-0.000000 	 Time:3.77 Seconds
Solution: 1 48 3 28 26 17 2 34 32 27 39 16 22 15 6 43 45 4 46 38 49 40 29 19 11 36 7 23 50 41 12 9 33 42 25 31 35 14 20 30 5 47 18 37 21 8 44 13 24 10 

Inst_Index:1285 	 City_Num:50 	 Concorde:5.305851 	 MCTS:5.305851 Improve:0.000000 	 Time:3.75 Seconds
Solution: 1 34 26 13 24 11 33 9 44 21 29 22 14 3 8 27 7 20 15 47 18 19 12 25 40 43 23 39 42 37 45 48 6 36 49 31 38 17 46 10 4 50 30 2 5 41 28 16 32 35 

Inst_Index:1286 	 City_Num:50 	 Concorde:5.836298 	 MCTS:5.836298 Improve:0.000000 	 Time:3.76 Seconds
Solution: 1 15 45 16 46 26 17 2 19 41 3 33 27 25 38 39 21 12 49 14 35 29 28 5 8 13 48 42 9 10 4 47 23 24 7 44 37 18 34 40 6 22 31 36 11 20 32 43 30 50 

Inst_Index:1287 	 City_Num:50 	 Concorde:5.801550 	 MCTS:5.801550 Improve:-0.000000 	 Time:3.75 Seconds
Solution: 1 2 37 44 31 27 8 42 45 33 6 9 5 48 13 34 39 38 26 46 17 50 23 19 21 14 28 25 10 11 4 43 3 35 15 18 12 40 7 24 30 16 47 22 32 20 41 29 36 49 

Inst_Index:1288 	 City_Num:50 	 Concorde:5.285072 	 MCTS:5.285072 Improve:0.000000 	 Time:3.77 Seconds
Solution: 1 25 31 43 28 37 23 15 19 45 49 44 26 27 24 40 39 8 48 22 12 4 21 10 50 11 30 42 5 32 14 47 2 17 33 16 35 7 34 38 36 41 13 9 20 46 29 18 3 6 

Inst_Index:1289 	 City_Num:50 	 Concorde:5.261193 	 MCTS:5.258948 Improve:0.002245 	 Time:3.75 Seconds
Solution: 1 34 4 16 5 8 12 13 27 3 37 2 19 45 47 43 49 10 39 21 20 48 38 32 31 18 15 7 28 22 25 26 50 44 23 46 41 33 24 36 11 29 14 17 40 42 30 6 35 9 

Inst_Index:1290 	 City_Num:50 	 Concorde:5.818246 	 MCTS:5.818246 Improve:0.000000 	 Time:3.75 Seconds
Solution: 1 41 35 18 42 48 16 27 45 44 28 25 26 46 4 34 9 11 29 17 40 5 19 14 23 50 36 30 31 33 6 24 43 37 3 47 8 21 15 10 49 32 7 39 12 20 2 38 22 13 

Inst_Index:1291 	 City_Num:50 	 Concorde:4.950497 	 MCTS:4.950497 Improve:-0.000000 	 Time:3.76 Seconds
Solution: 1 14 20 39 9 13 45 31 29 17 8 35 2 43 32 10 23 42 28 38 21 25 3 50 49 46 15 47 30 12 16 11 7 4 37 44 22 6 27 33 24 5 40 19 34 41 48 26 36 18 

Inst_Index:1292 	 City_Num:50 	 Concorde:5.631151 	 MCTS:5.631151 Improve:-0.000000 	 Time:3.75 Seconds
Solution: 1 26 19 49 12 24 35 11 31 17 33 4 45 3 32 39 30 29 18 9 15 44 21 20 36 34 2 13 14 37 22 40 25 43 8 23 10 50 38 6 28 16 42 5 47 41 7 27 48 46 

Inst_Index:1293 	 City_Num:50 	 Concorde:5.690248 	 MCTS:5.690248 Improve:0.000000 	 Time:3.76 Seconds
Solution: 1 49 13 14 27 20 24 2 22 41 45 37 4 34 12 9 25 19 7 6 15 18 43 16 35 39 8 47 29 23 3 5 32 30 38 42 33 40 36 21 28 44 31 46 10 50 17 48 11 26 

Inst_Index:1294 	 City_Num:50 	 Concorde:5.755064 	 MCTS:5.751145 Improve:0.003919 	 Time:3.76 Seconds
Solution: 1 39 19 44 21 41 45 47 31 40 35 49 2 29 46 34 38 4 30 20 37 43 5 9 32 15 50 26 42 25 6 22 8 28 12 17 14 3 33 11 23 48 10 18 36 7 27 24 16 13 

Inst_Index:1295 	 City_Num:50 	 Concorde:5.252431 	 MCTS:5.252431 Improve:-0.000000 	 Time:3.76 Seconds
Solution: 1 44 46 23 14 24 22 11 4 43 36 19 8 31 41 10 40 16 5 20 48 18 38 15 45 26 42 9 2 32 3 28 7 37 27 12 50 25 39 6 17 13 35 34 33 29 30 21 49 47 

Inst_Index:1296 	 City_Num:50 	 Concorde:5.567201 	 MCTS:5.567201 Improve:-0.000000 	 Time:3.75 Seconds
Solution: 1 30 49 29 48 9 34 6 50 19 7 32 4 17 35 10 40 23 45 21 33 8 27 20 47 16 14 18 31 44 15 36 41 28 11 25 26 43 12 42 3 38 5 46 37 39 13 2 22 24 

Inst_Index:1297 	 City_Num:50 	 Concorde:6.164540 	 MCTS:6.157842 Improve:0.006699 	 Time:3.76 Seconds
Solution: 1 48 26 50 46 2 18 25 4 40 22 24 49 6 10 20 16 29 36 30 42 38 47 44 12 13 32 34 14 28 43 17 31 33 37 41 11 9 39 15 19 35 45 5 27 3 23 21 8 7 

Inst_Index:1298 	 City_Num:50 	 Concorde:6.020694 	 MCTS:6.020694 Improve:-0.000000 	 Time:3.75 Seconds
Solution: 1 14 29 35 42 34 18 37 39 6 27 48 45 16 5 26 36 50 43 25 8 4 19 10 13 9 21 49 32 38 40 12 3 30 24 33 47 31 22 28 2 23 41 20 7 15 17 44 11 46 

Inst_Index:1299 	 City_Num:50 	 Concorde:5.485609 	 MCTS:5.485609 Improve:-0.000000 	 Time:3.75 Seconds
Solution: 1 39 7 25 30 20 5 32 41 10 18 29 34 38 40 12 17 44 23 22 24 27 21 26 50 49 2 13 9 36 4 16 11 6 8 35 14 48 28 3 37 43 42 45 46 33 31 47 19 15 

Inst_Index:1300 	 City_Num:50 	 Concorde:5.734830 	 MCTS:5.734830 Improve:-0.000000 	 Time:3.75 Seconds
Solution: 1 29 42 27 24 22 3 45 36 9 40 34 48 44 20 30 33 49 13 4 17 18 41 26 8 38 21 35 6 32 47 14 25 31 37 7 50 11 12 43 10 19 39 15 46 2 5 23 16 28 

Inst_Index:1301 	 City_Num:50 	 Concorde:5.468694 	 MCTS:5.468694 Improve:0.000000 	 Time:3.75 Seconds
Solution: 1 8 5 2 33 13 28 21 7 35 26 10 27 23 39 32 6 4 25 46 37 15 12 31 17 36 50 42 19 38 41 34 40 22 14 11 3 43 16 44 18 49 47 29 45 20 30 48 9 24 

Inst_Index:1302 	 City_Num:50 	 Concorde:5.542294 	 MCTS:5.542294 Improve:-0.000000 	 Time:3.77 Seconds
Solution: 1 45 34 40 44 10 2 43 9 25 31 15 46 22 36 35 3 37 21 29 26 32 42 39 50 18 20 6 48 4 14 24 13 47 23 41 38 5 16 11 49 17 12 19 30 33 7 28 27 8 

Inst_Index:1303 	 City_Num:50 	 Concorde:5.512233 	 MCTS:5.510425 Improve:0.001809 	 Time:3.76 Seconds
Solution: 1 42 8 6 9 21 14 28 5 2 20 32 35 17 7 29 27 30 13 44 33 39 12 22 37 26 10 49 48 18 50 15 16 3 34 36 24 38 25 11 41 31 47 19 43 4 46 23 40 45 

Inst_Index:1304 	 City_Num:50 	 Concorde:5.524173 	 MCTS:5.524173 Improve:0.000000 	 Time:3.76 Seconds
Solution: 1 22 8 27 15 37 13 32 17 24 49 47 7 20 14 31 42 30 10 44 3 29 35 6 16 45 34 43 4 36 18 46 2 19 50 33 38 26 11 28 25 9 5 48 12 39 21 40 41 23 

Inst_Index:1305 	 City_Num:50 	 Concorde:5.980079 	 MCTS:5.975574 Improve:0.004505 	 Time:3.75 Seconds
Solution: 1 21 17 35 5 2 30 33 42 36 39 4 47 38 12 15 37 13 7 34 14 18 16 8 26 20 40 3 32 45 23 9 44 31 24 10 6 41 49 11 22 29 50 28 27 48 43 19 25 46 

Inst_Index:1306 	 City_Num:50 	 Concorde:6.079397 	 MCTS:6.079397 Improve:-0.000000 	 Time:3.75 Seconds
Solution: 1 28 22 39 10 7 33 29 38 19 24 21 44 25 13 32 26 8 35 17 42 20 45 14 49 23 37 43 34 50 18 3 2 12 11 27 31 47 40 16 9 41 46 5 36 15 6 4 48 30 

Inst_Index:1307 	 City_Num:50 	 Concorde:4.878909 	 MCTS:4.878909 Improve:0.000000 	 Time:3.75 Seconds
Solution: 1 7 46 30 4 18 19 23 50 47 10 38 16 24 20 34 8 27 5 31 41 45 33 25 43 21 44 2 49 32 6 11 39 40 29 26 35 42 3 14 12 13 28 15 37 48 22 17 9 36 

Inst_Index:1308 	 City_Num:50 	 Concorde:5.674426 	 MCTS:5.670306 Improve:0.004121 	 Time:3.76 Seconds
Solution: 1 26 10 17 37 42 31 46 8 29 11 9 32 24 48 16 50 34 19 27 39 41 21 12 36 15 2 44 43 3 14 49 33 13 20 28 47 5 40 18 35 45 25 4 7 38 30 23 22 6 

Inst_Index:1309 	 City_Num:50 	 Concorde:5.753002 	 MCTS:5.753002 Improve:0.000000 	 Time:3.76 Seconds
Solution: 1 25 12 13 31 5 10 26 50 39 23 19 20 4 8 9 42 38 24 14 40 27 36 15 47 32 7 37 41 45 30 16 17 49 2 35 11 6 48 34 44 43 46 22 28 18 3 29 21 33 

Inst_Index:1310 	 City_Num:50 	 Concorde:5.536506 	 MCTS:5.536506 Improve:0.000000 	 Time:3.77 Seconds
Solution: 1 10 48 46 38 30 45 49 33 31 36 50 17 3 37 40 18 11 12 20 24 47 23 43 26 27 28 13 4 7 15 2 5 22 44 6 35 29 42 41 8 16 32 9 39 21 25 19 34 14 

Inst_Index:1311 	 City_Num:50 	 Concorde:6.107174 	 MCTS:6.107174 Improve:-0.000000 	 Time:3.76 Seconds
Solution: 1 18 3 26 12 16 29 48 24 27 47 10 13 14 8 33 37 40 15 21 2 32 42 46 28 22 31 9 4 19 50 49 38 45 20 34 43 36 39 41 23 25 35 11 44 7 5 30 17 6 

Inst_Index:1312 	 City_Num:50 	 Concorde:5.184197 	 MCTS:5.178720 Improve:0.005477 	 Time:3.76 Seconds
Solution: 1 31 18 14 36 19 41 4 3 33 29 2 9 22 32 16 27 26 43 30 46 21 40 48 28 6 35 13 49 15 38 7 10 5 20 42 37 12 50 25 24 39 44 34 45 23 11 17 47 8 

Inst_Index:1313 	 City_Num:50 	 Concorde:5.769869 	 MCTS:5.769869 Improve:-0.000000 	 Time:3.76 Seconds
Solution: 1 32 5 44 30 11 2 15 43 8 45 6 25 22 16 4 31 3 48 35 41 9 17 47 33 39 38 13 14 28 36 42 19 27 24 20 29 21 34 7 37 49 10 18 40 12 46 23 50 26 

Inst_Index:1314 	 City_Num:50 	 Concorde:5.517955 	 MCTS:5.517955 Improve:-0.000000 	 Time:3.75 Seconds
Solution: 1 41 2 31 24 17 4 9 33 49 8 19 3 23 48 26 35 13 16 34 6 14 28 46 32 50 22 29 27 44 38 37 7 30 20 18 39 43 45 47 40 10 36 12 5 25 15 42 11 21 

Inst_Index:1315 	 City_Num:50 	 Concorde:5.661185 	 MCTS:5.661185 Improve:-0.000000 	 Time:3.76 Seconds
Solution: 1 42 50 40 5 28 18 29 32 10 43 36 34 4 15 24 14 33 31 16 49 8 22 39 35 9 45 26 41 3 2 37 11 46 6 20 44 47 38 25 27 21 30 19 7 12 48 13 17 23 

Inst_Index:1316 	 City_Num:50 	 Concorde:5.547473 	 MCTS:5.547473 Improve:-0.000000 	 Time:3.75 Seconds
Solution: 1 41 11 5 33 3 15 44 42 12 43 26 16 20 4 19 22 45 47 35 38 24 29 36 14 49 2 37 39 10 6 7 13 9 18 46 21 23 32 25 28 17 34 31 30 27 40 50 48 8 

Inst_Index:1317 	 City_Num:50 	 Concorde:5.542164 	 MCTS:5.538617 Improve:0.003547 	 Time:3.78 Seconds
Solution: 1 12 46 30 4 25 3 23 28 40 37 50 10 45 44 6 41 8 2 32 27 48 33 24 31 22 16 11 9 47 21 13 35 5 42 29 15 7 39 18 49 14 17 36 26 20 43 38 34 19 

Inst_Index:1318 	 City_Num:50 	 Concorde:5.891205 	 MCTS:5.891205 Improve:0.000000 	 Time:3.75 Seconds
Solution: 1 19 23 37 29 9 35 47 3 13 34 6 14 28 31 25 10 36 38 18 27 21 17 48 22 20 7 45 12 11 33 44 2 26 43 50 16 49 40 42 32 8 24 15 5 4 46 39 30 41 

Inst_Index:1319 	 City_Num:50 	 Concorde:5.585051 	 MCTS:5.585051 Improve:-0.000000 	 Time:3.77 Seconds
Solution: 1 36 5 45 40 49 13 19 14 35 9 18 50 47 24 22 31 32 6 4 30 11 26 16 27 39 2 3 23 28 48 38 37 25 15 8 43 46 7 42 20 44 34 29 17 33 10 12 21 41 

Inst_Index:1320 	 City_Num:50 	 Concorde:5.638092 	 MCTS:5.638092 Improve:-0.000000 	 Time:3.76 Seconds
Solution: 1 25 33 28 23 42 22 18 29 10 31 9 20 2 49 17 48 46 5 32 37 30 3 12 13 16 50 43 34 41 7 35 19 44 36 39 24 15 47 11 21 14 27 4 40 45 8 26 6 38 

Inst_Index:1321 	 City_Num:50 	 Concorde:5.542306 	 MCTS:5.542306 Improve:0.000000 	 Time:3.76 Seconds
Solution: 1 25 49 5 30 3 4 8 11 23 10 39 16 38 24 19 20 48 14 46 34 13 17 35 9 36 44 27 29 42 32 26 47 33 15 40 2 22 41 18 43 12 21 45 7 31 50 6 28 37 

Inst_Index:1322 	 City_Num:50 	 Concorde:6.142011 	 MCTS:6.142011 Improve:-0.000000 	 Time:3.77 Seconds
Solution: 1 15 33 48 41 35 6 19 50 34 20 40 32 21 49 24 5 4 25 16 3 38 17 47 36 44 37 18 14 43 10 11 29 30 8 13 45 9 7 12 2 46 39 26 42 31 28 23 27 22 

Inst_Index:1323 	 City_Num:50 	 Concorde:6.186300 	 MCTS:6.186300 Improve:0.000000 	 Time:3.76 Seconds
Solution: 1 36 5 35 12 8 46 32 14 4 44 21 22 17 27 18 7 6 47 50 9 31 10 28 20 43 16 41 19 42 48 26 3 29 37 38 23 45 30 11 24 25 49 13 39 33 40 34 15 2 

Inst_Index:1324 	 City_Num:50 	 Concorde:5.597655 	 MCTS:5.597655 Improve:0.000000 	 Time:3.76 Seconds
Solution: 1 39 42 21 48 29 31 47 18 2 44 12 8 26 24 34 38 43 20 7 11 3 17 10 30 25 33 16 37 50 14 9 41 15 28 40 27 32 46 36 22 13 5 23 35 19 6 49 4 45 

Inst_Index:1325 	 City_Num:50 	 Concorde:5.750138 	 MCTS:5.750138 Improve:-0.000000 	 Time:3.76 Seconds
Solution: 1 50 39 31 7 3 27 13 24 25 28 14 29 15 18 20 6 9 40 38 26 21 16 11 17 5 37 10 35 47 4 49 30 19 33 22 23 2 46 43 12 42 48 44 34 45 36 8 32 41 

Inst_Index:1326 	 City_Num:50 	 Concorde:5.737831 	 MCTS:5.737237 Improve:0.000594 	 Time:3.78 Seconds
Solution: 1 15 23 48 49 40 8 18 21 43 22 44 11 25 5 45 50 4 30 32 33 38 35 27 46 42 2 29 47 9 12 17 36 41 14 3 7 16 24 37 34 10 19 6 39 28 13 20 31 26 

Inst_Index:1327 	 City_Num:50 	 Concorde:5.590716 	 MCTS:5.590656 Improve:0.000061 	 Time:3.76 Seconds
Solution: 1 14 15 49 4 10 5 41 35 21 12 38 36 37 32 20 13 33 40 25 8 24 43 39 17 42 50 9 23 34 6 2 11 16 45 27 44 19 18 30 3 46 47 29 28 22 48 31 7 26 

Inst_Index:1328 	 City_Num:50 	 Concorde:6.013219 	 MCTS:6.007819 Improve:0.005400 	 Time:3.78 Seconds
Solution: 1 48 25 8 6 9 42 30 31 27 39 33 29 19 23 15 26 13 7 36 41 4 22 16 40 17 44 21 49 24 10 32 43 47 37 2 14 35 5 45 12 34 28 18 50 46 11 38 3 20 

Inst_Index:1329 	 City_Num:50 	 Concorde:6.071341 	 MCTS:6.071341 Improve:0.000000 	 Time:3.77 Seconds
Solution: 1 4 39 36 22 14 32 35 31 28 45 2 23 9 16 41 24 25 29 7 6 20 15 47 13 34 48 18 44 21 30 42 12 33 5 46 11 19 27 50 38 10 37 40 8 17 49 3 43 26 

Inst_Index:1330 	 City_Num:50 	 Concorde:5.860909 	 MCTS:5.860909 Improve:0.000000 	 Time:3.77 Seconds
Solution: 1 34 5 40 33 47 4 36 17 28 46 18 19 48 8 14 24 32 12 38 21 41 23 29 45 50 15 39 22 16 26 27 11 30 49 31 43 7 9 25 10 44 6 37 13 20 35 42 2 3 

Inst_Index:1331 	 City_Num:50 	 Concorde:5.867123 	 MCTS:5.855757 Improve:0.011367 	 Time:3.76 Seconds
Solution: 1 17 15 36 25 7 20 9 45 42 29 31 23 13 11 12 48 18 10 14 16 28 33 27 50 2 22 46 37 49 6 21 35 43 40 5 3 19 38 24 44 26 34 8 30 47 32 39 4 41 

Inst_Index:1332 	 City_Num:50 	 Concorde:5.328182 	 MCTS:5.328182 Improve:0.000000 	 Time:3.76 Seconds
Solution: 1 20 15 5 23 12 7 19 28 24 4 40 22 43 3 37 48 21 13 29 34 38 11 39 9 42 2 6 32 27 17 30 14 41 46 16 50 31 25 47 49 8 33 10 45 18 44 35 36 26 

Inst_Index:1333 	 City_Num:50 	 Concorde:5.669012 	 MCTS:5.667908 Improve:0.001104 	 Time:3.76 Seconds
Solution: 1 32 19 24 37 18 50 41 4 10 2 17 47 49 46 35 43 14 8 21 16 5 15 7 9 25 11 40 39 34 26 38 12 30 48 13 45 36 27 20 22 28 42 23 44 29 6 31 3 33 

Inst_Index:1334 	 City_Num:50 	 Concorde:5.825322 	 MCTS:5.825322 Improve:-0.000000 	 Time:3.75 Seconds
Solution: 1 28 7 14 44 5 34 24 46 2 13 40 17 18 16 26 48 33 19 8 42 9 20 10 35 23 45 25 49 50 12 39 31 36 15 21 30 27 32 37 29 6 3 43 41 11 22 4 47 38 

Inst_Index:1335 	 City_Num:50 	 Concorde:6.356486 	 MCTS:6.356486 Improve:-0.000000 	 Time:3.76 Seconds
Solution: 1 45 42 40 44 8 11 15 32 19 28 46 38 36 12 43 23 21 17 48 37 7 34 30 47 4 2 3 18 6 29 35 14 25 31 26 9 16 27 24 49 22 5 41 39 10 20 33 13 50 

Inst_Index:1336 	 City_Num:50 	 Concorde:5.713388 	 MCTS:5.702733 Improve:0.010655 	 Time:3.75 Seconds
Solution: 1 36 20 14 30 48 2 43 50 21 42 18 19 41 7 12 45 25 37 4 11 39 47 22 3 34 15 9 8 10 40 44 5 16 46 23 49 6 32 31 17 26 24 33 29 35 27 28 38 13 

Inst_Index:1337 	 City_Num:50 	 Concorde:5.780877 	 MCTS:5.778667 Improve:0.002211 	 Time:3.75 Seconds
Solution: 1 6 30 43 5 47 3 16 15 49 22 36 17 25 31 7 41 14 26 9 13 10 23 45 19 11 32 2 4 24 8 34 42 33 40 44 50 21 39 29 38 18 27 28 48 12 35 37 46 20 

Inst_Index:1338 	 City_Num:50 	 Concorde:5.865184 	 MCTS:5.865184 Improve:0.000000 	 Time:3.76 Seconds
Solution: 1 3 40 15 11 18 49 5 48 47 31 28 34 17 50 41 25 23 10 32 20 39 2 7 27 4 46 8 16 38 44 24 21 9 19 30 29 36 42 26 6 12 45 33 13 43 22 37 35 14 

Inst_Index:1339 	 City_Num:50 	 Concorde:5.907977 	 MCTS:5.906828 Improve:0.001149 	 Time:3.76 Seconds
Solution: 1 25 36 23 24 43 33 37 50 12 4 30 35 17 34 5 16 2 7 38 45 6 39 10 8 26 15 40 32 22 42 47 19 41 27 20 13 11 31 3 9 48 49 14 18 46 28 21 44 29 

Inst_Index:1340 	 City_Num:50 	 Concorde:5.753094 	 MCTS:5.753094 Improve:0.000000 	 Time:3.75 Seconds
Solution: 1 9 31 8 29 30 10 38 7 16 15 43 49 19 12 24 28 40 26 39 50 37 2 47 25 41 22 6 46 4 34 48 42 14 36 13 27 32 45 44 21 35 5 18 11 20 17 23 3 33 

Inst_Index:1341 	 City_Num:50 	 Concorde:5.447933 	 MCTS:5.439594 Improve:0.008339 	 Time:3.77 Seconds
Solution: 1 43 45 48 39 25 41 21 36 18 3 2 30 46 29 23 31 14 9 49 35 38 33 10 32 12 13 50 5 28 19 26 37 44 17 8 20 11 42 27 4 40 15 34 6 24 7 22 16 47 

Inst_Index:1342 	 City_Num:50 	 Concorde:5.726833 	 MCTS:5.726833 Improve:0.000000 	 Time:3.75 Seconds
Solution: 1 27 2 4 33 8 24 10 11 6 16 49 20 22 36 37 35 46 13 40 39 3 48 25 38 23 31 32 30 45 28 15 21 47 34 7 43 19 9 29 42 41 17 12 50 26 44 14 5 18 

Inst_Index:1343 	 City_Num:50 	 Concorde:5.747749 	 MCTS:5.747390 Improve:0.000359 	 Time:3.75 Seconds
Solution: 1 20 46 24 29 40 11 42 23 6 3 32 48 17 13 28 37 5 15 31 49 36 45 18 25 27 38 2 39 26 14 41 4 12 43 34 47 35 19 21 30 50 33 9 44 16 7 8 22 10 

Inst_Index:1344 	 City_Num:50 	 Concorde:5.658596 	 MCTS:5.658596 Improve:0.000000 	 Time:3.77 Seconds
Solution: 1 23 35 2 50 28 49 19 41 6 3 9 43 22 16 33 39 26 29 45 12 34 25 8 4 20 44 36 15 24 18 40 47 13 14 42 46 5 27 7 21 31 38 10 32 37 30 17 11 48 

Inst_Index:1345 	 City_Num:50 	 Concorde:5.920584 	 MCTS:5.916544 Improve:0.004040 	 Time:3.77 Seconds
Solution: 1 24 35 22 47 17 14 21 39 40 16 7 28 30 9 5 13 18 34 42 36 46 6 41 31 45 12 10 49 11 29 27 23 50 38 43 19 4 15 32 26 25 33 48 37 3 44 8 20 2 

Inst_Index:1346 	 City_Num:50 	 Concorde:5.796358 	 MCTS:5.796011 Improve:0.000346 	 Time:3.75 Seconds
Solution: 1 17 12 40 35 45 16 14 34 47 4 8 10 9 3 37 41 31 25 15 5 29 24 20 27 38 30 32 44 7 23 11 49 21 33 50 19 46 26 18 36 42 43 13 28 22 48 2 6 39 

Inst_Index:1347 	 City_Num:50 	 Concorde:5.825479 	 MCTS:5.820027 Improve:0.005453 	 Time:3.77 Seconds
Solution: 1 15 21 43 45 29 19 44 46 37 31 25 22 48 40 8 39 16 13 41 6 7 17 49 11 27 30 3 23 9 12 47 33 50 38 10 20 36 4 42 34 2 32 24 5 35 28 14 18 26 

Inst_Index:1348 	 City_Num:50 	 Concorde:5.692636 	 MCTS:5.692526 Improve:0.000110 	 Time:3.76 Seconds
Solution: 1 3 47 4 49 14 7 22 40 6 28 44 10 2 39 35 46 50 15 11 23 17 20 31 27 9 34 24 37 21 48 26 5 38 25 45 30 18 16 13 42 43 33 8 29 32 41 19 36 12 

Inst_Index:1349 	 City_Num:50 	 Concorde:5.730097 	 MCTS:5.730097 Improve:-0.000000 	 Time:3.78 Seconds
Solution: 1 20 30 17 2 27 8 4 19 28 5 6 49 7 37 22 15 26 16 38 48 41 43 3 34 14 45 46 9 44 50 40 47 25 18 42 10 29 24 39 11 36 23 35 33 31 13 12 21 32 

Inst_Index:1350 	 City_Num:50 	 Concorde:5.649045 	 MCTS:5.649045 Improve:0.000000 	 Time:3.77 Seconds
Solution: 1 24 8 49 50 15 36 46 18 16 12 45 26 38 17 23 2 42 13 21 40 33 44 9 39 19 3 6 5 34 47 22 7 28 32 37 43 11 20 30 25 27 4 10 29 31 35 41 48 14 

Inst_Index:1351 	 City_Num:50 	 Concorde:5.918479 	 MCTS:5.918479 Improve:0.000000 	 Time:3.75 Seconds
Solution: 1 49 35 25 9 16 43 38 31 4 17 10 23 34 3 15 13 30 26 46 47 19 6 45 18 2 40 14 12 24 37 41 50 20 27 21 8 22 28 33 5 32 7 29 42 48 11 44 39 36 

Inst_Index:1352 	 City_Num:50 	 Concorde:5.099832 	 MCTS:5.097673 Improve:0.002159 	 Time:3.76 Seconds
Solution: 1 2 20 6 25 5 38 31 46 10 16 32 41 4 28 29 13 43 49 27 34 19 17 22 44 42 26 18 12 24 11 37 36 45 35 47 14 33 48 7 21 40 9 39 30 3 8 23 50 15 

Inst_Index:1353 	 City_Num:50 	 Concorde:5.911353 	 MCTS:5.911353 Improve:0.000000 	 Time:3.76 Seconds
Solution: 1 40 46 2 30 29 13 4 20 14 31 28 12 48 33 9 50 26 37 8 6 47 35 25 27 21 19 32 44 17 16 3 24 11 39 5 42 41 38 49 18 36 23 45 7 22 10 34 15 43 

Inst_Index:1354 	 City_Num:50 	 Concorde:5.360418 	 MCTS:5.360418 Improve:0.000000 	 Time:3.76 Seconds
Solution: 1 3 36 11 46 38 21 32 25 40 20 2 35 5 37 13 12 7 33 47 18 9 24 34 26 39 28 15 44 48 6 4 22 49 41 45 14 23 43 19 50 27 29 16 31 10 42 30 8 17 

Inst_Index:1355 	 City_Num:50 	 Concorde:5.586948 	 MCTS:5.586948 Improve:-0.000000 	 Time:3.76 Seconds
Solution: 1 10 5 22 12 14 9 24 40 31 45 46 44 23 4 43 2 15 32 30 36 25 19 35 41 28 21 49 27 17 48 3 39 42 20 33 47 8 38 29 18 7 16 26 50 13 6 34 11 37 

Inst_Index:1356 	 City_Num:50 	 Concorde:5.868507 	 MCTS:5.868507 Improve:-0.000000 	 Time:3.75 Seconds
Solution: 1 40 9 41 46 48 31 23 15 49 45 6 21 3 25 43 37 20 7 29 28 18 11 2 4 27 50 24 5 34 30 17 26 44 8 36 16 39 33 12 13 35 14 47 22 10 38 32 19 42 

Inst_Index:1357 	 City_Num:50 	 Concorde:5.625884 	 MCTS:5.622382 Improve:0.003502 	 Time:3.76 Seconds
Solution: 1 38 2 29 4 31 18 15 16 10 28 7 35 43 41 36 42 12 19 25 8 40 24 49 22 6 33 5 46 50 34 11 48 30 47 17 23 32 14 20 13 21 27 3 37 39 44 26 45 9 

Inst_Index:1358 	 City_Num:50 	 Concorde:5.647847 	 MCTS:5.647847 Improve:0.000000 	 Time:3.76 Seconds
Solution: 1 43 6 35 32 33 14 29 31 36 49 27 45 44 7 48 42 12 8 41 30 47 17 3 38 46 50 16 2 4 28 40 23 24 21 26 22 25 9 10 19 20 37 39 5 18 13 11 34 15 

Inst_Index:1359 	 City_Num:50 	 Concorde:5.653635 	 MCTS:5.653635 Improve:0.000000 	 Time:3.76 Seconds
Solution: 1 37 26 40 18 44 2 49 25 31 35 6 7 38 47 27 43 42 12 45 28 50 11 14 8 34 21 15 32 46 29 10 3 4 36 41 48 39 20 9 13 19 24 5 16 22 33 30 23 17 

Inst_Index:1360 	 City_Num:50 	 Concorde:5.600357 	 MCTS:5.600357 Improve:0.000000 	 Time:3.75 Seconds
Solution: 1 4 48 3 13 22 28 43 46 45 21 8 11 44 14 35 25 2 30 37 15 24 50 49 6 42 19 40 29 47 32 9 39 41 33 5 36 10 26 16 31 12 18 34 27 23 38 7 20 17 

Inst_Index:1361 	 City_Num:50 	 Concorde:5.748134 	 MCTS:5.748134 Improve:-0.000000 	 Time:3.77 Seconds
Solution: 1 32 19 47 4 18 22 35 31 9 40 44 34 30 8 49 37 41 17 11 13 3 6 43 16 25 23 27 14 33 29 48 5 50 42 45 15 10 12 39 46 24 38 20 28 36 21 2 26 7 

Inst_Index:1362 	 City_Num:50 	 Concorde:5.326492 	 MCTS:5.326492 Improve:0.000000 	 Time:3.78 Seconds
Solution: 1 25 16 8 6 34 37 12 28 47 39 20 36 27 21 7 26 40 4 32 33 45 41 30 5 29 38 23 48 11 3 10 43 13 46 24 42 19 14 15 9 17 50 35 22 2 31 18 44 49 

Inst_Index:1363 	 City_Num:50 	 Concorde:5.975366 	 MCTS:5.970458 Improve:0.004908 	 Time:3.75 Seconds
Solution: 1 34 27 23 10 5 49 26 35 28 15 48 41 36 32 17 40 11 45 38 39 14 50 13 19 3 31 46 30 22 24 43 29 33 7 21 8 12 20 4 6 37 44 18 25 2 42 16 9 47 

Inst_Index:1364 	 City_Num:50 	 Concorde:5.877203 	 MCTS:5.877203 Improve:0.000000 	 Time:3.76 Seconds
Solution: 1 37 47 39 27 28 12 17 19 45 36 32 44 10 5 13 25 34 21 18 3 24 35 26 38 41 43 23 29 33 31 20 46 11 30 49 40 8 7 22 9 48 15 14 16 42 4 50 2 6 

Inst_Index:1365 	 City_Num:50 	 Concorde:5.428546 	 MCTS:5.428546 Improve:0.000000 	 Time:3.76 Seconds
Solution: 1 48 24 4 29 43 6 3 32 45 12 16 30 21 27 9 11 42 41 40 20 49 14 36 15 34 33 35 19 8 10 37 47 31 46 26 38 22 44 13 5 23 50 7 39 28 25 2 17 18 

Inst_Index:1366 	 City_Num:50 	 Concorde:5.544831 	 MCTS:5.544323 Improve:0.000508 	 Time:3.76 Seconds
Solution: 1 26 39 50 18 25 8 16 23 19 5 42 35 29 3 38 4 34 44 22 12 32 43 49 11 40 24 6 17 7 14 20 30 41 2 10 33 48 13 21 28 37 15 45 46 31 47 36 9 27 

Inst_Index:1367 	 City_Num:50 	 Concorde:5.571526 	 MCTS:5.571526 Improve:-0.000000 	 Time:3.75 Seconds
Solution: 1 20 14 26 30 50 10 48 16 4 41 29 44 25 38 21 7 8 31 13 24 40 34 18 33 9 37 46 3 22 43 32 5 6 19 35 39 42 2 27 11 28 15 47 45 49 17 12 23 36 

Inst_Index:1368 	 City_Num:50 	 Concorde:5.636378 	 MCTS:5.636378 Improve:0.000000 	 Time:3.78 Seconds
Solution: 1 50 10 45 42 21 2 8 32 23 38 16 18 12 47 22 36 7 30 19 24 34 40 5 29 4 39 35 37 31 44 17 14 11 33 26 6 28 13 43 49 25 15 3 41 48 20 9 46 27 

Inst_Index:1369 	 City_Num:50 	 Concorde:5.564390 	 MCTS:5.564390 Improve:0.000000 	 Time:3.75 Seconds
Solution: 1 31 25 8 42 39 41 40 34 4 50 21 49 35 5 9 18 37 7 14 33 23 29 22 16 12 43 3 27 26 30 13 48 6 20 45 17 11 10 2 46 38 47 32 24 44 19 28 36 15 

Inst_Index:1370 	 City_Num:50 	 Concorde:5.625688 	 MCTS:5.622103 Improve:0.003585 	 Time:3.76 Seconds
Solution: 1 50 49 14 46 8 7 45 19 17 41 44 36 26 28 20 4 25 29 24 43 10 39 12 6 22 3 18 42 40 33 11 23 34 21 35 38 9 15 16 37 2 13 32 5 30 31 47 48 27 

Inst_Index:1371 	 City_Num:50 	 Concorde:5.394068 	 MCTS:5.394068 Improve:0.000000 	 Time:3.76 Seconds
Solution: 1 9 35 5 13 14 11 8 45 15 48 30 28 12 7 2 19 50 6 47 18 16 22 49 44 21 31 27 17 10 36 37 41 32 26 3 40 43 29 23 33 38 46 24 34 42 20 4 39 25 

Inst_Index:1372 	 City_Num:50 	 Concorde:5.634494 	 MCTS:5.634325 Improve:0.000170 	 Time:3.76 Seconds
Solution: 1 50 11 43 27 47 40 17 14 41 42 44 39 21 35 26 45 37 28 9 25 7 33 8 38 5 34 6 46 22 15 12 30 2 16 13 18 36 49 19 29 4 10 48 24 31 3 23 32 20 

Inst_Index:1373 	 City_Num:50 	 Concorde:5.741939 	 MCTS:5.740614 Improve:0.001325 	 Time:3.76 Seconds
Solution: 1 13 41 30 42 7 32 21 34 15 43 17 8 35 40 10 39 48 24 26 29 22 36 23 31 33 11 45 47 28 12 9 2 50 3 19 18 14 27 37 38 16 46 4 5 20 49 25 6 44 

Inst_Index:1374 	 City_Num:50 	 Concorde:5.676034 	 MCTS:5.676034 Improve:0.000000 	 Time:3.77 Seconds
Solution: 1 40 42 27 25 20 49 17 46 37 6 9 7 35 10 48 38 43 24 28 44 21 34 39 13 31 4 3 14 8 22 33 19 12 30 2 5 47 16 50 18 23 26 32 15 45 11 41 36 29 

Inst_Index:1375 	 City_Num:50 	 Concorde:6.155591 	 MCTS:6.155591 Improve:0.000000 	 Time:3.76 Seconds
Solution: 1 9 29 33 8 48 26 16 27 6 2 4 5 44 45 11 41 28 17 18 37 38 36 15 7 40 25 3 34 39 14 19 20 46 32 42 13 12 21 43 50 31 35 22 49 30 24 10 47 23 

Inst_Index:1376 	 City_Num:50 	 Concorde:5.549012 	 MCTS:5.549012 Improve:0.000000 	 Time:3.75 Seconds
Solution: 1 23 24 8 28 2 16 21 13 25 5 20 4 17 40 10 36 14 22 11 34 30 32 43 27 26 29 41 33 15 35 18 45 44 6 3 39 48 42 12 46 49 38 7 47 31 50 19 37 9 

Inst_Index:1377 	 City_Num:50 	 Concorde:5.693113 	 MCTS:5.693113 Improve:0.000000 	 Time:3.75 Seconds
Solution: 1 41 22 42 33 27 47 43 25 18 3 49 46 7 11 2 17 29 40 28 38 50 23 45 15 13 34 9 4 48 5 21 8 10 36 12 20 35 37 16 44 6 31 14 24 30 32 39 19 26 

Inst_Index:1378 	 City_Num:50 	 Concorde:5.996287 	 MCTS:5.994673 Improve:0.001614 	 Time:3.76 Seconds
Solution: 1 44 34 29 12 10 11 26 43 20 22 8 47 46 42 19 7 23 41 14 17 49 2 5 45 9 25 16 15 48 3 21 27 37 31 28 13 36 50 4 32 6 40 33 38 24 39 18 35 30 

Inst_Index:1379 	 City_Num:50 	 Concorde:5.891202 	 MCTS:5.890413 Improve:0.000789 	 Time:3.76 Seconds
Solution: 1 32 15 43 30 4 18 27 24 41 37 38 12 29 28 22 34 25 44 11 50 8 40 49 16 26 3 20 13 6 39 42 10 9 19 36 2 31 48 45 35 5 47 23 33 46 14 17 7 21 

Inst_Index:1380 	 City_Num:50 	 Concorde:5.533405 	 MCTS:5.533405 Improve:0.000000 	 Time:3.76 Seconds
Solution: 1 22 31 11 42 33 39 27 48 13 29 6 45 2 15 36 17 44 14 9 49 37 26 16 12 20 35 18 32 23 28 34 41 24 50 10 25 3 30 7 19 40 8 43 4 38 21 5 46 47 

Inst_Index:1381 	 City_Num:50 	 Concorde:5.515625 	 MCTS:5.514998 Improve:0.000627 	 Time:3.75 Seconds
Solution: 1 48 9 33 50 42 29 7 25 27 39 46 4 10 18 35 45 43 15 21 38 41 24 36 12 16 11 31 22 14 28 26 44 5 37 13 30 32 20 49 3 40 8 19 2 23 17 34 6 47 

Inst_Index:1382 	 City_Num:50 	 Concorde:5.509656 	 MCTS:5.509656 Improve:0.000000 	 Time:3.75 Seconds
Solution: 1 20 35 30 15 40 43 45 13 18 16 39 27 6 24 26 33 32 2 22 8 41 29 11 17 21 28 14 23 19 4 10 25 7 50 49 9 42 46 31 38 5 34 3 47 48 37 44 36 12 

Inst_Index:1383 	 City_Num:50 	 Concorde:6.271472 	 MCTS:6.271472 Improve:0.000000 	 Time:3.75 Seconds
Solution: 1 37 41 20 4 16 11 32 17 49 3 30 33 42 45 19 46 34 27 35 13 38 12 21 22 2 50 44 8 43 23 47 18 24 48 9 26 36 6 10 7 31 29 14 28 39 5 15 25 40 

Inst_Index:1384 	 City_Num:50 	 Concorde:5.675641 	 MCTS:5.674027 Improve:0.001614 	 Time:3.76 Seconds
Solution: 1 20 45 28 10 50 4 15 40 46 13 23 17 26 37 29 30 21 19 16 41 7 6 48 33 8 38 43 35 5 12 2 11 31 34 36 47 9 24 14 18 27 39 44 49 22 42 25 3 32 

Inst_Index:1385 	 City_Num:50 	 Concorde:5.649903 	 MCTS:5.649903 Improve:0.000000 	 Time:3.75 Seconds
Solution: 1 6 35 5 25 37 47 40 45 16 17 39 19 24 18 34 27 20 14 2 10 44 26 8 33 30 12 4 49 9 22 21 46 36 7 43 32 48 23 50 38 29 11 31 41 3 42 15 28 13 

Inst_Index:1386 	 City_Num:50 	 Concorde:5.952125 	 MCTS:5.952125 Improve:-0.000000 	 Time:3.76 Seconds
Solution: 1 22 15 29 20 6 50 41 38 31 25 37 7 12 45 49 2 43 33 34 21 26 13 18 46 5 28 35 39 23 9 4 32 10 44 3 30 47 14 16 11 27 40 42 17 8 36 24 48 19 

Inst_Index:1387 	 City_Num:50 	 Concorde:5.598699 	 MCTS:5.592584 Improve:0.006115 	 Time:3.75 Seconds
Solution: 1 41 40 16 33 17 32 43 13 8 50 25 44 29 19 24 45 39 46 6 30 27 5 28 3 2 22 18 26 10 21 12 31 42 36 11 38 9 47 34 48 7 15 20 4 23 35 49 14 37 

Inst_Index:1388 	 City_Num:50 	 Concorde:5.520231 	 MCTS:5.518154 Improve:0.002078 	 Time:3.77 Seconds
Solution: 1 26 20 40 39 21 14 47 50 46 36 37 7 34 18 2 42 38 32 19 44 15 6 29 5 41 3 30 45 22 17 9 49 31 16 35 11 12 4 25 28 48 13 10 23 43 27 33 24 8 

Inst_Index:1389 	 City_Num:50 	 Concorde:5.891828 	 MCTS:5.891828 Improve:0.000000 	 Time:3.75 Seconds
Solution: 1 32 12 34 25 13 36 49 48 30 28 21 15 6 45 9 11 2 4 42 39 17 19 24 22 26 7 46 33 31 37 35 43 23 3 8 38 10 47 14 41 27 5 29 18 44 50 40 16 20 

Inst_Index:1390 	 City_Num:50 	 Concorde:6.151873 	 MCTS:6.151873 Improve:0.000000 	 Time:3.76 Seconds
Solution: 1 10 20 45 27 26 50 41 37 21 30 14 3 35 39 29 13 36 15 6 18 12 33 28 40 24 49 17 34 8 2 43 16 23 31 42 46 11 25 19 32 5 7 22 44 9 47 48 4 38 

Inst_Index:1391 	 City_Num:50 	 Concorde:5.634499 	 MCTS:5.634499 Improve:-0.000000 	 Time:3.77 Seconds
Solution: 1 21 31 47 49 28 30 16 10 11 35 12 45 18 34 2 43 36 17 32 6 14 7 44 27 40 9 4 33 25 8 19 46 23 42 5 38 15 48 37 24 3 29 13 50 39 20 41 22 26 

Inst_Index:1392 	 City_Num:50 	 Concorde:5.826631 	 MCTS:5.825890 Improve:0.000741 	 Time:3.77 Seconds
Solution: 1 39 41 33 5 44 43 10 14 23 13 30 40 50 45 12 3 26 22 29 35 19 48 21 9 27 46 11 6 24 4 7 36 32 42 25 15 37 18 31 49 2 20 38 28 34 47 16 17 8 

Inst_Index:1393 	 City_Num:50 	 Concorde:5.574713 	 MCTS:5.572960 Improve:0.001753 	 Time:3.77 Seconds
Solution: 1 32 31 37 48 26 28 44 50 29 6 8 35 19 41 5 43 27 22 16 11 2 3 30 20 21 15 33 12 49 45 13 42 24 9 17 40 47 23 34 25 10 4 46 39 36 7 18 14 38 

Inst_Index:1394 	 City_Num:50 	 Concorde:5.996640 	 MCTS:5.996060 Improve:0.000580 	 Time:3.76 Seconds
Solution: 1 40 11 39 41 50 26 27 6 5 12 7 9 19 8 44 28 45 31 3 42 36 20 35 24 29 18 34 21 33 43 49 22 2 4 48 25 32 37 13 17 10 47 46 14 16 38 15 23 30 

Inst_Index:1395 	 City_Num:50 	 Concorde:5.703099 	 MCTS:5.698440 Improve:0.004659 	 Time:3.76 Seconds
Solution: 1 21 35 10 31 41 9 22 37 28 17 30 34 20 45 25 19 38 48 8 44 26 50 39 33 16 27 47 13 12 18 46 5 11 2 32 36 43 14 7 4 23 15 40 29 6 49 24 42 3 

Inst_Index:1396 	 City_Num:50 	 Concorde:5.868973 	 MCTS:5.868374 Improve:0.000600 	 Time:3.76 Seconds
Solution: 1 5 43 13 10 12 9 34 16 40 44 29 28 38 3 7 19 11 49 23 30 8 15 32 45 25 18 14 46 17 47 4 42 26 39 41 33 36 50 2 27 21 48 20 22 37 24 31 6 35 

Inst_Index:1397 	 City_Num:50 	 Concorde:5.754500 	 MCTS:5.754500 Improve:-0.000000 	 Time:3.76 Seconds
Solution: 1 5 28 32 20 22 33 21 25 18 31 12 15 13 26 3 44 19 14 11 4 49 35 46 8 10 38 34 23 36 45 30 9 17 6 39 2 42 7 37 29 48 43 24 47 50 27 16 40 41 

Inst_Index:1398 	 City_Num:50 	 Concorde:5.545011 	 MCTS:5.542831 Improve:0.002180 	 Time:3.75 Seconds
Solution: 1 25 33 36 41 22 40 3 35 4 47 31 43 42 9 16 38 24 18 11 37 13 17 26 6 2 20 45 19 49 15 21 12 44 34 29 7 14 50 10 5 27 30 46 48 8 32 23 28 39 

Inst_Index:1399 	 City_Num:50 	 Concorde:5.471430 	 MCTS:5.471430 Improve:-0.000000 	 Time:3.76 Seconds
Solution: 1 28 36 8 7 32 26 35 46 16 25 40 22 21 48 49 6 10 50 4 5 37 12 47 17 43 18 39 13 3 29 15 2 27 31 33 9 42 20 14 38 45 24 19 44 34 11 41 30 23 

Inst_Index:1400 	 City_Num:50 	 Concorde:6.007800 	 MCTS:6.005950 Improve:0.001850 	 Time:3.76 Seconds
Solution: 1 43 48 7 16 19 6 28 49 24 45 14 33 46 25 42 21 27 39 10 17 18 37 23 2 41 15 35 3 29 26 20 36 8 40 31 12 11 13 5 50 4 38 22 47 32 30 34 9 44 

Inst_Index:1401 	 City_Num:50 	 Concorde:5.453272 	 MCTS:5.453272 Improve:-0.000000 	 Time:3.76 Seconds
Solution: 1 33 3 41 25 17 40 6 22 8 49 42 7 44 37 27 47 38 21 30 11 19 10 24 31 14 46 39 5 32 43 16 4 18 2 36 45 9 28 29 13 50 20 26 34 12 23 35 48 15 

Inst_Index:1402 	 City_Num:50 	 Concorde:5.704790 	 MCTS:5.704790 Improve:0.000000 	 Time:3.76 Seconds
Solution: 1 7 34 27 29 15 16 14 11 21 30 31 37 33 39 5 50 35 23 46 38 49 10 9 43 32 8 4 20 40 13 17 25 24 42 19 22 12 47 36 2 28 45 6 44 41 48 18 3 26 

Inst_Index:1403 	 City_Num:50 	 Concorde:5.422173 	 MCTS:5.422173 Improve:0.000000 	 Time:3.77 Seconds
Solution: 1 2 37 16 22 28 15 41 9 49 31 50 38 36 44 20 39 7 40 8 45 12 27 29 11 24 21 10 48 47 14 5 46 4 42 43 26 13 34 3 33 6 18 30 19 32 35 23 25 17 

Inst_Index:1404 	 City_Num:50 	 Concorde:5.899479 	 MCTS:5.899479 Improve:0.000000 	 Time:3.77 Seconds
Solution: 1 33 23 17 21 9 28 39 4 40 25 11 7 3 31 13 20 41 6 45 49 47 8 27 34 14 50 26 43 35 19 38 2 29 46 10 24 18 16 48 42 15 30 22 36 44 5 37 32 12 

Inst_Index:1405 	 City_Num:50 	 Concorde:5.565037 	 MCTS:5.565037 Improve:0.000000 	 Time:3.75 Seconds
Solution: 1 22 5 13 27 4 32 40 35 49 39 31 8 3 38 17 6 45 28 34 37 10 11 25 2 19 42 20 24 47 14 7 36 50 33 21 46 26 9 44 23 15 48 12 16 41 18 29 30 43 

Inst_Index:1406 	 City_Num:50 	 Concorde:5.714124 	 MCTS:5.714124 Improve:-0.000000 	 Time:3.77 Seconds
Solution: 1 10 12 50 48 18 9 29 6 35 33 8 28 40 38 42 7 11 25 26 43 3 14 16 2 47 5 32 45 41 30 34 22 17 46 4 39 49 44 24 19 36 21 20 23 27 31 13 37 15 

Inst_Index:1407 	 City_Num:50 	 Concorde:6.005557 	 MCTS:6.005557 Improve:0.000000 	 Time:3.76 Seconds
Solution: 1 23 4 12 22 36 46 41 17 11 14 31 19 48 2 42 15 50 20 35 28 6 39 13 40 3 24 37 9 43 5 44 30 32 34 16 33 38 27 49 8 7 21 18 26 25 47 29 10 45 

Inst_Index:1408 	 City_Num:50 	 Concorde:5.848708 	 MCTS:5.848708 Improve:0.000000 	 Time:3.76 Seconds
Solution: 1 9 5 6 4 19 31 39 37 11 30 29 49 18 16 24 42 2 7 14 43 46 22 10 47 17 8 13 50 32 23 3 33 12 28 36 21 15 45 20 25 44 48 40 27 38 34 35 41 26 

Inst_Index:1409 	 City_Num:50 	 Concorde:5.303359 	 MCTS:5.303359 Improve:-0.000000 	 Time:3.76 Seconds
Solution: 1 7 20 16 45 17 33 39 21 28 26 48 10 42 31 49 4 50 13 29 12 11 24 14 37 46 41 8 19 47 25 40 23 27 44 6 22 43 34 5 18 36 9 30 32 2 3 15 35 38 

Inst_Index:1410 	 City_Num:50 	 Concorde:5.957217 	 MCTS:5.952862 Improve:0.004355 	 Time:3.76 Seconds
Solution: 1 19 26 38 39 40 24 9 17 50 42 49 15 21 5 28 31 43 13 16 29 33 41 34 32 35 12 10 14 11 37 2 22 8 30 4 44 6 23 18 48 47 3 20 45 25 27 7 46 36 

Inst_Index:1411 	 City_Num:50 	 Concorde:5.969194 	 MCTS:5.969194 Improve:0.000000 	 Time:3.76 Seconds
Solution: 1 32 22 29 5 50 49 9 19 4 28 21 18 17 33 6 42 3 36 24 16 2 37 7 26 40 35 23 41 34 39 14 30 20 13 25 8 46 15 48 10 43 38 47 31 27 45 44 11 12 

Inst_Index:1412 	 City_Num:50 	 Concorde:5.746383 	 MCTS:5.735950 Improve:0.010433 	 Time:3.75 Seconds
Solution: 1 24 37 21 29 5 32 20 2 4 36 8 33 14 43 28 15 41 3 40 22 39 44 12 23 11 13 7 10 45 34 42 18 47 17 49 38 50 30 31 35 9 19 16 6 27 48 25 46 26 

Inst_Index:1413 	 City_Num:50 	 Concorde:5.567847 	 MCTS:5.567847 Improve:-0.000000 	 Time:3.76 Seconds
Solution: 1 8 33 32 34 14 38 26 18 41 21 15 2 4 9 35 31 19 7 29 46 13 49 6 36 43 22 11 23 30 5 12 47 10 27 16 37 28 25 39 3 48 24 50 40 42 45 44 17 20 

Inst_Index:1414 	 City_Num:50 	 Concorde:5.587948 	 MCTS:5.587948 Improve:-0.000000 	 Time:3.75 Seconds
Solution: 1 39 22 5 7 24 40 4 34 37 38 43 2 17 31 9 28 32 30 45 18 15 13 29 6 23 21 41 46 8 33 36 48 16 14 26 44 35 49 10 42 50 19 20 27 3 47 25 12 11 

Inst_Index:1415 	 City_Num:50 	 Concorde:6.006379 	 MCTS:6.006379 Improve:-0.000000 	 Time:3.76 Seconds
Solution: 1 37 17 45 34 25 11 12 35 20 16 18 9 42 49 44 40 47 14 6 21 22 13 33 24 29 7 19 15 3 5 30 4 32 39 46 36 27 38 8 28 26 10 2 43 50 48 31 41 23 

Inst_Index:1416 	 City_Num:50 	 Concorde:5.985887 	 MCTS:5.985887 Improve:0.000000 	 Time:3.76 Seconds
Solution: 1 35 49 34 8 32 20 4 42 45 25 11 39 40 7 37 29 46 30 5 41 12 22 43 9 14 21 48 3 15 24 23 50 19 6 27 47 38 16 33 28 10 44 17 31 36 18 26 2 13 

Inst_Index:1417 	 City_Num:50 	 Concorde:5.679469 	 MCTS:5.678857 Improve:0.000612 	 Time:3.75 Seconds
Solution: 1 38 17 24 22 26 45 37 43 28 2 21 42 49 16 19 5 35 44 36 20 15 3 12 18 11 29 14 25 13 7 30 39 41 40 33 9 32 8 48 50 27 34 47 4 46 31 10 6 23 

Inst_Index:1418 	 City_Num:50 	 Concorde:5.840178 	 MCTS:5.840178 Improve:0.000000 	 Time:3.75 Seconds
Solution: 1 49 17 35 13 3 14 2 34 29 16 32 15 46 38 39 25 10 6 21 42 47 22 5 26 7 23 9 18 30 50 24 28 37 11 19 20 43 40 33 12 45 48 44 36 41 8 31 27 4 

Inst_Index:1419 	 City_Num:50 	 Concorde:5.221118 	 MCTS:5.221118 Improve:0.000000 	 Time:3.75 Seconds
Solution: 1 27 30 31 28 12 46 43 11 13 26 14 42 41 4 23 3 25 38 15 37 50 18 47 2 6 21 8 19 17 32 35 16 7 39 45 9 29 44 24 36 10 40 48 49 22 33 20 34 5 

Inst_Index:1420 	 City_Num:50 	 Concorde:5.112382 	 MCTS:5.112382 Improve:-0.000000 	 Time:3.75 Seconds
Solution: 1 26 42 14 46 2 40 50 13 11 17 24 31 38 25 19 32 21 16 20 30 6 29 9 4 33 22 41 27 39 48 37 28 15 7 3 5 34 44 43 12 45 10 8 47 23 36 35 18 49 

Inst_Index:1421 	 City_Num:50 	 Concorde:5.384337 	 MCTS:5.384337 Improve:0.000000 	 Time:3.76 Seconds
Solution: 1 3 15 34 26 37 11 41 45 40 14 16 50 20 36 32 24 28 46 38 13 29 48 9 8 39 27 6 21 4 35 47 17 42 31 22 43 18 5 44 7 19 12 25 23 2 49 10 33 30 

Inst_Index:1422 	 City_Num:50 	 Concorde:5.732718 	 MCTS:5.732718 Improve:-0.000000 	 Time:3.75 Seconds
Solution: 1 3 20 47 8 38 32 2 7 10 17 30 13 37 33 11 24 5 31 12 16 14 26 15 18 48 35 9 29 21 22 4 50 46 28 44 19 36 40 42 41 39 25 49 23 43 6 34 27 45 

Inst_Index:1423 	 City_Num:50 	 Concorde:5.626250 	 MCTS:5.626250 Improve:0.000000 	 Time:3.75 Seconds
Solution: 1 50 24 29 17 32 9 30 16 47 14 3 31 18 44 8 34 41 22 43 36 7 20 35 23 2 15 10 48 25 21 37 26 49 13 46 19 27 6 33 39 45 12 38 28 5 4 40 42 11 

Inst_Index:1424 	 City_Num:50 	 Concorde:6.002581 	 MCTS:6.002581 Improve:-0.000000 	 Time:3.75 Seconds
Solution: 1 29 45 47 25 12 30 42 22 23 21 27 35 43 20 6 10 15 49 32 17 28 40 46 9 37 11 34 14 33 48 5 2 31 41 16 7 18 8 44 24 4 3 26 19 13 39 38 36 50 

Inst_Index:1425 	 City_Num:50 	 Concorde:5.674749 	 MCTS:5.672948 Improve:0.001801 	 Time:3.76 Seconds
Solution: 1 3 7 2 31 8 38 28 34 29 14 21 20 22 11 37 19 15 42 41 25 49 48 50 23 39 32 13 16 18 17 43 10 44 36 47 26 40 24 27 33 12 35 45 46 9 30 5 4 6 

Inst_Index:1426 	 City_Num:50 	 Concorde:5.484260 	 MCTS:5.484260 Improve:-0.000000 	 Time:3.75 Seconds
Solution: 1 38 19 8 27 42 33 24 3 18 29 5 39 46 17 30 25 6 32 50 48 22 21 44 13 23 31 16 15 45 20 11 36 10 41 40 37 26 12 34 4 49 43 35 28 47 14 9 7 2 

Inst_Index:1427 	 City_Num:50 	 Concorde:4.953057 	 MCTS:4.953057 Improve:-0.000000 	 Time:3.76 Seconds
Solution: 1 8 23 44 22 27 20 47 4 28 40 46 39 37 49 38 3 24 17 25 7 2 16 45 5 10 36 42 18 33 50 19 30 41 11 21 15 6 31 43 12 26 9 48 14 35 13 32 34 29 

Inst_Index:1428 	 City_Num:50 	 Concorde:5.551809 	 MCTS:5.551809 Improve:0.000000 	 Time:3.75 Seconds
Solution: 1 37 50 44 30 19 7 32 36 31 41 4 2 11 23 14 38 16 39 28 48 21 42 26 10 47 25 9 46 45 24 15 18 13 43 8 17 27 12 5 29 20 33 34 49 6 35 3 22 40 

Inst_Index:1429 	 City_Num:50 	 Concorde:5.798942 	 MCTS:5.798942 Improve:-0.000000 	 Time:3.76 Seconds
Solution: 1 9 37 39 11 28 26 21 35 3 46 10 34 23 44 20 50 27 43 22 36 24 31 2 14 38 19 32 18 17 30 8 7 13 25 48 12 29 6 4 5 16 47 49 42 41 33 45 40 15 

Inst_Index:1430 	 City_Num:50 	 Concorde:5.241379 	 MCTS:5.241379 Improve:0.000000 	 Time:3.76 Seconds
Solution: 1 6 25 3 30 8 11 10 45 49 36 31 16 13 20 18 9 2 46 14 40 12 50 15 37 23 22 17 5 38 28 24 27 4 32 44 7 19 34 21 35 33 29 41 43 39 47 26 42 48 

Inst_Index:1431 	 City_Num:50 	 Concorde:5.507729 	 MCTS:5.503198 Improve:0.004530 	 Time:3.76 Seconds
Solution: 1 25 27 48 40 12 33 16 24 32 11 44 39 4 5 19 34 49 46 21 17 35 9 23 42 29 36 50 3 2 37 31 6 43 47 38 18 30 45 8 10 26 7 41 20 14 13 28 15 22 

Inst_Index:1432 	 City_Num:50 	 Concorde:5.470334 	 MCTS:5.467451 Improve:0.002883 	 Time:3.76 Seconds
Solution: 1 9 28 20 46 6 33 45 12 24 2 47 14 3 18 4 25 34 36 26 32 7 11 21 8 39 16 48 41 42 40 22 44 37 13 43 35 15 38 29 17 10 50 27 30 5 23 19 31 49 

Inst_Index:1433 	 City_Num:50 	 Concorde:5.550751 	 MCTS:5.548829 Improve:0.001922 	 Time:3.75 Seconds
Solution: 1 20 35 31 13 29 14 46 38 7 15 32 50 19 33 9 27 17 5 8 10 30 3 12 26 18 36 4 39 45 28 43 48 21 40 37 44 47 25 16 42 24 23 11 2 6 41 22 49 34 

Inst_Index:1434 	 City_Num:50 	 Concorde:5.780714 	 MCTS:5.780714 Improve:-0.000000 	 Time:3.75 Seconds
Solution: 1 31 26 18 3 19 16 44 41 36 20 47 50 12 7 49 15 13 32 28 11 34 6 25 33 27 39 10 23 48 40 42 38 45 46 29 43 22 14 9 21 35 24 8 30 37 2 17 5 4 

Inst_Index:1435 	 City_Num:50 	 Concorde:5.650810 	 MCTS:5.650810 Improve:-0.000000 	 Time:3.75 Seconds
Solution: 1 40 13 43 30 22 8 33 24 14 7 34 45 31 6 37 29 46 19 23 10 3 47 15 18 21 41 20 49 17 11 9 38 25 28 32 5 27 44 36 16 4 26 48 35 39 12 50 42 2 

Inst_Index:1436 	 City_Num:50 	 Concorde:5.302627 	 MCTS:5.302627 Improve:-0.000000 	 Time:3.76 Seconds
Solution: 1 4 41 32 25 39 23 17 8 46 14 27 10 49 7 44 18 22 15 34 24 50 36 35 19 48 45 37 43 12 29 11 9 42 47 3 6 2 21 13 26 38 5 28 33 40 16 30 20 31 

Inst_Index:1437 	 City_Num:50 	 Concorde:5.857203 	 MCTS:5.855377 Improve:0.001826 	 Time:3.75 Seconds
Solution: 1 36 48 25 32 23 39 22 13 42 21 4 2 5 31 44 24 15 40 45 43 47 10 46 38 3 8 30 6 33 41 35 16 34 18 9 28 11 26 17 7 50 12 49 20 27 29 19 14 37 

Inst_Index:1438 	 City_Num:50 	 Concorde:5.784469 	 MCTS:5.784469 Improve:-0.000000 	 Time:3.76 Seconds
Solution: 1 36 23 26 10 25 24 50 41 42 31 8 40 5 4 34 6 2 30 21 20 46 49 17 7 18 14 32 12 27 38 13 44 48 28 37 16 9 45 33 29 15 22 3 35 39 19 11 43 47 

Inst_Index:1439 	 City_Num:50 	 Concorde:5.421721 	 MCTS:5.419962 Improve:0.001758 	 Time:3.76 Seconds
Solution: 1 20 8 49 38 16 5 37 48 15 42 35 31 12 10 30 32 9 2 7 39 25 23 28 40 46 43 13 44 33 14 36 3 21 11 45 47 17 4 34 27 41 6 19 22 18 26 24 50 29 

Inst_Index:1440 	 City_Num:50 	 Concorde:5.856681 	 MCTS:5.853419 Improve:0.003261 	 Time:3.76 Seconds
Solution: 1 49 18 14 10 24 22 37 32 27 19 11 47 45 29 43 13 25 30 40 50 41 9 20 6 35 31 38 23 26 36 21 7 5 42 16 17 12 34 48 28 3 2 4 15 44 8 46 33 39 

Inst_Index:1441 	 City_Num:50 	 Concorde:5.718333 	 MCTS:5.718333 Improve:-0.000000 	 Time:3.76 Seconds
Solution: 1 11 25 18 44 7 3 47 36 9 20 17 23 14 28 39 16 50 27 46 38 45 6 24 29 43 34 26 5 15 12 35 22 41 4 19 13 32 8 48 31 10 40 30 33 49 2 37 21 42 

Inst_Index:1442 	 City_Num:50 	 Concorde:5.907854 	 MCTS:5.907854 Improve:-0.000000 	 Time:3.78 Seconds
Solution: 1 10 17 5 33 19 6 9 48 27 14 28 13 39 40 18 3 11 47 23 30 20 35 29 32 49 37 25 44 45 21 2 31 34 24 4 42 26 46 36 8 15 41 38 12 7 16 43 22 50 

Inst_Index:1443 	 City_Num:50 	 Concorde:5.395543 	 MCTS:5.395543 Improve:0.000000 	 Time:3.76 Seconds
Solution: 1 11 41 27 8 46 32 37 3 25 6 17 18 5 40 49 47 38 20 13 7 14 44 33 21 39 29 15 43 34 22 42 50 35 4 16 2 24 10 31 45 30 12 9 19 28 36 23 26 48 

Inst_Index:1444 	 City_Num:50 	 Concorde:5.303150 	 MCTS:5.298774 Improve:0.004377 	 Time:3.76 Seconds
Solution: 1 19 35 15 29 41 21 47 26 12 14 39 8 50 38 2 32 48 34 18 23 9 6 42 5 46 36 17 20 16 27 13 22 43 49 3 7 25 40 33 24 31 4 28 10 44 30 45 11 37 

Inst_Index:1445 	 City_Num:50 	 Concorde:5.951856 	 MCTS:5.951856 Improve:0.000000 	 Time:3.75 Seconds
Solution: 1 39 26 24 35 49 40 15 45 46 10 37 23 34 29 30 2 17 25 31 9 8 28 27 38 16 5 12 21 14 4 44 6 50 47 11 36 32 42 3 43 41 18 48 7 13 19 22 33 20 

Inst_Index:1446 	 City_Num:50 	 Concorde:5.723429 	 MCTS:5.723429 Improve:0.000000 	 Time:3.75 Seconds
Solution: 1 12 50 45 14 23 9 7 8 19 15 6 25 38 30 44 34 11 41 48 5 29 2 31 39 49 24 32 4 21 20 37 36 27 26 35 22 16 28 13 40 33 43 10 42 17 3 18 47 46 

Inst_Index:1447 	 City_Num:50 	 Concorde:5.756793 	 MCTS:5.756793 Improve:0.000000 	 Time:3.76 Seconds
Solution: 1 17 25 14 10 19 34 5 33 37 4 36 41 29 22 39 2 48 31 8 46 30 12 50 6 9 49 44 27 13 3 47 26 42 24 15 11 35 43 18 23 7 32 16 40 38 21 20 45 28 

Inst_Index:1448 	 City_Num:50 	 Concorde:5.582025 	 MCTS:5.582025 Improve:0.000000 	 Time:3.76 Seconds
Solution: 1 27 21 20 46 2 38 5 36 15 23 42 6 22 39 40 14 34 47 12 8 18 50 29 13 10 19 31 25 17 30 11 41 33 3 24 32 26 28 49 16 9 35 44 43 37 4 48 45 7 

Inst_Index:1449 	 City_Num:50 	 Concorde:5.787780 	 MCTS:5.786941 Improve:0.000839 	 Time:3.77 Seconds
Solution: 1 6 36 10 46 47 26 25 40 38 34 44 28 35 11 30 45 49 19 50 43 21 2 3 13 22 39 48 16 23 14 20 8 18 42 12 15 24 9 32 33 5 37 17 4 29 41 31 7 27 

Inst_Index:1450 	 City_Num:50 	 Concorde:5.500126 	 MCTS:5.500126 Improve:-0.000000 	 Time:3.76 Seconds
Solution: 1 24 13 6 30 23 41 32 37 18 11 16 44 43 21 34 14 49 20 19 33 35 27 2 3 46 7 9 25 36 42 48 5 50 10 40 26 38 8 28 12 17 47 22 31 45 4 15 39 29 

Inst_Index:1451 	 City_Num:50 	 Concorde:5.432301 	 MCTS:5.432301 Improve:0.000000 	 Time:3.76 Seconds
Solution: 1 35 18 34 2 22 12 14 50 5 24 7 40 13 6 44 9 10 20 4 47 38 11 3 37 42 49 36 16 30 41 45 25 17 15 31 48 28 33 32 29 26 23 21 27 8 19 39 46 43 

Inst_Index:1452 	 City_Num:50 	 Concorde:5.321123 	 MCTS:5.316221 Improve:0.004902 	 Time:3.77 Seconds
Solution: 1 39 47 7 43 41 31 21 27 35 14 29 24 32 26 2 48 46 40 36 42 6 25 49 37 4 13 12 8 34 18 30 19 3 28 15 17 10 45 11 38 5 50 22 33 23 9 20 44 16 

Inst_Index:1453 	 City_Num:50 	 Concorde:6.157998 	 MCTS:6.157998 Improve:-0.000000 	 Time:3.76 Seconds
Solution: 1 25 44 45 13 30 17 27 14 18 34 2 50 23 37 4 8 7 32 21 15 12 29 6 35 31 11 33 9 26 24 20 41 49 10 39 3 46 38 16 43 22 47 36 42 48 5 28 40 19 

Inst_Index:1454 	 City_Num:50 	 Concorde:6.059952 	 MCTS:6.059952 Improve:-0.000000 	 Time:3.75 Seconds
Solution: 1 25 32 2 27 33 35 31 4 29 38 11 45 39 3 48 37 34 47 16 26 42 12 5 36 43 19 6 24 49 9 18 28 14 44 7 20 22 30 10 17 8 40 15 50 23 13 21 41 46 

Inst_Index:1455 	 City_Num:50 	 Concorde:5.565022 	 MCTS:5.562888 Improve:0.002134 	 Time:3.76 Seconds
Solution: 1 32 36 12 7 37 22 9 49 42 25 50 34 15 41 48 18 11 33 8 35 13 29 3 28 14 4 23 46 43 6 19 31 16 17 26 45 38 47 21 44 30 39 5 2 24 10 27 40 20 

Inst_Index:1456 	 City_Num:50 	 Concorde:6.057381 	 MCTS:6.054678 Improve:0.002703 	 Time:3.76 Seconds
Solution: 1 6 15 11 9 29 16 42 33 23 17 10 13 32 45 18 34 46 27 37 19 2 21 43 48 25 39 49 7 50 36 4 3 22 38 44 20 30 14 28 26 41 35 40 12 24 47 5 31 8 

Inst_Index:1457 	 City_Num:50 	 Concorde:6.053278 	 MCTS:6.053278 Improve:0.000000 	 Time:3.76 Seconds
Solution: 1 25 7 31 34 46 38 27 3 8 24 43 17 33 10 42 48 11 21 18 36 28 39 16 6 15 12 26 45 50 49 2 9 37 40 47 30 22 35 29 23 20 13 41 5 4 19 44 32 14 

Inst_Index:1458 	 City_Num:50 	 Concorde:5.818986 	 MCTS:5.818986 Improve:0.000000 	 Time:3.76 Seconds
Solution: 1 7 43 33 24 8 36 32 23 47 17 20 39 30 44 19 2 11 14 6 28 31 10 25 34 18 37 48 40 38 46 3 21 22 4 15 50 9 41 42 49 29 26 12 45 35 13 16 5 27 

Inst_Index:1459 	 City_Num:50 	 Concorde:5.951057 	 MCTS:5.951057 Improve:-0.000000 	 Time:3.76 Seconds
Solution: 1 32 7 19 50 25 22 9 6 11 21 35 24 14 2 36 5 45 44 42 28 4 16 38 26 12 8 40 13 10 15 3 29 27 17 23 46 31 30 33 43 20 34 18 41 48 37 47 39 49 

Inst_Index:1460 	 City_Num:50 	 Concorde:5.459691 	 MCTS:5.459691 Improve:0.000000 	 Time:3.76 Seconds
Solution: 1 22 50 8 29 6 17 15 46 45 7 40 19 14 26 24 48 47 43 3 37 16 35 42 10 20 4 33 11 39 13 32 44 21 41 28 18 2 9 31 49 12 5 27 30 36 38 23 34 25 

Inst_Index:1461 	 City_Num:50 	 Concorde:5.777027 	 MCTS:5.772755 Improve:0.004272 	 Time:3.75 Seconds
Solution: 1 41 9 44 8 12 29 26 43 21 30 31 35 16 49 14 33 20 38 40 4 46 37 50 15 36 6 42 18 10 23 25 32 7 13 24 27 48 45 3 22 47 17 19 5 2 34 39 28 11 

Inst_Index:1462 	 City_Num:50 	 Concorde:5.843448 	 MCTS:5.841914 Improve:0.001534 	 Time:3.75 Seconds
Solution: 1 18 35 5 9 36 25 13 4 50 19 49 39 23 48 45 26 22 14 12 11 16 40 21 20 31 2 46 37 3 15 42 6 33 43 38 7 8 44 41 47 29 34 28 10 32 27 17 30 24 

Inst_Index:1463 	 City_Num:50 	 Concorde:6.204637 	 MCTS:6.204637 Improve:0.000000 	 Time:3.75 Seconds
Solution: 1 16 12 6 31 21 23 49 40 34 45 38 27 4 29 15 3 47 10 14 24 36 50 30 32 13 28 8 41 5 26 44 18 42 37 9 39 22 46 35 17 19 43 25 2 33 11 7 48 20 

Inst_Index:1464 	 City_Num:50 	 Concorde:5.181275 	 MCTS:5.181275 Improve:0.000000 	 Time:3.76 Seconds
Solution: 1 34 40 4 31 9 13 27 12 44 18 11 20 22 5 25 35 8 29 32 2 14 7 39 30 49 47 45 15 21 28 37 24 38 41 50 19 43 26 23 10 46 42 33 48 16 17 3 6 36 

Inst_Index:1465 	 City_Num:50 	 Concorde:5.866470 	 MCTS:5.864878 Improve:0.001592 	 Time:3.77 Seconds
Solution: 1 33 26 6 41 28 8 23 7 18 4 27 29 34 32 24 16 15 42 38 11 12 17 48 46 43 5 2 39 20 3 44 45 35 25 30 37 36 19 9 31 22 10 14 50 47 13 21 49 40 

Inst_Index:1466 	 City_Num:50 	 Concorde:5.628678 	 MCTS:5.628678 Improve:0.000000 	 Time:3.75 Seconds
Solution: 1 44 9 42 31 15 50 46 7 39 17 5 48 32 4 11 23 27 10 34 16 25 22 45 19 18 29 2 38 35 30 21 43 26 49 8 3 24 36 13 12 6 14 47 40 41 28 33 20 37 

Inst_Index:1467 	 City_Num:50 	 Concorde:5.568529 	 MCTS:5.568529 Improve:0.000000 	 Time:3.75 Seconds
Solution: 1 29 4 15 31 34 12 40 35 28 18 44 27 42 32 49 45 16 47 11 41 26 8 3 24 50 39 6 33 10 48 43 30 17 7 22 46 20 19 21 13 14 25 37 23 2 5 36 9 38 

Inst_Index:1468 	 City_Num:50 	 Concorde:5.365581 	 MCTS:5.361585 Improve:0.003996 	 Time:3.76 Seconds
Solution: 1 49 30 38 34 20 37 25 5 23 32 4 41 14 27 35 26 43 18 19 46 6 33 28 50 11 39 29 48 12 31 2 42 45 24 13 16 47 9 44 3 17 40 21 10 8 15 7 36 22 

Inst_Index:1469 	 City_Num:50 	 Concorde:5.181352 	 MCTS:5.181352 Improve:0.000000 	 Time:3.75 Seconds
Solution: 1 10 6 3 28 41 40 46 16 14 19 49 32 5 17 23 20 12 31 2 33 25 47 30 11 43 27 22 13 34 45 42 4 44 35 18 15 50 9 21 8 37 36 26 39 7 29 48 24 38 

Inst_Index:1470 	 City_Num:50 	 Concorde:5.673716 	 MCTS:5.673716 Improve:0.000000 	 Time:3.76 Seconds
Solution: 1 12 6 17 13 37 27 3 50 8 32 31 11 16 36 18 38 28 45 43 26 4 46 19 10 40 33 14 42 39 30 34 25 15 49 22 23 7 20 41 5 9 44 21 47 2 35 48 29 24 

Inst_Index:1471 	 City_Num:50 	 Concorde:6.191789 	 MCTS:6.191789 Improve:0.000000 	 Time:3.76 Seconds
Solution: 1 5 3 47 29 36 37 24 42 18 34 30 15 39 40 38 23 21 13 8 7 33 48 25 9 41 27 10 28 43 16 2 19 6 45 35 32 44 17 4 11 14 50 12 20 22 31 46 49 26 

Inst_Index:1472 	 City_Num:50 	 Concorde:5.031169 	 MCTS:5.025566 Improve:0.005603 	 Time:3.76 Seconds
Solution: 1 23 5 24 8 31 43 4 12 13 11 15 46 9 34 44 29 42 6 14 41 28 45 18 40 27 2 32 16 49 35 33 17 37 30 48 19 10 50 7 38 3 20 21 26 47 39 25 36 22 

Inst_Index:1473 	 City_Num:50 	 Concorde:5.433919 	 MCTS:5.433919 Improve:0.000000 	 Time:3.76 Seconds
Solution: 1 19 38 36 18 32 8 50 47 3 45 10 39 21 22 27 6 15 14 5 2 25 35 40 37 7 23 20 31 33 16 43 30 26 13 9 42 34 17 29 28 44 46 41 24 12 48 4 11 49 

Inst_Index:1474 	 City_Num:50 	 Concorde:5.711521 	 MCTS:5.711521 Improve:0.000000 	 Time:3.76 Seconds
Solution: 1 21 45 4 20 11 2 43 25 27 22 49 19 3 47 9 32 48 39 23 24 16 31 44 13 46 40 30 42 34 7 5 29 33 38 6 37 14 8 36 26 10 15 35 18 28 12 41 17 50 

Inst_Index:1475 	 City_Num:50 	 Concorde:5.904016 	 MCTS:5.904016 Improve:-0.000000 	 Time:3.77 Seconds
Solution: 1 45 50 26 22 35 39 27 15 23 38 47 20 36 33 21 28 10 24 8 40 7 3 11 18 48 41 42 12 32 5 43 19 44 14 49 31 4 17 30 2 37 9 34 46 16 6 29 13 25 

Inst_Index:1476 	 City_Num:50 	 Concorde:5.182957 	 MCTS:5.182957 Improve:0.000000 	 Time:3.75 Seconds
Solution: 1 35 36 37 25 6 7 24 23 2 31 17 18 40 42 27 8 28 47 32 10 11 22 41 30 38 46 16 12 5 39 19 45 29 9 34 50 21 43 14 13 15 49 3 4 48 33 20 44 26 

Inst_Index:1477 	 City_Num:50 	 Concorde:5.972446 	 MCTS:5.971162 Improve:0.001284 	 Time:3.79 Seconds
Solution: 1 25 10 35 3 5 39 18 33 43 30 16 13 27 21 22 45 41 36 34 32 4 44 38 20 7 23 26 37 19 15 8 6 42 31 49 50 40 48 46 2 24 28 11 14 17 12 9 47 29 

Inst_Index:1478 	 City_Num:50 	 Concorde:5.888915 	 MCTS:5.879591 Improve:0.009324 	 Time:3.77 Seconds
Solution: 1 45 40 37 41 38 30 20 34 6 15 18 31 24 48 43 49 2 36 33 46 32 3 25 23 26 19 4 47 12 11 5 50 8 14 21 13 16 44 29 10 17 7 22 42 9 35 39 27 28 

Inst_Index:1479 	 City_Num:50 	 Concorde:5.799406 	 MCTS:5.792123 Improve:0.007284 	 Time:3.76 Seconds
Solution: 1 6 34 30 46 17 31 11 2 7 25 12 16 8 49 15 43 14 29 33 19 26 32 5 20 28 47 9 27 44 10 40 21 36 35 4 42 13 45 41 48 3 22 23 18 50 38 37 24 39 

Inst_Index:1480 	 City_Num:50 	 Concorde:5.594169 	 MCTS:5.591304 Improve:0.002865 	 Time:3.76 Seconds
Solution: 1 36 37 23 7 42 35 3 44 34 21 39 45 43 18 19 15 10 27 17 20 28 49 8 9 47 40 25 2 29 22 31 16 32 6 26 48 24 12 13 11 14 5 46 41 50 30 33 38 4 

Inst_Index:1481 	 City_Num:50 	 Concorde:5.951315 	 MCTS:5.951315 Improve:0.000000 	 Time:3.76 Seconds
Solution: 1 30 14 34 20 15 42 25 23 48 12 21 22 43 6 3 13 28 17 36 40 5 49 29 46 11 2 26 10 50 33 18 31 16 41 9 47 44 27 19 24 35 7 39 32 4 37 45 38 8 

Inst_Index:1482 	 City_Num:50 	 Concorde:5.685606 	 MCTS:5.685606 Improve:0.000000 	 Time:3.75 Seconds
Solution: 1 12 14 39 25 45 19 9 46 26 34 2 10 4 49 28 11 5 38 40 7 23 24 16 29 8 17 50 3 36 20 42 31 18 30 22 44 33 37 32 41 27 13 35 48 6 47 21 15 43 

Inst_Index:1483 	 City_Num:50 	 Concorde:5.991979 	 MCTS:5.991589 Improve:0.000390 	 Time:3.75 Seconds
Solution: 1 31 43 46 30 28 19 9 15 5 20 3 36 44 35 33 6 45 23 32 22 17 8 18 34 47 29 14 11 42 26 2 40 16 21 7 38 13 24 48 12 41 27 49 4 25 39 37 50 10 

Inst_Index:1484 	 City_Num:50 	 Concorde:5.473094 	 MCTS:5.470430 Improve:0.002664 	 Time:3.75 Seconds
Solution: 1 33 27 25 15 12 48 35 37 9 14 43 24 17 34 39 23 49 26 36 3 4 20 50 40 8 41 32 2 16 21 38 31 46 29 7 18 19 22 13 47 30 10 11 42 44 28 5 6 45 

Inst_Index:1485 	 City_Num:50 	 Concorde:5.895414 	 MCTS:5.894161 Improve:0.001253 	 Time:3.76 Seconds
Solution: 1 17 9 37 8 4 36 6 39 15 19 27 40 33 44 31 18 38 46 29 12 32 41 2 24 14 35 10 3 42 26 20 21 34 28 30 11 22 48 50 7 47 5 13 25 49 23 16 43 45 

Inst_Index:1486 	 City_Num:50 	 Concorde:5.765529 	 MCTS:5.765529 Improve:0.000000 	 Time:3.76 Seconds
Solution: 1 3 41 9 39 10 46 49 23 4 34 42 28 33 17 36 31 12 11 38 8 13 5 43 29 27 18 37 19 16 26 30 21 50 7 20 44 6 14 45 25 22 35 32 47 48 24 40 15 2 

Inst_Index:1487 	 City_Num:50 	 Concorde:5.789501 	 MCTS:5.788079 Improve:0.001422 	 Time:3.77 Seconds
Solution: 1 9 15 33 18 24 16 36 21 4 31 49 19 14 6 29 44 8 3 43 35 2 42 28 45 7 47 25 40 27 11 17 48 26 5 46 38 37 41 30 32 12 22 23 10 50 20 34 13 39 

Inst_Index:1488 	 City_Num:50 	 Concorde:5.732442 	 MCTS:5.732442 Improve:-0.000000 	 Time:3.75 Seconds
Solution: 1 18 23 19 16 49 35 20 10 15 6 21 38 26 24 30 40 29 25 3 34 43 46 13 48 50 45 47 12 11 14 8 5 2 37 27 41 7 36 33 17 4 9 22 44 39 31 32 28 42 

Inst_Index:1489 	 City_Num:50 	 Concorde:5.366209 	 MCTS:5.366209 Improve:-0.000000 	 Time:3.77 Seconds
Solution: 1 46 4 21 38 30 41 2 43 33 27 19 15 13 11 16 50 31 9 12 45 7 22 37 10 48 18 14 26 5 28 8 32 39 40 49 3 20 29 47 6 25 23 24 17 44 36 34 42 35 

Inst_Index:1490 	 City_Num:50 	 Concorde:5.798557 	 MCTS:5.798557 Improve:0.000000 	 Time:3.75 Seconds
Solution: 1 29 11 18 23 41 5 44 21 14 47 34 39 50 20 26 42 17 37 43 46 22 32 27 10 15 7 33 13 12 6 38 45 35 49 4 40 3 31 2 30 16 48 19 36 24 25 28 9 8 

Inst_Index:1491 	 City_Num:50 	 Concorde:5.788637 	 MCTS:5.787903 Improve:0.000734 	 Time:3.77 Seconds
Solution: 1 37 42 16 9 49 15 27 26 32 11 22 44 14 12 46 28 39 45 43 5 38 48 19 10 50 24 17 23 35 40 4 3 25 8 29 34 20 47 30 18 33 7 31 2 41 6 36 13 21 

Inst_Index:1492 	 City_Num:50 	 Concorde:6.228372 	 MCTS:6.228372 Improve:0.000000 	 Time:3.77 Seconds
Solution: 1 14 20 6 19 18 12 23 30 42 4 38 21 24 31 11 40 33 9 47 46 8 36 27 41 10 5 49 15 50 39 32 2 26 35 13 17 3 29 22 44 37 7 43 16 25 45 48 34 28 

Inst_Index:1493 	 City_Num:50 	 Concorde:5.440098 	 MCTS:5.438127 Improve:0.001971 	 Time:3.76 Seconds
Solution: 1 14 10 16 50 46 39 37 47 24 13 22 33 35 36 27 8 4 31 7 42 15 34 29 5 2 11 28 45 40 21 49 44 26 6 9 17 23 19 25 41 12 48 43 20 18 3 32 38 30 

Inst_Index:1494 	 City_Num:50 	 Concorde:5.998008 	 MCTS:5.998008 Improve:-0.000000 	 Time:3.77 Seconds
Solution: 1 22 39 35 13 37 15 33 44 38 41 16 29 30 12 18 7 48 50 25 49 26 6 28 34 24 32 46 36 8 20 10 4 9 11 27 43 14 3 45 19 2 31 47 5 23 40 17 21 42 

Inst_Index:1495 	 City_Num:50 	 Concorde:5.966358 	 MCTS:5.966358 Improve:0.000000 	 Time:3.76 Seconds
Solution: 1 6 48 44 8 41 22 47 27 24 43 20 29 34 30 2 26 36 46 15 35 17 38 12 40 25 16 42 3 4 10 45 50 32 23 9 19 7 14 49 28 11 18 39 21 31 33 37 5 13 

Inst_Index:1496 	 City_Num:50 	 Concorde:5.861216 	 MCTS:5.859143 Improve:0.002073 	 Time:3.76 Seconds
Solution: 1 7 30 42 48 34 16 10 2 4 32 49 8 23 9 20 36 38 6 15 17 33 35 50 45 47 44 43 13 21 14 27 40 37 46 28 31 25 12 39 26 5 24 18 22 3 29 11 41 19 

Inst_Index:1497 	 City_Num:50 	 Concorde:5.540526 	 MCTS:5.540526 Improve:0.000000 	 Time:3.76 Seconds
Solution: 1 38 15 37 21 26 4 10 46 32 36 11 33 50 40 5 30 28 35 19 43 39 20 12 2 22 6 49 27 42 14 31 41 8 7 13 25 34 23 16 29 18 24 3 44 48 17 9 47 45 

Inst_Index:1498 	 City_Num:50 	 Concorde:5.785333 	 MCTS:5.785333 Improve:-0.000000 	 Time:3.76 Seconds
Solution: 1 26 18 34 7 45 22 2 8 23 24 19 40 46 15 28 33 11 35 25 12 39 37 3 48 36 42 27 21 13 4 31 16 49 44 30 6 14 9 43 41 17 10 20 29 5 32 47 50 38 

Inst_Index:1499 	 City_Num:50 	 Concorde:5.706680 	 MCTS:5.702683 Improve:0.003997 	 Time:3.76 Seconds
Solution: 1 13 16 36 46 37 14 41 35 25 27 22 34 47 50 28 11 49 19 6 2 29 38 40 5 21 24 15 10 8 45 48 43 23 30 33 44 39 17 3 18 9 32 31 12 20 26 7 42 4 

Inst_Index:1500 	 City_Num:50 	 Concorde:5.462590 	 MCTS:5.462590 Improve:0.000000 	 Time:3.76 Seconds
Solution: 1 4 22 28 25 9 16 46 12 17 38 40 20 37 39 42 14 26 21 7 11 43 13 6 34 27 5 48 31 32 3 41 15 29 8 30 24 44 47 49 2 33 23 50 45 18 19 36 10 35 

Inst_Index:1501 	 City_Num:50 	 Concorde:5.920646 	 MCTS:5.920646 Improve:0.000000 	 Time:3.77 Seconds
Solution: 1 39 5 12 50 2 10 35 11 36 48 42 46 25 29 26 20 31 24 32 3 17 22 21 16 23 27 28 40 18 6 8 41 34 9 13 15 38 47 37 45 44 19 49 43 33 7 30 4 14 

Inst_Index:1502 	 City_Num:50 	 Concorde:5.471190 	 MCTS:5.471190 Improve:-0.000000 	 Time:3.75 Seconds
Solution: 1 17 2 19 26 30 46 6 35 10 11 21 29 45 8 49 33 25 14 48 32 40 23 7 43 44 3 39 28 15 4 13 47 20 24 18 9 38 16 50 42 22 41 31 12 5 27 37 34 36 

Inst_Index:1503 	 City_Num:50 	 Concorde:5.815256 	 MCTS:5.815256 Improve:-0.000000 	 Time:3.75 Seconds
Solution: 1 25 3 13 46 7 14 40 49 34 19 23 21 15 42 31 9 6 12 30 37 45 38 16 24 48 36 39 4 44 32 35 27 10 50 29 17 5 20 8 11 43 2 41 26 22 47 33 18 28 

Inst_Index:1504 	 City_Num:50 	 Concorde:5.514019 	 MCTS:5.514019 Improve:0.000000 	 Time:3.75 Seconds
Solution: 1 15 12 17 45 16 44 13 20 28 18 21 32 50 5 30 40 34 37 27 33 24 49 25 3 2 11 47 19 46 7 29 36 38 43 9 4 23 35 42 10 48 22 14 6 8 41 31 26 39 

Inst_Index:1505 	 City_Num:50 	 Concorde:5.473504 	 MCTS:5.473504 Improve:0.000000 	 Time:3.78 Seconds
Solution: 1 18 44 24 35 43 28 13 22 36 25 16 4 42 41 9 23 50 29 39 33 48 14 20 37 15 8 46 10 30 6 32 34 47 7 27 49 11 19 3 17 38 5 45 40 31 2 26 12 21 

Inst_Index:1506 	 City_Num:50 	 Concorde:5.669657 	 MCTS:5.669657 Improve:0.000000 	 Time:3.76 Seconds
Solution: 1 29 8 12 31 4 27 17 44 49 20 42 30 2 36 45 35 16 34 3 40 14 32 46 10 22 15 28 33 18 24 5 7 25 26 19 48 39 21 41 6 50 38 11 13 23 9 37 47 43 

Inst_Index:1507 	 City_Num:50 	 Concorde:5.499189 	 MCTS:5.499189 Improve:0.000000 	 Time:3.77 Seconds
Solution: 1 15 8 16 39 27 23 41 49 48 45 11 28 32 35 12 6 33 19 21 37 25 17 47 13 30 46 4 20 50 5 3 44 34 43 31 26 36 2 10 18 40 14 38 9 42 29 22 24 7 

Inst_Index:1508 	 City_Num:50 	 Concorde:5.252714 	 MCTS:5.252714 Improve:-0.000000 	 Time:3.77 Seconds
Solution: 1 12 38 36 18 7 3 22 8 25 46 41 4 40 11 50 49 21 16 20 14 31 44 29 13 9 43 39 2 23 37 24 34 15 6 5 19 35 27 45 42 48 30 33 17 26 10 47 32 28 

Inst_Index:1509 	 City_Num:50 	 Concorde:5.715758 	 MCTS:5.714281 Improve:0.001477 	 Time:3.77 Seconds
Solution: 1 41 3 12 5 10 29 35 48 27 23 11 22 38 43 25 18 39 21 13 32 42 14 40 49 30 37 9 34 28 33 31 50 4 44 20 17 24 36 16 15 8 45 2 7 47 26 19 46 6 

Inst_Index:1510 	 City_Num:50 	 Concorde:5.889175 	 MCTS:5.888660 Improve:0.000515 	 Time:3.76 Seconds
Solution: 1 45 4 10 34 17 2 31 36 6 8 3 23 19 25 37 18 24 16 40 11 46 13 49 43 21 26 44 41 39 50 27 42 47 32 33 30 22 9 48 29 28 38 15 14 12 5 7 20 35 

Inst_Index:1511 	 City_Num:50 	 Concorde:5.137848 	 MCTS:5.137848 Improve:-0.000000 	 Time:3.76 Seconds
Solution: 1 24 28 17 44 26 33 16 8 47 35 32 21 50 30 4 12 7 36 41 40 45 37 5 39 20 19 13 11 18 23 29 46 42 27 3 9 25 2 31 14 43 38 10 34 6 15 49 48 22 

Inst_Index:1512 	 City_Num:50 	 Concorde:5.590208 	 MCTS:5.590208 Improve:0.000000 	 Time:3.77 Seconds
Solution: 1 13 6 18 8 22 45 24 23 7 44 26 35 25 43 46 15 36 3 10 50 17 49 27 42 29 32 14 38 33 48 41 40 20 19 30 12 21 47 5 34 11 37 4 2 31 16 9 28 39 

Inst_Index:1513 	 City_Num:50 	 Concorde:5.596618 	 MCTS:5.596618 Improve:-0.000000 	 Time:3.76 Seconds
Solution: 1 9 30 33 37 28 31 50 12 43 25 29 46 41 8 44 15 48 5 21 10 34 16 13 47 45 4 27 24 39 19 14 32 23 18 22 35 20 38 17 36 26 6 3 7 42 49 40 11 2 

Inst_Index:1514 	 City_Num:50 	 Concorde:5.741620 	 MCTS:5.739884 Improve:0.001736 	 Time:3.77 Seconds
Solution: 1 43 39 10 50 15 25 36 44 34 20 48 18 14 7 13 27 16 46 30 17 35 37 9 2 23 8 29 22 49 28 31 38 24 6 47 12 21 4 42 41 19 5 40 32 33 45 3 11 26 

Inst_Index:1515 	 City_Num:50 	 Concorde:6.144182 	 MCTS:6.137758 Improve:0.006425 	 Time:3.77 Seconds
Solution: 1 30 44 38 9 4 18 35 26 11 27 32 49 12 7 31 37 46 20 6 16 43 42 47 25 29 28 3 41 45 40 14 23 22 39 19 2 34 33 21 15 48 13 24 10 36 5 17 50 8 

Inst_Index:1516 	 City_Num:50 	 Concorde:6.147903 	 MCTS:6.147903 Improve:0.000000 	 Time:3.76 Seconds
Solution: 1 47 50 32 22 4 31 40 7 24 33 26 45 46 20 29 17 13 10 42 12 27 8 25 23 39 34 41 3 9 2 19 11 15 36 5 43 18 37 14 30 28 35 21 44 38 16 49 48 6 

Inst_Index:1517 	 City_Num:50 	 Concorde:5.689699 	 MCTS:5.689699 Improve:0.000000 	 Time:3.75 Seconds
Solution: 1 36 9 4 42 6 23 21 28 49 44 2 11 22 39 26 8 34 31 50 47 46 10 3 30 27 16 38 17 37 32 13 25 35 29 14 41 19 43 20 7 15 5 40 18 33 48 12 45 24 

Inst_Index:1518 	 City_Num:50 	 Concorde:6.189653 	 MCTS:6.189653 Improve:-0.000000 	 Time:3.77 Seconds
Solution: 1 21 45 25 49 18 47 40 23 16 6 12 5 31 33 38 17 24 11 35 3 19 41 50 8 10 43 7 29 2 15 48 42 39 20 34 46 44 30 13 28 14 32 4 36 9 37 26 27 22 

Inst_Index:1519 	 City_Num:50 	 Concorde:5.680835 	 MCTS:5.680835 Improve:0.000000 	 Time:3.76 Seconds
Solution: 1 47 45 25 39 35 21 9 10 41 22 31 32 4 15 19 49 2 11 48 5 6 42 16 24 7 8 37 27 33 43 46 14 23 40 12 29 50 34 18 20 3 13 30 36 28 26 17 38 44 

Inst_Index:1520 	 City_Num:50 	 Concorde:5.831867 	 MCTS:5.831867 Improve:0.000000 	 Time:3.79 Seconds
Solution: 1 14 4 16 20 26 28 2 41 18 21 6 24 11 34 15 29 9 23 32 13 38 39 12 44 36 8 5 35 42 27 50 22 45 10 37 33 25 47 31 40 17 46 48 49 43 19 7 3 30 

Inst_Index:1521 	 City_Num:50 	 Concorde:5.871325 	 MCTS:5.871325 Improve:0.000000 	 Time:3.75 Seconds
Solution: 1 50 29 41 39 15 2 45 26 40 24 11 19 37 23 25 36 6 47 4 34 9 16 44 38 8 10 42 14 32 5 28 22 7 18 30 48 46 12 20 27 33 35 17 13 49 21 43 3 31 

Inst_Index:1522 	 City_Num:50 	 Concorde:5.449966 	 MCTS:5.449966 Improve:-0.000000 	 Time:3.75 Seconds
Solution: 1 42 49 29 10 34 4 13 46 3 31 8 24 37 44 35 45 6 48 36 23 22 2 47 20 41 9 16 12 38 21 11 30 5 40 33 15 17 19 50 25 32 27 28 26 18 43 7 39 14 

Inst_Index:1523 	 City_Num:50 	 Concorde:5.578925 	 MCTS:5.578248 Improve:0.000677 	 Time:3.79 Seconds
Solution: 1 2 40 29 7 22 3 39 18 45 28 46 42 37 9 30 21 14 26 27 31 10 23 50 35 32 33 5 34 15 44 24 36 4 12 49 11 47 19 6 13 38 41 16 25 43 8 48 20 17 

Inst_Index:1524 	 City_Num:50 	 Concorde:5.775335 	 MCTS:5.774027 Improve:0.001308 	 Time:3.76 Seconds
Solution: 1 38 7 50 29 28 20 37 35 31 24 17 15 49 8 23 16 39 46 10 32 4 5 45 34 33 3 43 2 42 12 22 21 36 47 9 26 19 48 44 30 6 27 18 41 11 40 13 14 25 

Inst_Index:1525 	 City_Num:50 	 Concorde:5.873938 	 MCTS:5.873938 Improve:0.000000 	 Time:3.75 Seconds
Solution: 1 2 47 19 37 36 14 30 27 22 31 18 45 50 9 43 29 42 6 39 34 21 32 4 20 40 33 3 10 7 23 15 11 17 12 41 25 49 16 38 8 48 44 13 35 46 24 28 5 26 

Inst_Index:1526 	 City_Num:50 	 Concorde:5.711514 	 MCTS:5.709115 Improve:0.002399 	 Time:3.77 Seconds
Solution: 1 35 13 46 5 17 37 32 41 33 24 28 15 21 2 29 38 44 36 50 14 45 19 12 7 39 27 47 30 10 34 42 11 48 25 26 3 8 18 22 16 31 6 23 40 49 4 20 9 43 

Inst_Index:1527 	 City_Num:50 	 Concorde:5.775057 	 MCTS:5.775057 Improve:0.000000 	 Time:3.76 Seconds
Solution: 1 44 17 7 23 19 33 30 6 31 27 10 15 37 35 50 25 38 43 13 34 28 12 39 46 32 42 24 8 47 5 11 21 4 26 3 14 16 48 29 18 45 9 2 40 36 41 22 49 20 

Inst_Index:1528 	 City_Num:50 	 Concorde:5.426428 	 MCTS:5.426428 Improve:0.000000 	 Time:3.77 Seconds
Solution: 1 32 27 4 23 10 48 24 47 17 50 46 25 31 42 39 21 9 12 30 36 43 49 26 7 16 3 41 19 38 33 14 22 37 20 5 2 18 13 15 34 45 11 44 40 35 28 8 29 6 

Inst_Index:1529 	 City_Num:50 	 Concorde:5.801856 	 MCTS:5.801856 Improve:0.000000 	 Time:3.76 Seconds
Solution: 1 10 39 14 2 17 47 3 28 13 41 9 33 4 29 26 24 5 6 40 35 19 45 7 38 18 16 36 21 37 30 22 25 23 8 50 48 15 49 44 27 20 31 12 42 32 11 34 43 46 

Inst_Index:1530 	 City_Num:50 	 Concorde:5.565982 	 MCTS:5.565982 Improve:-0.000000 	 Time:3.76 Seconds
Solution: 1 9 35 43 10 3 44 2 21 11 40 23 34 22 5 39 31 49 50 41 32 42 4 38 17 7 29 26 37 6 30 13 36 24 16 45 19 14 15 33 47 28 12 46 20 25 27 18 8 48 

Inst_Index:1531 	 City_Num:50 	 Concorde:5.666126 	 MCTS:5.661198 Improve:0.004928 	 Time:3.75 Seconds
Solution: 1 9 3 45 20 19 50 29 37 5 43 25 2 8 39 34 24 12 26 49 33 31 41 6 23 48 11 21 14 35 10 36 13 15 30 42 27 17 4 16 28 18 40 47 32 46 38 22 7 44 

Inst_Index:1532 	 City_Num:50 	 Concorde:5.276660 	 MCTS:5.276660 Improve:-0.000000 	 Time:3.75 Seconds
Solution: 1 7 2 29 13 41 16 26 10 40 28 22 48 8 38 19 31 43 12 17 6 11 42 15 18 47 21 23 45 30 35 3 20 9 24 36 14 49 44 32 39 5 46 37 50 27 25 33 4 34 

Inst_Index:1533 	 City_Num:50 	 Concorde:5.648693 	 MCTS:5.646349 Improve:0.002344 	 Time:3.77 Seconds
Solution: 1 33 18 4 13 5 8 45 44 38 39 49 48 31 26 17 20 47 46 37 43 34 25 42 15 12 23 3 41 16 21 22 7 9 2 32 30 24 19 6 11 35 40 10 29 28 36 27 14 50 

Inst_Index:1534 	 City_Num:50 	 Concorde:5.745001 	 MCTS:5.745001 Improve:-0.000000 	 Time:3.80 Seconds
Solution: 1 41 26 6 25 44 39 19 11 16 2 3 8 49 46 21 29 10 4 7 20 22 36 28 50 15 45 37 38 24 18 9 48 17 31 40 42 43 13 12 14 35 30 32 33 23 47 34 5 27 

Inst_Index:1535 	 City_Num:50 	 Concorde:5.829927 	 MCTS:5.829927 Improve:0.000000 	 Time:3.75 Seconds
Solution: 1 23 21 11 48 28 13 34 3 15 5 35 8 12 43 39 49 17 36 6 44 33 26 42 29 30 45 14 31 40 7 46 37 32 41 50 20 9 38 16 22 18 47 25 2 19 27 4 10 24 

Inst_Index:1536 	 City_Num:50 	 Concorde:5.678142 	 MCTS:5.677374 Improve:0.000769 	 Time:3.76 Seconds
Solution: 1 7 49 24 28 37 34 21 45 2 25 3 8 32 22 18 48 4 19 11 5 44 29 36 14 26 46 12 27 41 6 10 43 13 50 23 31 42 39 40 20 30 16 9 38 17 35 33 15 47 

Inst_Index:1537 	 City_Num:50 	 Concorde:5.997627 	 MCTS:5.997627 Improve:-0.000000 	 Time:3.76 Seconds
Solution: 1 7 45 39 37 17 50 3 27 46 19 6 13 2 34 49 14 21 42 22 29 5 4 36 28 12 24 11 30 38 47 41 9 26 8 33 16 20 23 48 31 44 32 25 15 35 43 18 10 40 

Inst_Index:1538 	 City_Num:50 	 Concorde:5.489160 	 MCTS:5.486597 Improve:0.002563 	 Time:3.76 Seconds
Solution: 1 17 26 21 42 48 4 34 47 16 15 33 31 30 37 8 20 7 13 9 28 46 24 49 44 43 3 5 38 36 39 10 14 32 22 2 6 41 19 27 23 18 11 29 50 45 25 35 12 40 

Inst_Index:1539 	 City_Num:50 	 Concorde:5.912578 	 MCTS:5.912578 Improve:-0.000000 	 Time:3.76 Seconds
Solution: 1 45 29 40 24 34 35 31 50 41 30 33 15 17 28 20 18 16 43 26 46 21 42 11 3 36 6 38 13 14 12 32 47 48 8 25 19 4 10 5 22 44 9 49 39 23 7 27 2 37 

Inst_Index:1540 	 City_Num:50 	 Concorde:5.549212 	 MCTS:5.547588 Improve:0.001624 	 Time:3.77 Seconds
Solution: 1 50 27 35 29 32 8 36 41 4 34 3 11 12 14 10 39 22 6 18 9 16 45 19 17 42 26 15 46 24 48 25 47 13 5 38 30 23 7 20 43 44 33 21 28 2 37 31 49 40 

Inst_Index:1541 	 City_Num:50 	 Concorde:5.842987 	 MCTS:5.842987 Improve:0.000000 	 Time:3.75 Seconds
Solution: 1 6 49 24 50 29 39 36 32 41 33 16 48 5 26 40 30 43 7 4 8 22 28 34 10 14 38 3 2 46 25 37 17 21 31 44 23 13 42 45 47 12 18 20 27 9 35 11 19 15 

Inst_Index:1542 	 City_Num:50 	 Concorde:5.818778 	 MCTS:5.818778 Improve:-0.000000 	 Time:3.76 Seconds
Solution: 1 8 37 47 31 26 21 42 15 11 43 25 33 22 41 6 12 32 20 27 16 18 3 5 36 19 2 40 9 50 39 17 30 38 4 49 24 35 29 45 23 28 34 48 10 44 46 13 7 14 

Inst_Index:1543 	 City_Num:50 	 Concorde:5.457077 	 MCTS:5.457077 Improve:0.000000 	 Time:3.76 Seconds
Solution: 1 16 10 13 14 11 38 42 43 3 40 21 26 25 15 36 50 7 24 45 37 5 19 2 30 33 41 48 44 31 28 17 34 47 9 39 23 29 18 46 20 22 12 27 4 32 6 8 49 35 

Inst_Index:1544 	 City_Num:50 	 Concorde:5.746945 	 MCTS:5.742773 Improve:0.004172 	 Time:3.76 Seconds
Solution: 1 39 3 2 50 16 29 37 23 31 8 34 7 24 27 12 11 46 45 28 10 17 6 36 40 48 4 5 18 38 9 49 21 43 44 19 22 33 41 26 25 14 42 20 47 15 30 13 35 32 

Inst_Index:1545 	 City_Num:50 	 Concorde:5.728143 	 MCTS:5.728143 Improve:0.000000 	 Time:3.76 Seconds
Solution: 1 44 16 32 6 10 28 27 13 9 49 34 21 30 11 17 31 39 7 42 22 26 29 18 23 20 12 24 43 15 50 8 45 35 36 40 19 4 38 3 25 33 5 37 2 46 48 47 14 41 

Inst_Index:1546 	 City_Num:50 	 Concorde:5.646227 	 MCTS:5.635942 Improve:0.010285 	 Time:3.75 Seconds
Solution: 1 45 42 26 4 15 35 5 46 17 19 6 24 18 36 12 50 28 13 49 16 21 20 11 44 37 47 22 38 32 29 8 9 27 3 39 48 41 14 10 43 34 33 30 40 2 23 25 7 31 

Inst_Index:1547 	 City_Num:50 	 Concorde:5.245382 	 MCTS:5.242150 Improve:0.003232 	 Time:3.75 Seconds
Solution: 1 6 46 22 26 28 30 18 44 4 8 3 21 31 29 17 38 24 40 43 37 11 9 23 34 25 35 33 19 49 50 36 13 20 12 10 16 47 7 2 41 32 14 42 48 15 5 45 39 27 

Inst_Index:1548 	 City_Num:50 	 Concorde:5.624358 	 MCTS:5.624358 Improve:0.000000 	 Time:3.75 Seconds
Solution: 1 3 2 42 26 4 9 36 5 22 15 8 7 50 43 31 20 27 25 14 29 23 19 38 46 34 6 30 47 37 45 35 32 24 40 21 18 39 28 49 11 17 41 16 12 44 10 48 33 13 

Inst_Index:1549 	 City_Num:50 	 Concorde:5.654803 	 MCTS:5.654803 Improve:0.000000 	 Time:3.77 Seconds
Solution: 1 19 7 44 48 39 9 16 40 38 12 21 31 41 22 4 23 5 8 20 17 47 37 42 35 13 43 24 6 28 25 2 30 11 49 29 3 36 33 46 26 14 15 32 34 10 50 18 27 45 

Inst_Index:1550 	 City_Num:50 	 Concorde:5.420185 	 MCTS:5.420185 Improve:-0.000000 	 Time:3.76 Seconds
Solution: 1 38 10 8 39 6 28 44 43 45 29 41 16 17 3 12 30 7 25 37 49 31 24 26 35 20 23 40 46 48 42 32 50 27 11 9 5 21 19 4 18 13 47 2 33 22 14 15 36 34 

Inst_Index:1551 	 City_Num:50 	 Concorde:5.645770 	 MCTS:5.645770 Improve:0.000000 	 Time:3.75 Seconds
Solution: 1 43 7 18 50 42 30 21 5 37 31 17 9 33 41 49 3 11 32 19 12 6 35 27 46 28 40 34 4 25 29 14 23 47 26 39 8 24 38 22 2 44 48 13 36 20 16 45 15 10 

Inst_Index:1552 	 City_Num:50 	 Concorde:5.327343 	 MCTS:5.324850 Improve:0.002493 	 Time:3.77 Seconds
Solution: 1 25 4 26 15 24 40 32 30 37 48 28 20 7 35 41 38 29 2 45 50 33 14 47 9 12 39 3 13 43 21 49 27 18 34 46 23 19 8 17 31 11 44 16 5 6 22 10 42 36 

Inst_Index:1553 	 City_Num:50 	 Concorde:5.824037 	 MCTS:5.823996 Improve:0.000041 	 Time:3.76 Seconds
Solution: 1 32 35 21 5 49 39 18 48 8 26 41 44 30 36 29 20 4 14 7 47 46 3 9 38 23 31 45 50 28 12 19 16 17 25 42 10 37 24 33 40 2 43 6 11 27 13 22 34 15 

Inst_Index:1554 	 City_Num:50 	 Concorde:5.662083 	 MCTS:5.659435 Improve:0.002648 	 Time:3.76 Seconds
Solution: 1 38 33 42 43 37 21 30 36 5 9 29 50 23 27 28 39 17 18 44 8 6 32 24 2 10 47 46 45 7 25 35 41 4 12 3 14 22 16 34 49 48 13 26 11 20 40 15 19 31 

Inst_Index:1555 	 City_Num:50 	 Concorde:5.712482 	 MCTS:5.707244 Improve:0.005237 	 Time:3.76 Seconds
Solution: 1 41 20 36 30 21 4 23 33 11 13 39 17 26 38 10 14 42 5 8 19 16 7 50 6 43 49 15 37 46 44 24 31 2 9 12 35 34 3 47 40 27 22 28 18 45 48 32 29 25 

Inst_Index:1556 	 City_Num:50 	 Concorde:6.051811 	 MCTS:6.050027 Improve:0.001785 	 Time:3.76 Seconds
Solution: 1 15 16 45 44 5 23 28 13 34 18 33 6 36 31 4 42 9 2 27 38 50 11 41 17 22 46 21 30 19 3 35 14 26 7 39 32 8 48 12 20 49 40 25 43 10 24 29 47 37 

Inst_Index:1557 	 City_Num:50 	 Concorde:5.910166 	 MCTS:5.910166 Improve:0.000000 	 Time:3.75 Seconds
Solution: 1 5 40 2 6 8 34 33 47 44 11 22 13 46 49 45 9 24 25 7 30 20 16 32 35 36 50 17 14 12 38 15 43 48 39 21 27 4 23 42 3 28 29 18 31 26 19 10 41 37 

Inst_Index:1558 	 City_Num:50 	 Concorde:5.873478 	 MCTS:5.873478 Improve:0.000000 	 Time:3.77 Seconds
Solution: 1 40 33 32 4 41 38 21 16 2 13 43 8 14 19 26 47 6 29 28 30 48 11 25 45 39 49 12 24 20 34 27 18 3 37 17 7 42 9 10 15 5 44 31 23 50 36 46 22 35 

Inst_Index:1559 	 City_Num:50 	 Concorde:5.816872 	 MCTS:5.816872 Improve:0.000000 	 Time:3.77 Seconds
Solution: 1 39 11 2 31 50 47 6 33 21 34 36 38 10 46 22 28 13 9 41 7 29 17 49 45 25 14 42 44 30 4 15 19 35 20 40 32 37 23 24 8 12 27 5 26 18 43 16 3 48 

Inst_Index:1560 	 City_Num:50 	 Concorde:5.833652 	 MCTS:5.833652 Improve:-0.000000 	 Time:3.77 Seconds
Solution: 1 24 31 30 40 7 21 10 48 14 33 34 35 4 11 16 6 38 45 47 18 32 42 49 43 22 27 28 41 19 3 5 36 2 26 23 9 39 44 37 12 20 50 29 25 46 15 13 17 8 

Inst_Index:1561 	 City_Num:50 	 Concorde:6.274603 	 MCTS:6.274603 Improve:0.000000 	 Time:3.76 Seconds
Solution: 1 41 39 37 35 31 24 7 28 6 33 50 20 47 45 25 10 27 36 30 26 13 2 3 40 5 9 43 22 42 49 8 14 29 32 16 44 12 18 19 4 46 38 34 17 21 23 15 11 48 

Inst_Index:1562 	 City_Num:50 	 Concorde:5.272865 	 MCTS:5.268155 Improve:0.004710 	 Time:3.76 Seconds
Solution: 1 6 49 42 31 15 34 5 38 45 50 47 43 16 36 20 3 41 23 14 9 29 40 12 48 22 17 26 33 46 7 10 25 13 35 39 32 11 37 4 28 8 21 44 27 2 18 19 30 24 

Inst_Index:1563 	 City_Num:50 	 Concorde:5.806419 	 MCTS:5.806419 Improve:-0.000000 	 Time:3.76 Seconds
Solution: 1 48 14 8 43 49 7 12 34 32 18 33 27 31 10 19 40 23 16 17 6 3 2 15 37 13 5 28 26 44 21 46 9 47 39 29 42 41 20 25 35 45 36 11 50 30 22 24 38 4 

Inst_Index:1564 	 City_Num:50 	 Concorde:5.678750 	 MCTS:5.678750 Improve:-0.000000 	 Time:3.76 Seconds
Solution: 1 35 32 39 43 49 36 30 11 18 44 25 8 31 15 16 42 34 40 29 3 48 22 45 4 47 37 7 41 19 5 21 14 13 6 12 20 33 24 27 28 9 38 10 46 17 26 50 2 23 

Inst_Index:1565 	 City_Num:50 	 Concorde:5.464369 	 MCTS:5.458086 Improve:0.006283 	 Time:3.76 Seconds
Solution: 1 38 28 13 42 4 41 34 26 33 8 36 27 32 17 39 7 6 3 15 35 23 47 40 20 24 19 50 11 25 5 2 31 44 37 29 48 22 12 21 16 10 49 43 9 46 30 14 18 45 


Avg_Concorde_Distance: 5.690310 Avg_MCTS_Distance: 5.689215 Avg_Gap: -0.000193 Total_Time: 1177.97 Seconds 
 Beat_Best_Known_Times: 110 Match_Best_Known_Times: 203 Miss_Best_Known_Times: 0 
