Number_of_Instances_In_Current_Batch: 313

Inst_Index:940 	 City_Num:50 	 Concorde:5.087616 	 MCTS:5.085727 Improve:0.001889 	 Time:3.76 Seconds
Solution: 1 7 34 16 41 38 4 24 27 45 18 33 43 29 10 50 42 28 39 31 13 26 35 17 40 30 6 11 23 15 8 20 22 47 9 2 49 44 12 14 25 3 37 36 5 48 19 21 32 46 

Inst_Index:941 	 City_Num:50 	 Concorde:5.551729 	 MCTS:5.550529 Improve:0.001200 	 Time:3.76 Seconds
Solution: 1 26 50 9 40 13 12 49 19 25 42 24 45 5 41 31 38 33 10 22 16 37 15 14 8 32 36 46 27 18 44 43 30 7 48 2 4 20 3 39 47 29 34 28 23 11 6 35 17 21 

Inst_Index:942 	 City_Num:50 	 Concorde:5.324282 	 MCTS:5.324282 Improve:-0.000000 	 Time:3.76 Seconds
Solution: 1 48 38 42 39 41 19 17 8 30 27 6 26 16 12 31 36 10 43 24 20 22 47 33 18 40 14 44 23 13 32 28 3 4 50 34 11 21 7 15 25 2 5 37 46 29 35 49 9 45 

Inst_Index:943 	 City_Num:50 	 Concorde:5.825789 	 MCTS:5.825789 Improve:-0.000000 	 Time:3.77 Seconds
Solution: 1 15 29 27 22 47 10 42 34 14 24 5 7 50 46 33 28 17 8 4 49 45 13 21 36 40 9 48 37 25 41 32 11 44 16 19 43 38 26 12 20 6 39 23 2 18 35 30 31 3 

Inst_Index:944 	 City_Num:50 	 Concorde:5.709485 	 MCTS:5.708695 Improve:0.000789 	 Time:3.77 Seconds
Solution: 1 6 10 19 23 21 28 2 48 50 24 7 3 47 37 36 39 49 46 4 38 8 18 20 35 25 22 11 26 5 9 12 41 32 17 13 44 33 45 29 40 15 14 27 16 31 42 30 34 43 

Inst_Index:945 	 City_Num:50 	 Concorde:5.521419 	 MCTS:5.521419 Improve:0.000000 	 Time:3.76 Seconds
Solution: 1 26 36 38 34 25 37 49 41 23 30 18 31 47 39 11 33 2 19 46 21 28 50 35 10 14 27 3 8 48 42 15 22 24 5 7 45 13 9 44 4 6 17 16 43 40 20 32 29 12 

Inst_Index:946 	 City_Num:50 	 Concorde:5.891355 	 MCTS:5.889538 Improve:0.001817 	 Time:3.75 Seconds
Solution: 1 11 34 46 19 8 33 3 38 48 6 13 40 10 31 15 32 17 25 45 37 21 41 39 26 29 43 49 12 24 18 2 20 16 42 28 44 35 5 27 14 23 7 22 4 36 47 50 9 30 

Inst_Index:947 	 City_Num:50 	 Concorde:5.655522 	 MCTS:5.655522 Improve:0.000000 	 Time:3.77 Seconds
Solution: 1 50 28 24 15 22 7 10 19 39 16 25 9 5 20 40 45 35 31 4 8 44 6 46 42 48 37 3 43 13 32 2 49 12 47 29 34 41 26 38 36 33 30 14 17 18 11 23 27 21 

Inst_Index:948 	 City_Num:50 	 Concorde:5.825258 	 MCTS:5.824323 Improve:0.000935 	 Time:3.76 Seconds
Solution: 1 10 42 7 36 20 35 22 18 27 23 16 47 12 26 41 34 4 30 33 6 32 29 46 38 45 24 3 11 50 5 8 25 2 39 43 17 31 49 28 40 19 14 9 21 13 44 15 37 48 

Inst_Index:949 	 City_Num:50 	 Concorde:5.764809 	 MCTS:5.764809 Improve:0.000000 	 Time:3.77 Seconds
Solution: 1 48 12 20 25 47 5 50 13 30 41 4 46 34 27 21 24 8 32 15 23 37 38 35 39 2 7 6 9 16 10 36 44 31 42 26 45 28 29 22 11 14 49 33 43 19 18 40 17 3 

Inst_Index:950 	 City_Num:50 	 Concorde:6.068315 	 MCTS:6.067569 Improve:0.000746 	 Time:3.75 Seconds
Solution: 1 31 29 33 41 46 37 6 15 32 36 9 12 24 50 42 30 14 34 16 48 40 10 19 22 39 28 25 47 43 49 27 11 13 38 8 26 35 44 2 23 21 20 7 18 3 45 17 4 5 

Inst_Index:951 	 City_Num:50 	 Concorde:5.697899 	 MCTS:5.695134 Improve:0.002765 	 Time:3.77 Seconds
Solution: 1 43 49 29 24 40 42 47 12 3 48 32 21 15 39 23 7 20 34 11 19 46 6 17 38 13 41 44 14 45 25 50 18 27 2 10 37 16 35 36 26 33 9 28 30 5 8 31 4 22 

Inst_Index:952 	 City_Num:50 	 Concorde:5.300109 	 MCTS:5.300109 Improve:0.000000 	 Time:3.75 Seconds
Solution: 1 27 38 39 35 46 9 16 34 20 18 15 29 21 22 33 24 45 8 17 6 25 3 48 13 43 11 5 42 4 40 44 10 32 19 23 50 37 26 2 31 7 28 41 47 49 30 12 14 36 

Inst_Index:953 	 City_Num:50 	 Concorde:5.593964 	 MCTS:5.588090 Improve:0.005874 	 Time:3.76 Seconds
Solution: 1 3 7 8 37 34 19 29 40 18 9 22 50 44 33 39 49 6 30 27 4 10 5 48 11 38 35 43 46 15 20 16 24 21 31 32 23 17 41 25 42 2 28 13 12 26 14 36 45 47 

Inst_Index:954 	 City_Num:50 	 Concorde:6.120466 	 MCTS:6.120143 Improve:0.000323 	 Time:3.75 Seconds
Solution: 1 25 21 36 29 35 37 13 46 31 3 20 16 6 22 11 45 34 15 43 50 26 42 12 32 30 27 7 14 47 33 23 10 40 19 5 41 8 2 48 44 28 49 17 24 38 4 9 39 18 

Inst_Index:955 	 City_Num:50 	 Concorde:6.147092 	 MCTS:6.147092 Improve:-0.000000 	 Time:3.76 Seconds
Solution: 1 46 2 29 12 43 8 50 49 15 25 11 16 36 9 7 13 6 31 5 44 17 21 10 33 20 41 19 39 14 42 35 34 24 4 37 45 27 32 48 40 28 22 3 18 23 30 38 26 47 

Inst_Index:956 	 City_Num:50 	 Concorde:5.729158 	 MCTS:5.729158 Improve:0.000000 	 Time:3.77 Seconds
Solution: 1 35 15 48 3 34 12 41 4 28 11 21 25 38 47 24 30 20 23 44 14 27 36 49 46 19 31 9 43 42 6 7 22 26 29 16 45 37 39 40 8 17 18 5 13 32 10 2 50 33 

Inst_Index:957 	 City_Num:50 	 Concorde:5.639320 	 MCTS:5.639320 Improve:0.000000 	 Time:3.77 Seconds
Solution: 1 50 4 20 2 11 39 45 34 5 29 10 15 26 18 9 31 23 6 37 12 38 25 35 27 42 46 49 44 17 47 28 43 24 36 32 33 16 13 7 19 21 14 40 8 41 48 22 30 3 

Inst_Index:958 	 City_Num:50 	 Concorde:5.911291 	 MCTS:5.902719 Improve:0.008573 	 Time:3.77 Seconds
Solution: 1 35 32 33 14 26 24 13 34 19 18 37 28 36 8 44 3 6 48 12 39 38 41 29 20 9 16 4 11 7 42 23 2 45 15 47 40 49 46 30 17 31 22 27 10 43 50 21 25 5 

Inst_Index:959 	 City_Num:50 	 Concorde:5.885965 	 MCTS:5.885965 Improve:-0.000000 	 Time:3.75 Seconds
Solution: 1 29 13 38 48 21 33 14 47 45 19 27 9 35 46 43 50 31 37 49 30 11 28 34 44 6 2 12 15 39 4 41 8 42 25 23 17 7 36 20 5 3 24 18 16 40 10 32 26 22 

Inst_Index:960 	 City_Num:50 	 Concorde:5.816743 	 MCTS:5.816743 Improve:0.000000 	 Time:3.75 Seconds
Solution: 1 26 35 15 5 8 32 9 12 30 28 42 6 31 33 16 50 49 17 38 22 10 13 14 20 45 41 11 25 37 21 7 2 40 3 44 24 27 39 4 48 47 19 46 23 36 29 34 43 18 

Inst_Index:961 	 City_Num:50 	 Concorde:5.609865 	 MCTS:5.609865 Improve:-0.000000 	 Time:3.76 Seconds
Solution: 1 4 14 30 7 34 23 50 37 31 2 45 36 47 8 10 41 3 19 46 43 32 26 27 42 5 28 13 6 18 24 11 29 44 33 39 20 22 49 12 21 17 40 9 25 35 16 15 48 38 

Inst_Index:962 	 City_Num:50 	 Concorde:5.579719 	 MCTS:5.579719 Improve:-0.000000 	 Time:3.76 Seconds
Solution: 1 35 28 21 43 9 32 23 8 12 29 6 4 24 27 15 3 36 49 47 39 14 31 44 13 38 48 5 40 2 45 19 25 18 37 17 42 41 26 30 20 46 11 7 50 16 10 33 22 34 

Inst_Index:963 	 City_Num:50 	 Concorde:5.437624 	 MCTS:5.437624 Improve:0.000000 	 Time:3.76 Seconds
Solution: 1 22 35 10 4 21 38 16 29 42 32 36 27 24 48 46 44 25 30 12 2 15 34 13 31 37 49 40 7 33 20 11 39 50 17 3 23 45 18 47 6 5 43 28 9 14 26 19 41 8 

Inst_Index:964 	 City_Num:50 	 Concorde:5.912342 	 MCTS:5.912342 Improve:-0.000000 	 Time:3.76 Seconds
Solution: 1 16 37 7 12 50 33 35 15 14 22 19 28 49 2 11 21 4 26 42 17 6 39 31 20 29 18 8 36 40 34 10 46 13 5 25 43 3 47 24 48 44 23 45 27 41 38 9 30 32 

Inst_Index:965 	 City_Num:50 	 Concorde:5.477205 	 MCTS:5.475939 Improve:0.001265 	 Time:3.76 Seconds
Solution: 1 43 32 26 48 33 39 12 13 42 38 16 5 20 45 9 4 21 17 29 30 18 36 40 15 22 49 25 11 44 34 24 37 6 50 10 27 3 23 28 46 19 35 14 2 7 8 47 41 31 

Inst_Index:966 	 City_Num:50 	 Concorde:5.918177 	 MCTS:5.918177 Improve:0.000000 	 Time:3.77 Seconds
Solution: 1 21 45 26 40 12 4 15 8 13 39 37 34 24 5 49 29 31 2 46 47 18 43 41 20 28 27 32 25 3 16 38 35 30 44 9 14 42 6 50 19 10 23 36 22 48 33 7 11 17 

Inst_Index:967 	 City_Num:50 	 Concorde:6.241512 	 MCTS:6.237547 Improve:0.003965 	 Time:3.78 Seconds
Solution: 1 5 35 36 17 31 25 26 29 48 10 8 21 3 19 34 32 14 13 30 49 23 24 12 9 18 39 15 2 43 7 42 27 16 6 40 38 46 28 22 20 11 44 41 4 47 37 33 50 45 

Inst_Index:968 	 City_Num:50 	 Concorde:5.740747 	 MCTS:5.740747 Improve:0.000000 	 Time:3.77 Seconds
Solution: 1 32 33 40 34 46 31 49 25 13 35 11 26 39 18 19 45 20 14 2 23 24 30 41 28 50 15 47 17 21 6 7 38 44 16 12 8 9 29 3 22 5 37 48 36 4 27 42 10 43 

Inst_Index:969 	 City_Num:50 	 Concorde:5.681880 	 MCTS:5.681880 Improve:0.000000 	 Time:3.75 Seconds
Solution: 1 39 11 26 20 42 40 14 9 32 43 36 21 4 48 28 3 31 50 22 37 29 38 7 30 45 23 2 8 33 24 17 47 6 10 18 27 19 15 5 35 44 13 34 25 16 49 12 41 46 

Inst_Index:970 	 City_Num:50 	 Concorde:5.983608 	 MCTS:5.983608 Improve:0.000000 	 Time:3.77 Seconds
Solution: 1 38 22 19 33 8 5 11 29 14 27 31 9 17 41 44 21 42 3 16 30 32 10 25 18 45 24 37 28 12 48 26 4 2 47 13 20 40 35 39 49 46 43 50 15 34 6 7 23 36 

Inst_Index:971 	 City_Num:50 	 Concorde:5.794679 	 MCTS:5.794491 Improve:0.000188 	 Time:3.75 Seconds
Solution: 1 30 45 40 47 5 20 9 6 23 7 8 43 21 14 24 27 31 41 16 37 44 35 48 33 49 39 3 4 34 2 29 12 38 18 50 11 28 42 32 10 25 17 36 13 15 46 26 19 22 

Inst_Index:972 	 City_Num:50 	 Concorde:6.068752 	 MCTS:6.068752 Improve:0.000000 	 Time:3.77 Seconds
Solution: 1 31 36 30 5 20 34 35 23 49 4 50 48 38 7 17 3 9 39 14 15 16 18 43 22 10 21 29 46 27 45 41 25 37 32 40 33 6 12 24 42 47 26 11 2 19 28 8 44 13 

Inst_Index:973 	 City_Num:50 	 Concorde:5.547087 	 MCTS:5.546687 Improve:0.000401 	 Time:3.77 Seconds
Solution: 1 14 31 29 12 39 38 36 21 7 26 24 25 4 41 2 9 43 45 48 18 5 49 19 20 34 42 10 16 50 35 46 23 40 33 6 17 11 27 28 8 32 30 47 44 13 37 15 3 22 

Inst_Index:974 	 City_Num:50 	 Concorde:5.947929 	 MCTS:5.947929 Improve:-0.000000 	 Time:3.76 Seconds
Solution: 1 24 35 17 48 42 4 44 47 14 3 25 26 23 30 28 11 18 15 19 2 21 9 39 12 36 5 34 37 43 6 16 40 7 20 46 33 29 45 8 50 38 49 13 27 32 10 31 22 41 

Inst_Index:975 	 City_Num:50 	 Concorde:5.358479 	 MCTS:5.358479 Improve:0.000000 	 Time:3.75 Seconds
Solution: 1 26 41 48 42 18 12 24 30 3 43 8 23 34 13 4 39 10 27 5 20 15 33 11 19 7 2 22 47 31 17 35 36 6 50 46 44 40 25 16 14 29 37 28 21 9 38 45 49 32 

Inst_Index:976 	 City_Num:50 	 Concorde:5.792408 	 MCTS:5.790347 Improve:0.002061 	 Time:3.77 Seconds
Solution: 1 5 2 22 21 17 42 41 49 20 30 4 24 37 29 48 12 39 43 45 23 8 16 18 3 19 26 50 14 47 31 13 25 9 27 34 33 15 28 11 10 36 32 40 38 35 7 44 46 6 

Inst_Index:977 	 City_Num:50 	 Concorde:5.946659 	 MCTS:5.937971 Improve:0.008688 	 Time:3.75 Seconds
Solution: 1 40 24 35 13 8 45 29 49 25 32 10 9 42 27 16 31 26 12 34 7 20 50 14 5 30 38 23 44 22 2 6 48 17 21 15 43 46 41 28 33 4 37 39 19 18 11 47 36 3 

Inst_Index:978 	 City_Num:50 	 Concorde:5.812522 	 MCTS:5.811151 Improve:0.001371 	 Time:3.78 Seconds
Solution: 1 3 9 45 2 46 40 31 4 12 21 20 50 27 38 19 41 6 30 32 42 10 17 22 28 7 16 37 23 44 15 13 49 8 5 25 18 33 47 24 48 43 34 11 39 26 36 14 29 35 

Inst_Index:979 	 City_Num:50 	 Concorde:5.836162 	 MCTS:5.836162 Improve:0.000000 	 Time:3.75 Seconds
Solution: 1 25 33 27 44 45 18 16 4 24 40 32 3 29 36 5 47 14 17 12 38 31 34 11 35 10 50 9 39 20 23 13 26 49 43 46 19 37 30 6 8 7 22 2 42 48 21 15 41 28 

Inst_Index:980 	 City_Num:50 	 Concorde:5.298220 	 MCTS:5.298220 Improve:0.000000 	 Time:3.75 Seconds
Solution: 1 26 38 15 32 8 17 50 7 35 40 28 49 33 14 9 18 10 6 5 3 30 37 23 29 11 13 2 39 44 27 20 12 24 36 19 46 48 34 25 31 42 21 47 4 43 45 22 41 16 

Inst_Index:981 	 City_Num:50 	 Concorde:5.416992 	 MCTS:5.416246 Improve:0.000747 	 Time:3.77 Seconds
Solution: 1 41 50 18 19 5 39 38 25 7 3 8 26 22 20 13 42 27 9 49 31 21 14 47 40 46 45 12 24 35 28 11 37 34 23 48 15 16 10 4 43 32 17 2 44 36 29 6 30 33 

Inst_Index:982 	 City_Num:50 	 Concorde:5.771146 	 MCTS:5.771146 Improve:-0.000000 	 Time:3.76 Seconds
Solution: 1 46 31 25 16 42 10 2 6 35 27 13 3 47 36 32 20 23 34 48 11 4 7 17 14 49 15 30 28 44 50 40 43 26 5 29 19 21 45 41 39 18 38 8 24 33 9 12 37 22 

Inst_Index:983 	 City_Num:50 	 Concorde:5.567557 	 MCTS:5.567557 Improve:-0.000000 	 Time:3.76 Seconds
Solution: 1 45 16 32 24 15 31 4 41 28 34 25 19 44 20 17 21 40 8 30 13 33 46 22 27 39 43 47 6 11 23 9 18 7 48 37 3 2 50 29 42 12 14 35 49 36 10 38 5 26 

Inst_Index:984 	 City_Num:50 	 Concorde:4.942225 	 MCTS:4.942225 Improve:0.000000 	 Time:3.77 Seconds
Solution: 1 33 47 7 4 22 44 30 9 17 39 27 11 36 8 12 29 48 20 2 15 43 24 18 16 3 42 50 31 37 32 45 14 19 10 34 46 13 25 40 49 26 28 38 41 5 23 21 35 6 

Inst_Index:985 	 City_Num:50 	 Concorde:5.762946 	 MCTS:5.762946 Improve:-0.000000 	 Time:3.77 Seconds
Solution: 1 13 24 31 7 28 6 47 22 2 8 26 41 35 15 50 39 46 20 49 21 36 4 33 23 42 43 30 27 17 40 9 25 34 16 38 14 44 5 45 11 3 48 32 37 19 18 29 12 10 

Inst_Index:986 	 City_Num:50 	 Concorde:5.471439 	 MCTS:5.466139 Improve:0.005300 	 Time:3.76 Seconds
Solution: 1 25 38 14 34 46 13 4 23 37 40 11 29 43 39 42 27 50 21 9 18 15 19 12 47 41 10 16 30 36 49 2 31 6 28 35 3 33 8 22 44 5 32 24 17 45 26 7 48 20 

Inst_Index:987 	 City_Num:50 	 Concorde:6.142734 	 MCTS:6.142734 Improve:0.000000 	 Time:3.76 Seconds
Solution: 1 21 32 12 28 8 16 26 33 22 2 48 23 46 9 27 30 3 10 6 24 14 39 43 42 36 11 50 19 25 5 7 44 40 37 41 4 20 45 49 17 18 31 34 47 29 35 13 38 15 

Inst_Index:988 	 City_Num:50 	 Concorde:5.841285 	 MCTS:5.839624 Improve:0.001661 	 Time:3.77 Seconds
Solution: 1 38 43 35 4 36 11 50 28 22 21 32 6 45 19 47 25 12 44 2 30 26 48 14 49 9 34 41 17 7 39 33 8 3 24 15 42 5 16 18 37 29 20 40 10 27 31 23 13 46 

Inst_Index:989 	 City_Num:50 	 Concorde:5.800412 	 MCTS:5.800412 Improve:-0.000000 	 Time:3.78 Seconds
Solution: 1 45 50 42 16 8 44 4 17 46 22 41 21 36 35 37 29 23 13 25 32 33 39 2 30 49 34 43 38 31 19 48 7 28 6 12 15 18 24 14 5 20 10 40 11 27 3 26 47 9 

Inst_Index:990 	 City_Num:50 	 Concorde:5.701586 	 MCTS:5.701586 Improve:-0.000000 	 Time:3.76 Seconds
Solution: 1 16 13 46 15 8 23 11 9 14 37 50 24 4 42 35 26 43 48 17 34 3 41 25 44 12 39 28 20 36 45 22 10 21 33 38 40 31 18 27 5 47 29 7 19 6 30 49 32 2 

Inst_Index:991 	 City_Num:50 	 Concorde:5.789687 	 MCTS:5.789687 Improve:0.000000 	 Time:3.75 Seconds
Solution: 1 16 31 46 26 44 50 41 13 18 42 12 49 34 11 23 33 30 9 35 43 2 3 47 14 48 29 21 36 4 25 40 6 5 24 15 22 19 7 27 10 45 32 8 20 17 28 38 39 37 

Inst_Index:992 	 City_Num:50 	 Concorde:5.763924 	 MCTS:5.763924 Improve:-0.000000 	 Time:3.77 Seconds
Solution: 1 9 16 14 45 48 12 39 29 44 11 27 21 4 8 18 38 3 20 33 43 24 41 40 15 5 37 32 42 35 31 23 28 22 17 50 7 47 36 46 6 49 34 25 10 13 19 26 2 30 

Inst_Index:993 	 City_Num:50 	 Concorde:5.817231 	 MCTS:5.816122 Improve:0.001109 	 Time:3.77 Seconds
Solution: 1 38 47 42 31 15 43 8 41 39 20 11 36 49 17 37 25 26 6 45 13 4 34 21 9 32 33 3 24 27 19 2 5 30 10 35 28 12 16 29 22 46 50 48 18 44 40 7 23 14 

Inst_Index:994 	 City_Num:50 	 Concorde:5.789852 	 MCTS:5.789852 Improve:-0.000000 	 Time:3.76 Seconds
Solution: 1 8 33 46 26 18 25 14 2 3 24 22 49 27 17 12 34 48 29 32 6 13 42 7 11 44 20 10 30 47 31 9 43 39 28 35 21 45 19 4 16 50 40 36 5 23 37 15 38 41 

Inst_Index:995 	 City_Num:50 	 Concorde:5.733479 	 MCTS:5.733479 Improve:-0.000000 	 Time:3.75 Seconds
Solution: 1 44 29 3 48 16 7 24 37 17 28 35 42 6 41 10 31 14 9 12 5 26 8 22 32 20 15 49 18 40 34 43 47 23 19 36 11 27 33 38 50 30 45 21 13 2 4 25 46 39 

Inst_Index:996 	 City_Num:50 	 Concorde:5.821945 	 MCTS:5.821945 Improve:0.000000 	 Time:3.75 Seconds
Solution: 1 6 25 44 12 5 19 26 46 33 4 24 50 22 23 17 34 18 31 36 45 38 40 30 29 13 41 28 49 2 32 9 39 21 27 7 16 14 47 48 43 42 37 10 3 35 15 11 8 20 

Inst_Index:997 	 City_Num:50 	 Concorde:5.741361 	 MCTS:5.741361 Improve:-0.000000 	 Time:3.76 Seconds
Solution: 1 26 8 24 7 45 12 38 30 29 46 39 36 28 23 49 31 11 33 50 6 43 17 37 10 42 4 47 32 41 22 25 48 20 19 2 44 5 14 13 16 15 21 9 35 18 27 40 34 3 

Inst_Index:998 	 City_Num:50 	 Concorde:5.521714 	 MCTS:5.521714 Improve:-0.000000 	 Time:3.75 Seconds
Solution: 1 44 14 46 42 36 22 8 26 45 38 37 40 25 50 9 11 47 21 13 32 16 18 31 24 33 7 3 17 49 6 43 39 12 27 48 41 4 10 34 19 35 15 20 29 28 23 2 5 30 

Inst_Index:999 	 City_Num:50 	 Concorde:5.682963 	 MCTS:5.682963 Improve:-0.000000 	 Time:3.76 Seconds
Solution: 1 40 47 5 46 32 36 35 12 49 30 7 19 17 33 22 31 11 27 25 38 29 6 18 34 50 15 21 4 43 20 39 24 10 28 8 13 9 37 41 44 16 14 48 23 26 3 2 42 45 

Inst_Index:1000 	 City_Num:50 	 Concorde:6.232421 	 MCTS:6.222572 Improve:0.009849 	 Time:3.77 Seconds
Solution: 1 43 46 16 48 8 6 2 35 14 25 22 12 50 33 30 39 24 38 13 10 47 26 15 44 3 17 21 19 29 9 40 34 31 28 23 7 11 27 42 32 20 41 49 37 36 4 5 45 18 

Inst_Index:1001 	 City_Num:50 	 Concorde:5.647608 	 MCTS:5.647055 Improve:0.000553 	 Time:3.76 Seconds
Solution: 1 23 21 25 45 16 4 14 9 43 18 50 24 41 35 12 26 38 27 6 17 48 32 20 37 31 30 39 34 44 29 7 47 42 33 10 3 36 19 13 2 49 22 28 11 40 8 46 5 15 

Inst_Index:1002 	 City_Num:50 	 Concorde:5.806061 	 MCTS:5.801953 Improve:0.004108 	 Time:3.77 Seconds
Solution: 1 46 26 34 23 5 44 2 3 20 36 18 48 6 30 43 28 47 45 8 50 4 14 49 31 29 42 17 22 37 40 38 12 7 35 19 16 15 13 25 27 10 39 24 32 9 41 33 21 11 

Inst_Index:1003 	 City_Num:50 	 Concorde:5.771833 	 MCTS:5.771833 Improve:-0.000000 	 Time:3.78 Seconds
Solution: 1 5 6 22 14 16 50 47 18 29 36 33 32 46 39 41 42 49 34 23 35 8 17 38 10 44 30 45 31 37 28 40 19 2 7 21 25 3 48 20 12 43 11 13 26 24 15 27 9 4 

Inst_Index:1004 	 City_Num:50 	 Concorde:5.310596 	 MCTS:5.308429 Improve:0.002166 	 Time:3.76 Seconds
Solution: 1 28 27 41 37 7 13 45 14 21 3 22 35 18 49 30 26 42 24 8 16 20 6 19 5 39 12 48 11 2 31 23 15 44 32 25 43 47 34 36 38 29 17 40 46 10 50 4 33 9 

Inst_Index:1005 	 City_Num:50 	 Concorde:5.629456 	 MCTS:5.627079 Improve:0.002377 	 Time:3.78 Seconds
Solution: 1 29 6 24 16 20 2 50 49 13 18 19 42 37 17 38 7 36 40 34 33 5 15 3 43 41 14 8 35 46 47 45 9 22 12 39 32 27 10 21 30 48 31 4 44 25 26 28 23 11 

Inst_Index:1006 	 City_Num:50 	 Concorde:5.853694 	 MCTS:5.853476 Improve:0.000219 	 Time:3.76 Seconds
Solution: 1 38 49 14 10 21 32 15 46 9 8 36 33 18 40 45 19 35 44 28 5 31 4 30 16 48 17 13 41 47 42 43 6 34 29 2 37 25 12 39 26 3 20 11 24 22 50 7 23 27 

Inst_Index:1007 	 City_Num:50 	 Concorde:5.620878 	 MCTS:5.614501 Improve:0.006377 	 Time:3.76 Seconds
Solution: 1 34 20 32 6 15 41 14 9 23 17 35 49 26 50 28 30 45 27 40 39 29 12 3 5 47 31 13 11 42 36 24 21 16 18 44 22 4 25 19 10 38 33 48 8 2 46 37 7 43 

Inst_Index:1008 	 City_Num:50 	 Concorde:5.779337 	 MCTS:5.779337 Improve:-0.000000 	 Time:3.76 Seconds
Solution: 1 42 37 30 3 19 8 4 7 28 34 26 33 27 13 11 40 25 12 39 23 50 20 48 24 45 38 2 17 5 41 6 14 32 49 18 46 31 10 44 35 36 15 43 22 16 29 21 47 9 

Inst_Index:1009 	 City_Num:50 	 Concorde:5.613942 	 MCTS:5.610350 Improve:0.003592 	 Time:3.75 Seconds
Solution: 1 19 18 24 31 22 7 16 2 29 43 27 6 10 5 34 12 37 8 40 9 47 45 35 28 17 50 30 3 4 14 38 33 41 25 23 49 13 48 42 20 26 32 46 44 21 11 15 39 36 

Inst_Index:1010 	 City_Num:50 	 Concorde:5.855770 	 MCTS:5.855770 Improve:-0.000000 	 Time:3.76 Seconds
Solution: 1 39 37 14 40 31 41 36 27 3 46 23 20 50 13 6 15 34 18 38 47 24 5 33 28 16 42 10 25 48 44 7 35 9 2 29 17 22 43 30 12 32 45 11 49 19 26 8 4 21 

Inst_Index:1011 	 City_Num:50 	 Concorde:5.684363 	 MCTS:5.684363 Improve:-0.000000 	 Time:3.76 Seconds
Solution: 1 43 32 19 18 44 38 17 42 47 13 46 41 12 37 23 22 16 10 50 27 34 6 25 30 8 15 7 5 9 21 45 33 49 3 24 40 39 14 29 28 20 31 35 4 2 11 26 36 48 

Inst_Index:1012 	 City_Num:50 	 Concorde:6.190191 	 MCTS:6.190191 Improve:0.000000 	 Time:3.76 Seconds
Solution: 1 28 35 23 48 41 47 34 29 33 11 25 8 4 10 30 27 9 39 6 5 18 16 20 44 40 13 15 43 7 19 3 46 42 49 38 2 12 14 50 36 17 22 31 21 26 32 45 37 24 

Inst_Index:1013 	 City_Num:50 	 Concorde:5.688984 	 MCTS:5.688984 Improve:0.000000 	 Time:3.77 Seconds
Solution: 1 3 4 36 25 31 37 15 23 8 34 21 35 40 26 43 24 11 20 14 29 48 50 42 16 12 30 44 28 46 10 6 45 5 2 9 49 17 19 27 7 33 13 32 38 47 18 39 41 22 

Inst_Index:1014 	 City_Num:50 	 Concorde:6.223515 	 MCTS:6.223515 Improve:0.000000 	 Time:3.76 Seconds
Solution: 1 17 45 50 22 40 47 13 34 41 5 36 3 14 8 21 10 29 19 16 39 33 24 38 28 20 27 7 44 9 26 46 49 4 18 11 2 6 15 35 43 32 37 12 31 25 42 23 30 48 

Inst_Index:1015 	 City_Num:50 	 Concorde:5.644186 	 MCTS:5.644186 Improve:-0.000000 	 Time:3.76 Seconds
Solution: 1 22 6 50 42 37 38 27 2 40 25 47 35 3 48 46 4 32 41 5 30 15 12 31 17 39 18 10 9 23 33 26 21 19 14 45 7 16 13 8 28 49 34 11 29 36 44 43 20 24 

Inst_Index:1016 	 City_Num:50 	 Concorde:5.239110 	 MCTS:5.239110 Improve:-0.000000 	 Time:3.76 Seconds
Solution: 1 37 22 5 14 46 48 9 33 2 40 21 8 3 29 20 6 7 35 24 42 10 16 32 12 45 41 19 23 47 28 50 26 4 38 43 36 27 49 25 30 15 18 17 11 44 39 34 31 13 

Inst_Index:1017 	 City_Num:50 	 Concorde:5.858643 	 MCTS:5.858643 Improve:0.000000 	 Time:3.77 Seconds
Solution: 1 49 35 48 30 38 32 31 44 17 12 24 22 40 33 39 21 2 10 47 46 34 29 14 7 28 26 27 25 23 42 4 20 8 37 41 36 43 19 18 13 15 5 3 50 9 6 11 16 45 

Inst_Index:1018 	 City_Num:50 	 Concorde:5.679392 	 MCTS:5.679392 Improve:0.000000 	 Time:3.76 Seconds
Solution: 1 28 33 42 2 43 21 11 17 29 25 20 8 18 9 49 40 19 30 46 23 48 4 3 31 24 16 6 41 34 5 44 36 27 7 38 45 12 35 15 47 13 26 39 10 32 14 22 37 50 

Inst_Index:1019 	 City_Num:50 	 Concorde:5.863490 	 MCTS:5.863490 Improve:0.000000 	 Time:3.76 Seconds
Solution: 1 23 20 35 17 4 21 30 40 47 14 16 12 7 22 29 3 32 46 15 13 34 43 49 25 10 2 42 26 8 37 41 31 5 48 18 45 39 27 11 44 19 33 9 50 28 6 24 38 36 

Inst_Index:1020 	 City_Num:50 	 Concorde:5.744576 	 MCTS:5.744576 Improve:0.000000 	 Time:3.76 Seconds
Solution: 1 2 49 3 48 21 27 38 20 40 16 17 28 47 11 23 4 42 46 30 44 13 33 22 5 19 18 7 41 26 6 32 36 50 14 24 34 29 45 31 37 10 8 25 43 15 39 12 35 9 

Inst_Index:1021 	 City_Num:50 	 Concorde:5.507311 	 MCTS:5.507311 Improve:0.000000 	 Time:3.78 Seconds
Solution: 1 19 43 24 45 32 28 7 37 8 5 18 44 12 38 3 4 48 42 34 16 27 25 6 31 23 17 50 15 36 13 26 41 29 35 46 10 2 40 14 21 22 20 30 39 47 11 33 49 9 

Inst_Index:1022 	 City_Num:50 	 Concorde:5.935811 	 MCTS:5.935811 Improve:-0.000000 	 Time:3.76 Seconds
Solution: 1 42 17 48 26 45 27 16 35 5 13 29 19 24 37 41 40 39 30 44 34 9 22 23 3 33 43 32 28 7 6 21 4 49 38 10 11 47 46 18 25 50 8 31 14 15 2 20 36 12 

Inst_Index:1023 	 City_Num:50 	 Concorde:5.240373 	 MCTS:5.240231 Improve:0.000142 	 Time:3.77 Seconds
Solution: 1 49 23 13 47 34 48 33 22 14 50 9 42 40 4 39 18 45 38 41 27 46 6 10 19 3 44 26 28 20 35 37 12 29 11 30 21 36 43 31 2 17 8 24 16 32 25 7 15 5 

Inst_Index:1024 	 City_Num:50 	 Concorde:5.676074 	 MCTS:5.675777 Improve:0.000296 	 Time:3.77 Seconds
Solution: 1 50 36 43 23 17 46 29 28 41 22 24 5 7 35 21 42 16 31 37 48 12 32 25 9 45 30 47 26 11 18 4 34 14 27 3 2 15 13 39 8 10 38 19 6 33 20 40 49 44 

Inst_Index:1025 	 City_Num:50 	 Concorde:5.659074 	 MCTS:5.659074 Improve:-0.000000 	 Time:3.77 Seconds
Solution: 1 48 16 41 44 25 2 28 20 42 33 39 11 5 13 49 37 19 18 36 34 6 22 45 38 29 30 12 47 32 23 43 15 35 17 21 24 4 26 8 10 31 50 3 27 9 14 40 7 46 

Inst_Index:1026 	 City_Num:50 	 Concorde:6.048166 	 MCTS:6.048166 Improve:-0.000000 	 Time:3.76 Seconds
Solution: 1 6 4 13 21 15 41 34 17 44 42 9 12 35 40 22 32 31 10 2 11 38 3 16 50 49 14 27 25 23 46 33 43 37 26 18 48 24 5 28 20 19 29 30 36 7 39 47 8 45 

Inst_Index:1027 	 City_Num:50 	 Concorde:5.992095 	 MCTS:5.986919 Improve:0.005176 	 Time:3.76 Seconds
Solution: 1 21 25 17 14 45 28 27 37 2 36 35 44 47 5 8 3 22 29 41 6 10 43 48 16 38 13 49 15 18 19 50 4 31 20 7 33 24 32 30 40 46 12 26 34 9 23 39 11 42 

Inst_Index:1028 	 City_Num:50 	 Concorde:5.779920 	 MCTS:5.779920 Improve:0.000000 	 Time:3.75 Seconds
Solution: 1 26 3 22 41 13 42 4 23 16 36 9 20 37 12 28 35 43 50 49 45 29 2 27 18 7 6 8 19 34 40 15 48 46 5 32 33 31 17 25 21 44 39 14 30 24 11 47 10 38 

Inst_Index:1029 	 City_Num:50 	 Concorde:5.718792 	 MCTS:5.709637 Improve:0.009154 	 Time:3.78 Seconds
Solution: 1 47 2 41 50 45 37 48 7 27 17 46 5 4 38 25 19 39 42 43 31 29 32 8 36 34 24 18 44 3 33 14 22 20 30 13 35 12 49 9 23 16 40 21 15 26 6 28 10 11 

Inst_Index:1030 	 City_Num:50 	 Concorde:5.735529 	 MCTS:5.735529 Improve:0.000000 	 Time:3.75 Seconds
Solution: 1 17 46 34 24 7 26 18 3 38 48 11 21 47 35 39 22 10 2 4 40 41 32 12 30 23 9 13 28 16 15 44 8 19 49 14 45 50 27 42 29 31 37 6 36 5 33 43 25 20 

Inst_Index:1031 	 City_Num:50 	 Concorde:5.590336 	 MCTS:5.590336 Improve:-0.000000 	 Time:3.76 Seconds
Solution: 1 20 14 10 40 32 34 47 26 30 39 9 22 33 7 5 18 27 11 44 21 24 19 48 4 13 17 35 15 12 29 6 45 43 28 36 25 8 37 16 49 42 50 46 41 23 2 31 3 38 

Inst_Index:1032 	 City_Num:50 	 Concorde:5.629968 	 MCTS:5.629968 Improve:0.000000 	 Time:3.75 Seconds
Solution: 1 43 4 38 35 20 30 45 50 19 25 40 15 10 23 13 44 11 21 46 26 24 12 14 2 6 5 8 39 32 3 16 37 27 28 9 41 47 17 22 29 34 42 31 18 33 7 48 49 36 

Inst_Index:1033 	 City_Num:50 	 Concorde:5.652727 	 MCTS:5.652727 Improve:0.000000 	 Time:3.76 Seconds
Solution: 1 20 8 46 43 35 11 17 48 44 19 36 28 18 22 49 50 5 6 12 23 47 32 33 27 34 2 15 29 9 25 31 10 21 42 26 16 7 38 45 41 14 4 37 39 30 3 40 24 13 

Inst_Index:1034 	 City_Num:50 	 Concorde:5.863025 	 MCTS:5.860888 Improve:0.002137 	 Time:3.75 Seconds
Solution: 1 6 4 37 29 7 23 47 42 32 21 40 25 10 9 45 5 43 50 33 11 36 20 17 3 13 31 41 27 18 28 22 38 35 16 19 49 48 39 44 15 12 2 14 30 8 26 46 24 34 

Inst_Index:1035 	 City_Num:50 	 Concorde:5.831619 	 MCTS:5.831619 Improve:-0.000000 	 Time:3.78 Seconds
Solution: 1 39 7 38 26 22 5 31 14 2 36 44 35 28 9 19 41 17 4 18 32 8 40 46 37 13 24 11 3 50 45 23 34 20 33 21 30 15 43 10 48 47 29 16 25 49 12 27 42 6 

Inst_Index:1036 	 City_Num:50 	 Concorde:6.200603 	 MCTS:6.197031 Improve:0.003572 	 Time:3.76 Seconds
Solution: 1 4 36 49 48 43 12 45 22 34 50 24 26 19 42 44 40 10 30 33 25 31 46 16 13 9 23 3 6 29 37 32 41 5 18 11 17 39 21 47 20 2 35 28 27 14 15 7 38 8 

Inst_Index:1037 	 City_Num:50 	 Concorde:5.847541 	 MCTS:5.847541 Improve:-0.000000 	 Time:3.75 Seconds
Solution: 1 15 32 31 26 46 5 18 40 10 34 2 9 44 4 22 8 11 28 24 30 38 21 33 39 42 41 25 29 6 23 13 14 35 50 27 37 45 36 3 20 16 48 43 19 49 17 12 47 7 

Inst_Index:1038 	 City_Num:50 	 Concorde:5.330199 	 MCTS:5.327564 Improve:0.002635 	 Time:3.75 Seconds
Solution: 1 4 13 16 42 49 3 6 2 25 30 46 17 14 48 7 35 36 22 23 44 31 18 21 37 45 20 43 9 34 12 10 29 32 24 39 38 41 5 28 15 8 27 33 50 11 26 19 40 47 

Inst_Index:1039 	 City_Num:50 	 Concorde:4.987631 	 MCTS:4.987631 Improve:0.000000 	 Time:3.76 Seconds
Solution: 1 5 34 31 21 29 20 40 42 24 14 16 36 4 27 25 43 44 15 13 26 23 8 11 32 2 18 45 46 37 33 30 28 47 39 41 49 7 22 50 3 10 17 12 48 19 38 35 6 9 

Inst_Index:1040 	 City_Num:50 	 Concorde:5.642461 	 MCTS:5.642461 Improve:0.000000 	 Time:3.75 Seconds
Solution: 1 36 2 32 29 30 43 23 34 6 12 18 47 10 11 26 35 24 5 21 14 39 49 38 40 19 28 46 42 27 31 50 45 20 7 44 33 15 8 3 4 48 16 17 22 41 37 9 25 13 

Inst_Index:1041 	 City_Num:50 	 Concorde:6.069140 	 MCTS:6.069140 Improve:0.000000 	 Time:3.76 Seconds
Solution: 1 4 38 45 48 50 14 49 6 18 3 35 15 42 39 43 47 41 19 46 21 28 40 5 24 33 22 44 2 9 37 25 8 10 31 7 27 34 32 20 17 36 30 12 11 16 23 26 13 29 

Inst_Index:1042 	 City_Num:50 	 Concorde:5.745358 	 MCTS:5.745358 Improve:0.000000 	 Time:3.76 Seconds
Solution: 1 26 41 18 22 44 39 16 42 48 17 49 33 43 4 7 5 13 21 3 37 24 6 23 25 8 34 32 15 38 11 14 45 19 29 2 9 50 36 31 12 20 10 47 35 40 27 30 28 46 

Inst_Index:1043 	 City_Num:50 	 Concorde:5.246266 	 MCTS:5.245448 Improve:0.000818 	 Time:3.75 Seconds
Solution: 1 32 50 15 4 47 38 25 37 26 45 31 17 44 34 29 49 12 33 10 5 46 13 22 21 19 7 6 3 42 35 24 43 20 36 27 11 2 28 18 8 14 9 40 30 39 23 41 48 16 

Inst_Index:1044 	 City_Num:50 	 Concorde:5.725886 	 MCTS:5.722927 Improve:0.002959 	 Time:3.75 Seconds
Solution: 1 23 49 31 7 10 47 27 21 24 35 41 30 19 5 32 6 33 11 2 37 20 36 34 45 26 44 16 48 40 28 3 22 50 9 39 8 43 46 42 25 4 18 12 15 29 17 14 13 38 

Inst_Index:1045 	 City_Num:50 	 Concorde:5.581768 	 MCTS:5.581768 Improve:-0.000000 	 Time:3.76 Seconds
Solution: 1 43 6 11 3 40 9 48 22 41 32 19 10 35 46 17 26 28 4 27 20 30 2 29 36 16 21 13 39 8 5 47 18 15 45 44 31 7 38 23 42 33 25 14 12 24 37 50 49 34 

Inst_Index:1046 	 City_Num:50 	 Concorde:5.985517 	 MCTS:5.985517 Improve:-0.000000 	 Time:3.76 Seconds
Solution: 1 43 14 6 9 50 44 11 23 3 36 21 24 20 7 35 46 42 45 38 34 5 18 27 37 26 13 39 15 8 22 47 40 41 32 17 49 12 19 29 4 31 33 28 25 16 2 30 10 48 

Inst_Index:1047 	 City_Num:50 	 Concorde:6.104510 	 MCTS:6.104510 Improve:-0.000000 	 Time:3.78 Seconds
Solution: 1 5 49 32 13 23 48 17 46 29 37 2 22 25 40 10 41 35 24 42 14 50 45 44 18 36 26 27 28 47 11 21 33 8 34 7 16 19 43 12 6 15 30 3 38 39 31 9 4 20 

Inst_Index:1048 	 City_Num:50 	 Concorde:6.042214 	 MCTS:6.036930 Improve:0.005284 	 Time:3.77 Seconds
Solution: 1 22 33 3 37 6 8 36 42 47 41 35 21 32 14 12 46 39 11 5 31 38 45 26 24 2 7 13 15 29 10 9 50 23 4 19 48 25 44 17 49 34 28 30 27 43 16 18 40 20 

Inst_Index:1049 	 City_Num:50 	 Concorde:5.959065 	 MCTS:5.950752 Improve:0.008312 	 Time:3.75 Seconds
Solution: 1 34 36 46 22 20 15 16 12 29 2 42 31 23 40 43 26 44 27 32 50 37 4 41 35 49 47 48 38 3 6 7 9 18 24 45 14 5 19 21 28 30 17 10 13 39 33 25 11 8 

Inst_Index:1050 	 City_Num:50 	 Concorde:5.677130 	 MCTS:5.675540 Improve:0.001589 	 Time:3.76 Seconds
Solution: 1 47 16 30 12 5 2 26 22 31 49 13 20 18 3 42 29 21 10 9 28 44 6 4 14 11 50 40 48 15 37 34 8 43 32 45 27 17 33 35 39 24 46 19 25 38 23 7 36 41 

Inst_Index:1051 	 City_Num:50 	 Concorde:4.996903 	 MCTS:4.996903 Improve:0.000000 	 Time:3.76 Seconds
Solution: 1 11 10 4 26 24 23 42 36 3 48 9 37 28 22 18 29 7 38 46 40 16 25 13 27 44 17 45 5 15 2 49 19 43 39 50 12 32 34 8 35 14 30 33 21 47 41 31 6 20 

Inst_Index:1052 	 City_Num:50 	 Concorde:5.705742 	 MCTS:5.705742 Improve:0.000000 	 Time:3.76 Seconds
Solution: 1 25 18 41 24 48 11 17 23 19 29 40 26 46 2 28 37 32 30 35 45 36 34 49 21 20 47 6 9 10 14 43 8 4 27 38 16 33 15 42 3 7 39 22 12 5 50 31 44 13 

Inst_Index:1053 	 City_Num:50 	 Concorde:5.462505 	 MCTS:5.461728 Improve:0.000778 	 Time:3.76 Seconds
Solution: 1 30 28 41 36 2 25 38 44 34 35 40 11 47 45 50 43 9 29 26 48 21 10 16 19 12 4 5 27 22 33 14 20 39 17 42 7 37 23 6 15 24 8 18 31 3 49 32 46 13 

Inst_Index:1054 	 City_Num:50 	 Concorde:5.909541 	 MCTS:5.909541 Improve:0.000000 	 Time:3.75 Seconds
Solution: 1 46 40 18 17 25 42 30 44 16 2 28 15 10 3 35 33 48 49 7 32 6 5 14 41 12 37 34 24 36 21 13 22 38 31 20 19 23 29 45 27 39 8 50 47 43 11 9 4 26 

Inst_Index:1055 	 City_Num:50 	 Concorde:5.542363 	 MCTS:5.542363 Improve:0.000000 	 Time:3.76 Seconds
Solution: 1 32 28 5 44 24 19 18 46 49 35 2 10 3 13 27 29 38 4 37 48 7 41 42 11 34 33 45 9 30 31 39 50 12 22 17 15 14 23 26 16 43 40 21 47 8 36 25 20 6 

Inst_Index:1056 	 City_Num:50 	 Concorde:5.289731 	 MCTS:5.284405 Improve:0.005326 	 Time:3.76 Seconds
Solution: 1 10 35 50 48 20 44 12 3 14 34 39 19 13 16 29 6 4 28 2 32 8 43 15 27 23 41 45 49 9 31 18 22 11 33 46 7 36 37 38 17 26 30 5 25 21 47 24 40 42 

Inst_Index:1057 	 City_Num:50 	 Concorde:5.475899 	 MCTS:5.469226 Improve:0.006674 	 Time:3.76 Seconds
Solution: 1 26 42 38 28 45 10 20 30 8 7 14 50 31 40 48 4 5 41 49 47 11 25 13 17 34 24 37 46 36 39 2 16 44 35 18 43 12 3 19 29 33 15 22 6 9 21 27 23 32 

Inst_Index:1058 	 City_Num:50 	 Concorde:5.434496 	 MCTS:5.434496 Improve:-0.000000 	 Time:3.76 Seconds
Solution: 1 7 37 40 41 19 30 6 48 27 8 39 49 36 21 35 38 16 4 20 43 11 28 13 12 44 10 50 33 34 17 47 31 18 24 23 42 29 3 15 32 14 45 2 22 5 9 25 26 46 

Inst_Index:1059 	 City_Num:50 	 Concorde:5.152523 	 MCTS:5.152523 Improve:0.000000 	 Time:3.76 Seconds
Solution: 1 50 32 31 46 47 20 27 45 16 49 21 7 22 4 42 25 44 11 3 30 48 18 24 14 2 41 40 35 37 29 26 6 17 33 23 8 19 15 12 43 38 10 28 36 13 39 34 9 5 

Inst_Index:1060 	 City_Num:50 	 Concorde:5.870728 	 MCTS:5.870728 Improve:-0.000000 	 Time:3.75 Seconds
Solution: 1 41 31 2 11 39 47 25 24 20 16 6 17 18 26 35 34 44 43 7 28 3 46 32 36 5 45 4 10 9 14 8 40 38 49 30 22 12 37 33 48 21 23 50 15 29 27 13 42 19 

Inst_Index:1061 	 City_Num:50 	 Concorde:5.684693 	 MCTS:5.684693 Improve:0.000000 	 Time:3.75 Seconds
Solution: 1 34 26 20 45 48 24 21 11 33 17 22 2 4 42 43 47 25 13 44 10 50 19 27 18 23 7 41 8 36 31 28 38 35 16 37 15 14 40 49 3 29 12 39 30 32 6 46 9 5 

Inst_Index:1062 	 City_Num:50 	 Concorde:5.605322 	 MCTS:5.597831 Improve:0.007491 	 Time:3.76 Seconds
Solution: 1 25 22 27 33 15 23 49 24 19 29 18 34 20 39 43 10 36 6 4 47 7 42 9 31 38 46 11 17 16 21 30 50 12 44 26 35 14 2 37 13 40 48 32 45 3 41 28 8 5 

Inst_Index:1063 	 City_Num:50 	 Concorde:5.759365 	 MCTS:5.759365 Improve:-0.000000 	 Time:3.76 Seconds
Solution: 1 32 38 9 14 27 39 37 30 25 41 18 21 48 34 5 28 31 45 16 6 20 33 22 47 26 8 23 35 11 50 43 17 13 36 29 10 3 2 19 40 4 42 12 7 46 15 44 49 24 

Inst_Index:1064 	 City_Num:50 	 Concorde:5.464265 	 MCTS:5.460764 Improve:0.003501 	 Time:3.76 Seconds
Solution: 1 16 21 5 37 18 17 30 33 47 31 26 10 4 36 38 40 49 39 19 7 46 50 12 24 20 27 13 8 32 15 23 28 48 25 35 44 9 29 3 2 6 45 41 34 11 43 14 42 22 

Inst_Index:1065 	 City_Num:50 	 Concorde:5.810277 	 MCTS:5.809656 Improve:0.000621 	 Time:3.75 Seconds
Solution: 1 45 31 8 47 42 2 5 13 49 22 9 3 28 29 11 14 36 27 20 26 4 12 34 18 43 41 50 30 39 35 10 38 23 21 46 44 48 25 19 40 37 7 6 17 33 32 15 24 16 

Inst_Index:1066 	 City_Num:50 	 Concorde:6.004793 	 MCTS:6.004793 Improve:0.000000 	 Time:3.76 Seconds
Solution: 1 12 5 7 38 23 21 16 8 41 46 9 32 37 31 14 24 22 3 13 10 25 28 43 19 34 39 50 29 42 17 49 44 27 2 35 45 30 11 18 48 15 26 40 33 47 20 6 4 36 

Inst_Index:1067 	 City_Num:50 	 Concorde:5.556289 	 MCTS:5.552850 Improve:0.003439 	 Time:3.76 Seconds
Solution: 1 31 42 28 34 29 50 12 23 49 45 37 40 38 25 26 35 16 30 8 48 46 20 32 21 33 43 15 14 13 3 4 9 18 36 39 44 10 24 19 7 11 47 22 27 41 6 17 5 2 

Inst_Index:1068 	 City_Num:50 	 Concorde:5.816134 	 MCTS:5.809601 Improve:0.006534 	 Time:3.75 Seconds
Solution: 1 47 25 33 35 43 30 34 18 37 12 45 27 28 46 39 10 5 24 15 14 19 6 29 36 42 44 8 50 4 2 7 16 3 26 38 20 49 48 21 31 13 11 41 32 17 9 40 22 23 

Inst_Index:1069 	 City_Num:50 	 Concorde:5.606373 	 MCTS:5.606191 Improve:0.000182 	 Time:3.76 Seconds
Solution: 1 24 37 22 10 20 27 48 28 25 26 49 50 11 4 42 15 19 44 29 43 46 16 21 8 13 5 39 9 40 7 3 45 31 23 36 17 2 38 30 47 12 6 34 18 41 14 35 33 32 

Inst_Index:1070 	 City_Num:50 	 Concorde:5.415886 	 MCTS:5.403716 Improve:0.012170 	 Time:3.76 Seconds
Solution: 1 27 12 37 23 48 43 18 40 32 9 26 45 25 14 36 29 22 31 6 3 24 8 13 28 35 44 2 38 16 15 30 20 5 34 33 41 47 4 11 21 46 17 39 49 7 10 42 19 50 

Inst_Index:1071 	 City_Num:50 	 Concorde:5.826433 	 MCTS:5.826433 Improve:0.000000 	 Time:3.76 Seconds
Solution: 1 24 18 15 37 36 32 45 34 5 50 25 19 16 2 30 10 27 14 11 42 7 26 17 13 20 41 3 40 47 22 12 44 38 46 49 48 43 28 8 23 9 31 21 39 6 4 35 33 29 

Inst_Index:1072 	 City_Num:50 	 Concorde:5.925807 	 MCTS:5.924707 Improve:0.001100 	 Time:3.76 Seconds
Solution: 1 5 45 31 36 15 14 40 19 11 37 16 4 3 42 49 25 8 21 38 48 24 26 17 44 23 27 12 46 32 2 18 34 13 28 22 10 6 47 41 35 33 7 43 29 50 39 9 20 30 

Inst_Index:1073 	 City_Num:50 	 Concorde:5.947911 	 MCTS:5.947911 Improve:0.000000 	 Time:3.78 Seconds
Solution: 1 6 5 30 21 41 42 27 10 34 2 26 35 24 19 14 31 43 9 23 28 17 13 32 7 46 49 11 38 12 3 4 44 48 37 39 29 25 20 36 18 45 47 50 33 16 15 40 22 8 

Inst_Index:1074 	 City_Num:50 	 Concorde:5.765489 	 MCTS:5.762562 Improve:0.002927 	 Time:3.75 Seconds
Solution: 1 16 13 31 7 38 42 5 50 23 43 45 12 44 15 37 19 3 21 49 29 46 24 22 47 28 8 48 20 18 2 14 33 10 25 34 30 6 39 32 4 27 11 17 9 26 40 36 41 35 

Inst_Index:1075 	 City_Num:50 	 Concorde:5.492299 	 MCTS:5.492299 Improve:-0.000000 	 Time:3.76 Seconds
Solution: 1 4 9 44 11 16 32 34 35 17 10 37 15 8 43 5 47 48 50 41 7 33 29 20 27 13 40 24 18 12 31 19 2 49 23 6 46 3 30 14 25 45 42 21 38 39 28 22 26 36 

Inst_Index:1076 	 City_Num:50 	 Concorde:5.514927 	 MCTS:5.514927 Improve:0.000000 	 Time:3.76 Seconds
Solution: 1 11 2 22 44 12 13 43 7 4 38 39 18 37 14 40 46 27 6 3 35 32 28 25 33 48 8 16 45 29 10 19 50 36 41 15 17 20 5 21 49 26 42 23 34 31 30 24 9 47 

Inst_Index:1077 	 City_Num:50 	 Concorde:5.535230 	 MCTS:5.535230 Improve:-0.000000 	 Time:3.77 Seconds
Solution: 1 37 29 34 11 40 13 9 3 4 36 23 7 2 22 38 19 25 6 20 24 15 39 42 10 45 8 49 47 30 50 26 33 27 46 48 5 28 16 32 44 12 17 35 41 14 43 18 21 31 

Inst_Index:1078 	 City_Num:50 	 Concorde:5.558618 	 MCTS:5.558618 Improve:0.000000 	 Time:3.77 Seconds
Solution: 1 43 18 4 47 41 17 6 23 21 45 16 13 7 12 15 28 38 10 26 25 31 9 32 22 48 37 24 20 11 5 36 42 30 2 39 8 14 27 34 49 33 46 19 40 29 3 50 44 35 

Inst_Index:1079 	 City_Num:50 	 Concorde:5.618197 	 MCTS:5.618197 Improve:0.000000 	 Time:3.76 Seconds
Solution: 1 23 31 5 45 21 33 24 37 14 34 19 2 7 12 32 9 50 27 13 6 25 44 43 16 8 11 35 15 42 36 20 4 18 10 46 26 30 38 41 29 49 17 48 28 3 47 40 39 22 

Inst_Index:1080 	 City_Num:50 	 Concorde:5.351343 	 MCTS:5.351343 Improve:0.000000 	 Time:3.75 Seconds
Solution: 1 45 32 6 23 10 4 42 37 26 44 18 2 28 8 16 19 47 9 13 34 50 20 5 48 27 38 29 15 25 11 22 40 14 12 33 3 49 31 30 7 17 24 35 43 21 46 36 39 41 

Inst_Index:1081 	 City_Num:50 	 Concorde:5.663335 	 MCTS:5.663335 Improve:0.000000 	 Time:3.76 Seconds
Solution: 1 15 45 3 39 40 11 24 17 44 4 29 25 41 33 28 32 7 9 42 26 31 10 23 30 46 13 49 36 2 21 19 47 35 48 43 14 50 37 27 12 20 18 8 38 5 34 16 6 22 

Inst_Index:1082 	 City_Num:50 	 Concorde:5.156782 	 MCTS:5.156782 Improve:-0.000000 	 Time:3.75 Seconds
Solution: 1 29 49 19 26 27 35 30 28 39 7 6 3 44 33 10 9 21 14 13 18 17 16 22 15 32 46 31 38 20 41 42 24 11 5 23 50 48 4 43 40 8 37 25 47 36 45 12 34 2 

Inst_Index:1083 	 City_Num:50 	 Concorde:5.435626 	 MCTS:5.430286 Improve:0.005340 	 Time:3.76 Seconds
Solution: 1 35 44 22 32 2 29 10 47 14 34 17 20 25 27 50 24 3 36 42 16 6 38 37 39 7 21 4 23 26 43 12 49 46 40 18 41 45 31 13 5 28 9 30 19 15 48 8 33 11 

Inst_Index:1084 	 City_Num:50 	 Concorde:6.070039 	 MCTS:6.070039 Improve:-0.000000 	 Time:3.75 Seconds
Solution: 1 18 20 7 26 50 46 32 8 27 34 42 49 16 31 13 11 30 6 2 17 14 36 12 9 5 25 23 22 41 15 24 29 48 35 40 19 47 21 38 28 43 39 45 10 44 33 3 37 4 

Inst_Index:1085 	 City_Num:50 	 Concorde:5.798588 	 MCTS:5.796099 Improve:0.002489 	 Time:3.76 Seconds
Solution: 1 11 15 43 4 8 16 39 32 30 40 45 12 37 10 42 49 35 29 28 46 27 9 44 7 41 17 6 48 23 26 36 31 50 5 13 22 14 18 34 2 38 21 25 24 20 33 47 3 19 

Inst_Index:1086 	 City_Num:50 	 Concorde:5.865423 	 MCTS:5.865423 Improve:0.000000 	 Time:3.77 Seconds
Solution: 1 15 5 21 28 19 18 17 13 42 8 20 11 25 45 40 4 24 9 23 31 14 10 48 27 38 29 39 26 16 2 33 35 44 46 22 49 50 47 30 6 32 43 12 7 34 3 36 37 41 

Inst_Index:1087 	 City_Num:50 	 Concorde:5.381756 	 MCTS:5.381756 Improve:0.000000 	 Time:3.77 Seconds
Solution: 1 31 26 28 19 20 41 5 42 18 21 10 17 37 12 8 7 50 6 33 2 47 15 24 34 40 11 27 3 32 25 22 49 16 44 36 9 35 23 29 46 30 48 4 45 43 13 39 14 38 

Inst_Index:1088 	 City_Num:50 	 Concorde:5.698606 	 MCTS:5.698606 Improve:0.000000 	 Time:3.76 Seconds
Solution: 1 21 20 11 25 47 4 10 49 33 26 22 29 44 48 34 35 50 7 45 41 5 3 36 38 9 12 24 40 42 27 31 46 43 13 2 32 19 16 18 15 6 17 28 37 30 14 39 8 23 

Inst_Index:1089 	 City_Num:50 	 Concorde:5.913046 	 MCTS:5.911264 Improve:0.001783 	 Time:3.77 Seconds
Solution: 1 41 18 24 9 31 16 37 36 22 20 38 14 4 6 23 11 47 34 2 27 15 7 33 42 43 8 50 17 28 13 32 19 46 49 3 29 48 26 25 12 39 40 35 21 5 45 30 10 44 

Inst_Index:1090 	 City_Num:50 	 Concorde:6.080616 	 MCTS:6.080616 Improve:0.000000 	 Time:3.77 Seconds
Solution: 1 12 11 9 35 37 29 47 42 22 5 10 14 16 43 39 48 6 41 26 44 25 31 2 30 17 36 33 34 40 28 3 46 15 50 7 38 23 13 4 24 18 20 32 27 49 19 21 8 45 

Inst_Index:1091 	 City_Num:50 	 Concorde:5.560408 	 MCTS:5.560408 Improve:-0.000000 	 Time:3.77 Seconds
Solution: 1 27 28 44 46 32 41 37 42 18 43 13 40 12 33 21 5 14 17 7 11 50 2 30 8 48 47 3 36 35 26 6 16 25 24 45 20 31 9 39 29 49 22 34 23 10 15 19 38 4 

Inst_Index:1092 	 City_Num:50 	 Concorde:6.033360 	 MCTS:6.029171 Improve:0.004189 	 Time:3.76 Seconds
Solution: 1 44 40 29 16 13 14 6 23 30 45 26 10 22 47 41 50 20 2 9 33 38 35 7 21 8 25 24 28 49 5 15 39 42 43 31 48 34 27 46 32 36 17 19 18 12 11 3 4 37 

Inst_Index:1093 	 City_Num:50 	 Concorde:5.448946 	 MCTS:5.448946 Improve:0.000000 	 Time:3.76 Seconds
Solution: 1 6 37 13 40 20 42 29 45 12 48 11 17 46 22 43 4 31 47 41 30 10 24 33 9 35 50 18 16 27 3 21 44 39 15 36 28 19 38 2 26 25 34 5 14 23 32 8 49 7 

Inst_Index:1094 	 City_Num:50 	 Concorde:5.441741 	 MCTS:5.438392 Improve:0.003349 	 Time:3.76 Seconds
Solution: 1 12 25 36 31 23 8 42 32 33 38 37 3 18 5 40 50 41 2 4 30 20 45 10 28 16 47 22 21 19 48 39 11 27 14 26 15 35 17 46 43 34 9 44 13 49 24 7 6 29 

Inst_Index:1095 	 City_Num:50 	 Concorde:5.663835 	 MCTS:5.663835 Improve:0.000000 	 Time:3.75 Seconds
Solution: 1 20 32 31 6 46 8 38 4 33 2 27 42 12 43 47 37 10 5 28 30 15 18 13 41 50 48 11 25 44 24 17 49 23 9 34 45 22 36 3 19 40 29 35 14 16 39 21 7 26 

Inst_Index:1096 	 City_Num:50 	 Concorde:5.882096 	 MCTS:5.862662 Improve:0.019434 	 Time:3.76 Seconds
Solution: 1 24 35 20 38 36 14 27 32 6 43 5 4 28 39 22 37 13 11 17 50 34 2 47 12 26 33 30 42 8 7 21 3 49 41 29 45 10 25 40 15 23 44 19 16 9 18 48 31 46 

Inst_Index:1097 	 City_Num:50 	 Concorde:5.878214 	 MCTS:5.878214 Improve:0.000000 	 Time:3.76 Seconds
Solution: 1 45 6 46 28 31 24 42 7 18 49 25 23 3 38 44 17 16 20 33 14 8 15 11 9 39 12 37 40 29 34 47 36 10 19 35 50 30 21 26 5 4 13 27 48 43 41 2 32 22 

Inst_Index:1098 	 City_Num:50 	 Concorde:5.804685 	 MCTS:5.804685 Improve:0.000000 	 Time:3.76 Seconds
Solution: 1 34 17 48 39 47 40 10 41 6 28 26 3 36 7 15 14 38 42 46 45 22 4 24 8 16 31 18 21 37 49 2 23 19 13 5 44 29 25 32 35 50 43 33 12 11 9 27 20 30 

Inst_Index:1099 	 City_Num:50 	 Concorde:5.717162 	 MCTS:5.717162 Improve:0.000000 	 Time:3.75 Seconds
Solution: 1 46 44 37 41 10 25 3 16 43 39 2 36 14 50 20 21 32 47 31 40 22 49 45 35 26 24 8 38 7 17 18 12 28 5 11 15 9 30 4 6 33 34 23 48 42 27 29 13 19 

Inst_Index:1100 	 City_Num:50 	 Concorde:5.576169 	 MCTS:5.576169 Improve:-0.000000 	 Time:3.76 Seconds
Solution: 1 38 20 34 47 7 44 8 40 10 3 33 35 6 19 9 11 49 36 18 30 39 26 29 14 16 28 13 31 25 2 37 23 22 15 12 5 46 32 50 24 48 27 21 17 42 4 45 43 41 

Inst_Index:1101 	 City_Num:50 	 Concorde:5.963484 	 MCTS:5.963484 Improve:-0.000000 	 Time:3.76 Seconds
Solution: 1 23 12 26 24 3 9 38 42 32 27 48 22 2 37 16 14 50 31 8 44 6 17 15 19 41 25 45 4 13 18 35 21 33 47 39 34 29 43 28 10 30 40 36 11 5 49 7 46 20 

Inst_Index:1102 	 City_Num:50 	 Concorde:6.074527 	 MCTS:6.067333 Improve:0.007194 	 Time:3.76 Seconds
Solution: 1 23 31 36 44 22 43 18 10 38 12 15 7 35 37 17 41 24 28 14 26 13 32 16 47 46 49 29 30 50 3 39 4 2 34 25 5 11 42 27 6 21 48 33 20 9 45 19 8 40 

Inst_Index:1103 	 City_Num:50 	 Concorde:5.871029 	 MCTS:5.871029 Improve:0.000000 	 Time:3.76 Seconds
Solution: 1 28 10 34 25 32 6 50 26 22 17 4 49 11 45 39 5 2 44 30 18 36 13 38 12 35 19 31 7 9 37 27 33 14 40 23 15 47 48 20 43 8 46 42 21 41 29 24 16 3 

Inst_Index:1104 	 City_Num:50 	 Concorde:5.488596 	 MCTS:5.488596 Improve:0.000000 	 Time:3.77 Seconds
Solution: 1 34 13 42 29 17 50 43 38 14 46 15 33 39 40 25 20 19 35 47 18 6 41 5 9 44 30 16 36 12 37 28 11 21 31 4 48 23 27 7 3 26 8 10 22 24 45 49 2 32 

Inst_Index:1105 	 City_Num:50 	 Concorde:5.624940 	 MCTS:5.624940 Improve:0.000000 	 Time:3.76 Seconds
Solution: 1 36 40 25 2 19 48 23 34 43 41 35 4 18 12 14 5 13 16 44 49 20 42 33 47 17 31 32 15 26 50 8 28 9 3 10 11 45 39 38 30 6 21 46 29 24 37 7 22 27 

Inst_Index:1106 	 City_Num:50 	 Concorde:5.619605 	 MCTS:5.616894 Improve:0.002711 	 Time:3.76 Seconds
Solution: 1 10 27 18 13 6 41 12 22 34 46 20 36 14 48 45 26 31 28 25 9 35 40 21 7 38 5 24 44 8 42 15 50 23 39 2 16 29 17 49 33 30 19 47 11 32 43 3 4 37 

Inst_Index:1107 	 City_Num:50 	 Concorde:5.596999 	 MCTS:5.595526 Improve:0.001472 	 Time:3.77 Seconds
Solution: 1 35 19 28 20 36 11 33 6 4 14 41 42 27 23 10 43 21 37 12 9 16 26 50 17 38 47 15 46 45 34 30 39 48 40 24 22 3 18 25 7 5 2 49 31 29 8 44 32 13 

Inst_Index:1108 	 City_Num:50 	 Concorde:5.554649 	 MCTS:5.554478 Improve:0.000171 	 Time:3.77 Seconds
Solution: 1 6 41 37 8 40 13 24 25 44 34 17 10 16 36 3 12 18 22 42 26 29 28 30 49 33 31 2 4 15 27 32 43 38 11 19 46 50 9 20 21 45 39 47 14 5 23 35 48 7 

Inst_Index:1109 	 City_Num:50 	 Concorde:5.521980 	 MCTS:5.521980 Improve:0.000000 	 Time:3.76 Seconds
Solution: 1 43 50 47 46 49 28 30 8 27 4 21 34 48 26 22 20 7 19 40 9 42 36 15 3 37 17 38 18 31 10 45 32 23 14 25 33 12 11 39 24 41 2 5 16 35 44 29 13 6 

Inst_Index:1110 	 City_Num:50 	 Concorde:5.878422 	 MCTS:5.878422 Improve:0.000000 	 Time:3.77 Seconds
Solution: 1 45 23 50 49 36 4 11 46 44 17 35 7 9 30 41 21 20 10 18 39 3 13 28 43 48 37 29 5 14 40 22 19 33 6 42 8 25 38 24 32 34 31 27 12 26 2 47 15 16 

Inst_Index:1111 	 City_Num:50 	 Concorde:5.533180 	 MCTS:5.533180 Improve:0.000000 	 Time:3.76 Seconds
Solution: 1 47 19 39 50 33 6 44 34 27 18 35 24 9 31 49 12 5 22 16 30 25 20 37 43 28 29 10 32 41 17 23 11 48 36 3 14 7 4 21 45 2 26 40 42 46 15 13 8 38 

Inst_Index:1112 	 City_Num:50 	 Concorde:5.868254 	 MCTS:5.868254 Improve:-0.000000 	 Time:3.75 Seconds
Solution: 1 28 14 41 46 4 7 37 27 20 2 3 23 15 18 26 42 17 32 44 48 38 39 30 5 21 11 35 12 47 25 19 10 13 43 22 29 40 36 9 34 49 45 50 16 24 6 8 33 31 

Inst_Index:1113 	 City_Num:50 	 Concorde:5.893023 	 MCTS:5.892840 Improve:0.000184 	 Time:3.76 Seconds
Solution: 1 16 4 8 47 29 34 25 48 13 11 46 28 35 21 42 43 23 32 30 10 24 37 31 50 22 15 18 27 45 49 19 44 40 2 36 26 7 6 5 20 12 9 41 17 14 39 33 3 38 

Inst_Index:1114 	 City_Num:50 	 Concorde:5.747750 	 MCTS:5.747750 Improve:-0.000000 	 Time:3.75 Seconds
Solution: 1 37 39 4 24 25 18 21 27 33 36 13 48 10 32 30 16 31 12 40 45 38 3 49 14 8 50 23 44 22 29 28 2 42 35 34 26 6 43 7 19 5 17 46 11 41 20 47 15 9 

Inst_Index:1115 	 City_Num:50 	 Concorde:5.996002 	 MCTS:5.996002 Improve:0.000000 	 Time:3.77 Seconds
Solution: 1 11 42 44 46 50 37 17 31 41 35 9 40 43 22 27 30 4 26 23 32 33 28 47 6 15 12 39 45 14 3 29 7 21 34 38 10 8 36 49 2 25 19 48 20 24 5 18 13 16 

Inst_Index:1116 	 City_Num:50 	 Concorde:5.762511 	 MCTS:5.762511 Improve:0.000000 	 Time:3.76 Seconds
Solution: 1 17 23 28 30 26 48 32 15 50 34 9 6 35 12 8 5 41 27 24 25 14 3 2 13 38 47 36 7 20 42 33 39 19 4 18 21 45 40 37 10 43 16 29 31 22 44 46 11 49 

Inst_Index:1117 	 City_Num:50 	 Concorde:5.849537 	 MCTS:5.849537 Improve:0.000000 	 Time:3.77 Seconds
Solution: 1 24 36 8 33 27 26 47 25 2 32 37 38 49 31 35 4 19 10 16 23 13 15 21 43 20 9 34 48 11 46 7 44 5 45 40 14 17 22 12 3 28 39 50 6 29 41 18 30 42 

Inst_Index:1118 	 City_Num:50 	 Concorde:5.952823 	 MCTS:5.952823 Improve:0.000000 	 Time:3.76 Seconds
Solution: 1 21 37 26 19 17 44 41 2 18 10 48 38 12 8 11 4 32 3 14 46 9 13 49 36 28 25 45 15 42 24 23 47 6 20 7 27 29 30 5 16 34 43 39 33 31 40 22 50 35 

Inst_Index:1119 	 City_Num:50 	 Concorde:5.669734 	 MCTS:5.669734 Improve:0.000000 	 Time:3.76 Seconds
Solution: 1 28 31 19 48 8 5 21 17 39 37 46 36 12 3 20 9 6 47 10 44 22 45 30 33 32 25 15 7 35 40 24 4 23 27 50 38 43 2 49 16 34 11 29 13 42 41 26 18 14 

Inst_Index:1120 	 City_Num:50 	 Concorde:6.068159 	 MCTS:6.068159 Improve:0.000000 	 Time:3.76 Seconds
Solution: 1 50 13 11 21 28 43 34 12 49 47 6 25 37 30 19 14 35 18 44 31 32 9 33 24 42 48 2 29 41 46 36 5 16 45 22 17 10 27 40 15 7 23 26 38 8 20 4 3 39 

Inst_Index:1121 	 City_Num:50 	 Concorde:6.011618 	 MCTS:6.009304 Improve:0.002313 	 Time:3.75 Seconds
Solution: 1 38 26 41 8 39 49 5 16 19 20 31 46 35 18 44 28 13 32 40 15 30 6 36 4 2 22 24 23 29 34 50 25 3 11 21 42 7 14 12 10 9 43 27 47 33 37 45 48 17 

Inst_Index:1122 	 City_Num:50 	 Concorde:5.744507 	 MCTS:5.740418 Improve:0.004088 	 Time:3.75 Seconds
Solution: 1 13 17 15 31 38 9 27 37 14 8 28 30 16 19 12 33 3 40 48 6 10 21 43 42 34 39 5 29 20 47 24 44 25 41 32 18 26 49 50 7 36 45 46 22 2 35 11 4 23 

Inst_Index:1123 	 City_Num:50 	 Concorde:5.871423 	 MCTS:5.871423 Improve:0.000000 	 Time:3.76 Seconds
Solution: 1 10 46 37 29 3 40 9 7 15 11 23 48 43 41 26 28 36 35 44 42 20 33 25 5 13 17 39 12 32 49 18 22 30 19 8 27 6 2 31 4 34 38 14 50 21 45 24 47 16 

Inst_Index:1124 	 City_Num:50 	 Concorde:5.869003 	 MCTS:5.869003 Improve:-0.000000 	 Time:3.75 Seconds
Solution: 1 47 16 23 22 27 34 41 43 7 26 36 29 28 44 8 33 45 39 12 6 14 50 32 35 37 30 49 3 2 42 40 15 38 13 10 48 17 11 19 24 4 5 18 31 21 25 46 9 20 

Inst_Index:1125 	 City_Num:50 	 Concorde:5.794667 	 MCTS:5.794667 Improve:-0.000000 	 Time:3.76 Seconds
Solution: 1 30 11 3 49 39 17 46 41 14 23 40 15 27 16 25 6 24 32 22 38 9 26 31 21 47 45 50 36 34 13 43 18 7 28 33 12 20 44 5 42 37 35 2 4 10 19 29 8 48 

Inst_Index:1126 	 City_Num:50 	 Concorde:5.990894 	 MCTS:5.985075 Improve:0.005819 	 Time:3.75 Seconds
Solution: 1 2 46 36 5 28 25 20 31 30 18 39 45 17 6 41 43 24 16 10 27 3 48 8 4 13 32 44 21 50 47 34 37 14 40 26 11 38 7 19 9 49 42 15 33 29 23 22 35 12 

Inst_Index:1127 	 City_Num:50 	 Concorde:5.605801 	 MCTS:5.605801 Improve:0.000000 	 Time:3.75 Seconds
Solution: 1 40 3 47 16 5 20 44 42 13 50 43 4 12 27 33 30 36 37 9 29 8 31 14 6 35 15 24 11 49 19 2 26 45 32 38 23 18 39 34 28 17 41 7 22 46 25 10 21 48 

Inst_Index:1128 	 City_Num:50 	 Concorde:5.710824 	 MCTS:5.710824 Improve:0.000000 	 Time:3.75 Seconds
Solution: 1 34 31 9 15 25 23 30 39 37 18 2 43 40 20 46 4 48 42 44 38 27 26 5 19 28 29 35 8 13 22 41 21 36 3 32 11 45 49 12 17 50 6 14 10 33 16 7 47 24 

Inst_Index:1129 	 City_Num:50 	 Concorde:5.644409 	 MCTS:5.644409 Improve:0.000000 	 Time:3.76 Seconds
Solution: 1 41 16 45 2 32 25 37 27 46 21 9 24 34 48 17 31 43 42 5 7 50 30 13 10 18 38 29 4 47 11 22 8 12 33 40 3 49 35 36 44 15 20 19 14 28 26 6 39 23 

Inst_Index:1130 	 City_Num:50 	 Concorde:6.003106 	 MCTS:6.003106 Improve:0.000000 	 Time:3.75 Seconds
Solution: 1 31 17 18 3 50 40 42 5 16 32 37 28 38 14 41 44 22 4 45 15 8 6 47 12 26 43 29 19 33 30 11 34 49 9 10 2 36 46 35 23 20 13 25 27 7 21 24 48 39 

Inst_Index:1131 	 City_Num:50 	 Concorde:5.889042 	 MCTS:5.880811 Improve:0.008231 	 Time:3.77 Seconds
Solution: 1 30 7 22 47 46 34 16 13 23 14 40 28 45 2 29 43 3 12 17 21 36 37 35 9 8 44 42 48 6 50 15 41 31 18 24 19 38 25 5 33 4 10 49 11 39 26 20 27 32 

Inst_Index:1132 	 City_Num:50 	 Concorde:5.375170 	 MCTS:5.372171 Improve:0.002999 	 Time:3.75 Seconds
Solution: 1 24 36 17 25 41 27 14 11 47 22 38 33 32 18 13 5 3 29 20 30 23 31 21 49 12 40 34 46 4 10 26 39 16 8 45 7 15 44 42 28 43 48 19 6 35 2 37 50 9 

Inst_Index:1133 	 City_Num:50 	 Concorde:5.847303 	 MCTS:5.847303 Improve:-0.000000 	 Time:3.76 Seconds
Solution: 1 37 49 45 9 27 24 36 10 4 13 7 48 2 40 16 47 3 26 41 30 39 5 11 25 22 28 43 18 35 17 15 44 42 32 23 38 29 8 14 34 20 21 46 33 50 12 6 19 31 

Inst_Index:1134 	 City_Num:50 	 Concorde:5.540863 	 MCTS:5.538211 Improve:0.002652 	 Time:3.77 Seconds
Solution: 1 16 42 32 21 8 29 34 39 44 31 2 3 28 24 45 35 4 43 23 33 25 15 9 37 20 6 12 5 46 30 13 10 49 38 11 22 27 41 40 18 17 7 19 48 47 36 50 26 14 

Inst_Index:1135 	 City_Num:50 	 Concorde:5.815783 	 MCTS:5.814793 Improve:0.000989 	 Time:3.77 Seconds
Solution: 1 22 13 48 27 44 31 41 34 24 33 36 40 10 12 21 50 47 16 14 46 43 23 32 15 28 35 11 25 29 39 5 30 6 45 18 38 7 8 2 3 20 37 4 49 17 42 9 19 26 

Inst_Index:1136 	 City_Num:50 	 Concorde:5.641639 	 MCTS:5.641433 Improve:0.000206 	 Time:3.76 Seconds
Solution: 1 21 34 22 39 25 3 47 50 33 18 8 14 10 28 12 43 42 27 49 20 44 45 26 29 23 37 46 24 7 48 17 5 15 38 41 19 36 35 31 13 40 9 16 30 11 4 6 2 32 

Inst_Index:1137 	 City_Num:50 	 Concorde:6.087957 	 MCTS:6.087841 Improve:0.000115 	 Time:3.75 Seconds
Solution: 1 49 2 22 33 34 29 24 27 12 10 11 37 36 38 9 17 4 25 30 14 41 8 19 16 5 6 15 35 20 26 32 23 42 13 3 18 44 21 39 43 28 7 40 45 48 31 46 50 47 

Inst_Index:1138 	 City_Num:50 	 Concorde:5.707699 	 MCTS:5.705242 Improve:0.002457 	 Time:3.75 Seconds
Solution: 1 26 40 27 7 42 17 33 16 3 19 31 25 34 24 14 46 2 50 38 30 37 32 35 39 23 21 8 41 12 48 44 11 29 18 6 5 13 43 4 22 36 47 15 45 28 20 49 9 10 

Inst_Index:1139 	 City_Num:50 	 Concorde:5.817698 	 MCTS:5.817698 Improve:0.000000 	 Time:3.75 Seconds
Solution: 1 34 12 11 17 45 32 19 13 28 2 35 48 37 24 49 22 18 30 26 39 4 29 21 8 40 9 44 38 31 10 16 46 47 43 6 33 20 36 3 23 5 14 25 27 42 41 15 7 50 

Inst_Index:1140 	 City_Num:50 	 Concorde:5.393483 	 MCTS:5.390744 Improve:0.002740 	 Time:3.77 Seconds
Solution: 1 32 20 15 35 9 47 44 46 28 5 8 18 49 3 34 39 25 7 24 23 48 42 10 45 11 14 2 21 4 17 40 50 33 27 38 6 16 41 43 19 26 13 22 12 29 31 37 30 36 

Inst_Index:1141 	 City_Num:50 	 Concorde:5.817005 	 MCTS:5.805134 Improve:0.011871 	 Time:3.75 Seconds
Solution: 1 25 5 24 22 34 20 28 6 29 2 31 10 47 49 21 39 3 46 9 45 18 36 11 48 23 15 7 50 43 41 38 12 40 4 27 37 19 8 14 33 16 35 32 13 42 17 26 44 30 

Inst_Index:1142 	 City_Num:50 	 Concorde:5.317290 	 MCTS:5.317290 Improve:-0.000000 	 Time:3.75 Seconds
Solution: 1 29 36 28 6 22 40 9 17 7 5 38 46 30 24 47 25 49 48 44 21 20 11 34 37 8 3 16 42 43 50 19 4 31 14 18 10 33 39 12 15 23 26 35 32 2 45 13 41 27 

Inst_Index:1143 	 City_Num:50 	 Concorde:5.425302 	 MCTS:5.423082 Improve:0.002219 	 Time:3.76 Seconds
Solution: 1 36 32 9 15 30 17 26 12 21 10 13 20 4 37 16 6 50 46 22 31 14 27 38 7 45 40 23 42 25 8 34 11 48 41 18 39 49 33 35 19 2 28 24 29 47 43 5 3 44 

Inst_Index:1144 	 City_Num:50 	 Concorde:5.262599 	 MCTS:5.262599 Improve:0.000000 	 Time:3.76 Seconds
Solution: 1 41 48 20 9 21 49 5 22 17 6 35 46 8 47 25 33 7 26 10 3 24 30 43 28 15 19 50 18 32 16 14 38 45 23 31 34 42 4 36 27 12 29 39 40 44 2 37 11 13 

Inst_Index:1145 	 City_Num:50 	 Concorde:5.675399 	 MCTS:5.675399 Improve:-0.000000 	 Time:3.77 Seconds
Solution: 1 45 10 50 31 35 16 27 30 47 49 22 2 17 29 34 11 14 19 43 48 7 25 4 39 5 3 8 28 38 42 26 33 21 32 18 37 20 40 23 15 6 24 36 44 9 13 41 46 12 

Inst_Index:1146 	 City_Num:50 	 Concorde:5.776169 	 MCTS:5.774446 Improve:0.001723 	 Time:3.76 Seconds
Solution: 1 42 25 36 50 16 3 23 6 15 27 45 48 2 47 34 4 49 19 5 39 41 33 28 24 44 32 43 38 26 18 31 21 7 12 37 8 17 13 9 14 30 11 20 10 22 29 40 46 35 

Inst_Index:1147 	 City_Num:50 	 Concorde:5.811443 	 MCTS:5.811243 Improve:0.000200 	 Time:3.76 Seconds
Solution: 1 19 39 18 5 12 30 27 25 45 16 3 26 9 10 14 36 20 33 32 28 15 22 40 2 23 29 38 47 8 34 35 41 37 44 46 24 17 21 42 43 13 31 4 7 48 50 6 49 11 

Inst_Index:1148 	 City_Num:50 	 Concorde:5.437894 	 MCTS:5.432902 Improve:0.004992 	 Time:3.75 Seconds
Solution: 1 45 17 30 40 10 11 47 24 42 12 41 25 36 3 2 48 26 15 44 39 13 5 6 28 50 16 8 32 19 35 49 22 33 7 29 21 46 31 14 18 23 9 37 38 27 34 20 4 43 

Inst_Index:1149 	 City_Num:50 	 Concorde:5.955763 	 MCTS:5.955763 Improve:0.000000 	 Time:3.75 Seconds
Solution: 1 32 20 29 21 3 8 23 9 37 16 13 41 35 19 49 46 27 50 24 18 38 6 10 7 48 12 31 40 45 30 42 4 39 44 34 5 17 22 43 28 25 47 14 33 26 36 2 11 15 

Inst_Index:1150 	 City_Num:50 	 Concorde:5.851664 	 MCTS:5.845667 Improve:0.005998 	 Time:3.75 Seconds
Solution: 1 38 36 20 12 21 10 18 28 22 25 7 40 2 6 9 27 31 32 47 11 29 37 19 43 49 3 46 5 42 24 33 8 4 13 16 50 23 41 48 17 14 45 39 26 35 15 44 34 30 

Inst_Index:1151 	 City_Num:50 	 Concorde:6.080985 	 MCTS:6.080985 Improve:0.000000 	 Time:3.75 Seconds
Solution: 1 48 12 21 35 14 47 30 42 20 3 8 49 27 46 45 39 43 6 23 41 44 33 7 40 16 5 36 18 24 26 4 25 50 11 28 38 9 2 37 29 17 31 32 15 10 19 34 22 13 

Inst_Index:1152 	 City_Num:50 	 Concorde:5.495582 	 MCTS:5.493612 Improve:0.001971 	 Time:3.76 Seconds
Solution: 1 7 43 2 42 40 15 13 47 5 45 48 14 50 38 49 31 11 4 28 34 19 24 3 46 12 25 17 20 16 36 44 8 22 26 32 10 29 37 35 6 27 33 41 39 30 9 18 23 21 

Inst_Index:1153 	 City_Num:50 	 Concorde:5.662530 	 MCTS:5.662530 Improve:0.000000 	 Time:3.76 Seconds
Solution: 1 2 24 25 28 47 4 39 20 6 23 17 21 30 22 41 35 26 45 46 40 3 48 50 42 32 29 10 36 13 31 34 15 8 49 12 11 14 44 5 33 7 18 37 16 38 19 9 43 27 

Inst_Index:1154 	 City_Num:50 	 Concorde:5.870552 	 MCTS:5.867249 Improve:0.003304 	 Time:3.75 Seconds
Solution: 1 22 28 10 15 49 31 25 45 29 6 40 44 43 32 42 5 39 26 4 3 2 18 8 34 37 17 16 9 11 41 23 35 30 38 33 50 13 48 46 47 21 12 24 14 36 20 7 19 27 

Inst_Index:1155 	 City_Num:50 	 Concorde:5.317593 	 MCTS:5.317593 Improve:0.000000 	 Time:3.75 Seconds
Solution: 1 32 7 37 48 21 24 28 42 26 10 8 5 11 41 29 39 25 14 4 49 50 9 12 47 19 44 3 45 35 2 17 18 13 20 27 34 40 33 16 43 23 30 38 15 6 31 46 22 36 

Inst_Index:1156 	 City_Num:50 	 Concorde:6.148309 	 MCTS:6.148309 Improve:0.000000 	 Time:3.76 Seconds
Solution: 1 38 10 31 9 46 13 11 49 20 35 7 30 37 24 8 39 25 2 15 19 16 29 23 45 18 40 26 33 4 21 27 48 43 28 50 22 34 6 14 12 36 41 17 42 32 3 47 44 5 

Inst_Index:1157 	 City_Num:50 	 Concorde:5.519782 	 MCTS:5.517686 Improve:0.002096 	 Time:3.75 Seconds
Solution: 1 33 46 21 16 40 36 25 13 50 30 9 17 5 31 49 7 29 8 2 3 18 22 41 45 6 32 28 20 35 12 19 14 34 23 10 39 4 27 42 48 11 44 43 24 47 26 38 37 15 

Inst_Index:1158 	 City_Num:50 	 Concorde:5.415056 	 MCTS:5.409327 Improve:0.005729 	 Time:3.75 Seconds
Solution: 1 41 9 12 15 22 39 25 37 13 47 8 10 32 27 36 33 38 21 48 50 18 28 42 17 23 6 46 43 34 7 19 26 45 31 24 30 5 40 20 4 3 35 29 16 2 14 49 44 11 

Inst_Index:1159 	 City_Num:50 	 Concorde:5.907241 	 MCTS:5.907241 Improve:0.000000 	 Time:3.76 Seconds
Solution: 1 17 6 47 20 43 14 38 31 15 24 2 13 5 44 40 32 3 19 29 35 18 16 34 10 12 41 27 46 42 21 26 49 9 33 45 11 23 36 28 25 7 22 48 37 39 4 50 30 8 

Inst_Index:1160 	 City_Num:50 	 Concorde:6.198499 	 MCTS:6.194348 Improve:0.004151 	 Time:3.76 Seconds
Solution: 1 25 22 38 13 14 48 39 2 24 44 15 49 35 29 6 37 50 30 3 33 12 36 42 32 11 16 19 45 8 41 40 10 20 46 9 34 7 31 27 5 26 21 18 4 43 23 47 28 17 

Inst_Index:1161 	 City_Num:50 	 Concorde:5.591650 	 MCTS:5.591650 Improve:-0.000000 	 Time:3.75 Seconds
Solution: 1 12 14 2 35 45 26 39 49 32 19 5 7 38 34 37 41 33 43 23 17 48 42 50 9 13 28 8 22 40 27 46 11 36 10 16 31 44 3 21 20 25 30 6 47 24 18 29 15 4 

Inst_Index:1162 	 City_Num:50 	 Concorde:5.154145 	 MCTS:5.154145 Improve:0.000000 	 Time:3.77 Seconds
Solution: 1 39 11 36 45 21 17 2 24 15 50 48 3 31 40 7 43 35 38 26 29 42 32 23 46 33 20 30 28 16 8 47 19 18 34 13 4 49 22 27 5 6 14 25 44 41 10 9 37 12 

Inst_Index:1163 	 City_Num:50 	 Concorde:5.331641 	 MCTS:5.330086 Improve:0.001556 	 Time:3.76 Seconds
Solution: 1 40 47 20 13 18 27 34 46 32 22 6 3 48 49 35 28 9 5 50 26 37 29 36 17 38 4 45 42 7 14 10 30 16 12 44 31 39 15 25 11 8 23 21 33 43 24 2 41 19 

Inst_Index:1164 	 City_Num:50 	 Concorde:6.104752 	 MCTS:6.100199 Improve:0.004553 	 Time:3.76 Seconds
Solution: 1 17 27 5 38 25 19 39 4 32 15 23 3 13 12 43 45 48 20 47 9 30 34 21 8 26 7 11 37 29 22 36 44 2 50 40 42 14 18 24 49 28 41 35 6 33 46 16 10 31 

Inst_Index:1165 	 City_Num:50 	 Concorde:5.797441 	 MCTS:5.797441 Improve:-0.000000 	 Time:3.76 Seconds
Solution: 1 26 10 31 16 23 27 20 41 30 28 15 35 11 3 14 22 5 4 34 19 50 17 13 25 32 18 6 37 21 43 39 45 44 36 33 9 48 42 38 2 47 49 8 40 7 29 24 12 46 

Inst_Index:1166 	 City_Num:50 	 Concorde:5.494881 	 MCTS:5.494261 Improve:0.000620 	 Time:3.77 Seconds
Solution: 1 18 22 44 7 9 45 5 6 49 27 19 2 11 37 34 28 31 47 38 33 20 23 8 41 17 50 42 40 15 48 39 13 32 10 16 35 26 25 3 46 43 36 24 12 21 30 29 14 4 

Inst_Index:1167 	 City_Num:50 	 Concorde:5.888908 	 MCTS:5.888908 Improve:0.000000 	 Time:3.77 Seconds
Solution: 1 43 22 32 49 30 19 37 33 26 35 11 8 48 34 2 12 18 3 40 23 24 47 14 15 38 44 16 5 6 41 21 28 29 50 13 42 20 4 25 45 10 31 27 46 9 7 36 17 39 

Inst_Index:1168 	 City_Num:50 	 Concorde:5.923172 	 MCTS:5.923172 Improve:0.000000 	 Time:3.77 Seconds
Solution: 1 37 15 32 25 30 2 12 42 38 50 20 16 40 21 36 27 48 49 34 4 28 11 31 29 6 22 33 10 18 8 44 26 43 5 47 19 41 3 7 9 13 23 24 14 46 39 45 35 17 

Inst_Index:1169 	 City_Num:50 	 Concorde:6.017750 	 MCTS:6.017750 Improve:-0.000000 	 Time:3.76 Seconds
Solution: 1 33 6 47 3 50 24 39 7 2 29 43 22 28 36 25 23 40 45 42 30 35 15 10 38 46 41 17 49 37 48 21 11 8 19 31 5 9 20 27 14 13 12 26 18 4 44 16 32 34 

Inst_Index:1170 	 City_Num:50 	 Concorde:4.997524 	 MCTS:4.997524 Improve:0.000000 	 Time:3.75 Seconds
Solution: 1 3 26 15 43 32 24 11 8 49 45 27 21 30 16 40 48 2 37 7 39 35 14 31 38 22 13 12 17 19 33 29 44 50 42 20 4 18 46 34 47 25 9 5 41 28 36 6 23 10 

Inst_Index:1171 	 City_Num:50 	 Concorde:5.731530 	 MCTS:5.731395 Improve:0.000135 	 Time:3.76 Seconds
Solution: 1 22 16 28 43 17 19 30 8 11 3 29 47 45 26 34 18 10 33 6 37 7 36 42 35 21 5 27 31 41 49 24 14 32 20 46 25 44 39 12 4 38 40 50 23 9 15 2 48 13 

Inst_Index:1172 	 City_Num:50 	 Concorde:5.460304 	 MCTS:5.460304 Improve:-0.000000 	 Time:3.77 Seconds
Solution: 1 18 4 11 46 36 22 17 40 21 49 5 50 24 14 10 15 44 6 28 48 47 38 23 29 41 19 37 3 43 31 20 35 16 25 27 7 33 32 34 12 2 45 30 42 9 39 13 8 26 

Inst_Index:1173 	 City_Num:50 	 Concorde:5.763269 	 MCTS:5.763269 Improve:0.000000 	 Time:3.75 Seconds
Solution: 1 4 6 22 14 38 29 8 41 30 17 13 40 43 48 35 3 9 39 16 23 42 19 2 47 44 28 31 7 46 36 18 34 24 32 33 11 45 20 12 5 27 50 15 21 37 49 10 25 26 

Inst_Index:1174 	 City_Num:50 	 Concorde:5.777648 	 MCTS:5.777648 Improve:-0.000000 	 Time:3.76 Seconds
Solution: 1 18 21 27 34 5 47 14 48 45 16 7 25 2 10 41 15 29 24 35 23 11 22 39 12 9 20 43 49 26 44 36 17 42 33 40 4 3 8 28 32 6 31 50 19 30 38 46 37 13 

Inst_Index:1175 	 City_Num:50 	 Concorde:5.906741 	 MCTS:5.905644 Improve:0.001097 	 Time:3.75 Seconds
Solution: 1 35 40 28 46 23 44 8 37 4 49 41 50 6 7 33 36 29 47 24 45 31 5 32 2 18 42 48 21 16 10 25 3 19 22 26 43 13 9 14 38 17 39 27 30 20 11 34 12 15 

Inst_Index:1176 	 City_Num:50 	 Concorde:5.325246 	 MCTS:5.325246 Improve:0.000000 	 Time:3.77 Seconds
Solution: 1 20 16 41 39 25 38 23 33 12 28 42 27 49 11 17 21 7 36 35 29 22 14 43 19 6 9 15 30 45 8 3 26 32 47 40 4 48 46 18 13 34 10 2 5 24 50 37 44 31 

Inst_Index:1177 	 City_Num:50 	 Concorde:5.342178 	 MCTS:5.342178 Improve:0.000000 	 Time:3.75 Seconds
Solution: 1 10 3 18 45 6 13 42 49 39 23 41 31 19 40 47 28 24 16 37 33 30 48 12 11 32 8 5 4 9 46 7 35 27 2 22 26 25 29 38 34 17 44 14 20 21 36 43 15 50 

Inst_Index:1178 	 City_Num:50 	 Concorde:4.999983 	 MCTS:4.999983 Improve:0.000000 	 Time:3.75 Seconds
Solution: 1 39 17 27 43 4 2 12 34 25 41 49 36 15 8 50 44 45 11 38 37 28 32 23 16 6 33 48 14 7 26 24 9 29 5 22 20 46 40 18 35 21 47 31 30 3 19 13 42 10 

Inst_Index:1179 	 City_Num:50 	 Concorde:5.904812 	 MCTS:5.904812 Improve:0.000000 	 Time:3.76 Seconds
Solution: 1 39 45 50 18 46 12 22 30 14 43 36 23 26 8 4 2 13 10 6 5 19 3 34 27 35 25 9 7 41 15 21 33 48 16 49 40 20 38 29 37 47 24 17 44 31 28 32 11 42 

Inst_Index:1180 	 City_Num:50 	 Concorde:5.709796 	 MCTS:5.709796 Improve:-0.000000 	 Time:3.75 Seconds
Solution: 1 25 6 21 33 32 37 31 30 49 36 27 5 23 29 15 43 8 4 40 38 26 20 46 19 9 45 3 7 39 28 41 11 17 48 42 14 18 13 10 22 2 34 50 35 12 44 24 16 47 

Inst_Index:1181 	 City_Num:50 	 Concorde:6.044217 	 MCTS:6.039278 Improve:0.004939 	 Time:3.76 Seconds
Solution: 1 3 45 35 18 40 9 21 20 11 4 50 8 36 32 12 44 15 2 10 29 17 41 23 19 6 31 43 48 5 24 14 39 16 46 30 42 28 25 7 33 49 47 37 22 27 13 26 38 34 

Inst_Index:1182 	 City_Num:50 	 Concorde:5.787345 	 MCTS:5.787345 Improve:0.000000 	 Time:3.76 Seconds
Solution: 1 38 22 33 13 41 31 7 45 29 25 6 4 14 39 36 20 46 28 15 49 50 30 5 3 17 2 35 44 40 21 16 34 10 24 37 26 27 32 43 11 9 23 42 8 12 47 48 19 18 

Inst_Index:1183 	 City_Num:50 	 Concorde:5.949194 	 MCTS:5.949194 Improve:-0.000000 	 Time:3.76 Seconds
Solution: 1 31 46 21 17 29 35 10 14 24 8 28 27 6 7 48 5 12 3 20 50 39 37 2 19 33 44 9 25 38 26 34 16 49 15 41 42 22 11 47 30 36 23 32 43 40 13 4 45 18 

Inst_Index:1184 	 City_Num:50 	 Concorde:5.748086 	 MCTS:5.742450 Improve:0.005636 	 Time:3.78 Seconds
Solution: 1 10 50 44 38 25 18 17 46 12 45 47 21 9 26 42 43 30 49 34 27 7 40 11 4 29 14 16 2 36 48 20 32 8 13 31 41 22 33 39 23 3 19 15 37 6 5 35 24 28 

Inst_Index:1185 	 City_Num:50 	 Concorde:5.314517 	 MCTS:5.314517 Improve:0.000000 	 Time:3.76 Seconds
Solution: 1 16 31 43 50 7 6 38 36 32 24 23 47 44 10 19 9 13 27 34 40 42 41 17 5 12 20 45 49 3 28 14 30 46 37 22 39 2 26 33 21 29 25 15 18 11 48 8 35 4 

Inst_Index:1186 	 City_Num:50 	 Concorde:5.708693 	 MCTS:5.706300 Improve:0.002394 	 Time:3.76 Seconds
Solution: 1 9 8 14 42 6 37 3 49 39 10 48 41 15 36 38 22 5 12 25 17 40 4 34 27 21 33 46 44 35 43 47 26 28 18 45 30 11 19 23 2 24 50 32 20 13 16 7 31 29 

Inst_Index:1187 	 City_Num:50 	 Concorde:6.028779 	 MCTS:6.028779 Improve:0.000000 	 Time:3.77 Seconds
Solution: 1 16 29 26 5 49 9 37 20 15 50 22 19 44 31 13 7 39 6 3 42 23 2 17 14 35 32 18 27 25 33 47 36 45 12 10 21 46 41 8 43 4 38 30 40 48 34 24 11 28 

Inst_Index:1188 	 City_Num:50 	 Concorde:5.816362 	 MCTS:5.816362 Improve:0.000000 	 Time:3.75 Seconds
Solution: 1 41 31 19 22 47 18 4 15 21 38 37 10 11 34 42 9 16 20 27 48 2 5 25 39 17 43 35 33 40 50 29 7 44 8 24 28 30 14 36 26 45 6 12 46 3 49 23 13 32 

Inst_Index:1189 	 City_Num:50 	 Concorde:5.539834 	 MCTS:5.535598 Improve:0.004236 	 Time:3.76 Seconds
Solution: 1 36 45 30 28 39 49 27 46 43 22 19 3 44 33 34 16 37 35 24 8 48 17 2 31 7 41 42 9 18 13 47 26 15 23 11 25 6 10 21 14 4 32 20 50 5 40 38 29 12 

Inst_Index:1190 	 City_Num:50 	 Concorde:5.803066 	 MCTS:5.803066 Improve:0.000000 	 Time:3.76 Seconds
Solution: 1 14 44 3 16 19 23 36 33 30 32 29 31 20 35 15 48 39 5 38 37 12 47 50 17 25 27 7 40 34 22 24 46 21 45 9 43 4 11 8 49 13 2 26 28 18 6 10 41 42 

Inst_Index:1191 	 City_Num:50 	 Concorde:5.604219 	 MCTS:5.604219 Improve:0.000000 	 Time:3.77 Seconds
Solution: 1 6 25 23 46 19 21 41 38 18 45 26 24 22 31 28 42 43 17 4 33 32 29 35 11 37 8 44 13 36 39 7 3 34 20 10 48 40 15 49 2 27 9 16 5 50 47 14 30 12 

Inst_Index:1192 	 City_Num:50 	 Concorde:5.798880 	 MCTS:5.791627 Improve:0.007253 	 Time:3.76 Seconds
Solution: 1 24 37 14 48 30 19 45 23 15 7 6 2 22 25 3 35 27 13 32 11 28 49 26 29 18 17 16 33 42 44 9 10 8 39 40 41 46 12 34 43 38 36 47 21 50 5 31 4 20 

Inst_Index:1193 	 City_Num:50 	 Concorde:5.899982 	 MCTS:5.899982 Improve:-0.000000 	 Time:3.77 Seconds
Solution: 1 9 26 17 35 48 49 28 18 10 29 16 34 6 25 36 43 15 23 22 50 2 13 3 4 7 24 14 20 11 46 38 37 31 45 42 30 32 44 19 33 21 27 40 8 12 39 47 5 41 

Inst_Index:1194 	 City_Num:50 	 Concorde:5.810306 	 MCTS:5.810306 Improve:-0.000000 	 Time:3.76 Seconds
Solution: 1 42 17 35 20 36 4 44 27 16 48 40 6 30 45 43 29 32 38 8 33 39 14 46 12 23 28 18 11 21 34 22 7 19 31 13 50 9 2 3 25 41 26 10 5 47 37 24 49 15 

Inst_Index:1195 	 City_Num:50 	 Concorde:5.821695 	 MCTS:5.821695 Improve:0.000000 	 Time:3.76 Seconds
Solution: 1 40 6 14 21 24 8 38 45 30 36 44 13 3 20 47 19 7 17 18 41 28 35 10 4 49 34 5 43 16 31 32 33 50 22 29 46 48 37 23 15 42 12 11 39 2 25 27 26 9 

Inst_Index:1196 	 City_Num:50 	 Concorde:5.882014 	 MCTS:5.882014 Improve:0.000000 	 Time:3.76 Seconds
Solution: 1 2 15 5 45 49 12 11 14 31 17 27 28 50 16 8 44 43 42 47 37 19 9 36 46 39 23 7 4 10 40 21 30 35 41 20 13 38 26 6 34 32 25 3 18 24 29 48 33 22 

Inst_Index:1197 	 City_Num:50 	 Concorde:5.803657 	 MCTS:5.803657 Improve:0.000000 	 Time:3.77 Seconds
Solution: 1 32 48 14 42 37 21 11 31 25 27 5 33 38 7 30 47 34 45 49 9 39 20 16 13 10 8 4 46 41 36 43 29 15 19 50 3 24 40 26 44 18 6 2 28 22 17 12 35 23 

Inst_Index:1198 	 City_Num:50 	 Concorde:5.786335 	 MCTS:5.785974 Improve:0.000361 	 Time:3.77 Seconds
Solution: 1 12 3 38 26 22 39 35 11 37 42 9 45 49 43 2 6 5 46 31 13 7 19 34 48 10 32 33 40 44 36 29 15 28 47 18 24 30 14 23 20 41 25 27 4 21 17 50 16 8 

Inst_Index:1199 	 City_Num:50 	 Concorde:5.746632 	 MCTS:5.746632 Improve:0.000000 	 Time:3.76 Seconds
Solution: 1 49 10 36 25 34 5 4 28 50 47 17 20 45 26 31 30 41 15 27 46 19 13 22 23 12 32 11 2 9 8 33 18 40 24 6 35 42 39 16 21 44 37 3 43 14 38 29 48 7 

Inst_Index:1200 	 City_Num:50 	 Concorde:5.182223 	 MCTS:5.182223 Improve:0.000000 	 Time:3.76 Seconds
Solution: 1 12 45 9 22 17 34 38 18 6 44 8 26 48 46 27 25 20 42 10 36 41 39 37 21 14 50 35 2 24 13 28 11 19 31 32 49 4 30 40 33 5 43 7 3 16 47 15 29 23 

Inst_Index:1201 	 City_Num:50 	 Concorde:5.575899 	 MCTS:5.575026 Improve:0.000873 	 Time:3.76 Seconds
Solution: 1 8 23 43 22 16 41 26 3 10 13 19 6 34 42 36 30 49 14 35 31 29 2 7 45 27 48 4 15 47 5 12 28 39 11 33 18 32 44 24 21 50 46 9 40 37 17 38 20 25 

Inst_Index:1202 	 City_Num:50 	 Concorde:5.298074 	 MCTS:5.298074 Improve:0.000000 	 Time:3.76 Seconds
Solution: 1 7 48 11 3 47 44 20 6 8 36 37 42 29 26 12 16 23 45 9 13 17 15 34 18 49 32 27 38 14 5 22 4 35 31 25 50 24 10 40 2 43 21 30 19 33 41 28 46 39 

Inst_Index:1203 	 City_Num:50 	 Concorde:6.036250 	 MCTS:6.036250 Improve:0.000000 	 Time:3.76 Seconds
Solution: 1 12 23 38 36 16 29 24 44 21 31 32 19 47 43 45 50 18 2 8 35 28 14 39 5 20 9 27 33 10 42 22 6 37 7 40 25 11 41 48 15 13 26 46 17 4 34 3 49 30 

Inst_Index:1204 	 City_Num:50 	 Concorde:5.663831 	 MCTS:5.663831 Improve:-0.000000 	 Time:3.76 Seconds
Solution: 1 46 27 31 13 26 2 47 38 28 10 12 24 17 29 5 44 4 14 34 9 30 19 35 8 23 40 50 25 33 48 37 49 20 7 16 36 42 21 41 15 32 43 18 3 22 39 45 11 6 

Inst_Index:1205 	 City_Num:50 	 Concorde:5.525209 	 MCTS:5.525209 Improve:0.000000 	 Time:3.77 Seconds
Solution: 1 46 50 2 9 13 23 35 47 28 7 6 33 4 43 36 34 32 14 38 10 45 16 3 40 37 44 29 18 39 19 5 22 48 17 26 21 42 27 24 20 8 11 30 31 15 49 41 12 25 

Inst_Index:1206 	 City_Num:50 	 Concorde:5.553700 	 MCTS:5.553700 Improve:0.000000 	 Time:3.76 Seconds
Solution: 1 15 6 17 20 19 32 3 35 23 29 41 24 33 34 9 37 47 2 38 42 21 13 27 40 36 5 45 44 14 8 39 30 50 28 12 49 16 7 31 43 26 25 4 10 46 22 48 11 18 

Inst_Index:1207 	 City_Num:50 	 Concorde:6.180937 	 MCTS:6.180937 Improve:-0.000000 	 Time:3.76 Seconds
Solution: 1 49 45 24 44 35 9 3 13 34 20 30 7 2 11 42 48 33 19 43 50 46 29 5 47 12 26 16 28 8 23 38 4 36 6 40 39 14 18 32 31 21 10 15 41 25 37 27 17 22 

Inst_Index:1208 	 City_Num:50 	 Concorde:6.512266 	 MCTS:6.509519 Improve:0.002746 	 Time:3.76 Seconds
Solution: 1 42 44 14 41 7 29 10 31 47 3 33 9 36 21 12 22 6 26 50 8 28 23 24 40 4 34 27 37 30 35 38 19 43 20 5 16 25 17 15 49 46 45 11 18 32 13 2 39 48 

Inst_Index:1209 	 City_Num:50 	 Concorde:5.524202 	 MCTS:5.524202 Improve:0.000000 	 Time:3.76 Seconds
Solution: 1 42 6 4 21 44 10 27 49 13 37 38 8 14 16 11 36 29 7 50 22 5 47 12 28 2 18 46 45 34 15 32 25 43 35 41 39 3 40 23 30 9 20 24 17 26 31 48 19 33 

Inst_Index:1210 	 City_Num:50 	 Concorde:5.533953 	 MCTS:5.533953 Improve:0.000000 	 Time:3.76 Seconds
Solution: 1 29 12 40 47 30 8 38 10 28 19 33 31 14 27 24 45 16 44 34 17 9 5 50 46 3 6 23 7 36 11 15 2 13 4 49 48 43 37 22 39 26 21 20 42 32 18 41 35 25 

Inst_Index:1211 	 City_Num:50 	 Concorde:5.563545 	 MCTS:5.563545 Improve:0.000000 	 Time:3.76 Seconds
Solution: 1 8 31 42 5 26 24 23 25 13 2 36 41 15 14 35 48 33 12 44 18 47 40 46 4 38 7 30 32 3 50 17 10 16 45 11 9 21 20 6 29 37 19 27 28 39 22 49 43 34 

Inst_Index:1212 	 City_Num:50 	 Concorde:6.013729 	 MCTS:6.013729 Improve:0.000000 	 Time:3.76 Seconds
Solution: 1 25 38 46 12 49 30 33 5 37 40 24 45 34 44 19 7 22 50 14 20 18 6 48 31 42 28 16 15 23 17 13 10 4 11 36 3 32 41 9 35 21 26 39 8 29 27 2 47 43 

Inst_Index:1213 	 City_Num:50 	 Concorde:5.404485 	 MCTS:5.404485 Improve:-0.000000 	 Time:3.75 Seconds
Solution: 1 31 6 24 38 46 43 22 23 18 20 3 32 19 30 41 29 37 25 11 48 13 21 49 14 40 42 12 39 16 10 35 50 4 8 26 2 28 36 5 44 17 9 45 47 27 15 7 33 34 

Inst_Index:1214 	 City_Num:50 	 Concorde:5.590480 	 MCTS:5.590480 Improve:0.000000 	 Time:3.76 Seconds
Solution: 1 3 42 7 19 43 22 15 12 25 44 5 2 36 31 48 47 14 17 10 38 34 9 39 21 18 32 50 11 28 45 30 33 49 35 16 6 24 46 13 26 40 29 41 8 37 23 4 27 20 

Inst_Index:1215 	 City_Num:50 	 Concorde:5.278003 	 MCTS:5.278003 Improve:0.000000 	 Time:3.76 Seconds
Solution: 1 8 22 43 18 32 9 49 46 20 29 19 27 42 36 15 48 12 13 35 4 3 39 31 14 17 23 44 50 24 33 47 10 45 37 40 28 38 16 26 5 25 41 2 30 11 6 34 7 21 

Inst_Index:1216 	 City_Num:50 	 Concorde:5.936803 	 MCTS:5.936803 Improve:-0.000000 	 Time:3.78 Seconds
Solution: 1 2 23 43 47 37 5 33 39 12 14 45 24 46 13 3 9 34 38 26 8 11 29 20 6 42 40 27 22 48 21 18 19 36 32 30 17 50 28 7 35 49 4 10 31 41 16 15 44 25 

Inst_Index:1217 	 City_Num:50 	 Concorde:5.991610 	 MCTS:5.984235 Improve:0.007376 	 Time:3.75 Seconds
Solution: 1 14 21 50 17 9 24 10 16 27 37 25 18 45 19 7 43 49 41 44 34 2 28 46 11 38 33 48 26 8 31 47 5 22 12 35 23 15 32 3 29 42 30 36 13 6 40 39 4 20 

Inst_Index:1218 	 City_Num:50 	 Concorde:5.610549 	 MCTS:5.610549 Improve:0.000000 	 Time:3.76 Seconds
Solution: 1 19 4 2 13 16 28 21 36 27 41 46 35 5 11 10 7 18 26 6 32 30 14 8 40 25 20 39 48 45 50 17 47 44 43 34 23 49 31 22 42 38 9 3 24 37 12 29 15 33 

Inst_Index:1219 	 City_Num:50 	 Concorde:5.352752 	 MCTS:5.352553 Improve:0.000200 	 Time:3.75 Seconds
Solution: 1 18 14 11 50 25 9 33 12 28 27 49 35 6 30 34 38 13 42 4 3 22 29 7 36 48 8 40 24 31 43 37 5 39 44 41 21 47 10 23 46 26 2 17 15 32 16 19 20 45 

Inst_Index:1220 	 City_Num:50 	 Concorde:5.680881 	 MCTS:5.680881 Improve:0.000000 	 Time:3.76 Seconds
Solution: 1 49 16 34 47 35 25 13 21 5 3 43 37 48 23 42 39 29 44 12 4 9 14 17 19 28 6 22 45 46 7 27 40 41 33 31 20 36 8 10 15 50 18 2 24 11 32 26 38 30 

Inst_Index:1221 	 City_Num:50 	 Concorde:5.606992 	 MCTS:5.602010 Improve:0.004982 	 Time:3.77 Seconds
Solution: 1 28 47 41 34 26 6 10 46 25 2 49 39 12 42 38 29 3 13 21 45 9 15 18 31 44 23 11 36 50 43 19 48 35 40 30 33 24 14 8 37 22 16 27 20 17 4 32 7 5 

Inst_Index:1222 	 City_Num:50 	 Concorde:5.451467 	 MCTS:5.442806 Improve:0.008661 	 Time:3.75 Seconds
Solution: 1 45 17 29 14 32 22 38 7 3 26 23 35 20 44 39 8 25 40 2 21 34 9 41 27 31 30 18 16 24 46 11 10 37 47 6 49 4 48 19 42 28 12 33 43 13 15 36 50 5 

Inst_Index:1223 	 City_Num:50 	 Concorde:5.587995 	 MCTS:5.587995 Improve:0.000000 	 Time:3.75 Seconds
Solution: 1 9 50 13 12 45 4 22 19 3 21 43 42 47 10 14 36 6 18 44 26 23 25 37 28 41 17 5 49 40 35 27 20 11 31 15 33 48 24 16 39 46 29 32 34 38 30 8 2 7 

Inst_Index:1224 	 City_Num:50 	 Concorde:5.801840 	 MCTS:5.801840 Improve:-0.000000 	 Time:3.76 Seconds
Solution: 1 22 8 17 28 36 32 20 40 37 34 14 25 30 49 38 9 4 3 39 15 50 23 27 43 19 13 35 26 12 44 16 42 33 31 48 6 10 5 45 7 29 47 46 2 18 11 21 24 41 

Inst_Index:1225 	 City_Num:50 	 Concorde:5.553795 	 MCTS:5.553795 Improve:0.000000 	 Time:3.77 Seconds
Solution: 1 37 28 48 19 32 22 50 42 17 27 36 4 9 45 8 15 2 33 43 3 7 18 24 41 21 39 12 31 44 6 16 49 29 30 47 25 46 40 35 5 10 11 20 38 26 23 14 13 34 

Inst_Index:1226 	 City_Num:50 	 Concorde:5.476521 	 MCTS:5.476521 Improve:0.000000 	 Time:3.76 Seconds
Solution: 1 29 37 20 19 32 43 50 21 24 7 26 45 48 27 23 5 12 17 15 11 38 4 22 16 44 8 25 28 42 49 40 6 33 2 41 34 46 31 14 47 13 36 10 3 30 39 9 35 18 

Inst_Index:1227 	 City_Num:50 	 Concorde:5.126048 	 MCTS:5.126048 Improve:0.000000 	 Time:3.76 Seconds
Solution: 1 10 17 14 22 35 3 15 29 23 37 33 36 8 46 34 27 13 45 2 18 28 20 38 47 48 44 21 30 11 42 7 26 5 31 16 43 9 4 12 41 40 25 32 6 50 19 39 49 24 

Inst_Index:1228 	 City_Num:50 	 Concorde:5.807108 	 MCTS:5.807108 Improve:0.000000 	 Time:3.76 Seconds
Solution: 1 32 18 2 33 14 40 37 15 22 25 27 6 20 46 41 3 42 16 7 36 38 28 4 47 26 43 39 10 23 24 17 9 12 31 5 8 50 48 13 49 45 30 11 29 35 34 21 19 44 

Inst_Index:1229 	 City_Num:50 	 Concorde:5.793241 	 MCTS:5.791133 Improve:0.002108 	 Time:3.77 Seconds
Solution: 1 12 42 45 13 39 31 23 38 33 6 21 18 17 7 40 46 3 24 35 47 16 4 22 19 2 44 15 25 27 30 32 14 5 10 8 37 49 29 50 48 20 26 36 43 9 41 34 28 11 

Inst_Index:1230 	 City_Num:50 	 Concorde:5.967604 	 MCTS:5.967604 Improve:-0.000000 	 Time:3.75 Seconds
Solution: 1 41 21 3 46 50 42 24 49 11 29 23 4 48 40 27 18 9 13 10 28 38 43 33 44 16 12 20 7 32 22 26 45 5 36 31 25 17 6 8 39 47 34 37 19 15 2 14 30 35 

Inst_Index:1231 	 City_Num:50 	 Concorde:5.940034 	 MCTS:5.928509 Improve:0.011524 	 Time:3.76 Seconds
Solution: 1 5 38 12 9 11 10 7 15 2 21 13 23 34 22 25 30 42 35 50 36 43 24 26 19 20 39 40 44 18 32 3 37 28 8 17 46 16 49 6 4 47 29 14 31 45 41 48 33 27 

Inst_Index:1232 	 City_Num:50 	 Concorde:5.859374 	 MCTS:5.857232 Improve:0.002142 	 Time:3.76 Seconds
Solution: 1 32 11 50 4 7 20 30 46 39 31 24 28 33 5 22 13 34 26 12 42 3 38 14 17 10 9 25 8 45 16 23 37 29 47 27 44 2 21 48 35 19 41 49 43 36 6 15 18 40 

Inst_Index:1233 	 City_Num:50 	 Concorde:5.151698 	 MCTS:5.147438 Improve:0.004260 	 Time:3.77 Seconds
Solution: 1 38 25 28 41 26 4 6 48 31 12 34 21 43 14 29 33 40 20 44 35 27 13 17 16 46 19 15 32 11 18 47 10 7 49 24 37 39 45 3 42 22 50 23 36 2 30 5 9 8 

Inst_Index:1234 	 City_Num:50 	 Concorde:5.287679 	 MCTS:5.287039 Improve:0.000640 	 Time:3.75 Seconds
Solution: 1 2 47 6 18 9 4 25 46 14 17 22 24 31 49 5 27 10 3 15 34 20 44 11 19 16 48 23 30 8 40 12 45 32 28 7 33 36 21 50 29 39 35 38 13 43 42 26 41 37 

Inst_Index:1235 	 City_Num:50 	 Concorde:5.461640 	 MCTS:5.461640 Improve:-0.000000 	 Time:3.76 Seconds
Solution: 1 25 7 16 44 5 35 12 14 6 33 8 27 11 4 26 23 48 38 21 3 18 42 41 28 22 20 32 45 19 47 15 17 37 2 29 50 24 39 49 13 36 9 46 30 10 34 43 31 40 

Inst_Index:1236 	 City_Num:50 	 Concorde:5.679144 	 MCTS:5.679144 Improve:0.000000 	 Time:3.76 Seconds
Solution: 1 28 44 35 49 11 22 39 6 31 18 17 47 50 19 12 40 24 34 15 41 33 16 14 26 23 27 21 3 37 20 32 45 10 4 30 5 9 13 43 2 42 29 46 36 7 8 48 25 38 

Inst_Index:1237 	 City_Num:50 	 Concorde:5.638642 	 MCTS:5.638642 Improve:0.000000 	 Time:3.76 Seconds
Solution: 1 14 3 36 5 29 20 41 13 38 49 19 27 6 2 26 43 7 16 47 33 30 17 34 46 8 50 31 37 32 11 24 44 15 18 28 22 42 35 45 48 40 23 12 9 39 21 4 25 10 

Inst_Index:1238 	 City_Num:50 	 Concorde:5.431146 	 MCTS:5.416901 Improve:0.014246 	 Time:3.76 Seconds
Solution: 1 12 8 39 4 34 2 36 41 15 17 13 30 11 35 44 31 23 27 25 43 18 38 16 47 49 24 14 19 33 7 46 37 42 45 10 9 6 21 20 48 50 40 5 28 26 32 29 22 3 

Inst_Index:1239 	 City_Num:50 	 Concorde:5.410766 	 MCTS:5.410766 Improve:-0.000000 	 Time:3.75 Seconds
Solution: 1 32 5 25 13 4 17 35 42 27 11 29 48 44 39 8 24 30 3 26 22 23 28 9 18 20 38 6 43 16 14 49 15 34 7 45 37 36 33 2 10 47 19 41 40 31 21 46 12 50 

Inst_Index:1240 	 City_Num:50 	 Concorde:5.552963 	 MCTS:5.552963 Improve:-0.000000 	 Time:3.78 Seconds
Solution: 1 24 20 15 7 48 32 30 33 42 11 14 18 6 8 38 29 49 36 13 28 19 4 25 10 34 17 5 31 47 35 44 50 23 37 26 39 27 9 41 22 12 21 46 45 3 16 2 40 43 

Inst_Index:1241 	 City_Num:50 	 Concorde:6.010929 	 MCTS:6.010929 Improve:0.000000 	 Time:3.77 Seconds
Solution: 1 21 31 45 19 7 30 49 42 12 14 17 29 8 27 5 39 26 9 28 36 11 25 4 47 15 44 16 18 40 37 38 50 20 33 24 2 3 23 46 32 10 13 43 22 35 41 34 6 48 

Inst_Index:1242 	 City_Num:50 	 Concorde:5.962608 	 MCTS:5.962608 Improve:-0.000000 	 Time:3.77 Seconds
Solution: 1 38 13 44 26 33 22 41 8 46 34 49 18 19 7 45 14 35 31 25 10 32 48 29 36 5 42 23 3 43 40 4 21 28 24 37 16 11 9 39 6 50 20 2 15 17 47 27 30 12 

Inst_Index:1243 	 City_Num:50 	 Concorde:5.640705 	 MCTS:5.640705 Improve:-0.000000 	 Time:3.77 Seconds
Solution: 1 27 8 44 5 28 48 6 13 2 15 36 22 50 40 32 45 46 37 7 17 41 19 12 14 31 18 16 33 47 24 3 35 43 49 25 21 11 34 38 9 10 42 4 39 20 23 30 26 29 

Inst_Index:1244 	 City_Num:50 	 Concorde:5.444720 	 MCTS:5.444720 Improve:0.000000 	 Time:3.76 Seconds
Solution: 1 36 23 3 10 13 47 25 14 8 15 50 40 4 16 34 38 33 32 24 44 49 17 9 39 43 22 27 12 6 41 2 45 18 48 5 29 46 42 26 37 28 35 30 11 21 19 20 31 7 

Inst_Index:1245 	 City_Num:50 	 Concorde:5.950265 	 MCTS:5.950265 Improve:-0.000000 	 Time:3.76 Seconds
Solution: 1 39 46 43 3 20 9 19 8 32 42 24 23 14 4 31 33 22 10 16 44 41 45 36 18 7 25 2 11 6 17 35 48 49 5 13 47 40 30 38 29 27 12 21 28 34 37 50 15 26 

Inst_Index:1246 	 City_Num:50 	 Concorde:5.522329 	 MCTS:5.522329 Improve:0.000000 	 Time:3.75 Seconds
Solution: 1 29 32 10 28 20 4 2 42 7 6 30 23 39 21 41 36 19 37 45 11 18 15 33 3 46 9 16 40 26 5 47 22 14 35 34 17 50 8 25 38 49 12 31 24 44 27 48 13 43 

Inst_Index:1247 	 City_Num:50 	 Concorde:5.420952 	 MCTS:5.419601 Improve:0.001351 	 Time:3.77 Seconds
Solution: 1 21 20 3 16 41 36 34 18 6 22 2 14 9 7 33 50 49 8 38 11 12 25 5 48 26 47 28 44 13 30 40 4 43 24 29 15 42 35 37 31 17 10 23 19 32 46 27 39 45 

Inst_Index:1248 	 City_Num:50 	 Concorde:5.644638 	 MCTS:5.644638 Improve:0.000000 	 Time:3.76 Seconds
Solution: 1 32 26 44 48 16 31 23 17 28 29 27 24 20 21 42 41 40 19 9 6 36 11 4 30 34 7 47 33 39 46 15 22 5 45 10 3 13 49 25 2 14 43 38 18 50 37 8 35 12 

Inst_Index:1249 	 City_Num:50 	 Concorde:5.258932 	 MCTS:5.253884 Improve:0.005048 	 Time:3.76 Seconds
Solution: 1 50 4 44 3 43 5 36 26 12 2 31 15 49 48 6 41 9 45 39 17 21 20 46 18 28 34 7 10 22 14 16 25 30 24 8 19 37 42 13 38 32 27 23 11 35 40 47 29 33 

Inst_Index:1250 	 City_Num:50 	 Concorde:5.738120 	 MCTS:5.738120 Improve:0.000000 	 Time:3.75 Seconds
Solution: 1 42 38 29 19 28 24 21 50 22 6 32 7 3 48 13 33 14 30 8 5 23 27 16 41 37 44 25 26 43 15 40 9 35 36 4 12 17 34 18 47 31 46 49 10 39 11 45 20 2 

Inst_Index:1251 	 City_Num:50 	 Concorde:5.432775 	 MCTS:5.432775 Improve:-0.000000 	 Time:3.76 Seconds
Solution: 1 6 21 49 44 29 34 47 4 27 2 17 5 22 41 11 25 33 39 38 23 40 48 7 26 46 32 31 35 30 13 20 36 16 3 8 9 28 18 14 10 42 45 15 19 12 24 37 50 43 

Inst_Index:1252 	 City_Num:50 	 Concorde:5.866229 	 MCTS:5.862077 Improve:0.004151 	 Time:3.76 Seconds
Solution: 1 10 34 41 35 37 12 47 2 45 29 6 30 24 15 17 7 40 5 28 50 3 49 11 48 8 21 23 32 20 38 33 36 39 44 25 16 14 18 9 26 43 42 13 31 22 4 27 46 19 


Avg_Concorde_Distance: 5.698717 Avg_MCTS_Distance: 5.697433 Avg_Gap: -0.000224 Total_Time: 1178.14 Seconds 
 Beat_Best_Known_Times: 112 Match_Best_Known_Times: 201 Miss_Best_Known_Times: 0 
