Number_of_Instances_In_Current_Batch: 313

Inst_Index:5009 	 City_Num:50 	 Concorde:5.350557 	 MCTS:5.350264 Improve:0.000293 	 Time:3.76 Seconds
Solution: 1 13 26 31 46 4 30 48 24 12 40 37 6 50 15 39 45 49 34 29 11 41 28 38 23 47 14 5 18 10 3 42 32 21 44 22 2 7 35 8 43 17 25 16 33 36 20 19 9 27 

Inst_Index:5010 	 City_Num:50 	 Concorde:6.038438 	 MCTS:6.038185 Improve:0.000253 	 Time:3.75 Seconds
Solution: 1 18 14 44 9 47 8 19 13 29 41 6 10 39 21 20 11 26 28 27 40 48 45 12 32 37 50 34 43 33 7 35 3 42 17 23 16 4 5 24 46 22 38 31 25 49 15 36 30 2 

Inst_Index:5011 	 City_Num:50 	 Concorde:5.845686 	 MCTS:5.845686 Improve:0.000000 	 Time:3.76 Seconds
Solution: 1 6 21 44 35 24 25 4 36 2 49 42 37 8 32 47 22 31 33 29 19 23 20 48 34 30 41 26 15 45 13 43 10 14 12 27 40 28 38 9 16 18 39 50 17 3 11 5 46 7 

Inst_Index:5012 	 City_Num:50 	 Concorde:5.878334 	 MCTS:5.877770 Improve:0.000564 	 Time:3.76 Seconds
Solution: 1 10 35 14 47 7 23 5 2 30 24 3 4 19 6 18 32 27 29 46 40 16 28 9 41 20 49 37 26 12 17 39 48 21 50 25 8 34 15 31 43 42 45 13 36 38 33 11 44 22 

Inst_Index:5013 	 City_Num:50 	 Concorde:5.813617 	 MCTS:5.808030 Improve:0.005587 	 Time:3.75 Seconds
Solution: 1 50 34 19 45 27 25 30 14 33 37 5 39 6 15 9 18 13 40 8 36 35 23 21 49 12 11 44 32 2 29 22 16 48 31 20 42 47 17 7 46 3 4 41 38 28 10 43 26 24 

Inst_Index:5014 	 City_Num:50 	 Concorde:5.467561 	 MCTS:5.467561 Improve:-0.000000 	 Time:3.75 Seconds
Solution: 1 48 27 19 14 50 5 34 29 45 23 33 47 12 28 42 18 20 38 2 36 8 40 11 9 26 39 6 7 44 10 16 17 46 15 24 31 13 43 22 41 25 32 35 49 3 37 4 21 30 

Inst_Index:5015 	 City_Num:50 	 Concorde:5.545807 	 MCTS:5.545807 Improve:0.000000 	 Time:3.75 Seconds
Solution: 1 36 50 30 9 31 48 16 37 4 32 35 42 38 33 7 21 49 17 46 8 43 11 22 18 27 13 23 6 12 39 25 24 41 19 28 20 14 34 5 45 47 10 26 29 15 3 40 44 2 

Inst_Index:5016 	 City_Num:50 	 Concorde:5.673745 	 MCTS:5.673745 Improve:0.000000 	 Time:3.77 Seconds
Solution: 1 44 42 34 38 37 32 47 12 48 23 27 20 22 11 39 29 13 2 4 46 28 5 31 3 45 36 41 50 19 8 25 49 17 43 14 33 26 35 10 30 16 15 24 9 21 40 7 6 18 

Inst_Index:5017 	 City_Num:50 	 Concorde:5.779012 	 MCTS:5.778083 Improve:0.000929 	 Time:3.76 Seconds
Solution: 1 32 42 3 17 29 8 39 2 25 41 6 30 4 22 40 13 16 36 9 14 31 10 49 5 7 44 28 11 38 12 34 50 23 15 26 20 35 48 19 47 24 43 45 46 37 27 33 21 18 

Inst_Index:5018 	 City_Num:50 	 Concorde:5.461612 	 MCTS:5.461612 Improve:-0.000000 	 Time:3.79 Seconds
Solution: 1 8 13 18 25 17 44 5 16 23 15 6 14 50 45 20 10 27 41 9 29 36 26 33 40 12 22 24 34 49 4 2 43 38 21 47 46 35 31 19 37 30 48 7 3 28 42 11 39 32 

Inst_Index:5019 	 City_Num:50 	 Concorde:5.617893 	 MCTS:5.617893 Improve:0.000000 	 Time:3.77 Seconds
Solution: 1 27 41 48 7 45 26 14 13 2 15 36 38 21 30 16 3 31 35 37 40 43 19 12 39 11 28 32 46 18 44 8 29 24 50 17 5 4 42 25 33 22 23 34 49 47 9 6 10 20 

Inst_Index:5020 	 City_Num:50 	 Concorde:5.321696 	 MCTS:5.317035 Improve:0.004661 	 Time:3.76 Seconds
Solution: 1 24 14 13 19 21 31 4 25 12 5 45 40 47 39 49 30 42 15 32 48 35 26 7 44 41 33 16 11 34 29 37 28 22 50 6 2 38 46 10 36 9 3 27 20 18 8 43 23 17 

Inst_Index:5021 	 City_Num:50 	 Concorde:5.393400 	 MCTS:5.384630 Improve:0.008770 	 Time:3.76 Seconds
Solution: 1 46 33 14 29 32 31 2 40 35 25 37 12 20 44 23 3 13 34 24 27 4 39 18 10 9 17 43 16 45 26 41 8 42 47 11 48 21 30 22 6 15 7 38 49 5 28 19 50 36 

Inst_Index:5022 	 City_Num:50 	 Concorde:5.811834 	 MCTS:5.811834 Improve:0.000000 	 Time:3.77 Seconds
Solution: 1 30 9 46 40 48 8 21 34 43 35 28 29 37 49 50 14 44 17 16 5 20 10 41 31 33 42 47 39 25 38 22 23 15 26 4 36 12 27 6 2 13 7 18 24 3 19 11 32 45 

Inst_Index:5023 	 City_Num:50 	 Concorde:5.406285 	 MCTS:5.399624 Improve:0.006661 	 Time:3.77 Seconds
Solution: 1 15 36 4 31 43 39 26 20 19 50 38 16 6 34 18 25 22 12 27 11 40 13 8 23 7 33 28 30 49 45 29 2 42 46 3 9 48 41 24 35 17 37 21 47 44 32 10 5 14 

Inst_Index:5024 	 City_Num:50 	 Concorde:5.537829 	 MCTS:5.537829 Improve:-0.000000 	 Time:3.75 Seconds
Solution: 1 16 2 3 43 18 48 26 49 41 36 28 14 39 11 44 21 38 12 32 45 30 7 8 6 29 19 27 46 9 17 33 13 37 47 5 25 50 23 40 35 22 31 24 34 42 15 20 4 10 

Inst_Index:5025 	 City_Num:50 	 Concorde:5.960942 	 MCTS:5.960942 Improve:0.000000 	 Time:3.76 Seconds
Solution: 1 26 31 14 49 7 40 13 32 34 29 16 48 28 36 11 20 47 18 39 44 41 23 46 24 33 43 21 3 17 8 15 42 12 30 50 37 10 25 45 5 6 27 2 22 35 38 19 9 4 

Inst_Index:5026 	 City_Num:50 	 Concorde:5.857650 	 MCTS:5.857650 Improve:-0.000000 	 Time:3.76 Seconds
Solution: 1 36 26 6 41 48 24 16 34 21 20 46 39 38 33 43 47 35 15 42 10 23 5 13 27 28 4 9 32 3 19 37 14 8 40 17 12 7 18 25 22 44 45 50 29 2 11 30 31 49 

Inst_Index:5027 	 City_Num:50 	 Concorde:5.887467 	 MCTS:5.882961 Improve:0.004506 	 Time:3.75 Seconds
Solution: 1 35 40 2 48 23 9 47 41 28 6 34 7 46 50 42 20 49 11 32 24 3 4 43 5 31 36 39 19 16 21 38 17 30 8 44 13 12 14 33 37 25 10 29 22 27 15 45 26 18 

Inst_Index:5028 	 City_Num:50 	 Concorde:5.681016 	 MCTS:5.681016 Improve:-0.000000 	 Time:3.77 Seconds
Solution: 1 37 7 46 40 36 39 12 20 22 25 23 27 10 21 47 14 2 11 34 32 50 33 30 8 45 19 4 24 44 43 42 49 38 3 48 28 41 9 26 6 18 29 17 35 5 31 15 13 16 

Inst_Index:5029 	 City_Num:50 	 Concorde:5.831417 	 MCTS:5.831417 Improve:0.000000 	 Time:3.76 Seconds
Solution: 1 23 19 14 50 4 37 34 41 42 39 43 2 5 30 10 9 46 22 12 47 26 28 20 8 3 21 40 35 6 44 49 17 7 32 31 16 36 38 24 33 48 27 15 13 25 29 18 11 45 

Inst_Index:5030 	 City_Num:50 	 Concorde:5.586131 	 MCTS:5.586131 Improve:0.000000 	 Time:3.75 Seconds
Solution: 1 4 20 9 22 3 5 34 43 6 33 46 48 19 27 31 49 24 16 12 38 41 17 25 30 13 42 7 47 39 29 8 2 15 35 32 36 11 37 23 14 40 50 21 28 10 26 18 44 45 

Inst_Index:5031 	 City_Num:50 	 Concorde:5.330743 	 MCTS:5.330743 Improve:0.000000 	 Time:3.76 Seconds
Solution: 1 2 43 50 9 18 11 3 30 38 45 31 40 42 23 33 37 46 10 19 48 24 28 26 41 32 15 14 8 27 34 35 36 25 29 21 17 6 13 44 7 20 49 47 16 12 39 4 22 5 

Inst_Index:5032 	 City_Num:50 	 Concorde:5.520122 	 MCTS:5.520122 Improve:0.000000 	 Time:3.76 Seconds
Solution: 1 11 26 10 14 48 42 30 23 49 41 12 32 22 8 20 43 34 44 35 40 27 6 7 33 37 46 31 45 21 5 28 50 4 25 19 17 29 13 36 18 47 38 9 3 24 15 16 2 39 

Inst_Index:5033 	 City_Num:50 	 Concorde:5.666677 	 MCTS:5.663175 Improve:0.003502 	 Time:3.75 Seconds
Solution: 1 17 28 45 2 9 47 8 29 12 48 36 13 20 46 21 6 16 32 15 35 39 18 33 50 43 19 5 31 30 42 44 41 37 49 26 23 10 24 34 27 25 40 14 7 11 38 4 3 22 

Inst_Index:5034 	 City_Num:50 	 Concorde:5.642215 	 MCTS:5.641546 Improve:0.000669 	 Time:3.76 Seconds
Solution: 1 28 29 50 16 32 20 15 40 44 13 14 12 5 31 49 34 6 48 21 42 18 27 23 3 10 35 19 22 38 47 2 33 7 26 46 30 11 17 41 39 43 36 45 8 9 25 24 4 37 

Inst_Index:5035 	 City_Num:50 	 Concorde:5.776817 	 MCTS:5.775511 Improve:0.001306 	 Time:3.77 Seconds
Solution: 1 4 14 45 29 31 35 43 41 30 19 37 49 27 34 24 10 12 39 38 48 20 28 32 21 18 5 22 42 3 9 13 6 33 17 23 2 26 7 40 44 50 47 16 8 11 46 15 25 36 

Inst_Index:5036 	 City_Num:50 	 Concorde:5.944306 	 MCTS:5.944306 Improve:0.000000 	 Time:3.75 Seconds
Solution: 1 19 45 43 29 25 33 20 32 34 31 30 21 4 16 44 11 12 42 18 35 15 46 48 37 27 28 41 13 9 6 5 23 36 40 38 3 2 39 14 17 26 7 24 50 10 47 49 22 8 

Inst_Index:5037 	 City_Num:50 	 Concorde:5.670053 	 MCTS:5.670053 Improve:0.000000 	 Time:3.75 Seconds
Solution: 1 23 20 29 35 37 32 6 41 42 49 30 50 3 12 17 14 11 24 9 34 18 28 15 22 19 47 26 44 4 7 33 25 5 31 36 40 43 39 38 46 27 13 45 21 48 8 10 16 2 

Inst_Index:5038 	 City_Num:50 	 Concorde:5.803538 	 MCTS:5.795309 Improve:0.008229 	 Time:3.76 Seconds
Solution: 1 36 29 42 44 4 15 5 27 18 10 37 45 25 19 20 50 23 2 47 31 41 28 8 26 21 43 6 48 11 9 38 24 30 7 17 32 40 16 22 14 13 49 3 35 39 34 12 33 46 

Inst_Index:5039 	 City_Num:50 	 Concorde:6.159533 	 MCTS:6.156284 Improve:0.003249 	 Time:3.77 Seconds
Solution: 1 26 3 37 22 49 5 15 2 34 4 8 47 29 6 27 14 40 46 32 12 7 9 13 18 11 31 44 50 30 48 16 28 24 21 39 42 43 25 33 10 36 23 17 19 41 38 35 20 45 

Inst_Index:5040 	 City_Num:50 	 Concorde:5.288699 	 MCTS:5.284881 Improve:0.003818 	 Time:3.75 Seconds
Solution: 1 16 3 12 44 19 25 4 29 38 35 34 24 40 50 20 14 43 32 45 49 47 18 31 36 10 27 13 23 9 39 30 2 17 7 33 48 26 8 28 6 41 15 42 5 11 22 37 21 46 

Inst_Index:5041 	 City_Num:50 	 Concorde:5.706137 	 MCTS:5.706137 Improve:0.000000 	 Time:3.77 Seconds
Solution: 1 18 14 11 25 35 49 9 7 32 46 43 10 21 42 28 17 41 16 40 45 12 22 30 44 38 3 33 24 29 34 37 5 20 23 27 13 26 47 15 19 8 48 31 36 4 39 6 50 2 

Inst_Index:5042 	 City_Num:50 	 Concorde:5.444214 	 MCTS:5.441645 Improve:0.002569 	 Time:3.75 Seconds
Solution: 1 27 23 5 4 3 24 29 36 11 8 16 25 9 44 34 30 17 33 20 37 10 35 21 6 28 43 22 48 40 46 13 19 47 50 15 45 41 26 12 31 18 49 38 2 39 32 7 42 14 

Inst_Index:5043 	 City_Num:50 	 Concorde:5.813026 	 MCTS:5.807968 Improve:0.005058 	 Time:3.77 Seconds
Solution: 1 21 26 10 25 42 17 30 38 12 47 11 16 33 2 48 41 27 44 40 18 50 13 6 22 14 37 5 49 23 3 39 29 20 7 15 36 28 46 45 24 19 43 8 35 4 32 34 9 31 

Inst_Index:5044 	 City_Num:50 	 Concorde:5.803247 	 MCTS:5.800765 Improve:0.002481 	 Time:3.76 Seconds
Solution: 1 33 37 22 6 30 2 35 40 13 20 19 46 42 47 10 49 34 24 8 28 39 9 12 17 23 50 38 4 26 25 45 5 16 11 18 27 41 14 36 44 3 48 7 15 31 29 32 43 21 

Inst_Index:5045 	 City_Num:50 	 Concorde:5.429321 	 MCTS:5.429321 Improve:0.000000 	 Time:3.77 Seconds
Solution: 1 43 5 7 42 13 24 22 32 2 29 16 31 11 25 50 18 33 28 48 8 14 9 10 4 38 44 3 23 19 36 49 40 12 47 26 37 46 35 15 17 34 21 39 30 20 6 41 27 45 

Inst_Index:5046 	 City_Num:50 	 Concorde:5.815657 	 MCTS:5.815657 Improve:0.000000 	 Time:3.76 Seconds
Solution: 1 16 30 7 38 20 40 44 36 8 9 45 26 12 3 6 29 50 35 22 31 28 4 19 43 42 32 34 2 49 27 37 47 48 46 25 5 24 39 11 33 21 18 14 15 23 41 17 10 13 

Inst_Index:5047 	 City_Num:50 	 Concorde:5.439519 	 MCTS:5.439519 Improve:0.000000 	 Time:3.75 Seconds
Solution: 1 31 9 5 26 2 17 29 39 8 46 6 42 14 33 16 32 28 38 12 7 50 36 45 10 21 25 23 30 34 35 4 49 22 3 20 11 37 43 40 48 15 19 18 41 24 13 27 44 47 

Inst_Index:5048 	 City_Num:50 	 Concorde:5.773802 	 MCTS:5.773802 Improve:0.000000 	 Time:3.77 Seconds
Solution: 1 27 10 17 31 20 7 25 32 16 47 35 33 9 29 19 18 2 6 28 46 38 23 36 12 21 41 39 44 37 24 30 50 5 15 3 13 26 45 22 48 11 43 49 40 4 8 42 34 14 

Inst_Index:5049 	 City_Num:50 	 Concorde:5.410180 	 MCTS:5.410180 Improve:0.000000 	 Time:3.75 Seconds
Solution: 1 17 18 10 39 28 3 44 42 32 9 15 4 49 12 22 36 34 25 5 27 24 2 20 47 31 16 35 13 37 45 8 21 46 30 14 41 33 48 40 38 43 11 50 23 26 7 29 19 6 

Inst_Index:5050 	 City_Num:50 	 Concorde:5.705234 	 MCTS:5.705234 Improve:0.000000 	 Time:3.76 Seconds
Solution: 1 24 50 5 7 36 42 18 14 22 35 44 12 19 32 26 21 17 49 34 10 2 11 15 25 28 20 30 3 38 39 23 4 43 40 27 9 46 13 31 37 41 48 8 33 45 16 29 47 6 

Inst_Index:5051 	 City_Num:50 	 Concorde:5.876176 	 MCTS:5.859895 Improve:0.016280 	 Time:3.77 Seconds
Solution: 1 34 40 25 36 27 28 4 22 30 26 11 24 45 49 37 3 2 14 43 9 23 12 46 10 18 16 35 31 6 41 21 33 8 17 20 47 42 32 15 48 29 5 39 50 7 13 44 19 38 

Inst_Index:5052 	 City_Num:50 	 Concorde:5.558961 	 MCTS:5.558481 Improve:0.000480 	 Time:3.75 Seconds
Solution: 1 48 14 45 16 32 47 12 42 3 7 50 23 4 31 6 37 26 21 25 33 15 5 38 29 22 11 35 13 34 10 2 27 19 46 24 43 49 18 9 41 30 8 36 28 20 44 39 17 40 

Inst_Index:5053 	 City_Num:50 	 Concorde:5.446704 	 MCTS:5.446704 Improve:0.000000 	 Time:3.75 Seconds
Solution: 1 31 46 50 25 16 24 4 43 21 5 45 44 42 18 27 39 15 33 28 19 38 20 34 22 35 8 32 10 36 17 41 6 30 11 48 29 9 37 13 12 40 26 3 14 47 49 23 7 2 

Inst_Index:5054 	 City_Num:50 	 Concorde:5.369315 	 MCTS:5.369315 Improve:-0.000000 	 Time:3.77 Seconds
Solution: 1 48 16 25 33 37 2 41 13 30 7 36 27 50 3 26 15 11 46 6 14 22 19 35 29 49 28 17 42 44 21 32 24 39 18 10 38 20 43 47 40 23 31 9 5 45 8 34 12 4 

Inst_Index:5055 	 City_Num:50 	 Concorde:5.992623 	 MCTS:5.987074 Improve:0.005549 	 Time:3.76 Seconds
Solution: 1 45 12 20 2 11 35 40 42 48 39 16 17 50 24 19 21 18 47 29 38 3 46 32 13 41 14 22 37 7 27 28 25 6 5 23 36 30 31 34 49 10 44 43 4 26 9 33 8 15 

Inst_Index:5056 	 City_Num:50 	 Concorde:5.735086 	 MCTS:5.735086 Improve:0.000000 	 Time:3.76 Seconds
Solution: 1 33 34 32 23 20 16 46 42 29 6 22 47 35 31 13 40 9 19 25 18 28 48 45 49 14 38 17 36 21 24 7 10 5 15 11 39 2 50 8 44 30 3 27 4 26 41 12 43 37 

Inst_Index:5057 	 City_Num:50 	 Concorde:5.775791 	 MCTS:5.775191 Improve:0.000600 	 Time:3.75 Seconds
Solution: 1 41 31 16 30 33 5 29 44 45 40 46 22 47 37 9 20 7 35 43 32 50 4 11 6 24 28 21 39 27 13 17 3 2 48 8 26 19 42 18 34 38 12 36 10 23 25 14 49 15 

Inst_Index:5058 	 City_Num:50 	 Concorde:5.863017 	 MCTS:5.863017 Improve:0.000000 	 Time:3.78 Seconds
Solution: 1 48 10 36 21 40 2 15 39 25 20 49 27 19 5 45 46 30 37 44 29 13 24 7 6 14 26 38 16 18 34 41 22 47 33 42 32 50 4 35 8 31 43 12 17 11 23 3 28 9 

Inst_Index:5059 	 City_Num:50 	 Concorde:5.806986 	 MCTS:5.803827 Improve:0.003159 	 Time:3.76 Seconds
Solution: 1 23 21 7 15 46 48 50 43 9 11 14 2 20 4 35 13 17 16 26 18 10 38 5 24 37 49 29 36 34 32 25 33 42 45 40 27 41 6 12 47 31 3 22 19 28 30 8 39 44 

Inst_Index:5060 	 City_Num:50 	 Concorde:5.263494 	 MCTS:5.263490 Improve:0.000005 	 Time:3.75 Seconds
Solution: 1 13 9 3 18 44 2 45 15 11 29 10 27 25 32 33 8 20 38 7 39 16 48 47 5 36 28 40 30 4 31 12 6 17 22 49 26 35 34 24 50 46 23 14 37 41 43 19 42 21 

Inst_Index:5061 	 City_Num:50 	 Concorde:6.298786 	 MCTS:6.298786 Improve:-0.000000 	 Time:3.78 Seconds
Solution: 1 15 2 17 33 11 8 29 44 34 31 27 23 42 40 7 5 12 35 48 37 46 28 14 20 18 6 38 43 41 36 39 47 25 4 21 19 30 50 45 26 9 24 3 49 32 13 22 10 16 

Inst_Index:5062 	 City_Num:50 	 Concorde:5.822584 	 MCTS:5.822584 Improve:-0.000000 	 Time:3.75 Seconds
Solution: 1 12 40 33 26 32 9 7 10 25 36 24 13 21 50 45 49 18 3 23 14 47 46 29 4 19 17 22 11 27 39 37 6 31 44 16 42 43 35 38 41 5 34 48 8 20 30 15 28 2 

Inst_Index:5063 	 City_Num:50 	 Concorde:5.471707 	 MCTS:5.471382 Improve:0.000325 	 Time:3.76 Seconds
Solution: 1 15 17 6 8 10 27 32 4 20 11 30 23 18 21 45 42 39 50 3 40 24 26 16 37 25 12 14 49 36 9 13 44 7 22 35 47 38 33 31 43 41 2 5 46 29 28 34 19 48 

Inst_Index:5064 	 City_Num:50 	 Concorde:5.853772 	 MCTS:5.853772 Improve:-0.000000 	 Time:3.77 Seconds
Solution: 1 19 40 44 23 38 9 7 31 11 34 6 14 36 50 48 26 5 10 2 12 22 49 37 46 32 28 24 29 27 15 4 35 21 30 25 43 20 39 18 42 17 3 16 33 41 45 47 13 8 

Inst_Index:5065 	 City_Num:50 	 Concorde:5.686749 	 MCTS:5.686749 Improve:0.000000 	 Time:3.76 Seconds
Solution: 1 7 26 25 40 47 18 37 8 22 21 29 43 41 33 36 6 49 31 15 30 4 14 3 50 45 27 46 2 13 32 5 19 12 39 17 28 35 38 34 44 20 9 10 23 16 24 11 42 48 

Inst_Index:5066 	 City_Num:50 	 Concorde:5.469260 	 MCTS:5.469260 Improve:-0.000000 	 Time:3.76 Seconds
Solution: 1 48 50 24 42 8 14 10 6 28 35 12 33 38 27 4 23 11 39 34 31 3 9 7 45 13 17 29 22 46 25 16 15 18 32 40 44 2 26 30 19 49 47 37 43 20 5 36 41 21 

Inst_Index:5067 	 City_Num:50 	 Concorde:5.793304 	 MCTS:5.791369 Improve:0.001935 	 Time:3.76 Seconds
Solution: 1 11 28 41 18 4 24 33 36 10 32 49 19 5 22 44 17 47 31 48 3 29 14 39 37 25 26 50 13 27 15 12 34 30 46 16 42 21 43 35 45 20 9 38 23 7 8 40 6 2 

Inst_Index:5068 	 City_Num:50 	 Concorde:5.778981 	 MCTS:5.778981 Improve:0.000000 	 Time:3.77 Seconds
Solution: 1 11 46 44 3 50 38 35 32 7 25 13 23 30 33 27 40 43 21 39 10 45 8 14 17 6 29 47 4 16 22 34 36 42 37 12 2 19 31 20 18 15 28 41 49 24 48 9 26 5 

Inst_Index:5069 	 City_Num:50 	 Concorde:6.052585 	 MCTS:6.052585 Improve:-0.000000 	 Time:3.78 Seconds
Solution: 1 24 30 28 26 44 40 29 25 11 4 5 48 47 6 31 14 39 8 16 36 37 46 18 32 27 50 15 12 35 34 43 7 19 33 17 38 41 49 10 13 22 9 23 21 42 20 45 2 3 

Inst_Index:5070 	 City_Num:50 	 Concorde:5.475108 	 MCTS:5.466539 Improve:0.008569 	 Time:3.75 Seconds
Solution: 1 18 37 34 30 21 49 26 40 25 11 2 16 17 13 44 41 43 7 27 20 12 23 9 29 50 31 47 36 28 35 15 38 22 32 8 24 48 42 4 45 19 39 46 10 5 6 33 3 14 

Inst_Index:5071 	 City_Num:50 	 Concorde:5.325522 	 MCTS:5.318915 Improve:0.006607 	 Time:3.75 Seconds
Solution: 1 34 44 42 31 8 21 50 49 43 38 17 15 27 9 5 41 47 36 19 13 10 6 20 46 37 45 26 3 14 4 12 48 23 11 39 2 24 33 30 7 40 28 35 18 25 16 22 29 32 

Inst_Index:5072 	 City_Num:50 	 Concorde:6.125080 	 MCTS:6.119739 Improve:0.005341 	 Time:3.75 Seconds
Solution: 1 17 47 50 18 19 20 4 10 9 31 7 13 32 36 26 38 2 8 43 46 29 49 48 28 22 33 23 44 21 39 12 27 11 42 14 3 30 37 34 35 45 41 6 25 40 24 16 5 15 

Inst_Index:5073 	 City_Num:50 	 Concorde:5.730901 	 MCTS:5.730901 Improve:-0.000000 	 Time:3.75 Seconds
Solution: 1 33 10 38 17 45 20 9 39 6 23 4 41 44 26 27 18 42 22 36 11 16 31 50 3 2 37 40 7 8 19 29 14 5 28 35 47 15 34 25 12 30 46 48 43 13 21 49 32 24 

Inst_Index:5074 	 City_Num:50 	 Concorde:5.300997 	 MCTS:5.297789 Improve:0.003208 	 Time:3.77 Seconds
Solution: 1 17 21 7 19 43 38 36 4 32 45 29 8 2 11 5 35 16 30 9 50 6 49 42 41 31 23 44 27 14 10 40 39 47 48 26 46 33 12 22 3 25 28 18 37 20 15 13 34 24 

Inst_Index:5075 	 City_Num:50 	 Concorde:5.808743 	 MCTS:5.808743 Improve:-0.000000 	 Time:3.78 Seconds
Solution: 1 3 36 27 29 24 14 9 19 26 6 43 38 25 20 44 4 11 8 7 49 50 46 5 17 12 16 22 37 34 10 23 15 30 33 41 47 31 18 32 48 42 2 45 21 40 35 13 28 39 

Inst_Index:5076 	 City_Num:50 	 Concorde:5.408792 	 MCTS:5.402599 Improve:0.006193 	 Time:3.76 Seconds
Solution: 1 14 18 24 39 43 8 6 49 50 32 20 5 9 13 26 4 48 15 35 31 12 36 40 38 23 21 22 47 7 19 3 2 11 16 17 33 10 25 37 41 28 45 30 42 34 27 46 44 29 

Inst_Index:5077 	 City_Num:50 	 Concorde:5.718708 	 MCTS:5.718708 Improve:0.000000 	 Time:3.76 Seconds
Solution: 1 46 4 24 18 40 47 20 21 27 10 22 2 38 19 11 41 14 7 5 13 6 16 48 17 34 29 30 43 45 23 8 42 12 44 26 49 25 50 9 36 32 39 35 28 3 33 37 15 31 

Inst_Index:5078 	 City_Num:50 	 Concorde:5.369892 	 MCTS:5.366116 Improve:0.003776 	 Time:3.78 Seconds
Solution: 1 46 7 40 25 18 6 8 4 22 43 36 45 39 17 20 19 28 9 26 50 42 23 15 27 32 11 12 14 29 10 21 2 13 38 35 3 37 24 44 5 33 48 16 31 47 30 34 49 41 

Inst_Index:5079 	 City_Num:50 	 Concorde:6.062354 	 MCTS:6.062354 Improve:-0.000000 	 Time:3.77 Seconds
Solution: 1 3 26 23 22 21 4 10 15 19 45 40 11 9 12 35 20 27 48 6 34 28 39 5 41 31 37 42 49 30 2 7 13 18 47 33 16 50 43 44 8 46 25 17 14 32 24 36 29 38 

Inst_Index:5080 	 City_Num:50 	 Concorde:6.208978 	 MCTS:6.208978 Improve:0.000000 	 Time:3.75 Seconds
Solution: 1 38 29 28 39 43 36 37 25 46 47 34 21 19 9 48 5 7 10 50 11 3 30 14 22 8 33 6 13 16 31 41 23 42 49 44 40 15 17 45 32 20 35 24 26 12 18 4 2 27 

Inst_Index:5081 	 City_Num:50 	 Concorde:5.291172 	 MCTS:5.285994 Improve:0.005178 	 Time:3.77 Seconds
Solution: 1 31 25 12 14 24 30 23 3 37 29 28 19 9 41 45 36 27 46 39 38 11 13 50 17 7 2 8 48 49 6 34 47 26 44 33 15 40 20 32 4 42 16 43 10 18 5 22 21 35 

Inst_Index:5082 	 City_Num:50 	 Concorde:6.123367 	 MCTS:6.123367 Improve:0.000000 	 Time:3.77 Seconds
Solution: 1 37 25 44 20 5 10 23 2 13 9 32 42 12 3 30 41 28 43 22 15 38 48 19 7 47 11 31 26 18 21 16 6 14 50 36 40 27 4 17 8 35 24 46 45 39 29 34 49 33 

Inst_Index:5083 	 City_Num:50 	 Concorde:5.896543 	 MCTS:5.896543 Improve:0.000000 	 Time:3.78 Seconds
Solution: 1 50 31 43 18 41 40 48 49 15 38 23 27 3 9 19 20 16 39 14 4 24 5 21 32 30 34 13 47 35 7 33 42 29 28 46 6 12 44 25 45 8 11 22 36 10 37 2 17 26 

Inst_Index:5084 	 City_Num:50 	 Concorde:5.582286 	 MCTS:5.582286 Improve:0.000000 	 Time:3.76 Seconds
Solution: 1 14 20 8 18 3 48 44 11 10 36 9 6 31 38 13 26 33 19 37 42 17 29 47 16 50 2 22 41 30 35 4 7 27 46 15 25 23 12 34 21 40 5 49 28 45 39 24 43 32 

Inst_Index:5085 	 City_Num:50 	 Concorde:5.849455 	 MCTS:5.849455 Improve:0.000000 	 Time:3.76 Seconds
Solution: 1 14 16 36 33 2 7 5 41 28 48 17 10 29 40 34 50 45 23 35 8 43 25 18 32 46 27 31 15 4 9 3 6 26 42 38 49 30 39 12 47 19 20 22 44 13 21 37 24 11 

Inst_Index:5086 	 City_Num:50 	 Concorde:5.852940 	 MCTS:5.852940 Improve:0.000000 	 Time:3.77 Seconds
Solution: 1 41 6 17 42 47 49 38 15 35 43 2 29 11 36 9 40 14 8 27 23 30 50 31 4 26 13 24 25 21 18 39 7 10 45 20 3 22 34 33 28 16 48 32 12 46 19 44 5 37 

Inst_Index:5087 	 City_Num:50 	 Concorde:6.180077 	 MCTS:6.180077 Improve:0.000000 	 Time:3.76 Seconds
Solution: 1 32 45 5 9 33 43 34 36 6 50 20 22 2 49 30 35 28 38 31 19 11 21 24 23 3 16 10 41 37 39 44 7 8 17 14 26 27 15 4 42 12 29 47 25 18 48 40 46 13 

Inst_Index:5088 	 City_Num:50 	 Concorde:5.566405 	 MCTS:5.564459 Improve:0.001947 	 Time:3.76 Seconds
Solution: 1 28 50 44 13 42 26 2 19 40 16 15 29 38 34 41 6 23 7 39 46 17 36 8 11 27 25 22 9 14 12 37 5 4 49 32 47 24 33 21 30 48 3 20 43 10 31 18 45 35 

Inst_Index:5089 	 City_Num:50 	 Concorde:5.744544 	 MCTS:5.744544 Improve:-0.000000 	 Time:3.76 Seconds
Solution: 1 13 35 8 17 24 23 12 37 7 22 31 26 29 45 39 2 4 34 28 9 6 32 42 19 16 30 15 40 36 43 10 27 14 20 47 25 38 33 49 11 18 44 5 46 21 48 3 41 50 

Inst_Index:5090 	 City_Num:50 	 Concorde:5.814029 	 MCTS:5.814029 Improve:0.000000 	 Time:3.76 Seconds
Solution: 1 33 17 44 4 43 42 32 26 24 40 2 39 10 8 6 45 29 12 38 16 15 18 14 21 3 48 5 36 46 9 22 41 50 25 35 27 31 37 28 34 47 23 19 7 49 30 13 11 20 

Inst_Index:5091 	 City_Num:50 	 Concorde:5.904080 	 MCTS:5.904080 Improve:-0.000000 	 Time:3.76 Seconds
Solution: 1 4 7 9 38 32 45 41 47 35 50 46 48 13 14 49 20 3 11 42 16 26 44 40 5 19 8 24 30 22 27 17 10 36 21 18 33 43 37 2 12 39 25 23 34 31 28 15 6 29 

Inst_Index:5092 	 City_Num:50 	 Concorde:5.658818 	 MCTS:5.658818 Improve:-0.000000 	 Time:3.75 Seconds
Solution: 1 19 31 6 27 20 13 28 49 30 2 12 5 33 14 21 4 3 11 39 18 25 23 22 26 40 32 43 41 44 17 29 9 16 34 36 15 10 24 48 42 7 37 47 46 35 45 38 8 50 

Inst_Index:5093 	 City_Num:50 	 Concorde:5.834040 	 MCTS:5.834040 Improve:0.000000 	 Time:3.76 Seconds
Solution: 1 21 20 47 26 41 32 2 48 4 7 34 11 40 28 16 13 10 5 24 46 42 30 18 12 8 37 22 38 19 27 45 29 3 43 23 50 6 9 44 39 35 49 31 36 33 15 14 25 17 

Inst_Index:5094 	 City_Num:50 	 Concorde:5.421624 	 MCTS:5.421624 Improve:0.000000 	 Time:3.77 Seconds
Solution: 1 19 10 3 6 18 22 37 7 44 48 42 27 33 21 49 9 47 25 29 43 16 46 13 28 23 20 12 38 17 35 34 15 39 36 2 4 14 45 50 30 26 8 11 41 40 5 32 24 31 

Inst_Index:5095 	 City_Num:50 	 Concorde:5.608405 	 MCTS:5.608405 Improve:0.000000 	 Time:3.77 Seconds
Solution: 1 30 39 42 37 29 44 12 50 25 4 33 49 20 38 14 19 18 26 40 10 34 46 24 45 36 7 2 9 6 13 43 48 5 27 28 16 47 17 11 41 23 3 21 22 32 31 15 8 35 

Inst_Index:5096 	 City_Num:50 	 Concorde:6.180232 	 MCTS:6.177171 Improve:0.003062 	 Time:3.75 Seconds
Solution: 1 45 12 15 50 34 40 46 22 31 17 24 48 32 39 49 38 20 23 13 16 44 27 26 9 11 25 47 30 6 29 33 37 19 41 10 42 2 4 28 8 18 5 35 14 21 43 3 36 7 

Inst_Index:5097 	 City_Num:50 	 Concorde:5.217631 	 MCTS:5.217631 Improve:-0.000000 	 Time:3.76 Seconds
Solution: 1 25 5 3 39 10 22 40 27 31 20 16 18 6 30 38 2 11 8 26 4 21 7 44 24 47 37 29 9 28 48 14 32 15 49 34 36 45 46 41 33 17 19 43 35 12 42 23 50 13 

Inst_Index:5098 	 City_Num:50 	 Concorde:5.547689 	 MCTS:5.547689 Improve:0.000000 	 Time:3.76 Seconds
Solution: 1 50 43 44 28 41 9 35 3 11 8 14 21 7 6 27 33 48 15 34 37 40 30 5 26 32 2 19 13 20 39 22 36 4 18 31 10 45 23 49 38 47 17 46 16 25 42 29 12 24 

Inst_Index:5099 	 City_Num:50 	 Concorde:6.085665 	 MCTS:6.083180 Improve:0.002485 	 Time:3.76 Seconds
Solution: 1 41 9 15 16 21 5 34 32 39 22 18 27 23 4 8 29 50 17 33 48 12 45 19 38 11 10 2 26 3 47 25 7 24 35 49 14 42 37 28 20 13 30 31 40 44 43 46 36 6 

Inst_Index:5100 	 City_Num:50 	 Concorde:5.907202 	 MCTS:5.907202 Improve:-0.000000 	 Time:3.77 Seconds
Solution: 1 2 39 36 6 50 28 41 35 27 34 21 47 19 22 23 13 7 49 12 9 45 5 16 8 17 43 32 4 15 30 10 31 11 44 24 48 26 25 20 18 46 40 42 3 14 38 33 37 29 

Inst_Index:5101 	 City_Num:50 	 Concorde:5.615507 	 MCTS:5.615507 Improve:0.000000 	 Time:3.76 Seconds
Solution: 1 24 42 11 35 2 20 26 38 37 9 14 13 48 29 30 34 12 32 47 4 39 16 41 40 22 43 28 25 46 31 49 23 18 27 36 19 33 44 8 5 15 10 3 17 50 21 7 45 6 

Inst_Index:5102 	 City_Num:50 	 Concorde:5.374746 	 MCTS:5.373489 Improve:0.001258 	 Time:3.77 Seconds
Solution: 1 25 30 49 4 8 29 22 37 47 48 36 26 6 23 17 2 38 20 5 27 39 11 31 42 9 3 24 13 46 40 10 50 44 32 45 43 15 14 21 19 33 18 35 34 41 28 7 12 16 

Inst_Index:5103 	 City_Num:50 	 Concorde:5.870332 	 MCTS:5.870332 Improve:0.000000 	 Time:3.76 Seconds
Solution: 1 12 37 39 40 13 3 26 6 16 46 28 45 33 20 36 4 25 22 47 9 11 17 42 30 14 31 29 24 41 7 19 15 5 43 18 32 21 49 8 10 2 23 34 50 44 35 38 27 48 

Inst_Index:5104 	 City_Num:50 	 Concorde:5.771007 	 MCTS:5.770099 Improve:0.000908 	 Time:3.77 Seconds
Solution: 1 28 41 46 48 9 16 5 27 12 47 13 40 39 3 42 21 20 14 24 44 2 32 10 37 8 50 38 26 19 18 4 43 45 34 7 11 23 49 36 35 31 33 30 17 25 22 29 6 15 

Inst_Index:5105 	 City_Num:50 	 Concorde:6.073369 	 MCTS:6.073369 Improve:0.000000 	 Time:3.77 Seconds
Solution: 1 17 50 47 5 39 34 12 35 36 3 31 28 49 43 42 30 32 48 18 24 4 20 38 46 21 15 19 13 23 40 44 29 33 8 22 9 6 7 25 10 27 2 41 45 37 26 16 14 11 

Inst_Index:5106 	 City_Num:50 	 Concorde:5.820030 	 MCTS:5.820030 Improve:-0.000000 	 Time:3.76 Seconds
Solution: 1 21 39 6 23 24 13 9 7 37 42 19 36 48 26 44 31 30 18 43 16 10 38 14 47 20 27 46 3 12 2 11 45 49 50 17 40 5 33 25 28 29 35 8 22 4 15 32 41 34 

Inst_Index:5107 	 City_Num:50 	 Concorde:5.639959 	 MCTS:5.639959 Improve:-0.000000 	 Time:3.77 Seconds
Solution: 1 22 6 28 4 29 46 33 3 38 18 19 48 50 26 9 42 16 20 23 30 39 24 10 32 40 7 13 47 36 34 44 25 8 43 17 31 5 2 45 11 15 35 21 27 41 49 37 12 14 

Inst_Index:5108 	 City_Num:50 	 Concorde:5.744546 	 MCTS:5.744546 Improve:-0.000000 	 Time:3.75 Seconds
Solution: 1 34 31 48 14 35 18 28 43 37 13 24 10 38 12 42 40 2 5 45 25 27 49 11 15 19 9 32 36 26 30 7 50 41 46 3 21 47 39 17 6 22 4 29 23 33 44 16 20 8 

Inst_Index:5109 	 City_Num:50 	 Concorde:5.427308 	 MCTS:5.427308 Improve:0.000000 	 Time:3.76 Seconds
Solution: 1 2 38 4 46 14 11 27 40 23 12 7 47 29 28 37 45 18 39 17 25 10 44 48 36 35 21 34 13 5 8 49 31 33 6 22 15 30 3 42 43 41 24 50 32 16 26 19 9 20 

Inst_Index:5110 	 City_Num:50 	 Concorde:5.909467 	 MCTS:5.909467 Improve:-0.000000 	 Time:3.77 Seconds
Solution: 1 29 8 50 3 26 9 13 19 36 39 47 27 44 4 6 12 2 43 38 40 35 22 31 32 15 11 17 24 34 41 25 10 18 23 5 7 16 20 14 42 45 37 30 48 28 33 21 49 46 

Inst_Index:5111 	 City_Num:50 	 Concorde:5.669028 	 MCTS:5.669028 Improve:0.000000 	 Time:3.77 Seconds
Solution: 1 43 12 19 50 32 23 15 8 35 45 26 42 5 34 40 3 4 44 25 41 9 37 14 27 49 33 28 21 20 48 17 13 47 2 39 46 30 10 38 22 36 29 6 24 31 18 11 16 7 

Inst_Index:5112 	 City_Num:50 	 Concorde:5.781865 	 MCTS:5.781865 Improve:0.000000 	 Time:3.77 Seconds
Solution: 1 30 41 2 38 6 46 49 19 10 42 7 28 33 39 4 47 8 31 9 24 43 32 34 26 40 35 17 16 50 25 21 45 23 14 18 3 37 20 22 13 15 36 12 5 11 27 48 44 29 

Inst_Index:5113 	 City_Num:50 	 Concorde:5.783857 	 MCTS:5.783857 Improve:-0.000000 	 Time:3.78 Seconds
Solution: 1 37 12 20 26 39 14 49 6 17 25 16 21 45 4 33 47 18 35 50 15 24 31 28 43 10 23 38 2 8 34 36 9 3 42 40 46 22 13 29 5 19 11 48 44 7 41 30 27 32 

Inst_Index:5114 	 City_Num:50 	 Concorde:5.312816 	 MCTS:5.312816 Improve:0.000000 	 Time:3.76 Seconds
Solution: 1 39 47 44 38 28 21 43 24 42 30 22 27 46 2 20 48 29 50 23 14 10 12 33 18 4 17 34 36 8 45 35 5 40 16 3 32 7 37 49 15 11 19 13 9 26 31 6 25 41 

Inst_Index:5115 	 City_Num:50 	 Concorde:5.716259 	 MCTS:5.714488 Improve:0.001771 	 Time:3.75 Seconds
Solution: 1 40 41 35 37 24 18 17 42 7 16 2 45 20 11 10 5 27 44 23 28 3 19 12 25 48 46 32 33 13 22 49 9 39 26 21 6 47 29 14 38 4 34 36 15 50 31 30 43 8 

Inst_Index:5116 	 City_Num:50 	 Concorde:5.631799 	 MCTS:5.631799 Improve:0.000000 	 Time:3.76 Seconds
Solution: 1 10 43 15 9 45 38 20 50 37 30 27 23 8 11 2 40 6 16 17 25 34 48 12 4 47 24 3 28 14 21 7 5 44 31 13 22 29 49 39 41 46 36 33 26 19 35 32 42 18 

Inst_Index:5117 	 City_Num:50 	 Concorde:5.698040 	 MCTS:5.698040 Improve:0.000000 	 Time:3.75 Seconds
Solution: 1 3 38 7 20 46 49 43 50 14 6 21 22 24 42 30 32 10 9 19 8 48 29 31 23 15 44 17 12 35 11 41 5 16 18 45 40 26 34 36 47 13 4 33 28 25 39 2 37 27 

Inst_Index:5118 	 City_Num:50 	 Concorde:5.727651 	 MCTS:5.727230 Improve:0.000421 	 Time:3.77 Seconds
Solution: 1 13 41 25 36 47 14 34 29 50 30 8 33 10 27 12 21 42 20 45 15 48 18 28 7 5 44 39 31 24 11 17 46 6 32 16 9 35 19 3 2 43 49 23 38 22 37 4 26 40 

Inst_Index:5119 	 City_Num:50 	 Concorde:6.084102 	 MCTS:6.084102 Improve:-0.000000 	 Time:3.76 Seconds
Solution: 1 11 20 21 31 36 4 22 30 26 43 19 41 28 35 34 7 15 9 44 25 47 17 12 24 27 37 49 38 40 18 14 10 6 32 42 2 33 16 48 23 46 3 50 5 45 8 29 13 39 

Inst_Index:5120 	 City_Num:50 	 Concorde:6.069857 	 MCTS:6.068236 Improve:0.001620 	 Time:3.77 Seconds
Solution: 1 23 7 50 17 12 26 30 36 19 14 33 42 35 11 43 47 41 46 16 38 6 13 3 25 32 39 49 45 34 5 48 18 20 10 21 37 29 24 22 27 15 8 9 40 4 2 44 31 28 

Inst_Index:5121 	 City_Num:50 	 Concorde:5.557734 	 MCTS:5.555631 Improve:0.002102 	 Time:3.75 Seconds
Solution: 1 25 13 12 49 29 5 14 20 50 19 16 28 17 7 8 48 39 21 23 35 34 22 33 40 9 41 30 6 47 45 24 4 38 10 44 37 31 32 42 36 15 11 46 27 2 18 26 3 43 

Inst_Index:5122 	 City_Num:50 	 Concorde:5.653112 	 MCTS:5.653112 Improve:0.000000 	 Time:3.75 Seconds
Solution: 1 24 25 46 21 45 11 18 8 5 17 26 27 36 14 9 29 48 33 28 32 12 35 37 20 39 22 30 34 31 42 49 2 47 13 16 50 44 40 41 6 38 10 7 23 3 4 19 15 43 

Inst_Index:5123 	 City_Num:50 	 Concorde:5.916419 	 MCTS:5.914466 Improve:0.001953 	 Time:3.77 Seconds
Solution: 1 6 39 17 38 11 14 30 7 37 27 49 15 50 3 36 43 46 4 2 25 28 33 18 20 19 34 12 9 22 26 23 31 32 47 45 42 24 44 5 21 29 16 8 41 13 35 48 40 10 

Inst_Index:5124 	 City_Num:50 	 Concorde:5.942102 	 MCTS:5.939498 Improve:0.002604 	 Time:3.75 Seconds
Solution: 1 6 17 28 7 20 5 45 31 46 3 35 30 26 4 44 27 11 10 29 36 38 39 24 32 47 19 33 18 37 13 40 15 16 12 48 21 42 49 8 14 2 41 50 34 23 22 25 9 43 

Inst_Index:5125 	 City_Num:50 	 Concorde:5.548659 	 MCTS:5.548659 Improve:0.000000 	 Time:3.75 Seconds
Solution: 1 38 13 33 27 45 37 31 48 39 29 40 21 18 49 35 23 28 3 26 5 50 14 6 9 17 20 12 46 4 24 44 41 19 16 22 42 36 32 25 7 43 10 30 11 15 8 47 34 2 

Inst_Index:5126 	 City_Num:50 	 Concorde:5.511457 	 MCTS:5.503913 Improve:0.007544 	 Time:3.76 Seconds
Solution: 1 50 4 11 8 33 9 42 15 24 18 12 30 47 45 13 43 41 21 34 38 29 2 49 3 20 14 23 26 37 22 44 6 19 25 40 36 27 16 17 32 46 28 39 31 5 7 10 48 35 

Inst_Index:5127 	 City_Num:50 	 Concorde:5.595246 	 MCTS:5.595246 Improve:0.000000 	 Time:3.76 Seconds
Solution: 1 26 42 44 7 17 29 50 36 32 10 37 46 19 34 12 27 47 35 38 39 48 43 33 4 24 5 25 45 2 31 18 15 16 14 6 41 28 11 22 30 9 21 13 23 8 20 3 40 49 

Inst_Index:5128 	 City_Num:50 	 Concorde:5.808235 	 MCTS:5.805725 Improve:0.002510 	 Time:3.75 Seconds
Solution: 1 11 41 38 50 19 30 34 6 32 14 3 39 17 16 43 40 44 7 48 49 5 13 9 36 21 29 20 10 15 8 27 22 26 12 2 4 47 23 35 24 31 28 37 18 46 25 42 33 45 

Inst_Index:5129 	 City_Num:50 	 Concorde:5.735093 	 MCTS:5.735093 Improve:0.000000 	 Time:3.76 Seconds
Solution: 1 33 30 21 39 7 3 36 8 13 42 6 49 10 15 4 37 11 29 41 19 18 40 25 26 27 2 46 38 9 32 23 12 14 45 44 28 34 31 5 47 16 43 35 17 48 20 24 50 22 

Inst_Index:5130 	 City_Num:50 	 Concorde:5.317582 	 MCTS:5.314910 Improve:0.002672 	 Time:3.76 Seconds
Solution: 1 8 35 20 12 29 44 6 15 47 22 21 18 2 31 13 43 45 33 25 40 42 34 37 26 9 14 17 7 23 30 11 4 39 48 50 41 10 19 38 46 36 32 5 16 49 28 27 24 3 

Inst_Index:5131 	 City_Num:50 	 Concorde:5.865385 	 MCTS:5.865385 Improve:0.000000 	 Time:3.75 Seconds
Solution: 1 36 25 29 20 39 4 5 2 15 41 8 26 12 43 38 27 34 11 42 28 14 6 19 44 13 31 21 32 33 47 7 40 16 48 22 37 9 17 45 50 30 49 23 3 24 18 10 35 46 

Inst_Index:5132 	 City_Num:50 	 Concorde:5.898005 	 MCTS:5.898005 Improve:-0.000000 	 Time:3.75 Seconds
Solution: 1 27 32 43 49 4 48 31 45 19 34 37 24 39 3 35 29 40 42 12 13 10 17 28 14 6 8 41 38 7 36 26 47 44 11 5 9 25 46 33 15 23 22 30 16 18 20 2 50 21 

Inst_Index:5133 	 City_Num:50 	 Concorde:5.952352 	 MCTS:5.952352 Improve:0.000000 	 Time:3.76 Seconds
Solution: 1 17 10 34 22 42 39 20 32 25 23 33 41 46 37 16 15 2 29 48 14 12 11 40 27 7 13 4 21 26 8 49 30 45 43 28 18 5 19 44 36 24 6 3 38 50 31 9 35 47 

Inst_Index:5134 	 City_Num:50 	 Concorde:5.258058 	 MCTS:5.258058 Improve:-0.000000 	 Time:3.75 Seconds
Solution: 1 46 48 21 42 41 17 35 47 10 3 27 44 19 37 49 11 2 22 50 20 13 6 5 43 24 40 8 23 30 31 39 14 29 38 12 7 25 32 36 15 26 16 18 45 4 33 9 34 28 

Inst_Index:5135 	 City_Num:50 	 Concorde:5.632719 	 MCTS:5.632719 Improve:0.000000 	 Time:3.76 Seconds
Solution: 1 26 15 4 42 48 27 19 21 17 10 23 16 50 8 39 6 34 30 45 13 44 49 2 28 38 25 47 43 32 14 24 22 37 11 33 31 9 20 18 35 3 46 29 7 36 5 40 41 12 

Inst_Index:5136 	 City_Num:50 	 Concorde:5.472076 	 MCTS:5.472076 Improve:0.000000 	 Time:3.78 Seconds
Solution: 1 14 45 36 5 4 21 20 11 6 26 33 48 2 35 29 46 30 19 7 24 39 50 3 23 13 17 15 27 41 22 34 25 18 43 38 44 9 42 40 16 49 8 37 10 28 31 32 12 47 

Inst_Index:5137 	 City_Num:50 	 Concorde:5.551751 	 MCTS:5.547991 Improve:0.003761 	 Time:3.76 Seconds
Solution: 1 33 41 44 49 50 42 9 22 14 36 47 19 45 16 39 10 30 35 13 11 31 5 18 25 4 3 48 8 15 21 2 24 29 12 20 17 43 28 26 38 23 40 37 27 7 46 6 34 32 

Inst_Index:5138 	 City_Num:50 	 Concorde:5.771944 	 MCTS:5.771944 Improve:-0.000000 	 Time:3.76 Seconds
Solution: 1 19 26 14 16 27 5 3 49 44 31 25 20 2 22 38 30 35 40 33 39 46 21 47 50 41 23 34 4 8 7 12 13 48 9 11 10 28 43 24 18 37 36 15 42 32 45 6 29 17 

Inst_Index:5139 	 City_Num:50 	 Concorde:5.747318 	 MCTS:5.747318 Improve:-0.000000 	 Time:3.76 Seconds
Solution: 1 18 7 3 29 26 33 11 17 32 48 41 46 4 25 38 13 40 21 9 14 10 34 24 44 45 22 35 23 2 6 30 42 19 31 5 50 37 43 36 47 20 28 39 8 49 15 12 27 16 

Inst_Index:5140 	 City_Num:50 	 Concorde:5.774615 	 MCTS:5.774615 Improve:0.000000 	 Time:3.76 Seconds
Solution: 1 30 18 13 37 26 2 45 23 17 27 46 33 28 6 19 29 21 42 49 10 43 16 25 41 44 40 11 20 12 9 22 50 31 35 7 48 47 39 4 34 15 3 38 5 32 36 24 8 14 

Inst_Index:5141 	 City_Num:50 	 Concorde:5.620083 	 MCTS:5.620083 Improve:0.000000 	 Time:3.76 Seconds
Solution: 1 27 35 18 46 39 5 40 31 41 16 24 28 7 32 43 2 37 13 19 44 42 30 15 8 38 23 47 21 9 20 29 33 17 36 34 14 4 49 22 11 12 50 45 6 26 10 25 3 48 

Inst_Index:5142 	 City_Num:50 	 Concorde:5.328251 	 MCTS:5.327464 Improve:0.000786 	 Time:3.76 Seconds
Solution: 1 45 35 50 27 13 29 31 38 22 18 39 15 46 28 7 19 16 41 40 49 17 11 20 12 42 26 34 37 33 47 4 9 21 30 48 5 32 3 8 6 43 44 24 25 36 23 2 10 14 

Inst_Index:5143 	 City_Num:50 	 Concorde:5.903073 	 MCTS:5.903073 Improve:0.000000 	 Time:3.76 Seconds
Solution: 1 30 24 10 12 21 49 26 23 48 34 47 11 6 9 2 15 19 22 35 7 13 46 40 3 18 32 50 16 25 17 37 27 31 8 44 33 42 43 36 28 41 39 14 38 45 29 4 20 5 

Inst_Index:5144 	 City_Num:50 	 Concorde:5.856202 	 MCTS:5.856202 Improve:0.000000 	 Time:3.77 Seconds
Solution: 1 26 4 39 21 11 2 14 41 37 24 31 6 3 29 30 42 13 43 25 17 27 22 10 38 20 16 15 18 49 47 28 8 34 46 36 44 19 7 40 35 48 12 5 45 50 33 9 23 32 

Inst_Index:5145 	 City_Num:50 	 Concorde:5.532888 	 MCTS:5.531304 Improve:0.001584 	 Time:3.76 Seconds
Solution: 1 10 4 50 7 27 35 48 29 21 14 42 45 43 47 46 40 39 26 23 30 22 24 12 20 28 11 49 16 2 5 17 33 19 9 38 25 32 36 37 18 31 34 15 13 41 3 44 8 6 

Inst_Index:5146 	 City_Num:50 	 Concorde:5.595207 	 MCTS:5.595207 Improve:-0.000000 	 Time:3.77 Seconds
Solution: 1 30 40 48 22 39 5 43 16 29 31 37 27 4 42 23 46 44 34 10 24 13 20 7 17 50 18 19 9 14 8 15 38 6 49 21 25 36 3 26 33 11 41 35 28 12 47 2 32 45 

Inst_Index:5147 	 City_Num:50 	 Concorde:6.007668 	 MCTS:6.005778 Improve:0.001891 	 Time:3.76 Seconds
Solution: 1 12 32 33 14 23 21 37 38 27 36 4 29 11 42 50 49 18 24 8 3 19 10 16 48 20 40 35 28 30 2 46 39 5 7 34 47 15 26 9 44 31 22 45 41 13 43 17 6 25 

Inst_Index:5148 	 City_Num:50 	 Concorde:5.684030 	 MCTS:5.684030 Improve:-0.000000 	 Time:3.75 Seconds
Solution: 1 48 50 10 44 18 26 2 21 49 14 8 45 31 19 29 4 39 27 42 32 36 40 25 34 15 11 28 20 23 47 17 37 30 46 13 35 9 5 43 16 3 33 22 7 24 12 38 6 41 

Inst_Index:5149 	 City_Num:50 	 Concorde:5.723600 	 MCTS:5.723600 Improve:0.000000 	 Time:3.78 Seconds
Solution: 1 36 4 15 25 18 9 49 28 11 46 14 27 30 44 32 43 6 22 13 47 21 23 33 16 40 2 7 50 34 19 5 45 3 48 38 26 37 42 39 41 29 20 31 17 24 8 35 10 12 

Inst_Index:5150 	 City_Num:50 	 Concorde:5.809426 	 MCTS:5.804497 Improve:0.004929 	 Time:3.75 Seconds
Solution: 1 6 40 29 12 46 28 44 14 5 47 7 19 22 20 33 49 24 35 18 38 4 2 34 31 27 9 45 36 48 8 41 50 25 17 37 15 23 26 10 16 13 3 21 30 32 11 42 43 39 

Inst_Index:5151 	 City_Num:50 	 Concorde:5.097574 	 MCTS:5.097574 Improve:0.000000 	 Time:3.75 Seconds
Solution: 1 16 32 20 31 30 26 37 5 38 11 40 22 17 45 35 14 7 3 29 18 42 6 34 15 28 25 48 9 19 13 41 47 43 10 12 39 50 8 24 27 44 33 4 21 23 2 49 36 46 

Inst_Index:5152 	 City_Num:50 	 Concorde:5.743040 	 MCTS:5.743040 Improve:0.000000 	 Time:3.75 Seconds
Solution: 1 11 34 29 46 25 22 23 43 49 33 40 4 2 31 15 28 10 42 50 7 9 12 3 24 35 36 30 18 19 26 41 20 17 27 38 45 39 8 37 6 13 48 16 14 44 47 32 21 5 

Inst_Index:5153 	 City_Num:50 	 Concorde:5.250612 	 MCTS:5.250612 Improve:0.000000 	 Time:3.75 Seconds
Solution: 1 7 25 49 18 33 35 38 26 39 28 9 8 24 15 31 45 4 6 41 36 13 30 12 47 23 29 2 27 17 11 37 14 46 43 20 5 3 44 50 32 42 48 34 22 40 19 21 16 10 

Inst_Index:5154 	 City_Num:50 	 Concorde:5.609307 	 MCTS:5.609307 Improve:-0.000000 	 Time:3.76 Seconds
Solution: 1 40 38 8 11 17 42 39 18 47 44 29 7 46 4 27 23 43 36 49 21 32 13 2 34 28 6 3 14 22 26 20 48 37 12 31 10 41 33 24 35 16 19 45 5 30 25 15 50 9 

Inst_Index:5155 	 City_Num:50 	 Concorde:5.368498 	 MCTS:5.364771 Improve:0.003727 	 Time:3.75 Seconds
Solution: 1 15 9 50 26 38 36 8 12 2 24 35 16 21 17 3 45 10 6 32 28 23 33 4 14 30 5 39 42 43 7 31 41 20 44 27 29 49 22 47 46 34 40 18 48 19 37 11 13 25 

Inst_Index:5156 	 City_Num:50 	 Concorde:5.611187 	 MCTS:5.611187 Improve:-0.000000 	 Time:3.76 Seconds
Solution: 1 22 33 15 7 31 41 38 44 12 21 2 25 37 47 29 19 23 13 34 40 32 48 46 18 11 28 24 50 8 9 10 36 5 39 4 3 30 16 35 45 6 42 14 17 20 43 26 27 49 

Inst_Index:5157 	 City_Num:50 	 Concorde:5.926826 	 MCTS:5.926826 Improve:0.000000 	 Time:3.76 Seconds
Solution: 1 18 31 27 35 44 16 7 41 30 10 28 2 14 17 33 42 43 32 15 45 20 9 23 12 37 36 50 26 29 4 13 39 22 46 8 34 11 47 5 49 25 38 40 19 21 6 3 48 24 

Inst_Index:5158 	 City_Num:50 	 Concorde:5.518101 	 MCTS:5.518101 Improve:0.000000 	 Time:3.77 Seconds
Solution: 1 50 7 42 25 3 47 11 12 14 38 35 28 18 26 29 48 34 43 19 5 23 16 31 24 2 20 49 10 4 21 33 44 41 40 22 36 15 17 32 9 45 27 6 8 39 30 37 13 46 

Inst_Index:5159 	 City_Num:50 	 Concorde:5.724413 	 MCTS:5.724413 Improve:-0.000000 	 Time:3.75 Seconds
Solution: 1 42 50 22 19 14 38 26 47 37 15 39 36 7 4 8 21 24 27 18 3 40 32 25 44 9 35 12 43 10 11 20 30 5 16 34 48 46 31 13 49 17 41 28 6 29 45 2 33 23 

Inst_Index:5160 	 City_Num:50 	 Concorde:5.619615 	 MCTS:5.619615 Improve:-0.000000 	 Time:3.77 Seconds
Solution: 1 44 25 22 19 4 20 8 10 13 32 2 46 21 50 29 15 35 18 39 41 31 40 33 3 26 11 9 5 28 23 16 17 12 38 45 48 27 24 14 6 7 42 30 43 34 49 47 36 37 

Inst_Index:5161 	 City_Num:50 	 Concorde:5.444078 	 MCTS:5.444078 Improve:0.000000 	 Time:3.76 Seconds
Solution: 1 31 25 2 22 15 43 36 41 38 27 19 48 10 35 12 3 33 39 8 47 28 44 26 24 20 49 32 14 16 30 42 37 45 9 34 40 6 46 18 4 17 21 11 5 13 50 29 7 23 

Inst_Index:5162 	 City_Num:50 	 Concorde:5.527825 	 MCTS:5.524883 Improve:0.002942 	 Time:3.77 Seconds
Solution: 1 2 6 28 24 33 36 46 22 40 34 27 26 13 9 35 23 14 15 3 48 7 39 42 20 10 29 18 49 38 16 8 50 19 21 25 45 5 41 17 32 37 30 47 11 31 44 12 4 43 

Inst_Index:5163 	 City_Num:50 	 Concorde:6.064466 	 MCTS:6.059598 Improve:0.004868 	 Time:3.76 Seconds
Solution: 1 25 33 35 32 14 34 40 10 45 29 42 5 24 3 47 50 9 13 8 44 11 43 19 49 37 48 23 2 41 39 46 16 7 17 4 6 22 26 38 28 20 27 31 30 36 12 15 18 21 

Inst_Index:5164 	 City_Num:50 	 Concorde:5.702005 	 MCTS:5.700170 Improve:0.001835 	 Time:3.77 Seconds
Solution: 1 33 24 36 45 41 26 37 13 17 34 2 14 7 18 31 39 30 8 22 9 42 44 11 25 19 23 3 15 5 28 6 50 48 40 10 4 27 21 43 35 46 12 29 38 20 47 49 32 16 

Inst_Index:5165 	 City_Num:50 	 Concorde:5.855307 	 MCTS:5.851148 Improve:0.004160 	 Time:3.75 Seconds
Solution: 1 11 12 10 23 48 25 45 41 50 30 18 46 15 3 4 36 7 19 38 14 22 37 6 40 33 2 49 34 24 13 16 27 20 8 29 31 43 44 26 9 28 47 39 42 5 21 35 17 32 

Inst_Index:5166 	 City_Num:50 	 Concorde:5.914144 	 MCTS:5.914144 Improve:-0.000000 	 Time:3.77 Seconds
Solution: 1 13 40 44 49 27 3 26 5 48 45 30 42 19 14 28 47 2 31 9 29 17 22 32 33 11 46 41 34 39 15 37 25 6 21 18 4 24 36 20 50 23 35 38 10 7 12 16 43 8 

Inst_Index:5167 	 City_Num:50 	 Concorde:5.291585 	 MCTS:5.291585 Improve:0.000000 	 Time:3.76 Seconds
Solution: 1 29 40 25 2 39 31 8 34 15 4 20 18 48 49 13 10 3 44 41 23 47 28 43 37 30 45 12 22 14 7 21 46 42 19 6 27 16 36 11 32 35 24 5 33 38 50 26 17 9 

Inst_Index:5168 	 City_Num:50 	 Concorde:5.771695 	 MCTS:5.771339 Improve:0.000356 	 Time:3.76 Seconds
Solution: 1 44 26 28 17 29 23 11 31 16 40 4 21 27 45 2 20 48 15 5 12 6 14 49 35 3 43 42 10 30 37 41 47 13 50 33 46 19 25 22 39 7 18 24 36 8 38 9 34 32 

Inst_Index:5169 	 City_Num:50 	 Concorde:5.235669 	 MCTS:5.235669 Improve:-0.000000 	 Time:3.76 Seconds
Solution: 1 35 41 15 28 4 14 48 39 16 31 11 27 18 21 19 3 34 49 17 44 32 9 42 43 40 25 45 29 38 22 8 23 24 37 50 36 30 10 2 7 26 13 33 47 46 12 20 6 5 

Inst_Index:5170 	 City_Num:50 	 Concorde:5.700511 	 MCTS:5.700511 Improve:0.000000 	 Time:3.75 Seconds
Solution: 1 8 23 25 43 36 14 30 18 7 20 9 13 12 21 33 47 31 22 40 39 5 38 10 32 37 15 45 2 49 34 48 50 4 29 42 44 27 16 6 11 26 17 28 41 46 19 35 24 3 

Inst_Index:5171 	 City_Num:50 	 Concorde:5.602950 	 MCTS:5.602950 Improve:-0.000000 	 Time:3.75 Seconds
Solution: 1 44 16 6 29 28 19 46 31 21 11 34 42 25 8 3 39 5 13 40 22 45 36 26 10 47 37 2 27 48 17 41 43 35 33 30 23 20 38 50 18 14 7 4 15 24 12 32 49 9 

Inst_Index:5172 	 City_Num:50 	 Concorde:5.620606 	 MCTS:5.620606 Improve:0.000000 	 Time:3.75 Seconds
Solution: 1 20 46 30 19 7 28 47 27 43 2 26 21 29 16 39 9 37 11 6 38 17 22 24 45 14 8 5 49 48 13 25 50 40 10 12 33 18 44 15 4 23 42 31 36 41 32 3 34 35 

Inst_Index:5173 	 City_Num:50 	 Concorde:5.678966 	 MCTS:5.678966 Improve:0.000000 	 Time:3.77 Seconds
Solution: 1 7 14 11 15 26 30 27 46 32 3 8 39 6 18 20 5 19 44 41 33 34 4 49 47 24 37 25 31 28 35 42 9 12 2 21 29 45 48 23 38 22 10 17 13 16 50 43 40 36 

Inst_Index:5174 	 City_Num:50 	 Concorde:5.378333 	 MCTS:5.378333 Improve:-0.000000 	 Time:3.75 Seconds
Solution: 1 36 38 35 31 19 27 10 24 9 41 8 16 18 21 33 26 23 30 42 43 47 29 13 48 7 40 5 14 2 11 39 32 3 28 34 44 4 49 25 6 17 50 46 20 12 45 15 37 22 

Inst_Index:5175 	 City_Num:50 	 Concorde:5.797050 	 MCTS:5.783744 Improve:0.013306 	 Time:3.77 Seconds
Solution: 1 36 46 15 48 33 20 2 25 30 18 27 28 6 32 5 29 37 38 9 17 4 14 39 12 34 35 40 3 23 22 47 42 13 41 7 31 21 43 50 16 45 49 11 44 8 26 24 10 19 

Inst_Index:5176 	 City_Num:50 	 Concorde:5.957939 	 MCTS:5.957939 Improve:0.000000 	 Time:3.77 Seconds
Solution: 1 17 24 14 13 41 23 39 6 44 33 11 29 42 34 47 2 35 15 36 21 30 40 28 8 16 12 46 4 5 45 43 32 7 9 18 49 27 31 25 3 26 50 20 48 38 10 22 37 19 

Inst_Index:5177 	 City_Num:50 	 Concorde:5.754534 	 MCTS:5.754534 Improve:-0.000000 	 Time:3.75 Seconds
Solution: 1 48 25 28 47 22 45 16 19 27 14 33 18 30 10 15 44 32 23 42 46 2 17 13 8 26 20 37 41 43 39 31 35 4 49 21 29 7 34 12 5 9 24 40 38 50 6 11 3 36 

Inst_Index:5178 	 City_Num:50 	 Concorde:5.181765 	 MCTS:5.181765 Improve:-0.000000 	 Time:3.76 Seconds
Solution: 1 47 40 36 44 42 29 48 39 15 37 16 2 18 3 24 5 34 22 12 26 20 21 9 46 31 25 41 49 38 6 8 4 14 50 45 19 33 30 10 7 35 13 28 23 17 27 43 11 32 

Inst_Index:5179 	 City_Num:50 	 Concorde:5.955269 	 MCTS:5.955269 Improve:0.000000 	 Time:3.76 Seconds
Solution: 1 39 24 26 9 48 6 46 49 15 11 50 27 41 40 5 44 20 29 19 47 36 42 28 21 30 45 13 37 8 16 31 2 25 33 3 10 4 38 43 22 32 34 12 7 18 14 35 17 23 

Inst_Index:5180 	 City_Num:50 	 Concorde:5.747844 	 MCTS:5.745957 Improve:0.001886 	 Time:3.75 Seconds
Solution: 1 25 4 47 7 40 35 34 30 20 12 19 22 38 23 48 3 43 11 36 27 18 45 32 5 31 16 6 28 46 39 29 2 21 14 17 13 49 37 24 42 26 8 41 9 10 33 50 15 44 

Inst_Index:5181 	 City_Num:50 	 Concorde:5.307049 	 MCTS:5.307049 Improve:0.000000 	 Time:3.75 Seconds
Solution: 1 27 41 40 48 34 29 36 2 32 13 30 25 39 21 37 3 20 14 35 23 10 31 19 45 17 24 12 11 6 7 5 15 4 38 28 26 42 9 43 22 50 44 49 8 46 33 16 47 18 

Inst_Index:5182 	 City_Num:50 	 Concorde:5.334778 	 MCTS:5.334371 Improve:0.000408 	 Time:3.76 Seconds
Solution: 1 14 20 23 50 25 29 3 34 11 38 42 44 27 8 39 45 17 40 13 7 26 33 30 32 5 21 49 22 10 31 41 6 4 19 18 2 9 47 28 15 43 48 24 36 37 16 35 46 12 

Inst_Index:5183 	 City_Num:50 	 Concorde:5.672026 	 MCTS:5.670582 Improve:0.001444 	 Time:3.77 Seconds
Solution: 1 31 10 13 28 2 25 17 15 27 7 37 19 21 43 26 38 3 30 34 16 18 40 32 12 24 23 22 44 6 36 9 20 49 46 50 8 11 5 35 29 39 42 33 48 4 41 47 14 45 

Inst_Index:5184 	 City_Num:50 	 Concorde:5.398385 	 MCTS:5.393432 Improve:0.004953 	 Time:3.76 Seconds
Solution: 1 21 22 6 18 34 47 10 50 30 17 16 29 25 3 2 27 49 44 20 9 26 4 38 45 8 12 19 37 11 24 23 42 48 40 46 14 39 5 15 32 7 33 28 31 35 43 41 36 13 

Inst_Index:5185 	 City_Num:50 	 Concorde:5.589494 	 MCTS:5.585772 Improve:0.003722 	 Time:3.77 Seconds
Solution: 1 19 50 39 25 32 9 5 26 45 44 3 13 47 33 40 41 4 27 11 18 48 6 20 15 24 29 8 49 21 16 2 30 7 34 17 46 22 10 35 12 14 31 38 36 23 28 37 43 42 

Inst_Index:5186 	 City_Num:50 	 Concorde:5.546484 	 MCTS:5.546484 Improve:-0.000000 	 Time:3.76 Seconds
Solution: 1 7 49 3 28 22 35 25 47 32 12 39 42 43 21 15 17 33 45 14 4 8 6 40 11 29 48 13 30 50 36 27 5 26 34 9 38 16 46 37 20 19 2 10 18 44 31 23 41 24 

Inst_Index:5187 	 City_Num:50 	 Concorde:5.409085 	 MCTS:5.406772 Improve:0.002313 	 Time:3.76 Seconds
Solution: 1 36 48 28 43 22 17 24 42 46 20 14 21 16 40 12 5 29 19 30 35 9 25 3 49 6 31 33 32 2 7 41 18 34 38 4 11 39 47 15 44 37 26 13 45 8 23 10 50 27 

Inst_Index:5188 	 City_Num:50 	 Concorde:5.183177 	 MCTS:5.183177 Improve:0.000000 	 Time:3.76 Seconds
Solution: 1 8 44 7 46 37 31 15 12 48 50 24 39 35 42 3 23 40 18 10 5 11 36 2 41 25 33 6 45 29 26 47 13 14 4 9 16 34 38 21 17 19 30 20 43 28 27 49 22 32 

Inst_Index:5189 	 City_Num:50 	 Concorde:5.487221 	 MCTS:5.487221 Improve:0.000000 	 Time:3.77 Seconds
Solution: 1 48 2 33 32 5 4 19 20 7 22 25 39 21 49 37 42 9 27 35 47 18 23 50 10 26 11 45 12 46 41 29 24 30 15 17 38 28 40 31 13 34 43 6 14 44 8 16 36 3 

Inst_Index:5190 	 City_Num:50 	 Concorde:5.432371 	 MCTS:5.432371 Improve:0.000000 	 Time:3.75 Seconds
Solution: 1 37 19 16 41 47 14 30 11 12 26 2 8 24 27 39 23 6 18 49 45 32 21 4 20 15 29 43 17 3 9 13 5 44 10 7 38 48 33 46 22 34 40 50 42 35 28 25 31 36 

Inst_Index:5191 	 City_Num:50 	 Concorde:5.688733 	 MCTS:5.688733 Improve:0.000000 	 Time:3.76 Seconds
Solution: 1 39 20 8 12 9 13 40 44 16 47 38 37 36 7 2 35 28 14 26 49 25 29 46 33 48 6 21 5 23 24 45 19 11 18 10 42 43 17 41 15 34 32 27 31 22 30 50 3 4 

Inst_Index:5192 	 City_Num:50 	 Concorde:5.622592 	 MCTS:5.617462 Improve:0.005130 	 Time:3.77 Seconds
Solution: 1 22 28 27 25 42 19 17 10 21 4 30 16 15 23 43 44 3 7 35 2 26 40 49 33 6 20 24 45 13 12 36 32 48 9 34 18 37 5 8 29 11 39 46 14 47 50 31 41 38 

Inst_Index:5193 	 City_Num:50 	 Concorde:5.551394 	 MCTS:5.551394 Improve:-0.000000 	 Time:3.75 Seconds
Solution: 1 7 29 15 28 33 22 17 32 4 19 11 13 5 9 24 41 44 3 36 21 12 2 16 23 38 39 35 45 47 46 34 6 8 50 43 30 49 20 37 48 14 25 31 42 10 40 18 27 26 

Inst_Index:5194 	 City_Num:50 	 Concorde:5.649255 	 MCTS:5.648220 Improve:0.001035 	 Time:3.76 Seconds
Solution: 1 14 2 34 27 41 19 47 10 44 32 6 28 49 22 29 5 20 37 36 35 11 45 16 42 23 18 21 39 12 48 50 31 9 25 15 38 3 7 4 40 8 13 30 33 46 26 24 17 43 

Inst_Index:5195 	 City_Num:50 	 Concorde:5.780800 	 MCTS:5.778136 Improve:0.002664 	 Time:3.75 Seconds
Solution: 1 10 9 14 27 40 3 48 33 2 47 46 49 35 31 45 28 32 50 8 44 23 19 4 25 41 7 29 24 13 5 22 38 11 37 30 21 15 17 42 43 12 6 36 16 34 26 18 20 39 

Inst_Index:5196 	 City_Num:50 	 Concorde:5.641883 	 MCTS:5.641883 Improve:-0.000000 	 Time:3.75 Seconds
Solution: 1 17 19 48 25 33 28 22 10 42 43 9 21 31 2 6 27 44 40 18 26 39 41 50 37 20 12 8 11 16 49 36 14 4 5 7 15 46 24 47 45 3 38 29 23 32 13 30 34 35 

Inst_Index:5197 	 City_Num:50 	 Concorde:5.407415 	 MCTS:5.398484 Improve:0.008932 	 Time:3.76 Seconds
Solution: 1 3 34 24 9 49 8 39 10 16 41 48 31 29 20 44 19 35 37 28 42 18 45 23 22 12 25 43 50 46 21 40 7 4 13 26 5 14 27 47 30 38 32 11 33 36 17 6 2 15 

Inst_Index:5198 	 City_Num:50 	 Concorde:5.712908 	 MCTS:5.707615 Improve:0.005293 	 Time:3.76 Seconds
Solution: 1 10 6 43 17 36 35 27 37 47 16 45 2 30 32 23 40 20 48 14 18 26 19 13 42 39 15 11 41 24 22 21 4 3 33 38 25 31 49 50 46 12 29 5 28 34 44 8 9 7 

Inst_Index:5199 	 City_Num:50 	 Concorde:5.469575 	 MCTS:5.463526 Improve:0.006049 	 Time:3.77 Seconds
Solution: 1 35 17 11 20 40 15 14 24 31 37 6 25 3 8 39 4 30 33 7 48 12 50 9 23 32 36 42 5 10 26 49 28 41 44 16 22 2 13 29 18 46 47 21 19 43 38 45 27 34 

Inst_Index:5200 	 City_Num:50 	 Concorde:5.812492 	 MCTS:5.812448 Improve:0.000044 	 Time:3.77 Seconds
Solution: 1 37 49 40 8 24 45 15 30 21 34 3 28 18 44 20 46 19 6 4 9 12 13 35 39 16 47 38 25 31 5 7 23 17 50 27 48 42 2 11 36 41 33 14 26 10 29 43 32 22 

Inst_Index:5201 	 City_Num:50 	 Concorde:5.948475 	 MCTS:5.947925 Improve:0.000549 	 Time:3.77 Seconds
Solution: 1 11 23 7 17 50 9 29 22 6 28 8 14 43 41 37 21 27 2 36 16 49 13 18 12 26 44 5 39 20 38 45 3 10 31 19 42 46 30 24 40 35 25 47 34 33 32 15 4 48 

Inst_Index:5202 	 City_Num:50 	 Concorde:5.913541 	 MCTS:5.913541 Improve:0.000000 	 Time:3.75 Seconds
Solution: 1 11 19 48 26 8 38 25 50 10 41 49 21 31 43 47 23 29 37 18 33 40 36 28 7 4 22 17 14 3 39 6 34 9 5 46 44 15 13 35 32 20 12 42 2 24 16 30 27 45 

Inst_Index:5203 	 City_Num:50 	 Concorde:5.519453 	 MCTS:5.519453 Improve:-0.000000 	 Time:3.78 Seconds
Solution: 1 13 40 4 36 30 27 46 17 31 18 37 12 9 20 21 16 7 45 28 50 15 10 3 43 2 32 29 41 39 47 14 48 5 25 33 34 6 11 23 49 22 8 35 24 26 38 19 42 44 

Inst_Index:5204 	 City_Num:50 	 Concorde:5.649237 	 MCTS:5.649237 Improve:0.000000 	 Time:3.78 Seconds
Solution: 1 26 9 47 40 30 43 22 28 37 18 23 14 6 48 2 19 13 10 8 50 45 16 39 15 25 24 34 17 11 42 7 3 5 46 29 27 41 36 12 44 38 21 32 49 31 4 20 33 35 

Inst_Index:5205 	 City_Num:50 	 Concorde:5.966650 	 MCTS:5.966650 Improve:0.000000 	 Time:3.76 Seconds
Solution: 1 4 25 19 50 7 6 27 39 18 46 37 14 22 43 36 17 26 20 48 16 15 31 9 45 8 2 11 3 24 30 23 13 47 41 5 28 34 10 21 38 35 42 33 49 12 44 29 32 40 

Inst_Index:5206 	 City_Num:50 	 Concorde:6.194766 	 MCTS:6.191724 Improve:0.003042 	 Time:3.76 Seconds
Solution: 1 10 16 43 50 25 15 17 42 34 14 37 21 41 3 8 27 35 22 20 7 31 48 47 39 46 12 9 18 45 49 44 4 11 32 36 24 23 26 13 19 6 29 28 5 38 2 40 30 33 

Inst_Index:5207 	 City_Num:50 	 Concorde:5.534534 	 MCTS:5.532745 Improve:0.001789 	 Time:3.75 Seconds
Solution: 1 21 17 48 41 40 36 47 5 14 43 11 10 39 33 49 12 44 18 16 6 8 27 28 37 38 31 20 26 45 50 42 23 13 35 24 32 2 7 34 3 22 29 4 15 19 46 30 25 9 

Inst_Index:5208 	 City_Num:50 	 Concorde:5.395659 	 MCTS:5.395659 Improve:0.000000 	 Time:3.76 Seconds
Solution: 1 29 2 44 35 34 16 45 10 46 24 15 50 48 26 30 37 32 11 27 7 49 22 8 31 18 39 4 47 9 5 43 33 20 21 6 25 14 28 36 17 19 12 13 23 3 38 41 40 42 

Inst_Index:5209 	 City_Num:50 	 Concorde:5.831583 	 MCTS:5.831583 Improve:-0.000000 	 Time:3.76 Seconds
Solution: 1 7 34 19 16 20 36 12 30 2 45 22 26 4 46 9 3 13 50 32 40 48 18 10 11 35 15 39 33 43 21 25 28 14 23 5 27 47 31 17 38 41 6 44 42 24 49 29 8 37 

Inst_Index:5210 	 City_Num:50 	 Concorde:5.794674 	 MCTS:5.794674 Improve:-0.000000 	 Time:3.76 Seconds
Solution: 1 48 46 18 22 35 47 12 5 40 32 10 33 34 7 15 11 25 45 43 29 37 19 39 30 4 20 3 49 21 9 16 41 8 2 28 38 36 17 27 44 26 13 31 14 6 24 42 50 23 

Inst_Index:5211 	 City_Num:50 	 Concorde:5.651658 	 MCTS:5.651658 Improve:0.000000 	 Time:3.76 Seconds
Solution: 1 4 43 3 5 32 29 47 23 6 49 7 36 42 21 24 16 34 44 41 38 18 48 46 25 14 13 12 2 22 9 11 30 45 26 37 35 39 10 19 40 33 28 31 50 17 27 15 20 8 

Inst_Index:5212 	 City_Num:50 	 Concorde:5.362484 	 MCTS:5.360975 Improve:0.001509 	 Time:3.77 Seconds
Solution: 1 26 9 37 35 7 3 45 40 19 41 39 23 2 48 24 34 46 4 14 17 33 44 32 6 50 25 13 42 20 31 47 36 10 49 30 8 38 28 22 18 43 15 12 5 16 27 11 29 21 

Inst_Index:5213 	 City_Num:50 	 Concorde:5.798721 	 MCTS:5.798721 Improve:0.000000 	 Time:3.76 Seconds
Solution: 1 50 44 34 28 13 49 33 37 22 39 41 45 32 12 40 23 18 46 30 26 8 20 25 17 7 21 38 43 4 10 24 35 9 6 11 14 47 48 5 16 31 19 27 29 36 15 2 3 42 

Inst_Index:5214 	 City_Num:50 	 Concorde:5.226313 	 MCTS:5.226313 Improve:0.000000 	 Time:3.75 Seconds
Solution: 1 2 31 13 46 30 28 7 8 27 15 47 24 22 37 50 20 43 23 32 48 25 14 9 4 17 10 29 45 38 34 11 19 44 16 39 40 49 42 35 6 26 41 12 21 3 5 18 36 33 

Inst_Index:5215 	 City_Num:50 	 Concorde:6.182935 	 MCTS:6.174743 Improve:0.008191 	 Time:3.75 Seconds
Solution: 1 9 24 43 37 10 7 25 2 4 16 40 3 27 47 26 29 38 34 13 41 11 30 20 23 5 35 6 46 19 49 12 15 14 28 44 33 36 32 18 42 8 21 17 45 31 48 39 22 50 

Inst_Index:5216 	 City_Num:50 	 Concorde:5.317802 	 MCTS:5.317802 Improve:-0.000000 	 Time:3.77 Seconds
Solution: 1 18 40 2 15 20 48 31 29 42 36 38 11 10 24 39 19 5 28 43 25 13 35 41 14 46 45 17 32 50 23 8 16 22 6 7 33 12 4 34 9 26 3 47 49 44 30 21 27 37 

Inst_Index:5217 	 City_Num:50 	 Concorde:5.449362 	 MCTS:5.449362 Improve:-0.000000 	 Time:3.76 Seconds
Solution: 1 26 9 29 37 33 16 50 31 6 18 36 22 24 49 41 45 46 8 30 21 42 23 39 3 20 4 13 5 40 27 32 35 15 12 44 34 10 47 28 43 7 11 17 2 25 14 48 38 19 

Inst_Index:5218 	 City_Num:50 	 Concorde:5.341247 	 MCTS:5.341247 Improve:0.000000 	 Time:3.77 Seconds
Solution: 1 38 4 32 39 18 8 27 11 46 35 10 44 28 29 33 30 15 41 31 37 40 47 2 26 20 21 34 3 16 22 23 36 6 42 24 5 9 45 25 7 14 19 49 50 17 43 12 13 48 

Inst_Index:5219 	 City_Num:50 	 Concorde:5.492523 	 MCTS:5.491531 Improve:0.000992 	 Time:3.76 Seconds
Solution: 1 22 26 7 36 46 24 21 30 39 15 28 16 4 32 33 37 27 47 25 48 40 45 20 49 3 12 8 29 41 42 17 35 23 2 18 50 11 34 14 44 13 38 43 19 31 9 6 10 5 

Inst_Index:5220 	 City_Num:50 	 Concorde:5.209272 	 MCTS:5.209272 Improve:0.000000 	 Time:3.75 Seconds
Solution: 1 15 37 6 49 20 3 2 35 29 47 28 39 13 9 31 19 8 30 18 36 41 12 16 5 40 11 44 4 45 23 22 7 21 46 50 14 38 42 34 10 33 25 43 17 26 27 24 32 48 

Inst_Index:5221 	 City_Num:50 	 Concorde:5.218225 	 MCTS:5.211424 Improve:0.006801 	 Time:3.76 Seconds
Solution: 1 41 7 48 19 31 18 37 13 5 29 30 27 25 40 15 3 50 38 32 14 46 45 49 11 9 10 44 35 6 33 21 24 36 16 20 4 43 12 17 34 22 23 8 39 42 47 26 28 2 

Inst_Index:5222 	 City_Num:50 	 Concorde:5.852555 	 MCTS:5.844025 Improve:0.008530 	 Time:3.77 Seconds
Solution: 1 15 14 4 2 21 37 41 27 25 35 50 9 42 23 28 12 47 34 36 11 31 44 49 6 3 29 39 22 46 38 8 43 16 18 32 30 19 20 13 24 7 45 26 5 40 17 33 10 48 

Inst_Index:5223 	 City_Num:50 	 Concorde:5.667416 	 MCTS:5.667416 Improve:0.000000 	 Time:3.76 Seconds
Solution: 1 44 25 32 47 23 5 9 20 15 22 35 30 8 24 3 48 42 18 43 10 49 33 19 40 27 50 39 7 34 11 29 26 4 37 41 12 28 21 14 38 46 45 17 2 36 13 31 6 16 

Inst_Index:5224 	 City_Num:50 	 Concorde:5.973690 	 MCTS:5.964330 Improve:0.009360 	 Time:3.76 Seconds
Solution: 1 7 41 18 38 12 24 31 10 30 34 36 9 19 27 37 22 28 40 44 23 17 25 5 39 47 48 43 29 14 32 21 46 33 4 42 13 8 45 50 20 16 35 11 2 15 49 6 26 3 

Inst_Index:5225 	 City_Num:50 	 Concorde:5.941167 	 MCTS:5.941167 Improve:0.000000 	 Time:3.77 Seconds
Solution: 1 5 22 41 14 30 29 6 33 44 10 20 28 47 8 27 43 42 39 38 23 24 46 34 25 16 17 32 7 35 18 9 11 49 50 2 13 21 12 45 37 26 4 19 3 31 36 40 48 15 

Inst_Index:5226 	 City_Num:50 	 Concorde:5.685086 	 MCTS:5.685086 Improve:0.000000 	 Time:3.77 Seconds
Solution: 1 23 44 9 21 4 31 7 24 10 13 37 43 19 46 39 17 26 41 45 11 12 42 34 16 35 40 30 32 49 18 6 14 33 50 36 8 2 3 29 15 20 25 28 27 47 48 5 38 22 

Inst_Index:5227 	 City_Num:50 	 Concorde:6.082859 	 MCTS:6.076021 Improve:0.006838 	 Time:3.79 Seconds
Solution: 1 4 40 32 10 28 3 49 18 44 11 17 25 38 36 19 43 45 46 29 24 23 39 20 16 50 31 33 27 14 12 41 21 47 34 7 2 6 15 26 35 9 22 8 30 48 5 13 37 42 

Inst_Index:5228 	 City_Num:50 	 Concorde:5.917833 	 MCTS:5.917833 Improve:0.000000 	 Time:3.75 Seconds
Solution: 1 15 8 5 34 3 6 39 23 32 37 31 33 24 14 16 50 40 4 2 22 11 45 10 38 41 49 47 18 43 12 13 28 21 29 9 19 46 17 36 48 44 20 27 42 35 25 26 30 7 

Inst_Index:5229 	 City_Num:50 	 Concorde:5.371374 	 MCTS:5.371374 Improve:-0.000000 	 Time:3.77 Seconds
Solution: 1 23 50 40 3 26 35 28 34 33 22 38 21 9 5 16 2 37 20 24 6 17 8 13 39 45 19 32 49 10 44 27 11 31 47 12 42 46 15 25 29 43 7 48 36 18 30 14 4 41 

Inst_Index:5230 	 City_Num:50 	 Concorde:5.859952 	 MCTS:5.859952 Improve:-0.000000 	 Time:3.75 Seconds
Solution: 1 12 23 47 37 11 44 25 8 15 9 4 6 31 30 46 10 27 17 3 16 21 20 36 29 39 40 14 34 22 24 42 13 7 49 19 32 5 41 48 33 18 50 45 26 35 38 2 28 43 

Inst_Index:5231 	 City_Num:50 	 Concorde:5.260169 	 MCTS:5.258218 Improve:0.001951 	 Time:3.75 Seconds
Solution: 1 2 25 10 12 49 16 5 9 15 36 6 44 41 11 48 26 37 34 7 24 14 50 29 43 22 19 8 32 45 31 4 38 42 39 13 27 21 40 3 20 30 47 23 46 18 17 33 28 35 

Inst_Index:5232 	 City_Num:50 	 Concorde:5.425150 	 MCTS:5.425150 Improve:0.000000 	 Time:3.76 Seconds
Solution: 1 38 11 20 22 6 21 32 40 36 3 35 13 26 15 46 37 5 7 31 39 34 44 17 18 49 16 28 10 14 43 42 50 41 47 30 23 29 45 12 24 25 2 4 19 27 9 8 48 33 

Inst_Index:5233 	 City_Num:50 	 Concorde:5.525846 	 MCTS:5.525522 Improve:0.000324 	 Time:3.77 Seconds
Solution: 1 9 37 28 16 7 17 41 14 5 30 33 6 38 32 36 49 44 35 43 25 24 15 29 45 34 11 50 19 42 20 13 4 26 22 39 27 31 48 3 2 23 12 10 8 46 40 21 18 47 

Inst_Index:5234 	 City_Num:50 	 Concorde:5.318900 	 MCTS:5.312605 Improve:0.006295 	 Time:3.76 Seconds
Solution: 1 22 9 20 30 10 19 40 35 36 25 3 34 16 18 43 32 14 50 26 42 31 39 41 12 7 23 49 11 4 45 15 2 8 29 24 38 28 33 48 5 46 13 37 21 44 6 47 17 27 

Inst_Index:5235 	 City_Num:50 	 Concorde:5.658972 	 MCTS:5.658878 Improve:0.000095 	 Time:3.77 Seconds
Solution: 1 45 4 37 18 3 44 35 9 24 2 31 49 41 29 19 36 23 38 13 10 22 8 50 21 40 12 7 27 42 39 17 33 30 14 34 25 47 5 43 26 11 32 6 16 46 20 28 15 48 

Inst_Index:5236 	 City_Num:50 	 Concorde:5.829841 	 MCTS:5.829841 Improve:0.000000 	 Time:3.76 Seconds
Solution: 1 5 49 15 34 39 14 41 16 45 32 42 3 43 11 8 4 38 50 6 19 2 7 40 31 24 22 21 18 47 10 20 28 44 46 48 29 12 23 9 25 26 13 27 33 35 30 17 36 37 

Inst_Index:5237 	 City_Num:50 	 Concorde:5.404864 	 MCTS:5.403992 Improve:0.000872 	 Time:3.75 Seconds
Solution: 1 50 43 18 35 6 22 21 15 14 40 5 33 17 34 26 31 29 23 2 10 28 12 38 16 32 27 42 25 3 44 37 4 46 41 30 49 47 48 8 11 39 7 19 9 36 20 45 24 13 

Inst_Index:5238 	 City_Num:50 	 Concorde:5.775054 	 MCTS:5.775054 Improve:-0.000000 	 Time:3.75 Seconds
Solution: 1 27 21 35 50 10 13 14 29 30 37 48 26 22 39 33 11 25 38 3 4 16 49 20 8 45 36 6 32 44 47 15 7 2 24 41 28 18 46 17 9 40 43 5 31 42 34 12 23 19 

Inst_Index:5239 	 City_Num:50 	 Concorde:5.923514 	 MCTS:5.922897 Improve:0.000617 	 Time:3.76 Seconds
Solution: 1 46 9 7 30 4 3 48 5 50 26 32 12 18 10 49 23 47 45 24 44 27 43 29 37 31 35 17 11 40 36 8 19 38 20 13 42 6 15 21 14 39 22 2 33 25 41 28 16 34 

Inst_Index:5240 	 City_Num:50 	 Concorde:6.217177 	 MCTS:6.217177 Improve:-0.000000 	 Time:3.77 Seconds
Solution: 1 13 44 17 42 41 29 16 18 2 49 21 10 45 11 7 26 50 47 14 23 38 46 37 24 35 4 28 8 9 33 12 48 36 30 22 31 27 32 39 5 40 34 19 20 25 6 3 15 43 

Inst_Index:5241 	 City_Num:50 	 Concorde:6.066081 	 MCTS:6.066081 Improve:-0.000000 	 Time:3.75 Seconds
Solution: 1 17 38 29 11 35 13 41 18 42 48 12 28 43 46 23 33 16 34 37 39 31 19 22 30 9 10 24 3 7 5 20 44 49 14 45 32 47 15 21 6 27 4 25 36 50 40 26 8 2 

Inst_Index:5242 	 City_Num:50 	 Concorde:6.163346 	 MCTS:6.163346 Improve:0.000000 	 Time:3.75 Seconds
Solution: 1 6 35 31 17 8 46 27 21 45 25 48 16 19 14 42 10 41 22 20 26 37 43 4 5 12 49 39 44 7 36 32 23 33 24 2 50 34 28 47 15 38 13 11 30 40 29 9 3 18 

Inst_Index:5243 	 City_Num:50 	 Concorde:5.797609 	 MCTS:5.795317 Improve:0.002292 	 Time:3.75 Seconds
Solution: 1 39 14 5 3 21 29 11 6 43 45 41 4 12 7 27 48 49 46 32 47 22 50 28 20 44 38 40 34 26 33 16 36 2 18 9 31 30 8 23 13 37 42 15 17 25 35 24 10 19 

Inst_Index:5244 	 City_Num:50 	 Concorde:5.206408 	 MCTS:5.202972 Improve:0.003436 	 Time:3.77 Seconds
Solution: 1 5 40 39 31 4 43 48 23 25 12 20 26 7 35 34 30 46 10 41 32 50 6 33 45 36 47 8 44 17 19 15 21 38 3 24 11 13 9 27 37 22 16 2 28 29 49 42 14 18 

Inst_Index:5245 	 City_Num:50 	 Concorde:5.562952 	 MCTS:5.562952 Improve:0.000000 	 Time:3.75 Seconds
Solution: 1 17 8 41 3 11 21 32 33 20 43 42 47 18 22 38 45 4 34 27 10 14 6 13 29 46 31 26 50 23 28 15 12 35 49 2 5 24 16 37 36 40 19 30 7 9 44 25 39 48 

Inst_Index:5246 	 City_Num:50 	 Concorde:6.028433 	 MCTS:6.023455 Improve:0.004978 	 Time:3.76 Seconds
Solution: 1 13 39 20 12 15 28 23 6 16 48 40 45 26 42 8 4 22 38 44 50 34 7 14 30 21 46 27 49 10 41 19 47 17 31 5 33 24 9 43 32 18 11 35 3 2 37 36 25 29 

Inst_Index:5247 	 City_Num:50 	 Concorde:5.668125 	 MCTS:5.662554 Improve:0.005571 	 Time:3.76 Seconds
Solution: 1 11 6 5 17 33 44 36 18 12 49 39 27 43 31 13 48 8 7 4 29 38 14 47 24 50 23 45 42 16 9 25 19 21 22 10 15 3 40 26 35 30 34 2 46 37 20 41 32 28 

Inst_Index:5248 	 City_Num:50 	 Concorde:5.691830 	 MCTS:5.691830 Improve:0.000000 	 Time:3.77 Seconds
Solution: 1 6 25 9 48 16 35 36 26 4 28 10 8 32 47 38 20 46 7 30 13 23 19 5 43 45 22 24 49 40 39 42 29 33 3 27 14 18 31 21 44 17 50 12 37 15 34 41 2 11 

Inst_Index:5249 	 City_Num:50 	 Concorde:5.787306 	 MCTS:5.781137 Improve:0.006169 	 Time:3.76 Seconds
Solution: 1 26 47 3 11 28 19 34 14 13 37 16 50 30 10 18 40 7 20 2 15 45 32 23 44 49 21 35 5 9 29 27 48 43 17 42 39 36 4 24 6 22 12 33 25 8 31 46 41 38 

Inst_Index:5250 	 City_Num:50 	 Concorde:5.335706 	 MCTS:5.332970 Improve:0.002736 	 Time:3.76 Seconds
Solution: 1 47 35 28 43 31 18 33 32 46 16 41 21 15 4 44 38 45 10 13 34 11 9 5 40 42 12 17 37 24 26 36 6 20 29 2 49 7 14 39 30 25 48 50 22 23 3 8 27 19 

Inst_Index:5251 	 City_Num:50 	 Concorde:5.743624 	 MCTS:5.738346 Improve:0.005278 	 Time:3.77 Seconds
Solution: 1 8 49 25 45 22 35 50 17 28 43 32 44 27 20 9 41 7 23 19 12 40 18 33 14 37 42 11 29 34 13 47 2 4 46 38 15 16 6 24 30 21 10 39 3 48 31 36 5 26 

Inst_Index:5252 	 City_Num:50 	 Concorde:5.753374 	 MCTS:5.753374 Improve:0.000000 	 Time:3.79 Seconds
Solution: 1 10 32 27 25 42 36 34 8 7 17 28 33 6 29 15 46 37 47 12 43 35 11 20 38 23 9 3 48 49 5 14 45 26 2 24 18 40 19 13 44 30 16 4 22 41 50 39 31 21 

Inst_Index:5253 	 City_Num:50 	 Concorde:6.017973 	 MCTS:6.017973 Improve:-0.000000 	 Time:3.75 Seconds
Solution: 1 2 32 16 7 13 41 21 18 38 36 40 30 39 42 24 29 50 43 15 5 26 8 12 25 37 22 10 14 20 47 48 9 4 35 31 27 6 34 19 23 44 17 33 45 46 11 49 3 28 

Inst_Index:5254 	 City_Num:50 	 Concorde:5.838731 	 MCTS:5.837126 Improve:0.001604 	 Time:3.75 Seconds
Solution: 1 28 25 2 3 44 12 33 47 39 34 43 5 50 20 4 17 14 30 38 48 7 15 18 24 27 41 37 9 11 32 46 16 8 19 22 10 29 40 21 13 45 6 49 31 26 42 35 36 23 

Inst_Index:5255 	 City_Num:50 	 Concorde:5.635170 	 MCTS:5.635170 Improve:0.000000 	 Time:3.76 Seconds
Solution: 1 22 5 13 10 44 38 23 41 16 49 14 47 34 20 45 40 48 4 6 33 42 9 39 28 17 36 37 21 43 29 8 18 30 31 15 24 46 11 3 12 19 2 25 7 50 32 26 27 35 

Inst_Index:5256 	 City_Num:50 	 Concorde:5.658227 	 MCTS:5.654596 Improve:0.003631 	 Time:3.76 Seconds
Solution: 1 10 38 36 14 18 13 40 26 25 43 16 34 39 15 27 19 42 23 3 7 12 29 28 22 30 2 47 37 24 33 35 8 48 9 50 6 21 49 31 32 20 4 46 17 45 11 41 44 5 

Inst_Index:5257 	 City_Num:50 	 Concorde:5.660364 	 MCTS:5.659942 Improve:0.000422 	 Time:3.77 Seconds
Solution: 1 6 16 26 9 3 20 35 37 4 29 19 47 22 28 10 39 23 42 12 43 44 14 24 32 50 45 30 38 17 27 15 41 5 7 49 34 13 11 46 40 31 48 21 2 18 25 36 8 33 

Inst_Index:5258 	 City_Num:50 	 Concorde:5.395929 	 MCTS:5.395929 Improve:0.000000 	 Time:3.76 Seconds
Solution: 1 25 38 7 16 21 17 9 18 13 20 2 3 46 40 34 33 4 45 37 19 49 14 50 35 36 6 24 8 29 22 48 5 27 32 44 30 10 47 23 31 26 43 15 42 41 11 39 12 28 

Inst_Index:5259 	 City_Num:50 	 Concorde:5.787848 	 MCTS:5.787130 Improve:0.000718 	 Time:3.78 Seconds
Solution: 1 25 33 38 14 40 2 12 10 22 9 47 36 35 15 29 23 6 32 16 46 17 49 7 48 8 41 26 43 4 24 34 45 31 28 50 21 18 13 5 42 39 30 44 27 20 37 11 19 3 

Inst_Index:5260 	 City_Num:50 	 Concorde:6.003845 	 MCTS:6.002033 Improve:0.001812 	 Time:3.76 Seconds
Solution: 1 41 42 24 17 3 50 45 22 30 48 15 21 16 19 8 18 43 47 49 33 6 32 31 11 5 44 12 20 4 25 13 7 28 14 34 23 36 27 26 46 40 39 29 35 10 9 38 37 2 

Inst_Index:5261 	 City_Num:50 	 Concorde:5.765174 	 MCTS:5.765174 Improve:0.000000 	 Time:3.75 Seconds
Solution: 1 17 26 31 5 39 30 46 8 27 50 47 4 11 22 25 20 12 49 6 40 10 44 24 21 2 33 41 34 7 37 48 29 23 9 19 42 18 43 35 38 28 14 32 16 45 13 15 36 3 

Inst_Index:5262 	 City_Num:50 	 Concorde:5.861741 	 MCTS:5.860204 Improve:0.001536 	 Time:3.75 Seconds
Solution: 1 2 26 38 46 21 25 32 45 22 41 40 4 34 17 47 14 49 7 29 16 24 28 31 37 48 15 44 12 13 42 36 30 6 39 3 11 19 8 35 33 10 20 18 27 43 23 9 5 50 

Inst_Index:5263 	 City_Num:50 	 Concorde:5.497478 	 MCTS:5.494792 Improve:0.002686 	 Time:3.77 Seconds
Solution: 1 7 30 47 3 35 32 18 12 23 11 31 42 50 22 16 10 5 39 24 4 44 38 15 48 34 26 14 45 8 6 19 29 17 13 37 36 43 27 21 20 33 25 40 2 28 41 49 9 46 

Inst_Index:5264 	 City_Num:50 	 Concorde:5.688915 	 MCTS:5.686927 Improve:0.001988 	 Time:3.77 Seconds
Solution: 1 29 6 12 30 26 8 35 36 38 9 32 19 5 24 50 18 41 23 39 17 15 27 28 31 2 45 4 37 44 42 25 46 43 21 40 3 14 20 13 22 33 7 11 48 10 47 34 16 49 

Inst_Index:5265 	 City_Num:50 	 Concorde:6.130418 	 MCTS:6.121968 Improve:0.008450 	 Time:3.75 Seconds
Solution: 1 19 22 33 48 31 15 24 3 42 17 5 26 10 23 21 34 41 29 36 11 2 20 47 30 27 14 37 35 13 40 8 9 7 16 44 32 28 38 25 18 49 50 39 46 43 4 12 6 45 

Inst_Index:5266 	 City_Num:50 	 Concorde:6.006787 	 MCTS:6.006787 Improve:0.000000 	 Time:3.77 Seconds
Solution: 1 24 25 46 29 9 42 6 21 43 22 12 7 19 44 32 2 30 39 14 26 4 31 35 18 37 8 41 36 13 48 3 27 10 49 40 15 28 47 33 5 11 20 16 23 34 45 38 50 17 

Inst_Index:5267 	 City_Num:50 	 Concorde:5.640082 	 MCTS:5.640082 Improve:-0.000000 	 Time:3.77 Seconds
Solution: 1 38 11 47 20 29 45 7 32 43 40 22 37 21 26 18 12 8 34 25 50 16 28 41 49 2 17 33 30 24 19 46 27 4 23 5 14 42 3 10 48 13 39 35 9 6 36 44 31 15 

Inst_Index:5268 	 City_Num:50 	 Concorde:5.768062 	 MCTS:5.768062 Improve:-0.000000 	 Time:3.79 Seconds
Solution: 1 40 9 38 28 4 39 43 32 27 46 22 24 18 7 20 50 33 34 2 10 8 37 6 36 48 30 44 42 5 26 3 12 45 17 14 23 49 47 15 19 13 11 21 25 16 31 29 41 35 

Inst_Index:5269 	 City_Num:50 	 Concorde:5.415381 	 MCTS:5.406539 Improve:0.008841 	 Time:3.77 Seconds
Solution: 1 2 37 45 31 17 16 34 47 21 10 43 7 49 23 15 30 36 33 6 50 35 18 46 26 24 9 19 5 27 42 41 13 11 22 14 40 29 12 3 8 48 44 20 32 39 28 4 38 25 

Inst_Index:5270 	 City_Num:50 	 Concorde:5.075130 	 MCTS:5.075130 Improve:0.000000 	 Time:3.75 Seconds
Solution: 1 22 25 27 15 29 4 41 34 24 30 21 49 10 13 3 23 18 11 7 45 20 31 35 2 32 19 33 40 47 46 5 8 38 36 48 50 14 42 28 17 43 6 44 9 16 26 37 39 12 

Inst_Index:5271 	 City_Num:50 	 Concorde:5.638381 	 MCTS:5.637061 Improve:0.001320 	 Time:3.76 Seconds
Solution: 1 26 44 27 15 31 46 6 37 43 3 10 32 29 23 13 25 47 50 28 12 36 7 24 35 41 11 5 19 39 21 45 34 40 9 18 48 33 17 20 49 38 14 30 8 2 16 22 42 4 

Inst_Index:5272 	 City_Num:50 	 Concorde:5.571983 	 MCTS:5.570154 Improve:0.001830 	 Time:3.76 Seconds
Solution: 1 10 2 7 27 50 34 36 20 30 49 22 8 42 24 5 46 31 26 18 21 39 11 33 14 47 23 38 43 25 41 17 19 28 35 48 45 15 6 3 9 29 32 40 13 12 37 4 16 44 

Inst_Index:5273 	 City_Num:50 	 Concorde:5.396388 	 MCTS:5.396388 Improve:0.000000 	 Time:3.77 Seconds
Solution: 1 48 37 10 6 27 12 11 22 21 33 13 44 46 20 7 9 31 5 34 43 38 35 30 49 32 8 24 45 36 14 15 47 18 2 23 29 16 50 3 17 39 40 41 4 42 28 25 26 19 

Inst_Index:5274 	 City_Num:50 	 Concorde:5.984029 	 MCTS:5.984029 Improve:0.000000 	 Time:3.76 Seconds
Solution: 1 8 17 10 19 2 41 9 39 46 47 3 45 24 20 42 36 7 22 31 12 27 38 15 37 4 6 18 16 13 43 26 14 33 49 30 28 34 44 5 50 35 21 23 11 32 40 48 25 29 

Inst_Index:5275 	 City_Num:50 	 Concorde:5.966086 	 MCTS:5.966086 Improve:0.000000 	 Time:3.77 Seconds
Solution: 1 44 38 3 46 32 26 21 25 39 36 45 23 27 7 4 15 19 49 9 33 6 17 18 11 40 2 8 41 22 43 5 29 10 28 12 37 47 24 35 16 30 20 14 13 31 50 34 42 48 

Inst_Index:5276 	 City_Num:50 	 Concorde:6.071047 	 MCTS:6.066834 Improve:0.004213 	 Time:3.78 Seconds
Solution: 1 47 10 35 16 6 49 11 44 32 22 9 5 28 41 42 23 43 25 7 36 21 2 13 37 15 17 4 33 18 48 20 8 46 27 3 30 38 29 50 40 31 19 45 26 14 39 12 24 34 

Inst_Index:5277 	 City_Num:50 	 Concorde:5.732516 	 MCTS:5.730628 Improve:0.001888 	 Time:3.75 Seconds
Solution: 1 14 50 29 21 39 25 15 31 3 20 34 8 35 40 12 45 19 4 18 41 9 7 27 33 47 38 16 48 2 22 5 37 43 11 28 26 23 6 32 42 17 10 49 36 46 30 24 13 44 

Inst_Index:5278 	 City_Num:50 	 Concorde:5.724377 	 MCTS:5.724377 Improve:0.000000 	 Time:3.75 Seconds
Solution: 1 37 18 13 3 35 48 19 16 20 9 23 7 40 17 39 46 41 14 49 42 11 44 21 24 38 4 34 30 27 33 29 31 25 50 36 26 10 8 47 15 5 12 6 22 28 32 43 45 2 

Inst_Index:5279 	 City_Num:50 	 Concorde:6.052565 	 MCTS:6.052565 Improve:0.000000 	 Time:3.76 Seconds
Solution: 1 48 39 50 17 32 23 38 4 37 13 36 18 2 49 8 40 3 16 7 30 26 15 25 27 20 6 12 34 44 24 14 21 45 28 41 9 47 22 43 33 42 19 5 35 31 11 10 46 29 

Inst_Index:5280 	 City_Num:50 	 Concorde:5.754565 	 MCTS:5.754565 Improve:0.000000 	 Time:3.76 Seconds
Solution: 1 29 19 2 35 37 14 22 36 32 44 6 48 38 11 4 31 5 12 10 46 33 17 49 39 25 24 27 18 50 45 30 40 16 21 9 15 8 26 23 3 43 47 28 20 41 7 42 34 13 

Inst_Index:5281 	 City_Num:50 	 Concorde:6.136872 	 MCTS:6.136008 Improve:0.000864 	 Time:3.76 Seconds
Solution: 1 31 38 14 15 9 22 40 47 39 5 19 44 43 10 33 35 11 42 30 41 3 37 8 50 25 7 24 6 45 26 20 36 23 46 28 16 49 48 29 13 27 12 18 32 34 21 4 2 17 

Inst_Index:5282 	 City_Num:50 	 Concorde:5.540857 	 MCTS:5.536166 Improve:0.004691 	 Time:3.76 Seconds
Solution: 1 10 32 46 7 11 28 12 37 38 50 27 21 49 41 48 5 30 40 26 35 3 22 19 33 42 47 45 31 18 44 20 17 14 13 39 16 43 25 29 2 4 8 9 36 6 34 23 24 15 

Inst_Index:5283 	 City_Num:50 	 Concorde:5.882945 	 MCTS:5.882945 Improve:0.000000 	 Time:3.76 Seconds
Solution: 1 28 34 3 17 48 8 22 15 39 23 26 50 37 14 16 13 31 35 11 41 47 21 42 19 32 20 2 29 5 44 33 7 4 18 25 9 40 38 45 46 24 43 36 49 30 27 10 12 6 

Inst_Index:5284 	 City_Num:50 	 Concorde:5.433704 	 MCTS:5.433704 Improve:0.000000 	 Time:3.76 Seconds
Solution: 1 33 8 24 15 49 27 34 38 46 7 31 2 30 10 43 45 12 23 35 48 20 42 13 5 6 19 11 21 39 37 4 44 32 40 14 41 16 3 22 25 17 26 36 9 28 50 47 18 29 

Inst_Index:5285 	 City_Num:50 	 Concorde:6.215252 	 MCTS:6.215252 Improve:0.000000 	 Time:3.77 Seconds
Solution: 1 33 8 17 30 14 10 23 45 43 41 49 34 26 37 2 6 31 47 16 19 5 44 38 18 22 29 20 24 48 35 42 27 28 7 32 12 3 4 21 25 15 11 46 39 9 40 50 36 13 

Inst_Index:5286 	 City_Num:50 	 Concorde:5.825672 	 MCTS:5.825672 Improve:-0.000000 	 Time:3.75 Seconds
Solution: 1 20 30 14 6 17 12 47 5 22 41 34 36 23 33 11 15 42 40 21 24 32 16 3 31 29 9 48 4 2 45 50 35 19 44 46 25 37 28 39 13 8 10 43 38 49 27 26 7 18 

Inst_Index:5287 	 City_Num:50 	 Concorde:5.924443 	 MCTS:5.924443 Improve:0.000000 	 Time:3.76 Seconds
Solution: 1 49 21 30 38 32 34 8 24 20 45 40 11 7 41 42 48 25 26 36 31 14 18 27 6 35 47 23 15 44 28 2 46 17 4 3 16 5 10 9 12 37 33 43 50 13 22 39 29 19 

Inst_Index:5288 	 City_Num:50 	 Concorde:5.180071 	 MCTS:5.180071 Improve:0.000000 	 Time:3.76 Seconds
Solution: 1 44 10 33 27 30 16 3 5 12 4 36 34 21 40 45 39 42 19 24 25 43 18 13 38 15 7 32 2 8 9 11 48 17 14 23 31 6 49 22 29 20 37 46 26 41 47 35 50 28 

Inst_Index:5289 	 City_Num:50 	 Concorde:5.574828 	 MCTS:5.570277 Improve:0.004551 	 Time:3.77 Seconds
Solution: 1 27 44 17 25 19 20 36 23 39 11 38 26 31 16 30 43 18 10 28 3 42 2 22 7 29 34 4 13 49 41 45 14 48 12 40 37 35 21 5 46 24 33 8 50 15 6 9 47 32 

Inst_Index:5290 	 City_Num:50 	 Concorde:5.627353 	 MCTS:5.627353 Improve:0.000000 	 Time:3.75 Seconds
Solution: 1 19 22 26 28 32 20 35 46 48 11 33 21 16 25 2 49 45 6 14 9 37 8 29 24 4 30 31 36 50 40 7 5 43 27 44 39 38 13 10 47 17 23 3 41 34 42 18 15 12 

Inst_Index:5291 	 City_Num:50 	 Concorde:5.367872 	 MCTS:5.364460 Improve:0.003412 	 Time:3.77 Seconds
Solution: 1 11 26 39 19 15 40 22 28 30 49 35 36 48 20 17 23 46 9 5 42 2 4 45 18 14 8 50 43 12 3 44 25 24 16 6 37 27 31 38 29 32 13 41 34 10 7 21 47 33 

Inst_Index:5292 	 City_Num:50 	 Concorde:5.024241 	 MCTS:5.024241 Improve:0.000000 	 Time:3.76 Seconds
Solution: 1 16 26 45 21 30 50 15 23 9 18 48 27 37 46 10 13 28 34 11 25 38 20 36 29 43 49 41 44 14 19 31 4 3 24 2 40 32 17 39 12 35 47 8 33 7 42 6 5 22 

Inst_Index:5293 	 City_Num:50 	 Concorde:6.007345 	 MCTS:6.005328 Improve:0.002016 	 Time:3.76 Seconds
Solution: 1 49 47 48 6 43 25 16 24 50 19 20 37 40 34 45 33 29 11 10 44 26 21 30 12 28 8 18 32 39 42 38 3 36 22 9 14 27 13 31 17 5 46 2 23 4 15 7 35 41 

Inst_Index:5294 	 City_Num:50 	 Concorde:5.730387 	 MCTS:5.730387 Improve:0.000000 	 Time:3.76 Seconds
Solution: 1 30 10 29 49 33 20 38 11 32 7 22 31 37 50 46 14 5 9 48 36 4 24 17 40 47 3 45 41 21 27 18 23 15 8 13 25 44 6 34 2 42 35 19 12 43 28 26 16 39 

Inst_Index:5295 	 City_Num:50 	 Concorde:5.834807 	 MCTS:5.834807 Improve:-0.000000 	 Time:3.76 Seconds
Solution: 1 24 10 16 30 28 40 39 50 6 49 2 3 43 35 46 27 17 47 15 13 25 48 34 21 37 42 41 45 44 20 14 23 19 38 4 7 9 22 18 11 5 26 29 33 12 32 31 8 36 

Inst_Index:5296 	 City_Num:50 	 Concorde:5.048194 	 MCTS:5.048194 Improve:0.000000 	 Time:3.77 Seconds
Solution: 1 37 12 16 38 14 43 5 34 28 32 18 9 27 20 15 41 31 11 42 35 6 29 40 3 45 10 50 23 22 8 26 13 2 46 49 47 7 25 19 44 4 39 21 33 17 48 24 30 36 

Inst_Index:5297 	 City_Num:50 	 Concorde:5.770725 	 MCTS:5.770725 Improve:0.000000 	 Time:3.76 Seconds
Solution: 1 35 12 20 6 29 28 3 31 16 30 45 18 22 14 42 11 33 13 41 27 9 21 46 40 47 39 25 2 44 7 37 10 5 49 24 43 4 19 15 48 34 26 50 36 17 8 23 38 32 

Inst_Index:5298 	 City_Num:50 	 Concorde:5.573369 	 MCTS:5.573369 Improve:0.000000 	 Time:3.76 Seconds
Solution: 1 21 7 23 44 49 50 46 32 19 22 18 6 42 10 48 20 37 38 5 15 35 30 31 34 4 9 45 17 28 26 13 39 47 11 41 40 25 12 2 24 8 29 27 33 43 3 16 36 14 

Inst_Index:5299 	 City_Num:50 	 Concorde:5.173973 	 MCTS:5.172405 Improve:0.001568 	 Time:3.76 Seconds
Solution: 1 29 16 25 34 33 9 30 44 10 22 13 8 23 21 49 35 48 50 31 4 7 26 42 14 5 41 43 17 39 15 27 2 3 32 19 45 28 36 47 38 24 6 40 46 20 18 12 11 37 

Inst_Index:5300 	 City_Num:50 	 Concorde:5.683357 	 MCTS:5.682616 Improve:0.000741 	 Time:3.76 Seconds
Solution: 1 25 12 5 21 24 43 11 19 6 46 8 30 23 37 15 13 39 17 18 2 7 26 33 27 49 40 36 14 28 41 10 44 16 4 22 29 3 48 20 50 32 47 31 9 38 45 34 35 42 

Inst_Index:5301 	 City_Num:50 	 Concorde:5.891731 	 MCTS:5.891731 Improve:-0.000000 	 Time:3.76 Seconds
Solution: 1 18 39 42 47 30 9 31 44 10 11 4 12 28 16 50 37 40 6 14 46 15 3 41 38 21 2 8 36 32 48 43 34 20 29 23 45 26 35 27 22 7 17 19 5 13 25 49 33 24 

Inst_Index:5302 	 City_Num:50 	 Concorde:5.477635 	 MCTS:5.477635 Improve:-0.000000 	 Time:3.75 Seconds
Solution: 1 43 30 45 9 22 2 29 32 50 3 46 17 26 7 5 44 25 21 38 10 15 8 36 20 6 33 27 28 47 4 42 49 48 24 31 19 11 23 40 14 18 35 34 13 41 16 39 12 37 

Inst_Index:5303 	 City_Num:50 	 Concorde:5.776943 	 MCTS:5.774897 Improve:0.002046 	 Time:3.75 Seconds
Solution: 1 36 49 34 17 15 21 12 50 44 25 11 18 32 9 6 4 5 37 2 48 20 23 47 16 35 41 40 45 29 33 27 8 22 14 43 13 10 28 30 19 31 38 3 26 46 42 7 24 39 

Inst_Index:5304 	 City_Num:50 	 Concorde:5.989009 	 MCTS:5.989009 Improve:0.000000 	 Time:3.76 Seconds
Solution: 1 4 14 23 29 30 38 47 43 21 15 31 35 25 36 19 8 50 46 42 45 12 44 49 26 24 11 10 37 16 27 33 34 48 39 17 18 3 22 32 41 28 6 7 2 40 5 13 20 9 

Inst_Index:5305 	 City_Num:50 	 Concorde:5.499278 	 MCTS:5.499278 Improve:0.000000 	 Time:3.76 Seconds
Solution: 1 28 10 38 2 45 44 6 47 21 27 35 7 22 4 23 39 36 16 31 37 8 33 43 5 19 26 15 24 3 11 17 50 29 12 13 46 42 30 18 41 40 34 49 14 48 20 9 32 25 

Inst_Index:5306 	 City_Num:50 	 Concorde:5.717909 	 MCTS:5.711540 Improve:0.006370 	 Time:3.76 Seconds
Solution: 1 27 18 41 33 45 11 32 25 36 24 34 22 29 5 47 42 39 7 19 6 35 46 48 20 17 40 30 14 43 9 2 16 28 13 50 37 26 8 10 4 21 44 3 15 49 23 12 38 31 

Inst_Index:5307 	 City_Num:50 	 Concorde:5.696558 	 MCTS:5.694398 Improve:0.002160 	 Time:3.75 Seconds
Solution: 1 49 31 39 40 2 23 10 42 34 48 33 14 27 3 35 12 21 38 47 5 41 18 36 8 37 16 4 17 19 6 44 32 29 11 26 9 13 20 15 25 22 30 24 46 28 45 43 7 50 

Inst_Index:5308 	 City_Num:50 	 Concorde:5.839019 	 MCTS:5.839019 Improve:0.000000 	 Time:3.76 Seconds
Solution: 1 27 43 37 45 33 35 29 14 36 46 16 17 40 3 15 41 48 34 5 13 20 44 22 6 8 28 39 12 25 11 10 7 47 32 30 50 31 21 42 9 4 38 49 19 18 24 23 2 26 

Inst_Index:5309 	 City_Num:50 	 Concorde:5.668682 	 MCTS:5.667859 Improve:0.000823 	 Time:3.78 Seconds
Solution: 1 20 21 35 34 44 16 27 19 45 28 11 47 13 43 2 49 23 26 5 46 41 17 8 50 14 48 25 42 38 4 9 12 30 37 15 31 29 6 39 40 33 32 22 3 18 7 10 36 24 

Inst_Index:5310 	 City_Num:50 	 Concorde:5.884339 	 MCTS:5.884266 Improve:0.000073 	 Time:3.76 Seconds
Solution: 1 41 28 3 40 8 15 26 22 16 49 39 50 27 42 13 9 11 10 12 30 4 35 31 7 24 38 36 46 33 25 18 45 34 5 6 20 48 23 29 44 43 14 37 21 2 19 17 32 47 

Inst_Index:5311 	 City_Num:50 	 Concorde:5.915943 	 MCTS:5.915943 Improve:0.000000 	 Time:3.76 Seconds
Solution: 1 27 41 34 30 8 25 31 4 49 19 24 3 14 37 7 43 28 9 42 40 21 15 35 23 13 6 48 47 50 29 33 12 11 16 17 44 32 39 5 2 45 36 20 22 18 26 10 46 38 

Inst_Index:5312 	 City_Num:50 	 Concorde:5.867140 	 MCTS:5.867140 Improve:0.000000 	 Time:3.77 Seconds
Solution: 1 44 29 9 12 31 34 32 41 48 35 49 15 42 46 30 24 5 14 18 8 40 38 22 36 50 26 43 11 45 33 3 21 25 7 16 39 2 10 4 28 6 47 27 17 13 19 23 20 37 

Inst_Index:5313 	 City_Num:50 	 Concorde:5.094706 	 MCTS:5.094706 Improve:0.000000 	 Time:3.78 Seconds
Solution: 1 17 3 14 8 37 26 7 2 47 9 13 30 36 43 34 21 24 6 27 49 33 4 41 32 19 46 39 16 29 11 48 12 38 20 28 5 50 35 45 10 18 42 22 25 44 40 23 31 15 

Inst_Index:5314 	 City_Num:50 	 Concorde:5.747168 	 MCTS:5.747168 Improve:0.000000 	 Time:3.76 Seconds
Solution: 1 6 48 26 40 50 10 45 17 14 44 5 28 36 24 27 35 12 32 30 2 43 20 16 49 31 9 39 21 25 47 11 41 19 33 8 15 34 18 7 37 42 23 3 4 38 13 22 29 46 

Inst_Index:5315 	 City_Num:50 	 Concorde:5.773262 	 MCTS:5.773262 Improve:0.000000 	 Time:3.75 Seconds
Solution: 1 31 8 43 32 39 37 5 21 28 25 16 3 12 6 38 35 42 26 47 40 41 22 44 50 19 33 2 17 30 27 4 36 20 29 14 23 9 45 7 10 15 48 18 11 49 13 24 46 34 

Inst_Index:5316 	 City_Num:50 	 Concorde:5.858636 	 MCTS:5.858636 Improve:-0.000000 	 Time:3.75 Seconds
Solution: 1 27 10 44 3 46 21 16 33 4 7 19 40 26 6 22 13 29 11 15 2 50 12 28 41 47 14 36 5 48 34 45 24 9 38 23 17 43 8 49 42 18 35 32 30 25 39 31 20 37 

Inst_Index:5317 	 City_Num:50 	 Concorde:5.798214 	 MCTS:5.795232 Improve:0.002982 	 Time:3.76 Seconds
Solution: 1 23 42 6 40 37 47 24 5 16 34 29 39 21 41 11 20 2 26 45 33 3 28 38 32 50 7 44 14 8 12 9 43 31 10 36 48 35 27 25 30 22 4 19 15 17 46 49 13 18 

Inst_Index:5318 	 City_Num:50 	 Concorde:5.460102 	 MCTS:5.460102 Improve:0.000000 	 Time:3.76 Seconds
Solution: 1 23 24 2 32 6 16 4 5 26 34 14 15 18 3 39 40 30 44 37 46 47 42 41 12 27 43 22 45 31 10 9 17 7 21 49 20 8 48 19 50 35 13 38 25 33 36 29 28 11 

Inst_Index:5319 	 City_Num:50 	 Concorde:5.993797 	 MCTS:5.993797 Improve:-0.000000 	 Time:3.77 Seconds
Solution: 1 47 30 14 50 46 39 18 24 40 33 11 7 43 45 20 21 16 12 17 23 35 36 19 15 41 37 2 13 42 29 8 10 5 49 22 9 6 26 27 31 32 38 28 44 25 48 34 3 4 

Inst_Index:5320 	 City_Num:50 	 Concorde:5.711137 	 MCTS:5.711137 Improve:0.000000 	 Time:3.76 Seconds
Solution: 1 22 2 29 30 50 37 31 21 17 46 47 7 14 34 42 11 25 4 32 43 12 23 35 41 26 8 28 16 39 13 18 5 38 49 10 27 24 33 6 9 3 48 36 20 44 45 15 40 19 

Inst_Index:5321 	 City_Num:50 	 Concorde:5.808254 	 MCTS:5.808254 Improve:0.000000 	 Time:3.75 Seconds
Solution: 1 42 28 41 12 26 3 44 30 6 5 19 20 40 47 24 29 37 16 36 27 34 32 4 22 13 23 15 33 14 48 39 49 38 8 18 45 10 43 35 9 7 50 17 2 46 25 31 21 11 


Avg_Concorde_Distance: 5.682138 Avg_MCTS_Distance: 5.680819 Avg_Gap: -0.000232 Total_Time: 1178.42 Seconds 
 Beat_Best_Known_Times: 122 Match_Best_Known_Times: 191 Miss_Best_Known_Times: 0 
