Number_of_Instances_In_Current_Batch: 313

Inst_Index:314 	 City_Num:50 	 Concorde:5.994988 	 MCTS:5.994988 Improve:-0.000000 	 Time:3.78 Seconds
Solution: 1 17 4 9 44 40 8 38 32 2 20 6 29 27 5 23 14 16 50 30 28 10 7 19 26 18 37 48 34 31 22 21 3 36 49 33 39 47 25 12 11 41 24 43 35 42 45 13 46 15 

Inst_Index:315 	 City_Num:50 	 Concorde:5.806065 	 MCTS:5.805413 Improve:0.000651 	 Time:3.76 Seconds
Solution: 1 28 2 47 31 33 17 24 7 32 41 5 21 23 38 10 15 46 45 9 14 39 25 8 50 29 13 37 35 20 36 40 18 4 11 43 19 6 22 16 26 27 3 34 42 44 12 49 48 30 

Inst_Index:316 	 City_Num:50 	 Concorde:6.068006 	 MCTS:6.062373 Improve:0.005634 	 Time:3.75 Seconds
Solution: 1 49 17 44 45 2 7 28 15 29 31 30 18 22 12 32 20 36 14 47 9 34 40 39 43 33 16 46 13 50 35 38 48 42 37 5 11 3 21 41 8 6 25 23 26 10 4 24 19 27 

Inst_Index:317 	 City_Num:50 	 Concorde:5.361295 	 MCTS:5.360145 Improve:0.001150 	 Time:3.76 Seconds
Solution: 1 47 18 8 23 4 41 49 50 32 13 39 10 35 28 11 25 38 17 15 2 9 5 14 48 46 33 31 36 27 6 26 20 3 40 45 22 7 30 19 34 24 21 29 44 43 16 37 42 12 

Inst_Index:318 	 City_Num:50 	 Concorde:6.009858 	 MCTS:6.007886 Improve:0.001972 	 Time:3.76 Seconds
Solution: 1 13 43 49 19 50 16 17 30 32 12 41 29 35 36 5 15 22 21 18 20 44 10 42 27 3 2 48 4 8 14 7 28 40 45 47 39 26 37 33 34 6 11 24 9 31 23 25 38 46 

Inst_Index:319 	 City_Num:50 	 Concorde:5.541880 	 MCTS:5.541072 Improve:0.000808 	 Time:3.75 Seconds
Solution: 1 45 39 9 28 27 12 11 7 25 18 32 35 2 16 3 24 17 44 30 20 8 42 26 22 37 49 19 50 48 47 36 4 10 34 15 40 31 29 21 5 43 6 13 38 14 23 33 46 41 

Inst_Index:320 	 City_Num:50 	 Concorde:5.183009 	 MCTS:5.183009 Improve:0.000000 	 Time:3.76 Seconds
Solution: 1 26 29 13 34 12 41 37 28 17 16 42 23 9 11 6 31 45 21 3 7 27 5 10 4 19 8 30 14 40 24 39 33 20 22 43 15 44 35 38 47 25 46 18 2 32 48 36 49 50 

Inst_Index:321 	 City_Num:50 	 Concorde:5.433466 	 MCTS:5.433466 Improve:0.000000 	 Time:3.76 Seconds
Solution: 1 14 10 7 37 27 49 26 15 46 31 32 17 18 9 12 25 5 35 39 34 42 50 43 40 47 4 16 45 20 2 29 19 44 36 30 33 48 24 13 3 22 21 11 41 6 28 38 23 8 

Inst_Index:322 	 City_Num:50 	 Concorde:5.761638 	 MCTS:5.760373 Improve:0.001265 	 Time:3.77 Seconds
Solution: 1 3 8 17 15 14 23 33 26 10 35 44 49 18 43 29 39 22 31 21 50 41 47 45 4 40 24 34 38 46 37 48 25 16 5 2 36 6 11 13 28 19 7 42 12 32 30 9 20 27 

Inst_Index:323 	 City_Num:50 	 Concorde:5.365016 	 MCTS:5.365016 Improve:-0.000000 	 Time:3.78 Seconds
Solution: 1 40 10 2 42 31 16 46 38 19 28 25 29 43 21 45 48 47 11 8 13 32 44 24 5 17 9 15 12 27 37 50 26 4 49 6 33 22 18 30 34 41 23 14 35 39 20 3 36 7 

Inst_Index:324 	 City_Num:50 	 Concorde:5.402242 	 MCTS:5.402242 Improve:0.000000 	 Time:3.76 Seconds
Solution: 1 9 28 31 15 47 22 16 34 17 13 49 3 43 42 40 11 27 12 33 24 4 36 35 7 44 14 41 25 10 8 30 20 19 5 18 2 38 29 21 23 39 48 26 6 37 46 50 45 32 

Inst_Index:325 	 City_Num:50 	 Concorde:5.271988 	 MCTS:5.271772 Improve:0.000216 	 Time:3.76 Seconds
Solution: 1 13 14 16 25 23 47 48 18 26 3 29 22 28 38 11 41 17 34 37 5 20 21 33 35 4 2 12 19 49 44 46 8 43 42 36 7 50 27 32 9 31 24 45 30 15 10 6 39 40 

Inst_Index:326 	 City_Num:50 	 Concorde:5.586931 	 MCTS:5.583502 Improve:0.003429 	 Time:3.76 Seconds
Solution: 1 32 40 17 39 15 20 19 2 10 4 48 47 31 16 27 50 35 43 8 11 34 44 18 3 38 36 26 7 9 12 30 28 42 24 29 14 46 41 22 49 37 33 21 25 5 23 13 45 6 

Inst_Index:327 	 City_Num:50 	 Concorde:5.895377 	 MCTS:5.895361 Improve:0.000016 	 Time:3.75 Seconds
Solution: 1 37 49 38 47 24 32 18 19 22 15 20 2 43 3 42 35 29 48 46 50 6 25 4 17 27 12 28 16 11 33 13 44 36 31 39 8 41 9 45 30 14 40 10 21 7 23 34 26 5 

Inst_Index:328 	 City_Num:50 	 Concorde:5.822142 	 MCTS:5.819815 Improve:0.002327 	 Time:3.76 Seconds
Solution: 1 28 17 41 46 19 45 36 39 49 20 7 6 38 18 9 40 26 42 50 12 15 24 21 30 47 29 48 11 8 33 35 5 3 14 4 16 27 31 2 23 10 34 22 25 44 32 37 13 43 

Inst_Index:329 	 City_Num:50 	 Concorde:5.640765 	 MCTS:5.640765 Improve:-0.000000 	 Time:3.76 Seconds
Solution: 1 10 44 8 20 12 25 22 11 40 43 19 13 26 24 29 16 35 4 14 18 32 46 39 3 7 2 6 34 21 28 17 47 41 45 15 49 23 31 48 5 42 9 50 37 33 27 38 36 30 

Inst_Index:330 	 City_Num:50 	 Concorde:5.897188 	 MCTS:5.897188 Improve:0.000000 	 Time:3.77 Seconds
Solution: 1 50 42 45 22 18 30 24 38 49 28 12 37 26 36 14 44 34 7 27 48 33 4 15 21 16 19 31 13 43 10 46 32 5 2 41 23 20 17 40 25 6 11 39 35 8 47 9 29 3 

Inst_Index:331 	 City_Num:50 	 Concorde:6.036704 	 MCTS:6.036704 Improve:0.000000 	 Time:3.75 Seconds
Solution: 1 13 50 43 41 20 12 26 11 29 46 4 10 9 2 7 34 36 22 18 47 25 33 48 28 45 8 40 30 14 35 16 39 27 42 44 31 19 49 15 21 3 37 38 32 24 5 6 17 23 

Inst_Index:332 	 City_Num:50 	 Concorde:5.622071 	 MCTS:5.616268 Improve:0.005803 	 Time:3.76 Seconds
Solution: 1 17 33 47 14 23 13 40 25 3 20 45 21 19 16 43 42 32 15 37 9 46 10 27 28 50 38 29 30 12 5 34 39 41 18 2 11 8 31 35 44 36 22 48 26 49 6 24 4 7 

Inst_Index:333 	 City_Num:50 	 Concorde:5.561604 	 MCTS:5.557660 Improve:0.003944 	 Time:3.75 Seconds
Solution: 1 43 47 38 17 26 23 6 15 42 49 22 45 20 7 14 46 18 32 8 50 11 39 12 44 35 36 24 27 25 10 9 19 2 31 21 29 41 28 3 5 33 4 48 37 40 30 13 34 16 

Inst_Index:334 	 City_Num:50 	 Concorde:5.329669 	 MCTS:5.329669 Improve:0.000000 	 Time:3.76 Seconds
Solution: 1 6 18 8 37 9 5 10 14 23 3 31 26 30 13 43 33 11 25 7 29 19 44 4 28 22 2 50 24 45 17 41 27 46 34 47 21 12 39 32 20 15 49 35 16 38 36 48 40 42 

Inst_Index:335 	 City_Num:50 	 Concorde:5.346231 	 MCTS:5.346231 Improve:-0.000000 	 Time:3.76 Seconds
Solution: 1 22 5 38 41 45 36 21 17 18 42 31 35 25 13 15 26 4 11 28 27 23 34 10 40 44 46 49 6 33 43 9 24 50 39 8 16 29 48 19 30 3 32 20 2 47 12 14 7 37 

Inst_Index:336 	 City_Num:50 	 Concorde:5.167159 	 MCTS:5.167159 Improve:0.000000 	 Time:3.77 Seconds
Solution: 1 7 22 6 27 18 39 38 34 25 9 17 49 28 5 23 47 35 13 40 26 33 12 50 36 21 44 15 48 19 2 16 29 32 11 8 10 30 24 45 3 41 43 37 31 42 4 46 20 14 

Inst_Index:337 	 City_Num:50 	 Concorde:5.884210 	 MCTS:5.884210 Improve:-0.000000 	 Time:3.77 Seconds
Solution: 1 7 32 31 20 41 50 45 22 24 23 9 15 35 2 43 5 37 42 12 26 25 3 21 19 6 38 47 29 18 44 39 27 34 11 16 48 8 17 28 40 30 49 14 13 4 36 33 10 46 

Inst_Index:338 	 City_Num:50 	 Concorde:6.206617 	 MCTS:6.206617 Improve:0.000000 	 Time:3.75 Seconds
Solution: 1 31 15 22 20 17 43 23 32 46 47 18 48 42 24 12 25 49 30 37 16 21 7 13 8 5 26 39 10 50 9 38 29 45 11 3 40 35 4 41 2 19 33 44 34 28 6 36 27 14 

Inst_Index:339 	 City_Num:50 	 Concorde:5.666525 	 MCTS:5.666525 Improve:-0.000000 	 Time:3.76 Seconds
Solution: 1 38 6 26 42 11 3 22 18 23 25 21 29 19 41 34 36 44 27 8 16 12 7 20 32 5 33 37 47 9 35 4 50 13 24 46 10 39 2 31 40 17 30 15 48 49 14 28 43 45 

Inst_Index:340 	 City_Num:50 	 Concorde:5.673525 	 MCTS:5.673525 Improve:0.000000 	 Time:3.75 Seconds
Solution: 1 16 33 9 2 48 6 17 3 44 28 11 45 4 39 18 26 31 34 22 5 40 29 36 49 41 8 15 13 25 30 35 50 20 27 32 24 7 37 21 38 23 12 14 43 47 10 46 42 19 

Inst_Index:341 	 City_Num:50 	 Concorde:5.658513 	 MCTS:5.658513 Improve:0.000000 	 Time:3.76 Seconds
Solution: 1 44 45 24 33 28 16 35 27 9 11 12 30 42 15 8 4 49 39 46 36 34 37 19 40 43 7 25 41 2 20 5 48 3 13 23 50 47 29 31 17 18 10 26 22 6 14 32 38 21 

Inst_Index:342 	 City_Num:50 	 Concorde:5.208587 	 MCTS:5.207875 Improve:0.000712 	 Time:3.76 Seconds
Solution: 1 34 15 24 29 8 20 30 25 49 21 26 23 32 19 9 18 22 3 41 46 17 4 48 36 5 11 6 13 16 2 43 7 27 28 12 47 45 40 14 50 31 10 37 42 38 35 39 44 33 

Inst_Index:343 	 City_Num:50 	 Concorde:5.640451 	 MCTS:5.639604 Improve:0.000847 	 Time:3.76 Seconds
Solution: 1 18 36 6 32 29 8 19 23 13 5 37 10 27 22 16 25 39 31 34 48 45 44 20 17 21 38 14 30 35 50 47 9 40 26 15 41 33 12 24 4 11 46 49 28 3 42 2 7 43 

Inst_Index:344 	 City_Num:50 	 Concorde:5.758245 	 MCTS:5.758245 Improve:0.000000 	 Time:3.77 Seconds
Solution: 1 42 23 16 33 19 28 15 32 45 30 47 31 38 13 10 4 22 39 35 26 43 50 11 46 17 36 29 44 24 49 20 3 25 5 34 7 9 48 14 8 27 12 40 18 37 6 2 21 41 

Inst_Index:345 	 City_Num:50 	 Concorde:5.968790 	 MCTS:5.965681 Improve:0.003109 	 Time:3.79 Seconds
Solution: 1 3 19 25 32 21 10 23 9 42 16 45 27 50 37 6 26 14 39 34 36 22 48 17 46 43 13 29 35 44 4 5 30 2 28 40 33 31 12 15 41 49 18 38 8 47 11 7 24 20 

Inst_Index:346 	 City_Num:50 	 Concorde:6.202650 	 MCTS:6.202650 Improve:0.000000 	 Time:3.76 Seconds
Solution: 1 6 37 8 19 33 5 17 3 20 14 38 42 39 31 2 13 34 23 27 26 50 49 15 30 48 32 11 21 45 10 46 28 35 22 47 36 18 41 7 44 29 24 12 40 4 9 43 25 16 

Inst_Index:347 	 City_Num:50 	 Concorde:5.545055 	 MCTS:5.545055 Improve:0.000000 	 Time:3.76 Seconds
Solution: 1 46 48 18 30 8 24 38 19 32 20 12 44 39 23 11 5 50 45 15 27 13 37 41 42 17 29 7 10 35 36 2 33 14 21 6 9 25 3 22 16 31 40 34 4 26 43 49 47 28 

Inst_Index:348 	 City_Num:50 	 Concorde:5.847977 	 MCTS:5.847977 Improve:0.000000 	 Time:3.77 Seconds
Solution: 1 29 43 19 20 46 36 35 12 27 30 13 32 11 21 41 38 14 42 24 50 6 33 23 16 28 45 40 2 7 22 4 25 31 10 15 17 47 39 26 5 34 3 8 44 18 48 37 9 49 

Inst_Index:349 	 City_Num:50 	 Concorde:5.923792 	 MCTS:5.923792 Improve:0.000000 	 Time:3.75 Seconds
Solution: 1 21 2 33 32 19 50 14 44 13 7 28 27 3 5 30 45 12 34 22 29 18 15 36 40 16 39 17 20 49 48 43 4 41 42 10 9 46 47 25 6 38 23 31 26 24 8 35 37 11 

Inst_Index:350 	 City_Num:50 	 Concorde:5.996219 	 MCTS:5.996219 Improve:0.000000 	 Time:3.75 Seconds
Solution: 1 22 6 39 47 48 26 27 37 50 20 2 29 7 28 44 17 45 36 34 10 18 4 8 42 41 32 38 24 49 13 43 30 3 25 40 19 14 46 33 23 15 31 11 16 9 21 12 5 35 

Inst_Index:351 	 City_Num:50 	 Concorde:5.811246 	 MCTS:5.811246 Improve:-0.000000 	 Time:3.76 Seconds
Solution: 1 49 4 9 11 12 34 23 45 32 26 48 10 29 3 7 37 33 50 5 28 35 25 30 42 16 41 8 40 13 27 22 6 31 44 21 43 47 46 24 14 39 18 36 17 15 38 20 19 2 

Inst_Index:352 	 City_Num:50 	 Concorde:6.257515 	 MCTS:6.257515 Improve:0.000000 	 Time:3.77 Seconds
Solution: 1 10 44 17 27 7 13 42 43 36 50 21 40 47 48 41 46 29 28 16 19 38 11 15 9 35 2 23 5 37 39 3 20 33 31 45 22 34 8 18 4 24 14 25 32 26 30 49 6 12 

Inst_Index:353 	 City_Num:50 	 Concorde:5.803924 	 MCTS:5.803230 Improve:0.000695 	 Time:3.76 Seconds
Solution: 1 25 14 27 50 12 19 30 15 26 17 28 2 35 5 6 3 10 8 47 23 24 48 45 29 49 13 41 18 22 34 46 31 44 36 42 16 33 20 9 7 38 21 43 32 37 4 39 40 11 

Inst_Index:354 	 City_Num:50 	 Concorde:5.919197 	 MCTS:5.919197 Improve:0.000000 	 Time:3.76 Seconds
Solution: 1 22 15 32 11 9 20 8 26 49 37 24 10 19 41 34 40 14 25 44 17 16 45 42 29 4 33 43 23 27 46 13 31 5 35 39 50 28 48 47 21 6 3 18 36 38 30 2 12 7 

Inst_Index:355 	 City_Num:50 	 Concorde:5.475048 	 MCTS:5.474503 Improve:0.000545 	 Time:3.76 Seconds
Solution: 1 32 47 29 16 15 39 19 36 30 17 38 49 23 12 34 9 24 7 6 4 20 13 10 40 11 37 26 50 14 27 22 45 44 8 41 48 25 42 18 21 5 43 28 33 35 2 3 46 31 

Inst_Index:356 	 City_Num:50 	 Concorde:5.931146 	 MCTS:5.931146 Improve:-0.000000 	 Time:3.79 Seconds
Solution: 1 18 9 13 48 32 44 42 12 49 41 38 37 22 17 29 35 24 21 39 45 34 16 46 23 50 7 40 10 5 2 43 19 36 31 3 15 26 47 8 25 30 14 28 27 6 11 33 4 20 

Inst_Index:357 	 City_Num:50 	 Concorde:5.800622 	 MCTS:5.797515 Improve:0.003106 	 Time:3.78 Seconds
Solution: 1 46 22 15 26 25 41 42 32 12 37 21 50 11 14 40 20 34 10 4 23 16 5 17 36 49 8 35 24 18 7 47 48 9 43 45 6 2 33 38 39 3 29 27 44 30 13 19 31 28 

Inst_Index:358 	 City_Num:50 	 Concorde:5.921984 	 MCTS:5.919463 Improve:0.002521 	 Time:3.75 Seconds
Solution: 1 6 4 41 45 40 16 13 46 44 22 28 29 3 15 30 42 20 12 8 26 37 50 48 43 18 33 5 7 32 24 36 31 21 39 10 25 34 19 14 2 47 11 49 38 35 27 17 23 9 

Inst_Index:359 	 City_Num:50 	 Concorde:6.038523 	 MCTS:6.038523 Improve:0.000000 	 Time:3.76 Seconds
Solution: 1 12 36 16 19 10 6 11 35 41 27 48 21 49 37 24 25 26 9 18 8 39 14 20 30 15 44 23 40 4 45 38 47 17 31 50 5 2 28 7 13 32 22 43 42 29 34 3 33 46 

Inst_Index:360 	 City_Num:50 	 Concorde:5.501104 	 MCTS:5.501064 Improve:0.000041 	 Time:3.76 Seconds
Solution: 1 47 2 29 10 30 23 35 9 34 7 4 14 32 37 45 25 17 21 36 12 40 5 50 46 16 13 3 19 20 27 43 44 39 31 15 28 22 24 42 11 6 8 26 38 49 48 33 18 41 

Inst_Index:361 	 City_Num:50 	 Concorde:5.482426 	 MCTS:5.478047 Improve:0.004379 	 Time:3.76 Seconds
Solution: 1 38 21 19 15 45 10 18 44 11 9 20 30 33 31 7 2 49 46 25 32 6 27 29 28 23 41 48 12 42 34 22 35 14 40 26 37 43 16 36 24 8 3 4 50 5 47 13 17 39 

Inst_Index:362 	 City_Num:50 	 Concorde:5.902289 	 MCTS:5.901842 Improve:0.000447 	 Time:3.77 Seconds
Solution: 1 27 13 10 7 34 36 24 2 23 18 9 41 12 38 11 17 37 25 14 35 49 20 42 32 19 16 22 33 50 31 29 21 3 43 5 46 30 40 45 15 39 6 26 44 4 47 8 28 48 

Inst_Index:363 	 City_Num:50 	 Concorde:5.839595 	 MCTS:5.834350 Improve:0.005245 	 Time:3.75 Seconds
Solution: 1 8 6 5 24 45 41 37 22 38 44 43 49 31 26 16 25 13 50 28 32 23 33 36 9 4 40 48 7 47 2 42 35 14 21 29 10 20 27 46 3 15 19 17 12 34 39 18 11 30 

Inst_Index:364 	 City_Num:50 	 Concorde:5.608789 	 MCTS:5.600435 Improve:0.008354 	 Time:3.77 Seconds
Solution: 1 42 16 4 48 31 50 40 17 12 21 15 46 13 18 20 34 3 36 41 30 24 8 43 38 7 33 19 14 28 44 23 35 47 25 2 10 22 9 39 29 6 32 49 5 26 37 45 11 27 

Inst_Index:365 	 City_Num:50 	 Concorde:5.714068 	 MCTS:5.713737 Improve:0.000331 	 Time:3.76 Seconds
Solution: 1 13 9 48 38 4 3 16 7 42 6 43 17 23 45 12 44 5 11 26 15 49 41 32 35 19 33 2 22 21 37 40 30 29 31 10 20 14 28 39 27 36 34 18 50 24 8 25 47 46 

Inst_Index:366 	 City_Num:50 	 Concorde:5.761406 	 MCTS:5.760683 Improve:0.000723 	 Time:3.76 Seconds
Solution: 1 9 13 11 19 10 20 37 6 4 8 21 12 7 32 46 34 29 31 23 33 26 24 44 30 18 2 35 3 40 15 38 16 22 47 27 5 25 43 50 42 14 39 45 48 49 17 28 41 36 

Inst_Index:367 	 City_Num:50 	 Concorde:5.814748 	 MCTS:5.813078 Improve:0.001671 	 Time:3.76 Seconds
Solution: 1 40 35 15 11 24 25 45 14 10 20 8 29 23 18 49 17 48 7 13 36 19 22 21 31 2 46 32 12 5 38 34 43 37 27 41 42 9 16 47 6 26 4 28 33 39 30 3 50 44 

Inst_Index:368 	 City_Num:50 	 Concorde:5.929344 	 MCTS:5.929344 Improve:-0.000000 	 Time:3.75 Seconds
Solution: 1 39 22 19 3 6 26 40 37 50 11 2 4 33 28 42 7 17 32 12 29 10 16 9 38 45 41 25 18 24 27 43 30 15 20 35 13 49 14 8 47 21 44 48 31 23 46 5 34 36 

Inst_Index:369 	 City_Num:50 	 Concorde:6.153230 	 MCTS:6.149857 Improve:0.003373 	 Time:3.77 Seconds
Solution: 1 28 38 50 3 14 18 36 34 9 17 6 29 13 44 5 22 27 21 7 32 46 20 39 2 49 45 8 25 43 41 35 4 24 16 48 26 37 10 42 19 11 33 40 15 12 47 30 31 23 

Inst_Index:370 	 City_Num:50 	 Concorde:5.498025 	 MCTS:5.494844 Improve:0.003181 	 Time:3.76 Seconds
Solution: 1 9 3 35 50 12 14 43 23 25 30 20 19 27 44 6 18 37 38 47 40 46 15 29 4 36 48 22 26 33 7 41 39 2 11 10 24 49 34 13 8 5 45 31 21 16 32 28 42 17 

Inst_Index:371 	 City_Num:50 	 Concorde:6.136055 	 MCTS:6.136055 Improve:0.000000 	 Time:3.77 Seconds
Solution: 1 18 2 12 30 40 32 3 36 11 34 7 10 29 9 44 41 27 14 13 8 46 50 19 33 38 20 42 37 43 45 24 15 48 17 31 6 47 21 25 5 4 28 22 35 16 26 49 23 39 

Inst_Index:372 	 City_Num:50 	 Concorde:4.743706 	 MCTS:4.743706 Improve:0.000000 	 Time:3.75 Seconds
Solution: 1 12 24 14 2 6 27 43 18 47 39 38 22 50 41 10 30 48 3 32 46 26 31 16 37 7 15 45 17 35 4 28 8 49 44 19 36 13 42 11 25 29 23 33 40 20 34 9 21 5 

Inst_Index:373 	 City_Num:50 	 Concorde:5.882741 	 MCTS:5.882741 Improve:-0.000000 	 Time:3.77 Seconds
Solution: 1 16 30 9 39 44 17 8 41 25 31 24 12 33 28 43 42 34 14 21 47 5 4 36 19 3 45 18 11 40 29 23 38 46 15 6 49 22 32 2 26 27 48 7 20 10 35 37 13 50 

Inst_Index:374 	 City_Num:50 	 Concorde:5.674791 	 MCTS:5.674791 Improve:0.000000 	 Time:3.75 Seconds
Solution: 1 23 21 14 19 44 8 12 30 34 18 43 24 45 5 2 6 4 36 37 28 27 39 7 15 48 31 22 11 20 13 50 26 17 42 38 3 40 49 29 41 32 33 46 16 10 47 9 35 25 

Inst_Index:375 	 City_Num:50 	 Concorde:5.623706 	 MCTS:5.620524 Improve:0.003182 	 Time:3.78 Seconds
Solution: 1 10 18 31 49 37 33 32 6 21 7 14 9 46 48 39 22 44 40 20 4 30 2 34 43 28 24 27 3 45 38 36 13 26 11 16 15 25 12 42 47 23 50 41 8 17 19 5 29 35 

Inst_Index:376 	 City_Num:50 	 Concorde:5.878599 	 MCTS:5.878599 Improve:0.000000 	 Time:3.76 Seconds
Solution: 1 27 39 29 9 22 16 45 3 15 49 41 8 44 4 7 34 6 50 33 37 19 12 46 25 23 35 21 28 48 47 14 13 5 31 11 30 32 26 40 17 36 18 43 42 24 10 2 38 20 

Inst_Index:377 	 City_Num:50 	 Concorde:5.266441 	 MCTS:5.266441 Improve:-0.000000 	 Time:3.75 Seconds
Solution: 1 7 6 11 23 35 27 19 39 20 32 36 22 44 24 10 9 41 29 49 21 46 4 5 43 8 47 14 2 25 13 15 12 30 48 18 33 34 38 28 40 3 50 31 26 42 16 37 45 17 

Inst_Index:378 	 City_Num:50 	 Concorde:5.844878 	 MCTS:5.844878 Improve:0.000000 	 Time:3.76 Seconds
Solution: 1 42 21 12 31 25 49 47 10 18 8 17 3 35 19 44 9 33 32 5 20 40 7 39 38 36 16 46 28 2 14 29 6 34 11 41 50 22 45 15 43 37 13 4 30 24 27 26 23 48 

Inst_Index:379 	 City_Num:50 	 Concorde:5.968116 	 MCTS:5.965923 Improve:0.002193 	 Time:3.75 Seconds
Solution: 1 30 43 28 24 29 11 18 23 15 49 7 33 35 34 27 19 13 39 40 8 32 50 36 22 2 44 47 42 6 45 46 26 17 21 12 10 14 5 41 37 38 20 9 16 3 31 4 25 48 

Inst_Index:380 	 City_Num:50 	 Concorde:5.591482 	 MCTS:5.591482 Improve:0.000000 	 Time:3.76 Seconds
Solution: 1 13 31 45 2 50 44 15 40 46 27 17 37 6 22 23 49 7 47 24 10 11 5 39 26 21 41 34 18 38 36 43 32 42 30 25 14 35 20 16 9 12 29 4 48 33 28 3 8 19 

Inst_Index:381 	 City_Num:50 	 Concorde:6.317881 	 MCTS:6.317881 Improve:0.000000 	 Time:3.75 Seconds
Solution: 1 29 42 31 18 17 3 48 30 35 19 8 28 2 14 47 44 41 50 45 38 33 25 34 26 21 37 20 4 39 16 49 9 11 32 15 46 13 27 23 24 12 10 43 22 36 6 5 7 40 

Inst_Index:382 	 City_Num:50 	 Concorde:5.830342 	 MCTS:5.829083 Improve:0.001259 	 Time:3.76 Seconds
Solution: 1 48 35 43 6 22 45 24 18 37 39 33 13 21 10 14 20 42 5 3 34 7 19 40 17 44 2 29 9 11 8 38 36 41 12 31 32 47 46 28 15 26 25 16 23 30 27 49 50 4 

Inst_Index:383 	 City_Num:50 	 Concorde:5.240896 	 MCTS:5.240896 Improve:0.000000 	 Time:3.75 Seconds
Solution: 1 24 14 47 6 50 20 27 45 48 10 13 22 19 44 12 17 46 23 49 43 42 41 33 29 26 5 18 15 38 4 31 2 25 11 40 32 36 39 21 30 37 9 7 35 28 8 34 16 3 

Inst_Index:384 	 City_Num:50 	 Concorde:5.403450 	 MCTS:5.403450 Improve:0.000000 	 Time:3.76 Seconds
Solution: 1 19 23 32 30 16 3 7 38 29 39 42 5 46 26 25 22 41 36 10 44 28 35 48 12 50 17 21 13 31 27 4 24 43 47 37 15 45 40 20 33 9 49 6 34 8 2 14 11 18 

Inst_Index:385 	 City_Num:50 	 Concorde:5.748459 	 MCTS:5.746673 Improve:0.001786 	 Time:3.76 Seconds
Solution: 1 44 3 27 17 6 11 26 20 33 34 13 43 50 8 25 36 41 30 28 45 4 9 10 29 21 48 15 37 40 38 42 2 16 24 47 32 35 22 5 31 39 7 23 49 18 19 46 14 12 

Inst_Index:386 	 City_Num:50 	 Concorde:5.760510 	 MCTS:5.748960 Improve:0.011550 	 Time:3.76 Seconds
Solution: 1 20 10 27 7 17 11 6 40 15 47 46 28 18 49 24 42 23 12 35 34 9 43 14 19 37 30 22 41 16 26 36 5 39 31 44 33 50 13 2 32 4 48 29 3 21 38 25 8 45 

Inst_Index:387 	 City_Num:50 	 Concorde:5.921131 	 MCTS:5.921131 Improve:0.000000 	 Time:3.75 Seconds
Solution: 1 41 24 25 9 45 7 34 20 31 29 11 50 10 35 27 26 19 37 42 38 40 44 5 4 49 13 32 12 39 33 2 17 22 47 43 48 18 30 15 23 21 16 3 36 28 8 14 6 46 

Inst_Index:388 	 City_Num:50 	 Concorde:5.357857 	 MCTS:5.357857 Improve:0.000000 	 Time:3.75 Seconds
Solution: 1 11 35 30 21 18 26 2 22 36 46 38 19 47 13 45 5 6 39 3 14 50 25 12 4 15 28 17 9 27 42 48 33 43 23 10 7 20 44 29 41 49 8 37 34 31 16 24 40 32 

Inst_Index:389 	 City_Num:50 	 Concorde:5.790970 	 MCTS:5.790970 Improve:0.000000 	 Time:3.78 Seconds
Solution: 1 15 38 32 12 20 16 3 24 36 22 41 9 50 28 4 18 46 33 40 11 48 26 47 31 39 10 25 35 44 45 29 8 17 49 27 6 30 2 21 42 19 34 13 5 43 37 23 14 7 

Inst_Index:390 	 City_Num:50 	 Concorde:6.069959 	 MCTS:6.069959 Improve:0.000000 	 Time:3.75 Seconds
Solution: 1 31 9 11 28 2 36 32 29 47 26 49 45 21 7 46 23 50 24 13 37 15 25 3 12 27 17 39 10 48 5 6 4 19 41 42 44 35 43 16 8 33 18 30 38 40 34 14 22 20 

Inst_Index:391 	 City_Num:50 	 Concorde:5.778109 	 MCTS:5.773569 Improve:0.004540 	 Time:3.76 Seconds
Solution: 1 12 38 7 30 42 44 3 5 15 35 11 39 33 23 43 41 25 34 16 9 37 10 18 31 27 40 28 49 45 21 47 17 48 50 14 24 4 32 29 26 22 46 19 2 13 20 36 6 8 

Inst_Index:392 	 City_Num:50 	 Concorde:5.535035 	 MCTS:5.535035 Improve:0.000000 	 Time:3.77 Seconds
Solution: 1 22 44 43 45 18 13 5 2 36 11 33 47 32 46 39 23 7 15 8 30 20 28 29 34 49 38 42 3 12 14 26 6 10 41 16 24 17 48 19 35 25 40 9 21 27 4 37 31 50 

Inst_Index:393 	 City_Num:50 	 Concorde:5.629204 	 MCTS:5.623871 Improve:0.005333 	 Time:3.76 Seconds
Solution: 1 35 21 45 42 49 25 36 44 19 34 26 29 10 7 38 41 8 33 40 37 47 18 28 46 9 11 20 14 12 15 4 24 30 32 23 50 6 16 31 17 2 3 13 22 5 27 43 48 39 

Inst_Index:394 	 City_Num:50 	 Concorde:5.789955 	 MCTS:5.788927 Improve:0.001028 	 Time:3.76 Seconds
Solution: 1 20 29 12 50 48 45 35 5 33 37 44 4 47 14 42 30 22 10 19 27 13 36 17 11 26 46 2 8 40 16 3 34 38 39 32 6 28 23 41 15 7 9 49 43 31 24 18 21 25 

Inst_Index:395 	 City_Num:50 	 Concorde:5.420177 	 MCTS:5.420177 Improve:0.000000 	 Time:3.76 Seconds
Solution: 1 10 19 7 39 26 41 18 43 15 44 46 29 14 13 36 22 49 8 27 28 4 25 45 12 50 38 40 24 21 3 30 17 33 5 11 34 35 6 47 20 42 2 31 9 23 16 32 37 48 

Inst_Index:396 	 City_Num:50 	 Concorde:5.554277 	 MCTS:5.550791 Improve:0.003487 	 Time:3.78 Seconds
Solution: 1 43 47 7 26 34 39 5 25 21 20 8 44 16 32 6 27 10 28 38 42 11 4 13 45 46 41 17 33 31 37 36 48 3 19 49 40 2 29 50 15 14 35 22 30 12 23 18 9 24 

Inst_Index:397 	 City_Num:50 	 Concorde:5.561367 	 MCTS:5.561367 Improve:-0.000000 	 Time:3.76 Seconds
Solution: 1 16 26 41 29 43 9 31 47 21 46 28 38 30 44 25 24 48 49 35 40 2 19 22 4 37 42 33 36 14 50 10 23 8 45 39 32 12 20 27 17 34 7 13 18 3 11 6 5 15 

Inst_Index:398 	 City_Num:50 	 Concorde:5.341519 	 MCTS:5.341519 Improve:0.000000 	 Time:3.76 Seconds
Solution: 1 8 12 41 27 36 22 16 18 4 44 10 20 40 21 33 9 7 17 42 49 15 23 32 38 13 14 25 3 19 29 2 46 35 43 28 50 31 5 47 37 30 48 24 26 45 34 11 39 6 

Inst_Index:399 	 City_Num:50 	 Concorde:5.860637 	 MCTS:5.858509 Improve:0.002128 	 Time:3.76 Seconds
Solution: 1 20 26 7 19 9 11 15 10 36 22 42 41 24 6 37 25 32 17 39 43 29 33 3 44 18 31 38 8 35 27 16 50 28 13 45 2 21 12 23 30 4 49 40 48 14 5 47 34 46 

Inst_Index:400 	 City_Num:50 	 Concorde:5.759593 	 MCTS:5.757514 Improve:0.002080 	 Time:3.76 Seconds
Solution: 1 50 21 6 36 17 16 34 42 15 40 49 4 8 47 31 39 35 24 30 44 29 9 46 26 5 7 11 43 13 10 19 28 27 37 25 38 20 22 14 18 2 33 45 3 12 23 41 48 32 

Inst_Index:401 	 City_Num:50 	 Concorde:5.917284 	 MCTS:5.917284 Improve:0.000000 	 Time:3.77 Seconds
Solution: 1 9 42 23 19 18 33 21 13 43 20 39 16 31 28 34 2 5 11 32 26 14 35 46 22 3 12 4 48 8 40 37 44 24 17 49 29 6 10 36 27 41 38 25 50 7 30 15 45 47 

Inst_Index:402 	 City_Num:50 	 Concorde:5.621647 	 MCTS:5.621647 Improve:0.000000 	 Time:3.76 Seconds
Solution: 1 47 37 8 23 36 20 43 42 17 22 31 10 5 3 18 38 21 11 32 34 45 44 30 26 7 48 46 40 28 14 39 4 50 2 25 29 9 33 35 15 12 27 41 6 19 16 24 13 49 

Inst_Index:403 	 City_Num:50 	 Concorde:6.001272 	 MCTS:6.001272 Improve:-0.000000 	 Time:3.77 Seconds
Solution: 1 32 47 2 9 36 18 26 43 8 40 29 37 22 50 3 25 38 14 16 17 31 12 10 49 5 11 41 23 46 42 7 19 35 39 15 27 21 4 44 45 48 30 33 24 13 34 20 6 28 

Inst_Index:404 	 City_Num:50 	 Concorde:5.789916 	 MCTS:5.782665 Improve:0.007251 	 Time:3.77 Seconds
Solution: 1 10 20 27 50 45 8 39 24 11 32 33 12 2 18 38 4 44 16 47 40 41 19 5 49 28 23 36 48 26 43 35 9 14 22 7 42 34 17 3 30 46 15 37 13 31 29 6 25 21 

Inst_Index:405 	 City_Num:50 	 Concorde:5.134437 	 MCTS:5.124359 Improve:0.010078 	 Time:3.76 Seconds
Solution: 1 9 27 5 16 17 40 33 39 13 46 6 8 36 48 10 35 25 37 43 31 30 15 3 22 28 20 26 29 24 21 23 34 49 14 42 47 18 7 38 44 12 50 2 32 19 4 11 45 41 

Inst_Index:406 	 City_Num:50 	 Concorde:5.752792 	 MCTS:5.752792 Improve:0.000000 	 Time:3.78 Seconds
Solution: 1 37 28 14 39 45 5 47 35 30 44 34 26 20 36 29 12 21 4 33 16 27 25 22 23 9 24 41 11 15 46 38 40 6 7 48 13 32 3 42 19 50 8 17 43 31 2 10 49 18 

Inst_Index:407 	 City_Num:50 	 Concorde:5.800331 	 MCTS:5.800331 Improve:0.000000 	 Time:3.76 Seconds
Solution: 1 19 23 30 35 47 4 36 26 18 3 29 14 7 49 42 32 28 48 43 6 2 46 11 22 39 21 13 16 44 34 31 41 38 25 50 15 24 27 9 20 5 8 33 12 40 10 37 45 17 

Inst_Index:408 	 City_Num:50 	 Concorde:5.794760 	 MCTS:5.794760 Improve:0.000000 	 Time:3.76 Seconds
Solution: 1 32 23 4 48 16 49 43 9 14 8 28 42 27 36 5 35 15 18 39 13 20 38 24 21 34 12 25 19 33 2 26 3 29 22 50 44 40 47 17 30 41 37 11 46 6 7 45 31 10 

Inst_Index:409 	 City_Num:50 	 Concorde:5.866945 	 MCTS:5.866945 Improve:0.000000 	 Time:3.75 Seconds
Solution: 1 42 25 34 10 46 31 20 37 29 21 18 5 27 41 12 16 36 44 39 3 15 8 7 11 43 4 47 19 33 24 9 50 32 30 45 6 48 23 2 22 28 17 13 49 38 14 40 35 26 

Inst_Index:410 	 City_Num:50 	 Concorde:5.444831 	 MCTS:5.444831 Improve:0.000000 	 Time:3.75 Seconds
Solution: 1 41 22 28 48 33 34 38 25 23 46 44 49 7 15 9 30 13 47 10 35 24 37 50 43 17 29 39 8 21 20 27 14 4 19 11 6 2 18 32 16 26 12 42 31 3 36 5 40 45 

Inst_Index:411 	 City_Num:50 	 Concorde:5.570134 	 MCTS:5.570095 Improve:0.000039 	 Time:3.76 Seconds
Solution: 1 38 11 18 13 10 40 4 37 21 44 17 27 28 34 36 48 46 8 2 25 23 29 33 49 35 50 20 15 42 22 16 12 41 26 19 31 5 39 3 32 14 45 7 43 9 6 30 47 24 

Inst_Index:412 	 City_Num:50 	 Concorde:6.019815 	 MCTS:6.019815 Improve:0.000000 	 Time:3.76 Seconds
Solution: 1 42 35 4 19 32 22 38 7 43 34 6 8 36 25 13 46 47 18 5 39 37 10 9 41 28 31 11 45 15 29 27 26 49 24 48 40 50 2 33 44 30 20 21 12 17 3 23 16 14 

Inst_Index:413 	 City_Num:50 	 Concorde:5.941200 	 MCTS:5.940361 Improve:0.000839 	 Time:3.76 Seconds
Solution: 1 45 38 3 30 40 46 36 35 16 12 27 33 50 21 47 28 19 14 42 4 2 34 13 7 43 31 8 5 22 6 15 44 37 11 26 48 10 39 20 32 25 23 18 41 49 29 24 9 17 

Inst_Index:414 	 City_Num:50 	 Concorde:5.869534 	 MCTS:5.869534 Improve:-0.000000 	 Time:3.77 Seconds
Solution: 1 40 38 10 3 35 50 27 42 28 12 24 30 47 2 39 36 21 43 48 6 26 14 49 4 31 7 16 37 44 34 19 17 13 5 15 22 32 41 46 11 18 23 8 33 20 25 45 9 29 

Inst_Index:415 	 City_Num:50 	 Concorde:6.299185 	 MCTS:6.299185 Improve:0.000000 	 Time:3.75 Seconds
Solution: 1 3 34 27 19 10 36 14 12 20 22 30 45 26 41 28 17 40 5 4 6 11 18 16 46 7 39 2 33 49 47 44 8 50 23 9 38 43 42 13 32 24 25 48 35 29 31 15 21 37 

Inst_Index:416 	 City_Num:50 	 Concorde:5.156521 	 MCTS:5.156521 Improve:-0.000000 	 Time:3.76 Seconds
Solution: 1 43 7 46 9 24 31 44 19 47 16 29 25 39 4 32 37 23 34 2 18 26 12 8 14 3 40 27 35 5 17 36 38 11 33 21 22 20 49 45 50 41 15 42 48 30 28 6 13 10 

Inst_Index:417 	 City_Num:50 	 Concorde:5.881518 	 MCTS:5.881518 Improve:0.000000 	 Time:3.77 Seconds
Solution: 1 32 35 49 41 14 27 6 17 33 31 34 18 50 43 15 37 12 8 4 44 23 3 28 2 11 20 9 40 19 47 42 21 38 24 16 13 30 46 39 25 22 26 36 48 7 5 45 29 10 

Inst_Index:418 	 City_Num:50 	 Concorde:5.666818 	 MCTS:5.666818 Improve:0.000000 	 Time:3.76 Seconds
Solution: 1 26 24 50 45 4 43 41 27 42 32 46 47 6 37 11 3 40 9 12 29 5 34 35 30 48 25 15 20 33 36 49 44 2 31 22 28 7 8 21 18 16 17 38 10 14 39 13 19 23 

Inst_Index:419 	 City_Num:50 	 Concorde:5.772439 	 MCTS:5.772439 Improve:0.000000 	 Time:3.76 Seconds
Solution: 1 16 39 7 23 3 41 29 17 43 10 21 44 49 46 36 47 12 2 35 38 8 18 37 4 26 14 27 22 20 34 13 40 5 15 6 19 30 25 24 28 31 42 50 9 32 45 33 48 11 

Inst_Index:420 	 City_Num:50 	 Concorde:5.465492 	 MCTS:5.465492 Improve:-0.000000 	 Time:3.76 Seconds
Solution: 1 32 45 18 21 15 6 16 11 28 27 17 41 40 23 36 34 24 12 46 25 22 49 7 31 38 3 43 20 42 9 14 26 10 29 8 13 47 19 33 37 44 5 2 30 50 35 39 48 4 

Inst_Index:421 	 City_Num:50 	 Concorde:5.247849 	 MCTS:5.244744 Improve:0.003106 	 Time:3.75 Seconds
Solution: 1 38 2 19 50 5 49 7 20 29 25 45 42 35 8 9 39 15 26 27 44 14 16 6 22 18 34 47 30 12 40 4 13 11 43 28 24 32 33 21 48 41 23 37 17 31 3 36 46 10 

Inst_Index:422 	 City_Num:50 	 Concorde:5.829064 	 MCTS:5.826507 Improve:0.002557 	 Time:3.76 Seconds
Solution: 1 36 19 49 10 48 46 28 35 15 31 17 32 38 16 3 50 41 33 26 9 5 4 34 7 42 40 20 23 11 12 13 14 2 29 18 47 43 27 44 21 39 30 8 37 6 22 45 24 25 

Inst_Index:423 	 City_Num:50 	 Concorde:6.104778 	 MCTS:6.101015 Improve:0.003763 	 Time:3.76 Seconds
Solution: 1 10 9 23 48 35 39 40 41 37 7 26 28 17 43 16 49 34 38 5 31 27 30 44 22 11 13 45 36 21 32 8 14 2 42 4 33 50 24 20 18 29 19 47 25 6 3 46 12 15 

Inst_Index:424 	 City_Num:50 	 Concorde:5.867966 	 MCTS:5.857320 Improve:0.010646 	 Time:3.76 Seconds
Solution: 1 14 39 21 45 43 36 38 22 24 27 5 20 2 17 26 11 6 7 41 19 40 16 42 9 3 50 8 33 34 28 35 18 46 30 12 49 25 31 32 37 4 15 48 10 44 23 29 13 47 

Inst_Index:425 	 City_Num:50 	 Concorde:5.534621 	 MCTS:5.532373 Improve:0.002248 	 Time:3.76 Seconds
Solution: 1 41 3 43 31 32 47 40 23 16 19 28 37 25 21 33 12 46 14 50 24 7 10 49 15 8 45 39 18 29 5 13 22 26 20 30 11 17 2 6 38 44 27 36 4 48 42 34 35 9 

Inst_Index:426 	 City_Num:50 	 Concorde:5.877747 	 MCTS:5.867872 Improve:0.009875 	 Time:3.75 Seconds
Solution: 1 20 22 31 36 33 38 29 45 28 46 21 2 3 43 18 19 25 9 26 39 7 6 35 16 49 12 27 11 17 50 5 37 42 10 23 14 30 32 47 13 41 44 15 34 4 8 40 24 48 

Inst_Index:427 	 City_Num:50 	 Concorde:5.986286 	 MCTS:5.986286 Improve:0.000000 	 Time:3.77 Seconds
Solution: 1 39 48 21 18 42 37 27 3 12 35 15 34 13 44 46 43 22 26 2 24 28 40 33 45 36 47 19 17 10 32 16 50 25 9 29 11 49 31 30 4 23 8 7 20 5 14 38 41 6 

Inst_Index:428 	 City_Num:50 	 Concorde:5.712408 	 MCTS:5.712408 Improve:-0.000000 	 Time:3.77 Seconds
Solution: 1 50 15 2 8 12 42 25 23 22 43 38 24 40 27 17 10 30 31 26 45 5 41 49 3 37 21 34 46 20 18 28 13 47 7 14 35 44 19 32 4 9 36 39 48 6 11 33 16 29 

Inst_Index:429 	 City_Num:50 	 Concorde:5.632788 	 MCTS:5.630060 Improve:0.002728 	 Time:3.75 Seconds
Solution: 1 4 29 23 50 31 17 20 48 11 15 6 13 26 9 27 12 45 18 16 39 32 21 10 35 36 28 42 40 38 22 41 44 37 43 7 49 30 46 8 34 14 33 24 47 25 3 5 2 19 

Inst_Index:430 	 City_Num:50 	 Concorde:5.499532 	 MCTS:5.498382 Improve:0.001151 	 Time:3.75 Seconds
Solution: 1 32 40 37 36 23 48 18 26 25 49 30 19 11 35 46 27 33 7 34 4 15 13 17 41 38 9 16 5 10 22 21 12 42 20 6 43 24 39 29 31 50 47 8 45 3 44 28 14 2 

Inst_Index:431 	 City_Num:50 	 Concorde:5.640780 	 MCTS:5.640780 Improve:0.000000 	 Time:3.75 Seconds
Solution: 1 39 7 3 37 22 38 46 19 9 25 40 27 48 28 24 11 32 36 34 8 6 47 13 4 33 43 12 29 44 16 26 31 18 35 10 41 23 30 42 2 20 49 50 21 17 15 14 45 5 

Inst_Index:432 	 City_Num:50 	 Concorde:5.930608 	 MCTS:5.930608 Improve:0.000000 	 Time:3.76 Seconds
Solution: 1 48 23 31 45 20 18 25 44 42 17 37 14 8 43 39 19 4 6 36 41 35 5 47 15 34 13 11 10 24 40 22 33 50 9 29 46 30 16 7 32 3 26 2 38 12 27 21 28 49 

Inst_Index:433 	 City_Num:50 	 Concorde:5.769055 	 MCTS:5.769055 Improve:-0.000000 	 Time:3.76 Seconds
Solution: 1 28 29 33 17 13 19 34 35 47 20 12 39 36 5 21 45 32 4 37 24 6 14 16 50 15 40 7 46 30 48 25 2 23 3 11 42 43 27 38 18 10 31 44 49 9 8 41 26 22 

Inst_Index:434 	 City_Num:50 	 Concorde:5.600330 	 MCTS:5.600330 Improve:0.000000 	 Time:3.75 Seconds
Solution: 1 19 9 47 26 34 50 24 49 23 42 4 44 39 48 45 30 8 27 11 25 15 3 6 40 46 14 22 7 2 17 33 20 43 31 13 36 16 18 32 28 41 29 12 10 21 35 5 38 37 

Inst_Index:435 	 City_Num:50 	 Concorde:5.756266 	 MCTS:5.747833 Improve:0.008434 	 Time:3.76 Seconds
Solution: 1 25 42 33 38 5 30 48 34 20 45 39 35 9 46 50 23 16 2 28 49 41 37 17 14 13 11 36 22 32 24 21 27 6 19 10 12 7 18 15 4 47 3 8 43 31 40 26 44 29 

Inst_Index:436 	 City_Num:50 	 Concorde:5.637341 	 MCTS:5.635341 Improve:0.002000 	 Time:3.77 Seconds
Solution: 1 32 31 4 6 28 39 40 23 18 35 43 25 19 29 13 15 27 41 8 10 2 34 37 48 38 5 47 42 11 24 36 9 50 46 17 30 14 20 44 3 12 26 16 49 21 45 7 33 22 

Inst_Index:437 	 City_Num:50 	 Concorde:5.895590 	 MCTS:5.895590 Improve:-0.000000 	 Time:3.76 Seconds
Solution: 1 28 23 20 35 25 6 34 5 18 14 19 50 13 44 41 37 33 7 16 40 8 31 4 17 49 11 27 26 38 32 43 47 21 2 29 39 36 30 42 9 48 24 12 22 15 10 46 45 3 

Inst_Index:438 	 City_Num:50 	 Concorde:5.599362 	 MCTS:5.593741 Improve:0.005622 	 Time:3.77 Seconds
Solution: 1 24 46 42 9 10 27 45 14 19 21 7 23 49 5 32 4 8 2 47 34 12 18 26 11 20 36 22 50 37 31 15 29 38 13 17 3 25 43 41 6 39 16 33 30 44 35 48 28 40 

Inst_Index:439 	 City_Num:50 	 Concorde:5.644134 	 MCTS:5.644134 Improve:0.000000 	 Time:3.76 Seconds
Solution: 1 12 24 45 30 32 43 9 36 50 46 38 17 41 6 10 37 19 44 33 34 25 2 13 31 7 16 39 26 47 18 22 5 28 40 49 14 4 11 48 15 8 21 27 42 20 35 23 3 29 

Inst_Index:440 	 City_Num:50 	 Concorde:5.819456 	 MCTS:5.819456 Improve:0.000000 	 Time:3.75 Seconds
Solution: 1 30 49 26 14 7 42 39 22 16 9 27 32 4 24 34 23 6 36 11 29 46 43 45 50 5 13 41 10 40 19 2 28 17 20 48 12 33 8 47 38 25 18 31 37 21 44 15 35 3 

Inst_Index:441 	 City_Num:50 	 Concorde:5.633325 	 MCTS:5.630291 Improve:0.003035 	 Time:3.76 Seconds
Solution: 1 4 6 17 41 44 43 48 34 3 8 33 42 14 45 50 22 18 11 28 32 9 46 25 24 38 37 2 13 10 26 29 39 27 7 15 5 19 20 36 12 30 21 40 16 47 23 35 49 31 

Inst_Index:442 	 City_Num:50 	 Concorde:5.981751 	 MCTS:5.978937 Improve:0.002814 	 Time:3.76 Seconds
Solution: 1 34 28 3 49 42 19 46 29 40 4 15 12 18 31 35 14 5 21 8 26 32 2 13 17 24 33 7 47 38 16 9 11 44 43 37 6 23 10 20 48 25 30 36 22 50 41 27 39 45 

Inst_Index:443 	 City_Num:50 	 Concorde:5.233602 	 MCTS:5.227109 Improve:0.006493 	 Time:3.76 Seconds
Solution: 1 44 40 33 9 10 17 45 42 50 26 22 46 41 36 18 23 29 30 16 38 2 35 15 11 31 43 8 7 5 28 19 37 48 4 25 14 13 49 24 47 6 34 20 32 39 12 3 27 21 

Inst_Index:444 	 City_Num:50 	 Concorde:5.789005 	 MCTS:5.786219 Improve:0.002786 	 Time:3.77 Seconds
Solution: 1 6 31 24 12 21 18 3 26 2 30 7 45 44 17 37 49 15 47 29 48 14 40 34 13 23 8 43 9 5 19 42 16 4 46 50 27 35 41 25 11 20 32 36 10 22 39 38 33 28 

Inst_Index:445 	 City_Num:50 	 Concorde:5.926451 	 MCTS:5.926451 Improve:0.000000 	 Time:3.75 Seconds
Solution: 1 46 27 16 47 10 38 39 19 37 5 36 17 31 20 13 9 33 30 28 43 25 18 8 29 32 35 45 26 14 23 24 50 6 4 42 41 7 44 15 22 49 48 34 40 12 3 21 11 2 

Inst_Index:446 	 City_Num:50 	 Concorde:6.124414 	 MCTS:6.117825 Improve:0.006589 	 Time:3.75 Seconds
Solution: 1 38 40 44 2 14 27 39 37 46 18 49 16 20 33 34 28 6 4 47 3 9 5 35 43 22 15 23 25 42 12 32 50 13 11 8 10 7 29 41 17 24 48 19 21 36 26 30 45 31 

Inst_Index:447 	 City_Num:50 	 Concorde:5.470984 	 MCTS:5.470893 Improve:0.000092 	 Time:3.77 Seconds
Solution: 1 19 43 9 31 32 22 37 11 45 44 27 48 8 4 2 42 39 15 33 36 23 26 35 25 24 12 14 30 41 40 34 20 47 50 46 28 10 3 18 21 6 5 16 49 38 13 29 7 17 

Inst_Index:448 	 City_Num:50 	 Concorde:5.579355 	 MCTS:5.576635 Improve:0.002720 	 Time:3.75 Seconds
Solution: 1 47 42 26 43 27 2 32 23 28 10 41 16 39 25 5 38 44 48 34 20 9 30 17 6 21 15 46 13 18 35 4 8 19 7 3 40 31 24 11 49 22 50 36 33 45 37 29 14 12 

Inst_Index:449 	 City_Num:50 	 Concorde:5.161525 	 MCTS:5.160103 Improve:0.001422 	 Time:3.76 Seconds
Solution: 1 36 31 47 9 41 43 12 34 8 25 37 24 40 45 11 39 44 19 18 50 3 32 10 13 14 29 17 42 46 16 20 22 23 7 33 30 21 48 27 26 5 6 15 35 28 2 38 49 4 

Inst_Index:450 	 City_Num:50 	 Concorde:5.542444 	 MCTS:5.542444 Improve:-0.000000 	 Time:3.76 Seconds
Solution: 1 33 34 30 44 16 6 11 15 20 31 35 40 10 27 19 17 37 29 25 21 48 28 23 5 32 8 14 22 49 41 4 3 43 45 13 9 39 47 26 42 50 24 2 46 7 38 18 12 36 

Inst_Index:451 	 City_Num:50 	 Concorde:6.037256 	 MCTS:6.037256 Improve:0.000000 	 Time:3.76 Seconds
Solution: 1 28 13 39 49 17 31 20 14 24 42 33 6 19 25 40 12 47 46 7 4 29 15 16 18 41 23 30 45 50 9 5 35 44 48 3 36 26 27 21 32 2 10 37 8 43 38 22 34 11 

Inst_Index:452 	 City_Num:50 	 Concorde:5.589438 	 MCTS:5.589438 Improve:-0.000000 	 Time:3.76 Seconds
Solution: 1 45 15 48 3 30 49 14 2 24 40 6 5 26 39 7 8 19 11 23 16 44 42 29 18 17 36 21 31 27 9 4 34 22 13 10 12 37 50 38 46 33 41 47 32 28 43 35 25 20 

Inst_Index:453 	 City_Num:50 	 Concorde:5.581868 	 MCTS:5.581868 Improve:0.000000 	 Time:3.75 Seconds
Solution: 1 45 7 2 36 40 50 5 12 28 10 41 20 31 47 18 26 25 42 23 35 24 34 4 21 49 33 29 46 22 27 44 17 38 43 14 48 8 32 9 6 19 13 30 39 11 3 37 15 16 

Inst_Index:454 	 City_Num:50 	 Concorde:5.933465 	 MCTS:5.933465 Improve:0.000000 	 Time:3.75 Seconds
Solution: 1 21 48 42 43 4 25 30 32 47 13 24 23 11 27 17 44 41 14 20 40 45 46 16 35 29 2 26 38 31 15 49 28 36 8 37 33 10 9 34 3 50 39 7 12 22 5 19 18 6 

Inst_Index:455 	 City_Num:50 	 Concorde:5.270451 	 MCTS:5.270451 Improve:0.000000 	 Time:3.75 Seconds
Solution: 1 19 15 39 33 46 31 23 20 43 24 30 44 27 50 8 29 9 28 11 47 2 13 10 42 34 5 16 14 6 38 26 35 45 4 18 22 48 40 3 41 49 12 36 25 17 37 32 21 7 

Inst_Index:456 	 City_Num:50 	 Concorde:6.042584 	 MCTS:6.042584 Improve:-0.000000 	 Time:3.75 Seconds
Solution: 1 37 11 25 10 46 48 12 31 47 50 5 28 18 40 38 20 14 29 32 36 45 23 42 4 15 44 8 3 17 9 49 24 33 26 16 7 43 13 6 22 19 41 27 35 21 2 34 39 30 

Inst_Index:457 	 City_Num:50 	 Concorde:5.888571 	 MCTS:5.886982 Improve:0.001589 	 Time:3.76 Seconds
Solution: 1 22 23 37 13 27 25 9 26 3 10 11 33 46 41 2 17 14 44 4 20 35 6 5 18 19 8 15 7 12 21 31 30 47 45 24 28 48 43 36 42 39 34 16 50 29 32 49 40 38 

Inst_Index:458 	 City_Num:50 	 Concorde:5.986803 	 MCTS:5.982928 Improve:0.003875 	 Time:3.76 Seconds
Solution: 1 28 33 44 38 48 36 43 31 5 10 40 39 17 13 27 7 49 16 20 32 45 23 2 18 15 6 47 12 34 37 46 41 24 11 14 29 8 22 50 9 42 19 35 26 25 4 30 3 21 

Inst_Index:459 	 City_Num:50 	 Concorde:6.122611 	 MCTS:6.122611 Improve:0.000000 	 Time:3.76 Seconds
Solution: 1 38 32 24 43 12 25 10 31 22 30 47 11 4 7 23 40 34 21 19 45 16 50 17 14 36 13 37 5 44 27 18 26 28 15 6 49 9 20 29 3 46 41 33 48 8 39 35 42 2 

Inst_Index:460 	 City_Num:50 	 Concorde:5.314023 	 MCTS:5.314023 Improve:0.000000 	 Time:3.77 Seconds
Solution: 1 29 50 15 30 9 14 8 27 41 13 17 3 6 32 31 21 38 24 39 4 10 28 11 19 36 42 34 46 43 40 5 12 48 33 35 47 37 16 25 18 2 26 7 45 49 22 23 20 44 

Inst_Index:461 	 City_Num:50 	 Concorde:5.400762 	 MCTS:5.400155 Improve:0.000607 	 Time:3.76 Seconds
Solution: 1 18 32 21 38 24 34 9 11 4 44 46 49 15 42 29 5 35 27 41 48 19 2 47 7 36 40 17 22 26 33 39 25 37 10 14 30 20 50 3 31 45 12 23 8 43 16 28 6 13 

Inst_Index:462 	 City_Num:50 	 Concorde:5.223018 	 MCTS:5.223018 Improve:-0.000000 	 Time:3.76 Seconds
Solution: 1 14 5 45 50 15 43 8 33 20 30 32 44 6 40 25 23 24 22 36 16 42 3 19 38 46 41 10 21 35 13 7 26 48 31 37 4 12 29 9 39 2 17 27 11 47 18 49 34 28 

Inst_Index:463 	 City_Num:50 	 Concorde:5.520928 	 MCTS:5.520928 Improve:-0.000000 	 Time:3.76 Seconds
Solution: 1 5 15 26 12 8 50 21 3 25 45 49 46 4 22 29 19 14 20 35 32 23 11 13 18 28 40 24 41 2 30 33 43 16 44 9 48 42 31 37 17 10 39 6 47 36 27 38 34 7 

Inst_Index:464 	 City_Num:50 	 Concorde:5.979048 	 MCTS:5.979048 Improve:0.000000 	 Time:3.77 Seconds
Solution: 1 2 17 47 21 41 45 34 10 7 49 30 32 22 35 28 29 31 36 5 11 38 43 50 20 39 44 18 27 24 13 6 37 46 26 23 8 16 25 19 3 9 40 15 48 42 14 12 4 33 

Inst_Index:465 	 City_Num:50 	 Concorde:5.843913 	 MCTS:5.842348 Improve:0.001565 	 Time:3.75 Seconds
Solution: 1 24 37 34 12 40 47 27 32 31 33 4 50 9 43 49 10 36 16 23 14 19 26 8 44 11 17 46 2 3 42 35 29 25 28 38 7 21 18 41 39 20 30 5 6 48 45 13 22 15 

Inst_Index:466 	 City_Num:50 	 Concorde:4.946068 	 MCTS:4.946068 Improve:0.000000 	 Time:3.76 Seconds
Solution: 1 30 40 5 2 49 26 18 46 3 31 21 43 6 25 11 28 13 4 41 48 38 39 19 16 50 8 15 12 45 47 36 35 17 24 7 37 32 9 33 27 34 29 22 14 42 44 23 20 10 

Inst_Index:467 	 City_Num:50 	 Concorde:5.807159 	 MCTS:5.807159 Improve:0.000000 	 Time:3.76 Seconds
Solution: 1 18 3 9 36 16 10 7 34 17 49 2 35 19 6 15 44 8 21 27 41 45 25 4 30 28 5 40 11 24 46 23 43 38 50 47 20 31 14 32 13 48 12 29 42 26 22 33 39 37 

Inst_Index:468 	 City_Num:50 	 Concorde:6.179298 	 MCTS:6.179298 Improve:0.000000 	 Time:3.75 Seconds
Solution: 1 12 23 33 9 50 48 30 10 27 31 44 18 39 21 24 41 6 26 38 11 42 20 35 13 19 4 17 25 47 43 28 2 7 3 36 49 46 32 40 37 15 16 29 14 45 34 22 8 5 

Inst_Index:469 	 City_Num:50 	 Concorde:5.676954 	 MCTS:5.676954 Improve:0.000000 	 Time:3.77 Seconds
Solution: 1 36 20 49 26 21 44 13 48 27 33 32 14 47 2 40 8 39 10 41 25 43 5 50 7 35 38 11 29 22 31 24 18 23 16 4 45 12 19 34 46 17 9 3 15 42 37 6 28 30 

Inst_Index:470 	 City_Num:50 	 Concorde:5.926578 	 MCTS:5.926578 Improve:0.000000 	 Time:3.76 Seconds
Solution: 1 36 12 14 17 40 19 35 15 2 50 3 18 34 6 29 22 49 13 42 33 11 23 25 26 45 41 44 27 46 20 4 7 47 48 21 39 28 24 43 31 32 10 9 38 30 8 16 5 37 

Inst_Index:471 	 City_Num:50 	 Concorde:5.790620 	 MCTS:5.790620 Improve:-0.000000 	 Time:3.75 Seconds
Solution: 1 5 17 37 3 49 32 18 12 33 21 47 8 19 41 16 42 30 39 13 27 34 2 29 14 38 26 45 4 35 11 48 25 31 40 15 50 9 23 46 28 7 10 44 24 36 22 43 6 20 

Inst_Index:472 	 City_Num:50 	 Concorde:5.851773 	 MCTS:5.849563 Improve:0.002210 	 Time:3.76 Seconds
Solution: 1 39 8 17 45 30 7 26 9 37 42 12 32 41 4 14 3 10 29 50 36 43 15 38 25 40 46 23 20 19 16 21 44 35 48 24 11 31 34 2 28 47 18 13 5 49 22 27 6 33 

Inst_Index:473 	 City_Num:50 	 Concorde:6.286588 	 MCTS:6.286588 Improve:-0.000000 	 Time:3.76 Seconds
Solution: 1 22 40 15 17 36 38 26 14 25 42 7 18 34 46 9 28 13 23 43 16 31 19 4 32 24 41 50 37 47 6 35 27 10 39 30 33 48 2 45 21 3 11 49 29 5 12 44 8 20 

Inst_Index:474 	 City_Num:50 	 Concorde:5.699251 	 MCTS:5.692475 Improve:0.006776 	 Time:3.76 Seconds
Solution: 1 28 46 20 18 41 29 48 9 8 34 21 7 12 23 37 22 31 44 38 24 25 10 26 45 47 27 19 2 15 5 17 33 43 14 16 49 13 32 4 11 3 50 42 40 36 35 39 30 6 

Inst_Index:475 	 City_Num:50 	 Concorde:5.782029 	 MCTS:5.782029 Improve:0.000000 	 Time:3.75 Seconds
Solution: 1 34 27 49 20 11 7 5 14 32 8 17 43 48 36 13 38 42 23 9 46 29 26 50 3 18 24 19 15 35 40 10 47 22 39 30 31 6 12 37 4 25 45 16 33 2 44 21 28 41 

Inst_Index:476 	 City_Num:50 	 Concorde:5.715466 	 MCTS:5.715466 Improve:0.000000 	 Time:3.76 Seconds
Solution: 1 5 25 8 26 35 14 17 28 44 3 13 45 12 39 38 43 34 4 40 20 24 37 6 33 29 9 22 32 15 50 23 11 2 16 48 46 21 19 18 10 49 31 27 36 41 42 30 7 47 

Inst_Index:477 	 City_Num:50 	 Concorde:5.896965 	 MCTS:5.894537 Improve:0.002427 	 Time:3.75 Seconds
Solution: 1 20 38 41 11 23 44 34 29 18 8 33 32 49 27 19 21 39 45 28 2 35 47 42 17 16 25 31 12 40 10 15 14 46 26 13 24 36 6 43 7 5 37 9 3 50 22 48 30 4 

Inst_Index:478 	 City_Num:50 	 Concorde:5.625375 	 MCTS:5.625375 Improve:-0.000000 	 Time:3.77 Seconds
Solution: 1 37 3 38 33 7 4 30 32 16 8 26 29 13 34 9 43 6 22 44 31 5 49 19 2 45 14 25 50 15 46 11 20 23 48 41 28 21 36 24 35 39 40 18 47 10 27 17 12 42 

Inst_Index:479 	 City_Num:50 	 Concorde:5.473228 	 MCTS:5.473228 Improve:0.000000 	 Time:3.76 Seconds
Solution: 1 16 47 33 12 7 10 9 6 13 36 31 34 20 21 35 48 40 29 5 43 3 44 19 2 23 41 24 28 26 32 17 39 42 46 49 50 45 22 14 37 38 8 27 30 25 4 15 18 11 

Inst_Index:480 	 City_Num:50 	 Concorde:6.218428 	 MCTS:6.211296 Improve:0.007133 	 Time:3.76 Seconds
Solution: 1 28 14 12 44 39 10 26 13 48 30 37 3 47 11 49 45 7 42 15 8 9 2 19 43 20 50 36 38 18 31 32 35 34 27 41 21 29 40 24 46 22 4 17 33 23 25 16 6 5 

Inst_Index:481 	 City_Num:50 	 Concorde:5.641544 	 MCTS:5.641544 Improve:0.000000 	 Time:3.76 Seconds
Solution: 1 31 37 27 23 21 14 34 47 8 3 2 48 15 36 20 5 16 22 45 17 6 41 35 33 42 25 13 11 4 26 28 9 19 39 50 43 29 12 18 44 24 38 7 32 40 46 10 30 49 

Inst_Index:482 	 City_Num:50 	 Concorde:6.102763 	 MCTS:6.102310 Improve:0.000452 	 Time:3.76 Seconds
Solution: 1 46 18 22 23 37 38 41 17 2 10 4 19 6 24 28 7 39 32 27 20 31 9 26 36 42 13 40 11 25 8 47 30 48 16 29 12 3 35 45 43 33 34 44 50 14 15 49 5 21 

Inst_Index:483 	 City_Num:50 	 Concorde:5.803658 	 MCTS:5.803658 Improve:0.000000 	 Time:3.75 Seconds
Solution: 1 17 35 36 34 12 37 8 30 43 41 28 45 24 49 48 47 20 11 27 26 10 19 6 40 23 22 13 18 39 16 15 44 9 31 42 21 50 14 5 32 7 3 38 2 46 33 25 4 29 

Inst_Index:484 	 City_Num:50 	 Concorde:5.571878 	 MCTS:5.571878 Improve:-0.000000 	 Time:3.77 Seconds
Solution: 1 19 42 6 46 37 45 25 39 2 47 20 18 41 5 29 38 27 49 43 3 23 33 35 15 36 4 30 13 17 26 40 10 16 50 22 7 21 31 9 24 11 48 32 14 44 28 8 12 34 

Inst_Index:485 	 City_Num:50 	 Concorde:5.881226 	 MCTS:5.881226 Improve:0.000000 	 Time:3.78 Seconds
Solution: 1 15 23 38 33 13 45 46 14 18 19 7 6 29 21 25 50 41 47 39 2 28 42 31 30 16 24 43 35 48 26 11 34 10 3 17 5 36 27 40 37 20 32 44 22 9 49 4 8 12 

Inst_Index:486 	 City_Num:50 	 Concorde:5.822548 	 MCTS:5.822548 Improve:0.000000 	 Time:3.77 Seconds
Solution: 1 14 6 29 48 33 47 16 19 24 26 12 10 46 41 32 40 5 50 27 8 9 44 23 31 21 30 35 49 42 45 39 28 43 25 38 34 2 18 7 17 36 11 13 15 20 22 4 37 3 

Inst_Index:487 	 City_Num:50 	 Concorde:5.675820 	 MCTS:5.673263 Improve:0.002557 	 Time:3.76 Seconds
Solution: 1 29 43 5 35 47 2 33 24 10 48 30 45 36 44 16 50 19 32 28 37 11 21 15 9 3 4 46 25 7 49 14 22 41 42 23 17 18 38 13 39 6 34 40 26 8 20 12 31 27 

Inst_Index:488 	 City_Num:50 	 Concorde:5.065311 	 MCTS:5.065311 Improve:-0.000000 	 Time:3.76 Seconds
Solution: 1 45 3 24 20 28 25 42 10 22 44 12 43 46 48 16 18 17 30 15 21 6 4 14 31 5 35 9 37 32 13 41 36 50 29 26 27 2 8 49 39 38 23 47 33 11 40 7 34 19 

Inst_Index:489 	 City_Num:50 	 Concorde:5.264488 	 MCTS:5.263840 Improve:0.000648 	 Time:3.75 Seconds
Solution: 1 9 44 3 5 16 7 33 19 14 11 28 4 10 34 42 26 21 20 38 45 8 32 41 50 24 35 13 46 47 49 37 18 36 39 15 2 30 27 12 31 29 40 6 17 22 48 23 43 25 

Inst_Index:490 	 City_Num:50 	 Concorde:5.304799 	 MCTS:5.304799 Improve:0.000000 	 Time:3.75 Seconds
Solution: 1 14 35 6 33 13 26 42 41 23 7 15 50 48 21 8 25 17 38 47 29 18 2 44 31 43 11 37 20 40 34 16 5 19 46 39 24 27 32 28 4 9 22 49 45 3 10 12 36 30 

Inst_Index:491 	 City_Num:50 	 Concorde:5.609750 	 MCTS:5.605658 Improve:0.004092 	 Time:3.76 Seconds
Solution: 1 20 32 22 2 3 14 7 28 4 5 48 45 27 34 21 49 30 44 10 15 39 42 47 19 29 46 8 40 18 36 6 33 12 24 26 31 38 17 9 25 43 16 23 41 37 13 11 35 50 

Inst_Index:492 	 City_Num:50 	 Concorde:5.761056 	 MCTS:5.761056 Improve:0.000000 	 Time:3.76 Seconds
Solution: 1 34 39 15 28 35 9 7 24 31 40 48 2 42 13 44 37 3 6 26 21 27 32 43 30 41 36 20 12 10 50 16 46 11 47 14 45 38 19 17 8 29 49 4 33 23 5 18 25 22 

Inst_Index:493 	 City_Num:50 	 Concorde:5.389745 	 MCTS:5.389745 Improve:-0.000000 	 Time:3.77 Seconds
Solution: 1 6 17 13 45 15 14 43 39 36 20 3 40 42 23 34 33 46 44 30 2 7 22 25 16 47 31 24 50 4 5 12 21 48 37 28 29 8 19 18 10 9 35 26 49 38 41 11 27 32 

Inst_Index:494 	 City_Num:50 	 Concorde:5.821290 	 MCTS:5.817511 Improve:0.003779 	 Time:3.75 Seconds
Solution: 1 34 8 18 35 5 10 39 21 41 31 29 30 24 23 47 26 43 2 15 38 37 9 13 22 49 32 28 16 46 6 14 44 36 17 40 48 45 19 50 4 12 11 25 3 33 27 42 20 7 

Inst_Index:495 	 City_Num:50 	 Concorde:5.974399 	 MCTS:5.969326 Improve:0.005073 	 Time:3.76 Seconds
Solution: 1 32 30 15 20 2 44 9 3 22 12 47 41 35 13 42 29 33 31 4 17 21 5 16 24 26 37 46 27 45 34 7 40 18 11 19 23 28 14 43 25 10 48 39 50 36 38 49 8 6 

Inst_Index:496 	 City_Num:50 	 Concorde:5.552019 	 MCTS:5.552019 Improve:0.000000 	 Time:3.77 Seconds
Solution: 1 8 45 38 5 28 24 30 11 3 13 10 7 32 21 31 46 49 50 19 48 4 39 23 33 2 42 47 16 37 35 43 29 6 27 22 26 25 18 14 44 20 17 41 15 12 34 36 40 9 

Inst_Index:497 	 City_Num:50 	 Concorde:5.879675 	 MCTS:5.878839 Improve:0.000836 	 Time:3.77 Seconds
Solution: 1 6 26 49 3 11 38 25 45 12 5 14 34 28 23 36 17 48 21 22 30 2 10 27 19 40 37 35 47 32 42 7 31 8 46 50 39 4 9 16 13 20 18 24 33 29 41 44 43 15 

Inst_Index:498 	 City_Num:50 	 Concorde:6.077274 	 MCTS:6.077274 Improve:-0.000000 	 Time:3.75 Seconds
Solution: 1 48 47 43 46 39 16 12 6 22 17 33 10 11 45 13 7 40 8 5 35 14 9 36 42 18 44 27 30 20 2 49 31 23 50 38 41 4 28 21 15 26 34 24 19 29 32 3 37 25 

Inst_Index:499 	 City_Num:50 	 Concorde:5.910903 	 MCTS:5.910554 Improve:0.000348 	 Time:3.75 Seconds
Solution: 1 11 44 26 15 6 9 13 24 31 42 38 39 17 49 40 29 14 22 18 37 46 10 41 47 27 33 30 2 16 25 43 34 20 23 8 5 12 45 36 50 48 35 19 7 4 21 32 3 28 

Inst_Index:500 	 City_Num:50 	 Concorde:5.635791 	 MCTS:5.634839 Improve:0.000952 	 Time:3.76 Seconds
Solution: 1 23 3 10 44 28 13 20 48 26 9 30 32 49 2 19 18 41 11 12 8 24 21 43 45 7 5 34 46 38 25 42 22 40 14 33 31 50 36 6 47 16 35 39 27 15 29 4 17 37 

Inst_Index:501 	 City_Num:50 	 Concorde:6.185768 	 MCTS:6.178185 Improve:0.007583 	 Time:3.78 Seconds
Solution: 1 36 19 30 10 6 16 24 29 14 27 26 45 22 20 28 38 13 47 46 40 4 2 17 48 32 18 8 49 7 42 41 3 31 37 33 39 50 15 11 34 44 12 5 9 21 23 43 25 35 

Inst_Index:502 	 City_Num:50 	 Concorde:5.920831 	 MCTS:5.920831 Improve:0.000000 	 Time:3.76 Seconds
Solution: 1 14 25 42 21 33 7 28 32 24 17 36 13 27 38 26 37 15 43 10 46 47 20 9 44 4 11 34 40 41 50 5 39 48 19 12 18 3 31 29 6 49 8 16 35 23 30 45 22 2 

Inst_Index:503 	 City_Num:50 	 Concorde:6.076109 	 MCTS:6.076109 Improve:0.000000 	 Time:3.76 Seconds
Solution: 1 8 43 41 15 13 27 3 23 19 36 49 16 29 30 24 38 18 20 10 25 6 22 35 21 26 48 28 12 33 45 11 4 32 44 2 34 31 40 7 47 50 9 46 42 17 39 37 5 14 

Inst_Index:504 	 City_Num:50 	 Concorde:5.794544 	 MCTS:5.794544 Improve:0.000000 	 Time:3.76 Seconds
Solution: 1 47 7 41 43 12 15 9 29 33 4 25 48 30 26 27 10 40 2 20 18 28 39 46 42 5 38 23 36 31 8 17 19 22 3 44 35 13 24 14 37 49 34 50 21 32 16 11 6 45 

Inst_Index:505 	 City_Num:50 	 Concorde:5.692710 	 MCTS:5.692710 Improve:0.000000 	 Time:3.75 Seconds
Solution: 1 31 37 15 42 11 17 6 5 28 50 7 13 14 10 41 8 25 33 22 43 45 48 29 12 20 27 4 3 35 26 32 2 21 44 19 23 34 49 40 9 18 36 47 30 39 46 16 24 38 

Inst_Index:506 	 City_Num:50 	 Concorde:5.398064 	 MCTS:5.394727 Improve:0.003337 	 Time:3.77 Seconds
Solution: 1 25 42 27 47 21 43 35 46 34 48 4 39 44 2 5 30 20 8 12 7 29 13 36 19 49 22 6 40 24 16 26 18 28 45 50 3 33 9 38 15 10 31 11 17 41 32 23 14 37 

Inst_Index:507 	 City_Num:50 	 Concorde:5.697421 	 MCTS:5.697421 Improve:0.000000 	 Time:3.75 Seconds
Solution: 1 12 16 32 23 37 6 5 49 17 13 21 34 38 30 39 27 36 3 40 26 18 28 45 48 47 4 46 43 42 33 35 8 20 14 29 41 24 10 9 22 25 19 44 31 15 7 11 50 2 

Inst_Index:508 	 City_Num:50 	 Concorde:5.824722 	 MCTS:5.821455 Improve:0.003267 	 Time:3.76 Seconds
Solution: 1 40 22 8 20 45 29 34 32 47 11 10 14 35 28 23 36 46 41 16 9 44 24 33 37 30 13 27 3 50 7 48 2 38 17 21 42 39 31 18 12 43 26 49 15 6 4 25 5 19 

Inst_Index:509 	 City_Num:50 	 Concorde:5.582345 	 MCTS:5.578267 Improve:0.004077 	 Time:3.78 Seconds
Solution: 1 32 28 36 7 6 17 5 26 40 38 39 49 21 31 45 33 19 22 43 48 10 13 20 18 44 35 11 15 2 42 50 9 46 23 34 16 27 4 47 25 41 29 30 3 37 12 8 14 24 

Inst_Index:510 	 City_Num:50 	 Concorde:5.538634 	 MCTS:5.538634 Improve:0.000000 	 Time:3.75 Seconds
Solution: 1 23 13 10 43 19 40 4 17 26 48 32 30 3 47 38 41 36 33 45 27 22 50 7 12 49 28 25 46 34 37 14 35 9 44 29 20 11 15 42 24 21 39 6 16 2 31 5 18 8 

Inst_Index:511 	 City_Num:50 	 Concorde:5.379552 	 MCTS:5.375574 Improve:0.003978 	 Time:3.76 Seconds
Solution: 1 22 49 18 41 3 15 35 4 29 34 23 45 47 26 17 43 38 24 40 33 8 21 14 48 9 27 28 5 2 20 13 50 39 36 12 6 37 46 10 25 7 30 19 16 31 11 32 44 42 

Inst_Index:512 	 City_Num:50 	 Concorde:5.333095 	 MCTS:5.333095 Improve:-0.000000 	 Time:3.78 Seconds
Solution: 1 35 19 25 46 47 31 17 22 29 9 37 21 38 4 49 20 10 11 48 30 8 18 40 7 39 45 43 33 27 16 34 36 2 12 50 5 32 24 15 44 6 42 3 28 26 23 41 13 14 

Inst_Index:513 	 City_Num:50 	 Concorde:5.821043 	 MCTS:5.821043 Improve:-0.000000 	 Time:3.76 Seconds
Solution: 1 26 6 18 16 28 46 2 31 5 36 50 13 35 42 19 22 41 21 11 24 44 27 12 38 9 25 30 14 48 33 47 37 40 39 10 29 15 34 3 8 32 4 20 7 23 45 49 17 43 

Inst_Index:514 	 City_Num:50 	 Concorde:5.587426 	 MCTS:5.587426 Improve:0.000000 	 Time:3.76 Seconds
Solution: 1 22 17 27 4 24 23 3 44 41 16 25 29 33 42 32 50 10 49 5 34 13 11 14 6 30 21 40 15 2 46 18 43 38 47 37 20 7 19 12 8 31 45 35 48 28 36 9 39 26 

Inst_Index:515 	 City_Num:50 	 Concorde:5.272697 	 MCTS:5.269755 Improve:0.002942 	 Time:3.76 Seconds
Solution: 1 6 10 50 16 41 14 11 34 17 31 35 27 38 47 29 3 18 36 8 7 12 43 15 26 24 49 46 40 2 5 22 20 42 28 19 45 33 48 23 37 39 25 4 9 32 13 44 21 30 

Inst_Index:516 	 City_Num:50 	 Concorde:5.961963 	 MCTS:5.960223 Improve:0.001740 	 Time:3.76 Seconds
Solution: 1 28 44 43 16 20 2 50 21 31 18 12 49 40 10 38 41 48 46 3 5 30 29 47 17 39 8 23 33 19 11 32 35 15 9 45 27 4 13 22 25 14 26 36 34 7 37 42 24 6 

Inst_Index:517 	 City_Num:50 	 Concorde:5.903445 	 MCTS:5.899441 Improve:0.004004 	 Time:3.76 Seconds
Solution: 1 17 42 30 25 33 50 11 31 39 3 36 45 13 32 16 12 37 24 43 14 21 7 41 44 20 29 5 26 6 18 40 23 9 19 8 27 48 35 15 22 49 2 10 28 46 47 38 4 34 

Inst_Index:518 	 City_Num:50 	 Concorde:5.065586 	 MCTS:5.062908 Improve:0.002677 	 Time:3.77 Seconds
Solution: 1 13 12 37 28 15 14 17 27 9 33 10 35 38 2 43 29 36 3 6 32 50 40 45 16 22 18 48 41 39 30 5 31 19 34 46 4 24 23 44 11 26 49 8 21 42 7 20 25 47 

Inst_Index:519 	 City_Num:50 	 Concorde:5.390272 	 MCTS:5.385200 Improve:0.005072 	 Time:3.75 Seconds
Solution: 1 3 49 15 16 48 8 37 4 22 19 41 27 11 17 50 20 44 35 7 43 42 21 26 5 14 38 13 10 25 39 29 47 28 33 32 36 34 2 40 46 12 18 30 45 31 23 6 24 9 

Inst_Index:520 	 City_Num:50 	 Concorde:5.966271 	 MCTS:5.961046 Improve:0.005226 	 Time:3.76 Seconds
Solution: 1 31 21 20 38 15 3 48 27 36 2 22 8 42 41 32 13 34 35 23 26 24 50 16 18 43 28 9 25 30 44 14 39 10 49 5 17 29 33 47 4 45 6 19 7 40 46 12 37 11 

Inst_Index:521 	 City_Num:50 	 Concorde:5.796010 	 MCTS:5.789863 Improve:0.006147 	 Time:3.77 Seconds
Solution: 1 41 29 28 42 34 17 36 50 12 24 6 20 23 43 48 3 15 2 19 27 14 21 31 47 33 45 32 22 35 25 7 16 10 37 18 8 40 44 13 46 26 4 39 5 38 49 30 11 9 

Inst_Index:522 	 City_Num:50 	 Concorde:5.889084 	 MCTS:5.883260 Improve:0.005824 	 Time:3.76 Seconds
Solution: 1 44 48 19 15 27 38 5 45 31 25 50 24 7 18 30 40 12 32 16 36 37 43 4 33 46 14 28 35 49 22 29 17 41 34 2 3 21 10 6 20 8 11 47 23 13 39 9 26 42 

Inst_Index:523 	 City_Num:50 	 Concorde:5.526409 	 MCTS:5.526409 Improve:0.000000 	 Time:3.76 Seconds
Solution: 1 17 28 2 42 19 23 30 8 5 32 25 47 39 44 18 35 26 3 40 29 31 46 48 6 33 41 43 20 12 49 37 7 16 22 34 4 9 15 11 36 10 27 38 45 24 50 13 21 14 

Inst_Index:524 	 City_Num:50 	 Concorde:6.095256 	 MCTS:6.095256 Improve:-0.000000 	 Time:3.76 Seconds
Solution: 1 33 25 48 37 5 40 50 9 47 49 2 6 22 14 12 30 45 16 46 3 27 13 41 36 15 10 31 18 39 19 8 7 4 43 24 29 42 44 35 21 32 20 26 34 17 38 28 11 23 

Inst_Index:525 	 City_Num:50 	 Concorde:6.144922 	 MCTS:6.144922 Improve:-0.000000 	 Time:3.79 Seconds
Solution: 1 3 15 29 17 46 6 13 2 34 41 49 5 32 28 42 50 45 9 47 21 4 20 16 30 8 36 35 23 38 39 18 12 37 25 22 11 14 43 10 24 48 44 19 26 40 7 27 33 31 

Inst_Index:526 	 City_Num:50 	 Concorde:5.390982 	 MCTS:5.390982 Improve:-0.000000 	 Time:3.75 Seconds
Solution: 1 25 31 43 2 18 35 3 9 44 14 26 47 32 30 12 37 16 27 19 46 5 36 11 50 13 42 48 49 45 4 15 21 33 41 34 39 8 6 22 23 38 10 40 28 17 24 7 20 29 

Inst_Index:527 	 City_Num:50 	 Concorde:5.675819 	 MCTS:5.675819 Improve:0.000000 	 Time:3.76 Seconds
Solution: 1 43 38 39 46 40 48 41 30 28 3 5 44 18 34 14 7 13 15 47 27 33 45 22 42 23 12 20 10 26 16 37 31 8 25 19 6 36 50 17 11 35 24 32 29 9 49 2 4 21 

Inst_Index:528 	 City_Num:50 	 Concorde:5.615439 	 MCTS:5.615439 Improve:0.000000 	 Time:3.77 Seconds
Solution: 1 21 33 38 43 22 29 25 6 23 37 49 35 28 24 17 15 7 26 5 27 40 41 2 39 18 19 48 9 46 50 34 14 8 36 20 10 47 44 32 30 12 42 3 4 31 16 45 11 13 

Inst_Index:529 	 City_Num:50 	 Concorde:5.415010 	 MCTS:5.415010 Improve:0.000000 	 Time:3.75 Seconds
Solution: 1 9 43 33 40 44 35 45 28 19 10 21 41 30 18 31 26 42 8 14 25 20 23 47 34 5 13 4 48 22 39 2 6 38 7 27 12 3 50 49 17 11 37 24 46 36 15 29 16 32 

Inst_Index:530 	 City_Num:50 	 Concorde:5.373225 	 MCTS:5.373225 Improve:0.000000 	 Time:3.76 Seconds
Solution: 1 24 34 10 17 43 8 16 22 29 33 23 15 40 28 7 42 27 46 12 30 14 3 38 6 41 50 31 35 49 36 11 13 18 4 45 37 19 26 5 44 2 9 25 39 47 48 32 21 20 

Inst_Index:531 	 City_Num:50 	 Concorde:5.525889 	 MCTS:5.525424 Improve:0.000465 	 Time:3.76 Seconds
Solution: 1 16 6 30 4 42 41 27 17 26 35 22 3 12 10 28 18 19 21 24 11 20 47 43 33 25 13 49 5 50 37 32 39 36 23 31 40 45 14 8 9 15 44 29 7 46 48 34 38 2 

Inst_Index:532 	 City_Num:50 	 Concorde:5.735993 	 MCTS:5.735993 Improve:0.000000 	 Time:3.75 Seconds
Solution: 1 4 25 32 10 6 7 9 38 13 40 27 45 37 34 48 21 30 43 15 20 3 42 50 49 5 41 36 19 26 44 31 24 35 46 14 18 23 22 8 17 28 16 11 47 39 2 29 12 33 

Inst_Index:533 	 City_Num:50 	 Concorde:5.610279 	 MCTS:5.610279 Improve:0.000000 	 Time:3.77 Seconds
Solution: 1 7 33 15 9 2 6 3 10 27 19 20 34 38 32 25 4 11 43 48 31 26 46 8 42 5 44 39 18 21 13 23 30 17 49 24 45 29 22 35 40 36 50 41 37 12 14 47 16 28 

Inst_Index:534 	 City_Num:50 	 Concorde:5.555374 	 MCTS:5.555023 Improve:0.000351 	 Time:3.75 Seconds
Solution: 1 33 11 13 44 12 50 5 47 9 28 3 17 35 21 38 40 49 30 2 14 24 23 29 15 20 10 41 8 48 19 6 32 39 25 4 37 42 16 34 46 43 31 45 18 22 36 27 7 26 

Inst_Index:535 	 City_Num:50 	 Concorde:5.850464 	 MCTS:5.848175 Improve:0.002289 	 Time:3.76 Seconds
Solution: 1 13 27 41 12 26 47 21 43 50 10 49 28 39 29 22 38 34 20 25 42 2 45 31 33 18 5 32 36 24 37 16 17 14 9 35 44 19 8 11 3 30 6 7 48 23 4 15 46 40 

Inst_Index:536 	 City_Num:50 	 Concorde:5.950106 	 MCTS:5.950106 Improve:0.000000 	 Time:3.77 Seconds
Solution: 1 48 30 38 35 49 37 24 25 42 47 3 40 21 20 2 14 22 36 31 34 12 45 50 16 26 44 43 4 28 7 23 10 18 46 8 15 41 9 33 5 19 13 39 27 17 6 29 32 11 

Inst_Index:537 	 City_Num:50 	 Concorde:5.899521 	 MCTS:5.899521 Improve:-0.000000 	 Time:3.76 Seconds
Solution: 1 40 49 45 44 20 35 7 11 4 43 19 29 10 14 26 28 30 21 41 5 3 15 48 6 22 39 23 37 13 18 36 24 12 27 8 2 50 31 32 42 46 16 25 38 47 17 33 9 34 

Inst_Index:538 	 City_Num:50 	 Concorde:5.894763 	 MCTS:5.892142 Improve:0.002621 	 Time:3.76 Seconds
Solution: 1 39 42 4 50 27 6 40 38 43 12 18 26 9 2 5 23 36 32 14 28 44 20 45 17 41 7 29 8 3 15 31 22 25 37 11 47 35 46 30 48 49 10 13 33 16 21 24 34 19 

Inst_Index:539 	 City_Num:50 	 Concorde:5.689025 	 MCTS:5.684721 Improve:0.004304 	 Time:3.75 Seconds
Solution: 1 11 5 3 16 12 22 45 50 10 9 14 44 18 49 40 39 6 17 19 29 33 15 28 24 2 13 34 43 41 25 4 26 27 36 30 35 48 32 47 21 46 42 38 7 23 31 20 8 37 

Inst_Index:540 	 City_Num:50 	 Concorde:6.006503 	 MCTS:6.005108 Improve:0.001395 	 Time:3.77 Seconds
Solution: 1 6 24 20 16 2 11 29 33 22 4 19 49 48 26 8 23 43 21 7 38 41 14 42 10 45 13 31 25 35 32 39 17 9 44 12 34 3 15 36 27 30 50 18 28 5 47 37 40 46 

Inst_Index:541 	 City_Num:50 	 Concorde:6.030316 	 MCTS:6.029724 Improve:0.000593 	 Time:3.77 Seconds
Solution: 1 47 7 32 39 17 23 31 13 38 42 22 44 48 34 14 21 28 26 41 19 12 15 29 3 40 9 2 46 37 5 33 16 30 10 50 45 36 43 6 35 20 8 49 27 24 4 25 11 18 

Inst_Index:542 	 City_Num:50 	 Concorde:5.227780 	 MCTS:5.227780 Improve:0.000000 	 Time:3.75 Seconds
Solution: 1 29 27 9 12 40 39 7 48 36 2 32 25 31 11 44 45 22 23 18 26 4 47 24 17 30 37 49 21 33 14 6 46 8 5 28 20 15 16 10 35 19 13 43 34 38 42 50 41 3 

Inst_Index:543 	 City_Num:50 	 Concorde:5.961580 	 MCTS:5.961580 Improve:0.000000 	 Time:3.76 Seconds
Solution: 1 3 41 25 30 2 44 32 24 38 10 43 36 21 19 15 33 34 49 50 26 47 48 27 39 7 13 31 22 46 12 16 8 5 37 14 45 20 29 23 11 18 6 35 9 17 4 42 40 28 

Inst_Index:544 	 City_Num:50 	 Concorde:5.839283 	 MCTS:5.839283 Improve:0.000000 	 Time:3.76 Seconds
Solution: 1 35 8 29 30 21 27 14 47 33 23 3 45 12 41 19 4 31 28 18 38 36 5 22 44 46 49 25 11 15 39 17 6 16 9 42 37 50 24 7 34 13 26 43 20 32 48 40 10 2 

Inst_Index:545 	 City_Num:50 	 Concorde:5.902156 	 MCTS:5.902156 Improve:0.000000 	 Time:3.76 Seconds
Solution: 1 9 47 49 35 44 48 22 50 20 34 16 14 42 12 43 5 38 26 28 25 33 23 10 11 6 17 4 18 24 29 36 3 19 46 13 15 37 41 39 8 30 31 7 45 27 32 2 21 40 

Inst_Index:546 	 City_Num:50 	 Concorde:5.993723 	 MCTS:5.985596 Improve:0.008128 	 Time:3.75 Seconds
Solution: 1 18 44 34 7 16 5 36 24 48 9 19 39 50 29 2 45 6 25 35 21 42 49 23 37 17 11 8 47 4 43 10 33 30 26 38 31 13 3 22 40 41 14 28 32 20 27 46 15 12 

Inst_Index:547 	 City_Num:50 	 Concorde:6.362897 	 MCTS:6.362897 Improve:-0.000000 	 Time:3.75 Seconds
Solution: 1 42 19 24 11 6 44 49 10 9 25 33 48 15 20 17 28 12 39 13 30 35 14 50 38 5 26 40 3 43 46 31 36 16 34 37 32 2 7 41 23 18 22 45 21 4 27 8 29 47 

Inst_Index:548 	 City_Num:50 	 Concorde:5.588452 	 MCTS:5.588452 Improve:0.000000 	 Time:3.76 Seconds
Solution: 1 17 8 25 31 12 46 23 35 16 44 40 9 4 42 50 20 49 33 5 14 18 13 24 47 19 15 6 45 43 11 38 32 30 10 36 27 3 21 37 2 34 7 22 41 26 48 28 39 29 

Inst_Index:549 	 City_Num:50 	 Concorde:5.627264 	 MCTS:5.625581 Improve:0.001683 	 Time:3.78 Seconds
Solution: 1 30 37 43 2 24 39 15 38 33 50 36 45 41 49 9 28 3 35 32 44 27 8 6 20 10 7 17 23 48 22 4 5 14 12 40 26 25 18 34 13 46 31 29 16 19 42 21 11 47 

Inst_Index:550 	 City_Num:50 	 Concorde:5.727713 	 MCTS:5.727713 Improve:-0.000000 	 Time:3.76 Seconds
Solution: 1 14 27 7 33 24 28 3 43 41 31 29 46 48 49 47 44 11 2 19 34 5 35 25 50 37 12 30 38 9 4 42 18 32 20 23 10 21 8 13 45 40 39 15 22 36 26 6 16 17 

Inst_Index:551 	 City_Num:50 	 Concorde:5.944432 	 MCTS:5.944432 Improve:0.000000 	 Time:3.75 Seconds
Solution: 1 25 35 24 32 9 48 14 34 50 21 44 30 26 28 46 27 22 13 3 10 33 15 37 18 47 2 20 39 43 38 42 40 7 16 36 17 45 12 6 23 29 49 41 11 31 19 8 4 5 

Inst_Index:552 	 City_Num:50 	 Concorde:5.881170 	 MCTS:5.881170 Improve:0.000000 	 Time:3.76 Seconds
Solution: 1 44 15 17 21 41 9 25 49 23 50 26 27 37 24 39 45 11 22 48 13 6 5 32 36 2 18 20 43 42 34 4 10 7 47 30 19 29 38 3 14 28 16 8 40 31 12 33 46 35 

Inst_Index:553 	 City_Num:50 	 Concorde:5.251478 	 MCTS:5.250226 Improve:0.001252 	 Time:3.76 Seconds
Solution: 1 48 39 17 8 10 35 16 4 13 29 44 42 32 12 26 18 40 9 38 46 27 36 21 23 5 2 31 15 33 30 20 24 19 37 7 34 25 22 45 43 41 3 47 11 49 50 28 6 14 

Inst_Index:554 	 City_Num:50 	 Concorde:5.671547 	 MCTS:5.667469 Improve:0.004078 	 Time:3.76 Seconds
Solution: 1 49 8 24 9 41 43 19 11 28 14 38 15 27 47 45 40 18 20 34 6 22 4 46 29 37 23 31 3 32 35 10 16 5 26 25 2 50 33 36 39 7 13 30 42 44 48 21 12 17 

Inst_Index:555 	 City_Num:50 	 Concorde:4.922622 	 MCTS:4.922622 Improve:0.000000 	 Time:3.75 Seconds
Solution: 1 15 45 16 20 21 19 47 46 14 43 5 17 42 27 30 40 25 44 48 49 4 18 11 34 12 38 28 24 22 3 13 29 26 33 35 32 6 39 36 23 9 37 10 41 7 50 8 2 31 

Inst_Index:556 	 City_Num:50 	 Concorde:6.018921 	 MCTS:6.017935 Improve:0.000986 	 Time:3.76 Seconds
Solution: 1 46 8 47 37 32 49 10 26 27 42 50 44 23 33 16 45 12 7 17 21 39 2 3 28 24 29 40 18 5 4 13 22 9 35 6 15 14 43 11 20 25 48 36 30 31 34 41 38 19 

Inst_Index:557 	 City_Num:50 	 Concorde:6.231568 	 MCTS:6.228879 Improve:0.002689 	 Time:3.76 Seconds
Solution: 1 46 16 29 11 27 47 20 38 33 26 37 32 3 25 15 17 48 13 43 6 41 49 39 2 8 44 35 10 22 9 5 40 14 30 36 7 50 19 21 31 45 12 18 34 23 4 28 24 42 

Inst_Index:558 	 City_Num:50 	 Concorde:5.437368 	 MCTS:5.437368 Improve:0.000000 	 Time:3.75 Seconds
Solution: 1 41 18 3 42 10 14 35 50 6 17 33 5 22 43 26 24 46 13 15 28 25 11 44 12 49 2 16 30 29 7 47 21 20 23 4 34 8 38 45 27 40 37 32 9 19 36 39 31 48 

Inst_Index:559 	 City_Num:50 	 Concorde:5.519261 	 MCTS:5.519053 Improve:0.000209 	 Time:3.77 Seconds
Solution: 1 35 42 22 39 29 30 7 19 18 12 28 49 38 33 9 45 43 17 32 50 16 11 20 10 34 24 23 13 37 26 27 14 21 46 5 3 6 31 2 25 40 36 44 15 41 48 47 8 4 

Inst_Index:560 	 City_Num:50 	 Concorde:5.916709 	 MCTS:5.916709 Improve:0.000000 	 Time:3.77 Seconds
Solution: 1 45 43 18 25 26 17 13 41 44 33 6 40 12 35 5 39 19 50 15 7 4 47 27 23 48 29 3 38 14 28 22 2 30 46 16 10 21 31 24 36 42 49 34 9 8 11 37 32 20 

Inst_Index:561 	 City_Num:50 	 Concorde:5.574419 	 MCTS:5.572940 Improve:0.001479 	 Time:3.77 Seconds
Solution: 1 41 44 35 14 36 46 19 29 48 47 50 49 4 27 23 30 25 8 31 2 32 15 3 11 37 26 34 42 40 45 17 18 39 43 38 13 6 21 16 12 22 9 20 7 5 28 24 33 10 

Inst_Index:562 	 City_Num:50 	 Concorde:5.251644 	 MCTS:5.251644 Improve:0.000000 	 Time:3.76 Seconds
Solution: 1 38 50 19 18 45 26 14 28 2 29 31 24 27 34 11 12 10 23 48 7 17 25 15 40 8 44 22 39 42 30 41 21 13 47 16 43 46 49 4 33 5 6 9 3 32 35 37 20 36 

Inst_Index:563 	 City_Num:50 	 Concorde:5.315878 	 MCTS:5.315878 Improve:0.000000 	 Time:3.76 Seconds
Solution: 1 6 48 18 32 33 4 34 3 47 49 10 7 13 17 24 11 2 42 35 29 14 5 25 31 8 38 23 39 21 40 9 46 50 16 43 37 30 19 45 22 44 26 36 27 12 15 20 28 41 

Inst_Index:564 	 City_Num:50 	 Concorde:5.420251 	 MCTS:5.420251 Improve:-0.000000 	 Time:3.77 Seconds
Solution: 1 19 16 44 47 21 14 10 26 39 12 9 31 27 42 43 24 49 46 29 11 48 5 30 17 4 23 3 38 37 32 25 20 45 50 36 34 28 41 8 22 15 33 40 13 7 18 2 35 6 

Inst_Index:565 	 City_Num:50 	 Concorde:5.901074 	 MCTS:5.901074 Improve:0.000000 	 Time:3.76 Seconds
Solution: 1 38 2 5 20 6 39 16 37 49 25 32 7 21 24 42 48 47 9 36 34 11 30 3 41 17 45 27 15 13 18 33 23 26 29 31 4 35 46 28 8 44 10 14 43 40 50 19 22 12 

Inst_Index:566 	 City_Num:50 	 Concorde:5.763540 	 MCTS:5.763540 Improve:-0.000000 	 Time:3.75 Seconds
Solution: 1 34 47 39 19 24 6 25 26 27 31 46 36 43 2 42 29 38 18 35 15 50 10 7 8 12 49 30 28 37 40 9 21 13 5 41 17 23 22 20 33 48 14 3 45 44 11 16 32 4 

Inst_Index:567 	 City_Num:50 	 Concorde:5.323900 	 MCTS:5.321448 Improve:0.002452 	 Time:3.78 Seconds
Solution: 1 40 9 36 23 34 20 41 25 10 38 3 30 2 47 12 28 48 15 18 31 22 11 43 29 49 50 5 44 13 33 14 39 16 45 35 42 37 8 4 17 19 26 32 24 21 7 46 27 6 

Inst_Index:568 	 City_Num:50 	 Concorde:5.974422 	 MCTS:5.974422 Improve:0.000000 	 Time:3.77 Seconds
Solution: 1 28 39 5 15 10 38 14 21 17 45 44 24 11 33 30 34 41 2 29 50 42 3 4 18 46 26 40 20 7 6 27 13 49 16 32 12 48 43 9 37 25 22 19 31 8 23 36 47 35 

Inst_Index:569 	 City_Num:50 	 Concorde:5.476326 	 MCTS:5.476326 Improve:0.000000 	 Time:3.77 Seconds
Solution: 1 42 24 12 38 30 37 26 6 4 3 44 40 7 43 29 32 35 45 31 39 47 10 48 9 21 5 2 49 50 25 34 22 19 28 13 36 14 33 17 23 27 41 46 20 8 15 16 11 18 

Inst_Index:570 	 City_Num:50 	 Concorde:5.390105 	 MCTS:5.389163 Improve:0.000941 	 Time:3.77 Seconds
Solution: 1 11 18 25 44 3 8 20 9 43 27 26 46 2 39 28 14 40 37 17 42 30 33 47 45 4 36 5 12 22 41 23 50 49 48 19 6 10 15 24 38 29 32 16 31 34 7 13 21 35 

Inst_Index:571 	 City_Num:50 	 Concorde:5.771741 	 MCTS:5.771741 Improve:-0.000000 	 Time:3.76 Seconds
Solution: 1 46 5 14 49 33 20 43 41 8 7 18 29 47 38 30 27 34 42 35 23 17 32 48 26 37 13 4 15 28 36 19 12 16 39 50 31 45 6 44 22 25 3 10 9 21 2 11 24 40 

Inst_Index:572 	 City_Num:50 	 Concorde:5.859965 	 MCTS:5.859965 Improve:0.000000 	 Time:3.77 Seconds
Solution: 1 48 45 9 6 37 7 27 36 39 20 10 24 21 13 41 35 22 34 4 17 38 11 5 12 50 47 44 8 3 33 14 26 46 2 18 43 30 28 15 29 31 42 23 32 16 49 19 40 25 

Inst_Index:573 	 City_Num:50 	 Concorde:5.850050 	 MCTS:5.850050 Improve:0.000000 	 Time:3.77 Seconds
Solution: 1 44 30 41 48 4 20 43 25 12 5 36 17 19 37 13 22 46 34 38 28 32 35 33 45 47 3 50 15 29 40 7 26 24 27 39 2 6 21 49 16 11 10 31 42 18 23 14 8 9 

Inst_Index:574 	 City_Num:50 	 Concorde:5.988015 	 MCTS:5.988015 Improve:0.000000 	 Time:3.76 Seconds
Solution: 1 16 12 11 25 2 50 33 38 4 17 28 49 21 27 15 32 30 13 20 3 35 46 39 47 48 37 23 45 29 34 19 14 5 31 41 7 6 40 36 43 8 10 18 26 22 24 9 42 44 

Inst_Index:575 	 City_Num:50 	 Concorde:5.939672 	 MCTS:5.936079 Improve:0.003592 	 Time:3.77 Seconds
Solution: 1 5 19 22 16 23 7 27 50 36 10 3 45 30 43 25 8 28 21 17 40 29 9 15 14 37 24 26 35 33 46 13 6 31 48 2 12 41 44 20 34 47 39 4 32 38 11 49 42 18 

Inst_Index:576 	 City_Num:50 	 Concorde:5.534553 	 MCTS:5.534553 Improve:-0.000000 	 Time:3.76 Seconds
Solution: 1 50 10 12 45 48 36 49 19 21 14 32 41 18 11 27 26 42 17 35 16 47 25 31 28 43 15 33 7 4 37 8 20 24 3 29 22 40 34 30 2 38 13 39 44 9 23 6 5 46 

Inst_Index:577 	 City_Num:50 	 Concorde:5.915755 	 MCTS:5.915755 Improve:0.000000 	 Time:3.75 Seconds
Solution: 1 22 37 5 30 23 14 21 26 29 43 25 49 17 10 36 42 35 38 12 34 20 15 19 27 3 31 2 44 18 41 24 32 40 28 6 16 47 9 8 50 45 4 7 13 39 48 11 46 33 

Inst_Index:578 	 City_Num:50 	 Concorde:5.197565 	 MCTS:5.197565 Improve:-0.000000 	 Time:3.77 Seconds
Solution: 1 44 36 20 10 16 34 6 21 32 13 47 3 29 40 4 15 2 49 31 23 14 17 42 12 50 30 22 11 5 35 38 24 9 33 37 7 28 25 39 26 19 18 27 8 45 46 43 48 41 

Inst_Index:579 	 City_Num:50 	 Concorde:5.574885 	 MCTS:5.574885 Improve:-0.000000 	 Time:3.75 Seconds
Solution: 1 38 14 35 11 31 9 29 30 6 12 39 19 50 25 7 33 23 13 15 18 10 17 42 40 37 22 45 5 34 49 24 36 47 41 21 16 46 3 2 48 4 27 28 26 32 8 43 44 20 

Inst_Index:580 	 City_Num:50 	 Concorde:5.788823 	 MCTS:5.788823 Improve:-0.000000 	 Time:3.77 Seconds
Solution: 1 20 3 40 47 46 21 16 8 45 43 49 5 11 27 30 18 50 24 35 33 36 6 37 29 10 44 13 28 38 15 42 14 48 31 7 32 22 19 2 4 26 25 12 9 41 39 17 34 23 

Inst_Index:581 	 City_Num:50 	 Concorde:6.046220 	 MCTS:6.046220 Improve:0.000000 	 Time:3.76 Seconds
Solution: 1 11 28 20 38 8 9 21 7 33 31 14 44 25 42 47 4 32 13 43 45 3 18 34 41 23 35 16 40 46 50 27 12 29 24 6 36 30 5 37 17 10 49 2 19 39 26 22 48 15 

Inst_Index:582 	 City_Num:50 	 Concorde:5.919146 	 MCTS:5.919146 Improve:0.000000 	 Time:3.75 Seconds
Solution: 1 32 38 31 20 12 4 2 44 50 47 6 25 15 23 7 45 36 11 3 16 43 19 26 22 29 18 8 9 17 27 30 34 35 41 13 37 33 5 39 24 10 21 28 48 46 42 40 49 14 

Inst_Index:583 	 City_Num:50 	 Concorde:4.975426 	 MCTS:4.973512 Improve:0.001915 	 Time:3.77 Seconds
Solution: 1 16 19 2 12 15 28 50 4 13 42 25 45 35 5 37 36 46 49 10 33 8 22 29 27 7 34 9 47 23 26 39 20 31 43 21 6 17 48 24 40 44 30 14 38 11 18 3 32 41 

Inst_Index:584 	 City_Num:50 	 Concorde:5.255604 	 MCTS:5.254712 Improve:0.000892 	 Time:3.77 Seconds
Solution: 1 30 23 46 47 16 20 44 43 41 40 45 48 9 31 24 27 15 13 14 37 38 19 39 11 10 49 33 34 26 17 3 35 32 50 12 2 42 22 28 25 18 6 4 36 8 21 29 5 7 

Inst_Index:585 	 City_Num:50 	 Concorde:6.017499 	 MCTS:6.017499 Improve:0.000000 	 Time:3.76 Seconds
Solution: 1 38 43 19 42 30 22 33 28 6 47 20 25 3 2 24 14 49 44 5 48 7 39 12 37 23 41 15 31 45 17 13 8 21 32 27 36 46 40 50 16 11 10 18 26 35 34 9 4 29 

Inst_Index:586 	 City_Num:50 	 Concorde:5.333603 	 MCTS:5.333603 Improve:0.000000 	 Time:3.77 Seconds
Solution: 1 15 21 8 30 24 37 42 2 11 16 5 33 44 45 7 35 19 48 50 6 26 4 32 13 9 18 3 20 40 39 22 12 10 36 29 14 38 46 34 25 31 49 28 23 27 17 47 43 41 

Inst_Index:587 	 City_Num:50 	 Concorde:5.554423 	 MCTS:5.554423 Improve:0.000000 	 Time:3.75 Seconds
Solution: 1 29 49 26 9 6 22 5 40 25 37 28 36 4 18 23 20 24 3 46 14 45 50 8 7 44 42 19 12 27 43 2 21 32 17 31 38 10 34 13 41 30 48 33 39 35 15 16 11 47 

Inst_Index:588 	 City_Num:50 	 Concorde:5.644368 	 MCTS:5.644368 Improve:-0.000000 	 Time:3.75 Seconds
Solution: 1 38 36 23 3 32 27 21 20 4 48 29 47 42 34 19 44 5 9 16 22 24 8 25 31 17 45 15 43 41 35 39 49 13 28 7 26 40 14 12 2 10 30 37 50 6 33 18 46 11 

Inst_Index:589 	 City_Num:50 	 Concorde:5.847236 	 MCTS:5.843234 Improve:0.004002 	 Time:3.79 Seconds
Solution: 1 46 14 27 22 8 38 42 33 7 6 47 12 45 26 35 16 40 10 36 43 50 3 31 4 17 41 15 30 28 34 29 5 39 37 44 2 11 32 24 20 21 9 49 48 18 25 13 19 23 

Inst_Index:590 	 City_Num:50 	 Concorde:5.718996 	 MCTS:5.718996 Improve:0.000000 	 Time:3.76 Seconds
Solution: 1 39 43 11 38 4 15 42 45 14 5 21 25 7 31 41 6 30 28 27 13 40 48 3 23 10 24 20 37 9 44 36 12 47 8 34 26 19 49 16 50 17 22 29 2 32 18 33 35 46 

Inst_Index:591 	 City_Num:50 	 Concorde:5.759105 	 MCTS:5.759105 Improve:-0.000000 	 Time:3.75 Seconds
Solution: 1 19 15 40 46 24 36 47 45 3 12 25 16 14 32 33 44 42 10 8 35 34 38 37 23 9 48 29 28 41 26 27 22 13 20 21 18 30 5 31 43 6 2 4 11 17 50 7 39 49 

Inst_Index:592 	 City_Num:50 	 Concorde:5.977877 	 MCTS:5.977877 Improve:0.000000 	 Time:3.77 Seconds
Solution: 1 40 39 5 13 27 26 6 50 46 17 21 49 38 23 19 33 14 31 29 20 11 15 4 12 37 18 35 48 16 32 8 30 7 45 25 28 3 24 41 22 34 9 47 2 36 10 44 42 43 

Inst_Index:593 	 City_Num:50 	 Concorde:5.729031 	 MCTS:5.729031 Improve:0.000000 	 Time:3.77 Seconds
Solution: 1 16 13 18 10 47 39 46 35 5 3 44 21 37 22 40 32 25 45 17 49 42 48 2 12 23 28 41 29 6 4 36 20 50 31 27 19 15 9 33 8 38 24 34 11 30 7 43 14 26 

Inst_Index:594 	 City_Num:50 	 Concorde:5.937267 	 MCTS:5.937267 Improve:-0.000000 	 Time:3.77 Seconds
Solution: 1 50 24 36 15 16 13 29 4 12 26 32 28 41 22 14 25 20 43 42 18 6 17 27 7 5 10 48 31 46 8 44 40 2 45 47 38 3 19 33 34 35 21 30 11 37 39 49 9 23 

Inst_Index:595 	 City_Num:50 	 Concorde:5.501714 	 MCTS:5.500573 Improve:0.001141 	 Time:3.75 Seconds
Solution: 1 31 15 11 47 35 12 10 5 3 44 20 40 22 8 28 48 37 18 29 23 21 14 4 38 32 39 24 16 2 7 27 45 50 46 13 49 42 17 36 19 26 34 25 9 41 30 33 43 6 

Inst_Index:596 	 City_Num:50 	 Concorde:5.844124 	 MCTS:5.841631 Improve:0.002493 	 Time:3.76 Seconds
Solution: 1 12 17 47 5 7 45 11 50 33 10 40 29 42 36 23 37 14 38 16 46 20 22 18 13 49 30 15 6 39 41 4 43 9 28 26 8 3 27 21 35 19 48 25 31 24 44 2 34 32 

Inst_Index:597 	 City_Num:50 	 Concorde:5.660864 	 MCTS:5.660864 Improve:-0.000000 	 Time:3.76 Seconds
Solution: 1 15 16 26 17 36 5 50 23 14 8 20 32 24 46 10 7 13 43 4 22 19 12 25 33 45 48 27 3 49 47 18 39 40 42 11 29 35 38 44 6 34 21 9 41 28 37 2 31 30 

Inst_Index:598 	 City_Num:50 	 Concorde:5.777607 	 MCTS:5.777607 Improve:0.000000 	 Time:3.77 Seconds
Solution: 1 22 50 39 11 24 36 26 41 3 47 28 30 45 5 2 13 40 42 14 18 48 27 6 44 19 20 46 17 38 34 23 25 21 12 29 49 4 7 16 31 9 8 43 32 37 15 35 10 33 

Inst_Index:599 	 City_Num:50 	 Concorde:5.472513 	 MCTS:5.472411 Improve:0.000102 	 Time:3.75 Seconds
Solution: 1 33 12 18 5 34 40 13 10 4 9 25 41 43 17 38 32 48 14 7 21 8 31 15 26 30 29 46 35 19 20 39 23 16 11 22 37 49 6 28 36 3 45 2 24 47 50 42 27 44 

Inst_Index:600 	 City_Num:50 	 Concorde:5.776309 	 MCTS:5.776309 Improve:0.000000 	 Time:3.76 Seconds
Solution: 1 42 50 4 22 27 44 3 28 18 49 23 39 43 14 41 19 11 30 29 6 16 37 17 35 36 46 2 12 7 13 10 48 20 8 9 33 24 31 26 34 47 40 25 32 38 45 15 21 5 

Inst_Index:601 	 City_Num:50 	 Concorde:5.962289 	 MCTS:5.962289 Improve:0.000000 	 Time:3.77 Seconds
Solution: 1 36 47 11 6 45 4 40 44 17 2 3 26 7 37 18 25 28 35 32 14 34 23 22 15 39 42 8 5 12 10 49 31 27 21 24 29 48 43 33 9 46 13 30 20 19 41 38 50 16 

Inst_Index:602 	 City_Num:50 	 Concorde:5.905742 	 MCTS:5.905519 Improve:0.000223 	 Time:3.76 Seconds
Solution: 1 37 30 8 2 29 42 47 45 7 44 46 22 11 12 31 6 25 26 17 14 10 41 34 13 20 21 23 50 35 38 18 24 48 43 3 27 40 9 49 39 5 15 16 36 19 32 4 28 33 

Inst_Index:603 	 City_Num:50 	 Concorde:5.584786 	 MCTS:5.584786 Improve:0.000000 	 Time:3.76 Seconds
Solution: 1 8 31 32 48 6 18 29 13 5 21 36 34 50 30 39 40 26 28 44 14 42 41 17 33 9 22 7 16 35 25 46 49 3 37 10 11 24 4 20 45 12 43 19 47 27 23 15 2 38 

Inst_Index:604 	 City_Num:50 	 Concorde:5.502038 	 MCTS:5.500152 Improve:0.001885 	 Time:3.76 Seconds
Solution: 1 6 24 17 10 21 41 7 50 40 32 31 18 38 4 45 14 2 46 28 25 27 8 47 42 11 49 19 48 29 44 35 34 20 15 3 22 13 30 37 16 36 43 39 26 33 12 9 23 5 

Inst_Index:605 	 City_Num:50 	 Concorde:5.292292 	 MCTS:5.278930 Improve:0.013362 	 Time:3.77 Seconds
Solution: 1 26 27 18 38 17 48 44 6 15 9 8 50 10 37 46 14 23 29 49 45 5 19 34 30 31 32 22 24 4 28 25 16 20 2 36 42 41 39 11 33 47 43 40 3 13 7 12 21 35 

Inst_Index:606 	 City_Num:50 	 Concorde:5.851519 	 MCTS:5.851519 Improve:-0.000000 	 Time:3.76 Seconds
Solution: 1 14 33 25 34 27 19 6 24 10 42 44 50 28 30 35 9 21 8 3 48 26 2 22 7 38 37 29 39 23 47 4 15 43 40 13 49 32 11 12 16 46 41 5 18 45 31 36 17 20 

Inst_Index:607 	 City_Num:50 	 Concorde:5.875565 	 MCTS:5.875565 Improve:-0.000000 	 Time:3.78 Seconds
Solution: 1 48 28 49 15 10 13 18 27 29 8 39 45 46 31 34 25 50 19 33 12 42 5 20 41 37 11 43 35 14 24 17 32 36 26 3 9 47 30 4 23 22 16 21 44 2 40 38 6 7 

Inst_Index:608 	 City_Num:50 	 Concorde:5.536847 	 MCTS:5.536847 Improve:-0.000000 	 Time:3.77 Seconds
Solution: 1 24 8 34 21 39 20 25 48 14 31 16 23 47 40 37 43 49 46 35 9 13 18 4 45 19 30 28 7 42 5 41 27 36 2 6 44 50 32 33 22 11 15 26 17 38 10 29 12 3 

Inst_Index:609 	 City_Num:50 	 Concorde:5.647918 	 MCTS:5.647918 Improve:-0.000000 	 Time:3.76 Seconds
Solution: 1 44 3 32 24 5 31 17 33 19 42 40 4 11 30 36 7 15 21 12 8 37 23 22 26 35 18 41 47 28 29 13 46 43 39 25 34 14 48 45 16 2 20 38 10 49 6 27 9 50 

Inst_Index:610 	 City_Num:50 	 Concorde:5.265076 	 MCTS:5.254247 Improve:0.010829 	 Time:3.77 Seconds
Solution: 1 40 7 8 39 34 30 13 27 4 28 44 42 43 24 25 41 20 49 45 17 2 15 21 47 14 36 3 29 37 12 16 22 31 23 48 50 32 11 46 5 35 9 38 19 33 6 26 10 18 

Inst_Index:611 	 City_Num:50 	 Concorde:5.692216 	 MCTS:5.692100 Improve:0.000115 	 Time:3.75 Seconds
Solution: 1 26 42 5 19 34 29 3 47 14 7 44 38 43 28 15 4 13 36 10 2 37 25 45 33 30 17 50 8 35 9 39 18 11 31 21 6 12 20 32 46 48 23 40 41 16 49 24 27 22 

Inst_Index:612 	 City_Num:50 	 Concorde:5.484139 	 MCTS:5.484139 Improve:0.000000 	 Time:3.75 Seconds
Solution: 1 20 50 41 28 5 34 18 36 48 22 25 44 26 46 38 4 13 24 32 14 19 21 35 31 16 11 3 8 47 10 45 33 2 43 15 7 49 37 29 42 27 9 12 40 39 6 30 17 23 

Inst_Index:613 	 City_Num:50 	 Concorde:5.501517 	 MCTS:5.501517 Improve:-0.000000 	 Time:3.76 Seconds
Solution: 1 44 37 19 18 39 25 6 20 30 35 15 29 21 49 13 42 23 31 27 3 14 8 32 26 12 28 33 17 40 36 46 16 50 34 9 7 48 2 10 24 45 5 43 11 38 47 41 4 22 

Inst_Index:614 	 City_Num:50 	 Concorde:5.834659 	 MCTS:5.834659 Improve:0.000000 	 Time:3.76 Seconds
Solution: 1 4 32 24 3 2 21 50 36 12 34 37 8 6 20 9 11 46 44 39 45 27 28 22 13 26 30 17 42 10 31 23 29 18 40 38 19 41 47 49 16 7 25 48 33 43 15 5 14 35 

Inst_Index:615 	 City_Num:50 	 Concorde:5.568957 	 MCTS:5.568957 Improve:-0.000000 	 Time:3.76 Seconds
Solution: 1 39 43 34 28 36 29 8 40 41 7 13 12 37 47 22 48 9 27 15 26 44 38 18 46 10 24 19 45 33 2 25 20 4 11 17 14 30 32 35 49 16 6 3 31 50 23 5 42 21 

Inst_Index:616 	 City_Num:50 	 Concorde:5.227618 	 MCTS:5.219742 Improve:0.007875 	 Time:3.75 Seconds
Solution: 1 12 40 4 11 17 23 29 50 15 6 14 10 30 33 36 19 46 42 22 3 41 31 27 28 7 13 5 25 43 32 9 37 34 18 2 24 44 48 38 39 47 45 21 49 26 16 8 20 35 

Inst_Index:617 	 City_Num:50 	 Concorde:5.507277 	 MCTS:5.504141 Improve:0.003136 	 Time:3.76 Seconds
Solution: 1 47 32 49 48 44 50 16 23 40 31 46 9 30 3 8 12 24 34 4 41 36 45 7 26 43 13 28 42 19 27 37 25 20 5 17 18 6 29 14 33 21 15 11 35 39 22 38 2 10 

Inst_Index:618 	 City_Num:50 	 Concorde:5.766834 	 MCTS:5.766834 Improve:0.000000 	 Time:3.76 Seconds
Solution: 1 32 27 38 34 36 22 24 10 8 29 2 39 12 42 25 45 31 3 9 47 46 50 49 33 16 6 20 30 43 11 37 18 48 14 26 28 4 19 5 7 40 21 13 17 35 15 23 44 41 

Inst_Index:619 	 City_Num:50 	 Concorde:5.891226 	 MCTS:5.886292 Improve:0.004934 	 Time:3.77 Seconds
Solution: 1 16 36 3 25 30 17 20 8 2 15 42 26 50 38 5 13 11 10 47 9 32 4 7 6 12 28 37 48 27 41 14 18 39 31 45 33 19 29 46 34 43 24 21 49 44 23 22 35 40 

Inst_Index:620 	 City_Num:50 	 Concorde:6.075767 	 MCTS:6.075767 Improve:0.000000 	 Time:3.75 Seconds
Solution: 1 10 6 40 8 44 14 2 31 16 43 21 49 39 36 19 29 41 18 17 30 42 50 48 27 3 11 47 38 7 37 46 25 13 12 33 32 5 9 26 22 28 20 34 24 23 35 15 4 45 

Inst_Index:621 	 City_Num:50 	 Concorde:5.522937 	 MCTS:5.522937 Improve:0.000000 	 Time:3.75 Seconds
Solution: 1 11 37 46 30 14 27 2 40 20 38 25 29 33 12 34 18 22 49 32 45 8 43 41 19 44 24 4 39 6 36 5 17 7 9 48 50 15 21 31 10 35 47 16 23 26 3 28 42 13 

Inst_Index:622 	 City_Num:50 	 Concorde:5.289565 	 MCTS:5.289565 Improve:0.000000 	 Time:3.75 Seconds
Solution: 1 3 27 39 42 32 48 47 28 24 14 34 40 9 45 16 18 2 20 43 33 15 17 5 19 29 41 10 12 7 35 50 25 30 44 22 49 4 26 31 46 8 23 13 11 38 37 21 36 6 

Inst_Index:623 	 City_Num:50 	 Concorde:5.022521 	 MCTS:5.022521 Improve:-0.000000 	 Time:3.76 Seconds
Solution: 1 4 30 37 48 31 46 13 35 20 17 34 44 21 3 11 18 27 14 6 39 8 28 19 24 26 10 47 50 25 5 43 49 15 23 9 36 42 12 7 40 29 41 33 38 45 16 22 32 2 

Inst_Index:624 	 City_Num:50 	 Concorde:5.618263 	 MCTS:5.618263 Improve:0.000000 	 Time:3.76 Seconds
Solution: 1 44 48 18 20 30 38 17 8 22 27 46 2 37 25 28 36 24 3 33 43 7 40 49 5 19 35 31 42 29 23 10 50 14 12 9 45 15 47 4 11 32 34 26 41 39 6 21 16 13 

Inst_Index:625 	 City_Num:50 	 Concorde:5.800063 	 MCTS:5.795886 Improve:0.004177 	 Time:3.76 Seconds
Solution: 1 19 23 40 21 41 15 18 28 33 45 11 42 30 43 8 35 4 34 44 22 7 48 47 49 3 14 9 50 46 10 17 13 39 12 6 37 29 36 24 31 25 2 16 27 32 20 5 26 38 

Inst_Index:626 	 City_Num:50 	 Concorde:5.503201 	 MCTS:5.503201 Improve:0.000000 	 Time:3.75 Seconds
Solution: 1 35 17 25 39 37 27 13 43 26 30 36 44 22 24 28 14 21 32 2 5 11 4 20 41 42 45 19 16 12 38 18 10 46 48 47 40 9 31 34 33 7 6 50 3 23 29 49 8 15 


Avg_Concorde_Distance: 5.700530 Avg_MCTS_Distance: 5.699256 Avg_Gap: -0.000224 Total_Time: 1178.41 Seconds 
 Beat_Best_Known_Times: 126 Match_Best_Known_Times: 187 Miss_Best_Known_Times: 0 
