Number_of_Instances_In_Current_Batch: 313

Inst_Index:7200 	 City_Num:50 	 Concorde:5.514250 	 MCTS:5.510121 Improve:0.004129 	 Time:3.76 Seconds
Solution: 1 29 2 40 39 27 28 48 30 15 46 13 33 21 16 20 45 5 8 34 47 9 38 23 42 50 25 26 22 36 12 18 17 35 10 4 31 37 11 14 41 32 19 44 43 49 24 6 7 3 

Inst_Index:7201 	 City_Num:50 	 Concorde:5.608516 	 MCTS:5.608516 Improve:-0.000000 	 Time:3.76 Seconds
Solution: 1 40 32 21 28 3 45 5 46 15 11 29 48 14 39 16 47 33 24 4 6 12 10 37 44 2 35 36 8 41 13 20 31 26 30 19 27 9 22 50 17 34 43 49 38 42 7 25 18 23 

Inst_Index:7202 	 City_Num:50 	 Concorde:5.508839 	 MCTS:5.508839 Improve:0.000000 	 Time:3.76 Seconds
Solution: 1 29 23 46 20 24 28 6 39 13 3 32 25 10 9 35 41 38 36 26 12 42 50 44 14 16 37 8 30 49 2 5 7 40 47 22 18 45 19 4 43 21 33 11 34 27 17 15 31 48 

Inst_Index:7203 	 City_Num:50 	 Concorde:5.785420 	 MCTS:5.785420 Improve:-0.000000 	 Time:3.76 Seconds
Solution: 1 35 7 40 46 42 48 49 32 33 38 50 36 9 31 23 5 44 25 13 30 8 34 12 43 6 27 14 47 4 10 21 22 19 29 16 41 45 17 26 28 39 20 37 2 11 15 3 24 18 

Inst_Index:7204 	 City_Num:50 	 Concorde:5.722776 	 MCTS:5.722776 Improve:0.000000 	 Time:3.75 Seconds
Solution: 1 5 22 40 27 50 11 36 16 46 14 45 28 26 41 3 37 49 29 2 17 9 31 39 42 30 6 44 48 32 33 12 19 7 38 18 24 20 23 13 21 47 15 25 35 10 43 34 4 8 

Inst_Index:7205 	 City_Num:50 	 Concorde:5.891634 	 MCTS:5.889949 Improve:0.001686 	 Time:3.78 Seconds
Solution: 1 45 12 37 32 24 11 20 36 17 47 26 3 13 41 42 8 22 23 6 33 28 21 46 34 27 16 10 39 29 43 40 31 35 25 2 38 5 14 4 49 44 9 7 18 30 48 19 50 15 

Inst_Index:7206 	 City_Num:50 	 Concorde:5.672285 	 MCTS:5.669941 Improve:0.002343 	 Time:3.76 Seconds
Solution: 1 33 14 8 17 7 44 19 22 38 41 47 49 10 39 50 34 37 28 6 9 24 15 5 43 11 3 27 13 21 46 40 12 25 29 42 32 23 30 48 4 36 18 35 45 26 31 16 20 2 

Inst_Index:7207 	 City_Num:50 	 Concorde:5.521101 	 MCTS:5.518536 Improve:0.002565 	 Time:3.75 Seconds
Solution: 1 44 6 11 48 13 34 19 26 25 5 28 24 30 42 40 16 31 8 32 43 14 39 47 41 33 50 9 23 49 10 18 36 17 45 3 27 20 15 37 29 46 7 38 2 35 21 22 12 4 

Inst_Index:7208 	 City_Num:50 	 Concorde:5.859434 	 MCTS:5.854407 Improve:0.005027 	 Time:3.76 Seconds
Solution: 1 3 23 12 2 40 36 44 21 48 31 7 16 20 5 50 41 33 17 47 29 15 13 25 22 45 24 6 14 28 46 39 43 4 18 42 37 38 34 26 19 9 35 30 10 27 32 11 49 8 

Inst_Index:7209 	 City_Num:50 	 Concorde:5.570974 	 MCTS:5.570131 Improve:0.000844 	 Time:3.75 Seconds
Solution: 1 12 17 18 20 40 11 50 38 47 23 2 8 6 14 28 7 25 30 35 21 36 34 15 43 4 42 16 45 32 37 33 19 49 39 44 26 5 10 27 3 9 31 13 24 46 29 41 22 48 

Inst_Index:7210 	 City_Num:50 	 Concorde:5.793216 	 MCTS:5.791030 Improve:0.002186 	 Time:3.77 Seconds
Solution: 1 5 40 48 10 42 37 36 32 6 43 46 49 3 47 14 31 7 41 9 15 4 19 39 29 26 8 16 28 12 22 11 2 50 21 38 18 23 27 44 17 24 30 20 35 45 25 13 33 34 

Inst_Index:7211 	 City_Num:50 	 Concorde:5.326734 	 MCTS:5.326734 Improve:0.000000 	 Time:3.77 Seconds
Solution: 1 25 15 44 3 20 42 37 7 46 18 31 12 49 8 14 39 43 36 45 5 35 23 19 34 16 50 2 13 11 38 48 17 27 6 33 26 9 32 40 47 21 4 28 10 41 29 30 22 24 

Inst_Index:7212 	 City_Num:50 	 Concorde:5.858740 	 MCTS:5.858740 Improve:-0.000000 	 Time:3.77 Seconds
Solution: 1 11 19 38 12 3 31 50 13 32 36 8 18 27 23 10 17 28 29 16 21 44 37 39 6 49 40 42 43 34 41 24 35 4 46 30 9 25 7 5 22 33 47 26 20 15 48 14 2 45 

Inst_Index:7213 	 City_Num:50 	 Concorde:5.763235 	 MCTS:5.761826 Improve:0.001409 	 Time:3.75 Seconds
Solution: 1 8 12 37 15 24 27 9 45 26 2 16 35 43 48 14 4 6 34 13 31 39 33 40 21 47 11 30 44 19 36 41 46 20 23 22 50 7 17 42 49 32 38 10 5 28 18 3 29 25 

Inst_Index:7214 	 City_Num:50 	 Concorde:5.867625 	 MCTS:5.865779 Improve:0.001846 	 Time:3.76 Seconds
Solution: 1 25 19 38 41 31 12 14 39 44 45 15 9 16 34 28 43 30 7 27 49 33 2 8 47 21 48 10 20 4 3 13 42 50 32 26 18 35 40 46 24 22 6 11 29 37 36 5 23 17 

Inst_Index:7215 	 City_Num:50 	 Concorde:5.521398 	 MCTS:5.521398 Improve:-0.000000 	 Time:3.76 Seconds
Solution: 1 27 48 18 46 28 35 16 49 19 17 8 38 43 30 31 25 9 13 39 11 50 14 6 12 20 10 32 7 40 29 36 21 44 22 4 23 33 3 24 15 2 37 26 42 5 47 41 45 34 

Inst_Index:7216 	 City_Num:50 	 Concorde:5.471378 	 MCTS:5.468620 Improve:0.002758 	 Time:3.76 Seconds
Solution: 1 17 48 11 49 25 7 40 36 32 44 50 39 37 45 31 9 6 8 35 43 4 28 5 15 13 24 3 29 30 22 12 18 34 2 19 14 23 42 33 10 41 16 27 38 47 26 20 21 46 

Inst_Index:7217 	 City_Num:50 	 Concorde:5.475816 	 MCTS:5.475816 Improve:0.000000 	 Time:3.76 Seconds
Solution: 1 36 48 35 27 17 15 32 39 22 31 14 42 20 24 11 34 19 7 40 49 5 44 21 8 23 38 47 43 41 18 13 10 2 45 30 4 33 26 25 9 28 50 29 3 46 16 37 12 6 

Inst_Index:7218 	 City_Num:50 	 Concorde:5.522701 	 MCTS:5.522701 Improve:0.000000 	 Time:3.75 Seconds
Solution: 1 46 35 8 50 17 10 31 24 40 21 44 38 30 5 22 3 12 23 32 33 49 9 13 4 11 27 48 45 37 47 7 6 19 34 39 25 36 18 14 2 20 29 15 16 28 26 42 41 43 

Inst_Index:7219 	 City_Num:50 	 Concorde:5.718192 	 MCTS:5.714441 Improve:0.003752 	 Time:3.75 Seconds
Solution: 1 14 40 41 30 49 5 20 48 22 37 38 43 26 28 15 2 50 24 42 31 47 3 25 33 13 39 7 32 19 10 12 9 8 35 4 21 34 29 6 16 45 36 11 18 23 46 44 27 17 

Inst_Index:7220 	 City_Num:50 	 Concorde:5.713649 	 MCTS:5.713649 Improve:0.000000 	 Time:3.76 Seconds
Solution: 1 46 34 50 9 23 26 6 7 18 2 12 31 32 19 30 17 48 25 29 20 3 45 4 5 21 47 39 37 11 35 15 13 38 14 10 44 33 41 49 43 24 36 40 16 42 27 22 28 8 

Inst_Index:7221 	 City_Num:50 	 Concorde:5.729720 	 MCTS:5.720395 Improve:0.009326 	 Time:3.77 Seconds
Solution: 1 39 32 28 20 41 6 12 14 22 35 24 29 44 48 3 18 37 7 19 30 11 33 38 36 50 9 49 45 40 47 10 27 42 43 26 13 5 15 4 25 34 21 23 46 8 31 17 16 2 

Inst_Index:7222 	 City_Num:50 	 Concorde:5.865069 	 MCTS:5.865069 Improve:-0.000000 	 Time:3.77 Seconds
Solution: 1 40 22 6 12 49 27 23 19 39 38 41 15 8 47 32 13 16 5 50 42 10 33 2 28 9 44 43 7 4 14 45 36 35 34 31 17 24 20 46 11 26 18 21 3 48 25 30 37 29 

Inst_Index:7223 	 City_Num:50 	 Concorde:5.956363 	 MCTS:5.956363 Improve:0.000000 	 Time:3.75 Seconds
Solution: 1 25 30 2 42 19 4 36 40 35 37 32 15 8 50 27 23 3 22 48 47 20 24 33 45 17 29 49 14 6 39 13 18 16 11 9 12 26 7 21 28 44 41 43 34 10 46 31 38 5 

Inst_Index:7224 	 City_Num:50 	 Concorde:5.624649 	 MCTS:5.624402 Improve:0.000247 	 Time:3.75 Seconds
Solution: 1 32 47 24 36 19 35 9 7 27 11 14 41 38 12 8 2 33 30 31 22 3 29 50 49 18 45 21 43 26 20 37 10 13 5 6 48 40 16 39 34 46 4 42 17 25 23 44 28 15 

Inst_Index:7225 	 City_Num:50 	 Concorde:5.580889 	 MCTS:5.580889 Improve:0.000000 	 Time:3.77 Seconds
Solution: 1 36 18 13 46 23 21 39 17 31 3 14 24 10 40 15 5 42 20 11 16 38 34 2 35 47 19 22 32 12 48 43 4 30 25 49 37 41 7 6 44 26 9 29 28 45 50 27 8 33 

Inst_Index:7226 	 City_Num:50 	 Concorde:5.867706 	 MCTS:5.862494 Improve:0.005212 	 Time:3.76 Seconds
Solution: 1 26 44 3 5 45 14 33 25 19 31 17 29 42 40 30 46 2 32 34 41 15 23 48 39 28 4 35 12 13 47 43 36 10 8 49 21 50 24 11 38 22 16 9 18 37 6 27 7 20 

Inst_Index:7227 	 City_Num:50 	 Concorde:5.613148 	 MCTS:5.613148 Improve:0.000000 	 Time:3.76 Seconds
Solution: 1 11 43 33 25 23 50 18 14 15 6 17 13 19 40 5 32 9 28 45 7 42 24 20 2 10 22 16 29 31 27 4 34 12 38 46 49 8 26 36 41 44 3 47 48 21 35 39 30 37 

Inst_Index:7228 	 City_Num:50 	 Concorde:5.902481 	 MCTS:5.902481 Improve:0.000000 	 Time:3.76 Seconds
Solution: 1 5 7 29 3 12 45 21 44 33 26 49 50 32 34 36 35 4 16 2 18 10 46 30 47 11 41 40 6 20 14 22 48 43 8 9 23 31 28 38 24 27 39 25 17 15 19 42 37 13 

Inst_Index:7229 	 City_Num:50 	 Concorde:5.550627 	 MCTS:5.542325 Improve:0.008303 	 Time:3.76 Seconds
Solution: 1 50 40 3 9 33 34 27 48 21 17 2 42 36 16 6 25 7 10 46 29 5 35 37 26 15 31 44 32 30 43 23 18 12 24 41 38 4 39 45 13 14 19 11 22 47 49 20 8 28 

Inst_Index:7230 	 City_Num:50 	 Concorde:5.721513 	 MCTS:5.719350 Improve:0.002164 	 Time:3.75 Seconds
Solution: 1 38 8 37 14 20 3 46 33 36 9 12 17 39 21 42 18 13 11 2 19 45 24 43 40 47 50 6 15 44 32 27 10 7 48 4 26 30 31 28 23 16 49 22 35 34 41 29 5 25 

Inst_Index:7231 	 City_Num:50 	 Concorde:6.003140 	 MCTS:6.003140 Improve:0.000000 	 Time:3.75 Seconds
Solution: 1 18 30 11 13 16 38 25 41 2 17 31 42 50 33 48 7 26 40 21 14 20 23 39 19 43 27 10 34 28 45 37 3 15 6 44 12 47 4 5 36 35 29 49 32 8 22 9 24 46 

Inst_Index:7232 	 City_Num:50 	 Concorde:6.007555 	 MCTS:6.007555 Improve:-0.000000 	 Time:3.76 Seconds
Solution: 1 14 38 21 23 4 27 19 16 9 22 32 50 48 24 47 11 39 34 40 12 35 5 13 41 31 30 2 7 25 36 15 29 3 33 49 17 42 8 18 46 37 43 45 20 6 10 26 44 28 

Inst_Index:7233 	 City_Num:50 	 Concorde:5.570362 	 MCTS:5.570362 Improve:0.000000 	 Time:3.77 Seconds
Solution: 1 17 38 40 15 45 16 34 7 8 13 36 49 28 18 25 29 50 11 19 32 41 2 14 33 5 35 23 9 44 21 48 39 6 37 10 20 30 42 27 3 12 47 43 46 24 31 22 26 4 

Inst_Index:7234 	 City_Num:50 	 Concorde:5.893676 	 MCTS:5.893676 Improve:-0.000000 	 Time:3.75 Seconds
Solution: 1 7 12 48 49 18 33 3 23 11 35 8 45 21 37 46 6 29 13 2 22 32 42 19 9 10 38 41 39 25 28 44 16 17 31 40 26 47 50 14 15 30 20 27 34 36 5 43 24 4 

Inst_Index:7235 	 City_Num:50 	 Concorde:5.803463 	 MCTS:5.803463 Improve:-0.000000 	 Time:3.77 Seconds
Solution: 1 10 31 24 8 27 4 7 37 30 50 41 2 16 25 29 26 21 48 15 32 6 45 11 34 42 14 28 9 18 35 44 5 22 36 49 40 17 38 13 19 3 20 46 39 33 23 43 47 12 

Inst_Index:7236 	 City_Num:50 	 Concorde:5.773392 	 MCTS:5.771378 Improve:0.002014 	 Time:3.76 Seconds
Solution: 1 12 44 35 40 48 3 37 20 47 33 22 13 24 15 28 46 25 11 19 26 4 21 8 9 39 42 2 50 38 45 27 34 29 7 31 5 41 23 36 17 10 18 16 43 6 32 14 30 49 

Inst_Index:7237 	 City_Num:50 	 Concorde:5.728153 	 MCTS:5.726163 Improve:0.001990 	 Time:3.75 Seconds
Solution: 1 47 30 48 11 21 12 18 44 10 41 6 4 7 50 49 14 26 36 34 38 27 23 16 39 20 40 46 29 19 8 28 35 17 32 22 31 9 37 45 33 3 25 43 2 42 5 13 15 24 

Inst_Index:7238 	 City_Num:50 	 Concorde:5.658832 	 MCTS:5.655165 Improve:0.003667 	 Time:3.78 Seconds
Solution: 1 39 31 9 18 7 23 49 36 44 17 8 32 26 34 14 29 4 21 13 33 3 38 46 22 42 41 25 16 45 30 12 15 28 27 40 43 50 48 2 35 11 37 5 47 24 10 20 19 6 

Inst_Index:7239 	 City_Num:50 	 Concorde:5.342410 	 MCTS:5.340981 Improve:0.001429 	 Time:3.77 Seconds
Solution: 1 35 10 24 9 14 47 23 45 18 12 25 38 50 15 31 29 7 39 4 16 22 28 46 6 36 19 20 34 26 21 13 17 33 32 2 44 8 37 42 5 41 43 30 11 3 48 49 27 40 

Inst_Index:7240 	 City_Num:50 	 Concorde:5.513452 	 MCTS:5.513452 Improve:0.000000 	 Time:3.76 Seconds
Solution: 1 7 29 31 17 40 15 45 5 30 43 34 42 14 37 10 39 13 21 12 26 22 27 23 48 28 16 50 32 41 36 8 49 35 9 44 2 4 24 11 46 33 3 6 38 25 20 19 18 47 

Inst_Index:7241 	 City_Num:50 	 Concorde:5.662472 	 MCTS:5.659198 Improve:0.003274 	 Time:3.77 Seconds
Solution: 1 9 12 21 25 41 6 40 38 48 39 13 29 33 8 20 24 31 23 26 44 17 5 15 37 27 32 11 22 47 42 14 2 43 35 3 28 19 10 50 7 18 4 45 46 30 34 36 49 16 

Inst_Index:7242 	 City_Num:50 	 Concorde:5.697576 	 MCTS:5.692151 Improve:0.005425 	 Time:3.76 Seconds
Solution: 1 48 39 26 38 3 18 17 43 15 20 35 4 36 22 33 50 14 44 32 46 27 24 16 23 8 2 7 41 30 42 45 10 5 19 11 28 31 21 13 29 25 6 40 34 47 37 49 9 12 

Inst_Index:7243 	 City_Num:50 	 Concorde:6.068402 	 MCTS:6.068402 Improve:-0.000000 	 Time:3.77 Seconds
Solution: 1 39 20 25 26 17 41 21 24 16 46 27 32 10 47 5 36 28 45 35 29 33 9 40 11 13 30 8 38 18 12 15 7 23 6 22 4 3 49 42 14 34 50 37 31 48 43 44 19 2 

Inst_Index:7244 	 City_Num:50 	 Concorde:6.064968 	 MCTS:6.064968 Improve:0.000000 	 Time:3.76 Seconds
Solution: 1 24 50 4 6 26 21 33 30 2 23 3 5 37 19 28 10 46 42 36 44 35 22 48 32 18 38 11 15 49 43 14 25 20 17 27 12 45 31 41 39 16 7 8 47 34 40 13 29 9 

Inst_Index:7245 	 City_Num:50 	 Concorde:5.709959 	 MCTS:5.709959 Improve:0.000000 	 Time:3.76 Seconds
Solution: 1 11 16 35 27 21 19 25 42 9 10 45 23 34 22 36 4 29 33 31 50 18 20 3 44 49 14 2 6 40 39 37 15 8 43 26 13 7 41 12 5 47 46 30 28 38 24 48 32 17 

Inst_Index:7246 	 City_Num:50 	 Concorde:5.628556 	 MCTS:5.621933 Improve:0.006623 	 Time:3.76 Seconds
Solution: 1 34 28 39 12 14 2 20 40 50 42 17 4 37 44 29 24 45 8 47 3 31 5 35 19 6 16 23 33 26 27 21 13 22 7 48 43 25 36 41 11 15 9 46 10 38 18 30 49 32 

Inst_Index:7247 	 City_Num:50 	 Concorde:6.036655 	 MCTS:6.031736 Improve:0.004919 	 Time:3.76 Seconds
Solution: 1 5 18 48 25 20 47 24 9 43 41 6 31 42 14 19 49 10 32 27 23 45 50 46 8 17 29 16 30 4 3 44 39 21 34 22 38 11 35 13 33 37 40 15 12 28 36 2 7 26 

Inst_Index:7248 	 City_Num:50 	 Concorde:5.808357 	 MCTS:5.808357 Improve:0.000000 	 Time:3.76 Seconds
Solution: 1 44 5 13 24 30 35 6 16 8 18 2 9 49 12 43 7 17 40 36 47 50 19 32 23 41 39 48 34 15 26 4 27 20 31 3 29 28 11 22 46 25 45 33 14 42 37 38 21 10 

Inst_Index:7249 	 City_Num:50 	 Concorde:5.795831 	 MCTS:5.795831 Improve:0.000000 	 Time:3.75 Seconds
Solution: 1 37 36 19 23 8 48 22 31 39 21 5 40 11 35 7 26 15 29 18 9 30 50 17 20 42 45 28 13 41 38 16 34 27 47 44 3 14 32 25 2 24 4 46 12 6 10 49 33 43 

Inst_Index:7250 	 City_Num:50 	 Concorde:5.921021 	 MCTS:5.921021 Improve:0.000000 	 Time:3.76 Seconds
Solution: 1 38 31 22 33 16 30 14 23 44 26 24 41 45 9 18 8 39 43 11 50 21 10 13 2 4 12 36 37 34 3 29 35 20 28 19 40 49 15 5 47 46 6 25 27 7 32 17 42 48 

Inst_Index:7251 	 City_Num:50 	 Concorde:5.757882 	 MCTS:5.753426 Improve:0.004457 	 Time:3.76 Seconds
Solution: 1 28 23 14 6 24 39 10 25 15 50 20 38 36 48 46 27 7 34 47 4 11 31 42 30 12 35 45 17 26 40 49 44 21 32 22 18 13 33 37 43 3 9 16 19 2 41 8 29 5 

Inst_Index:7252 	 City_Num:50 	 Concorde:5.431174 	 MCTS:5.431174 Improve:0.000000 	 Time:3.77 Seconds
Solution: 1 43 33 39 31 8 17 49 22 10 27 46 36 5 34 21 11 28 19 40 12 44 30 29 23 26 41 45 35 3 25 9 4 13 38 20 48 7 18 2 6 24 37 32 42 15 16 47 50 14 

Inst_Index:7253 	 City_Num:50 	 Concorde:5.736604 	 MCTS:5.736201 Improve:0.000403 	 Time:3.76 Seconds
Solution: 1 7 38 34 43 33 12 37 17 26 11 10 18 22 23 28 9 24 16 31 39 13 21 19 15 27 50 5 8 44 45 47 41 14 29 4 2 46 35 20 40 3 6 25 42 48 36 32 30 49 

Inst_Index:7254 	 City_Num:50 	 Concorde:5.671419 	 MCTS:5.671419 Improve:0.000000 	 Time:3.76 Seconds
Solution: 1 48 25 4 20 43 12 8 50 14 3 19 10 47 26 42 24 23 9 29 21 49 44 45 30 18 31 37 2 36 38 27 15 6 33 13 39 5 35 17 40 22 7 32 41 28 11 46 16 34 

Inst_Index:7255 	 City_Num:50 	 Concorde:5.562707 	 MCTS:5.555194 Improve:0.007514 	 Time:3.76 Seconds
Solution: 1 36 44 8 16 33 37 20 19 26 42 34 27 10 23 46 14 32 49 35 45 12 17 3 21 11 47 18 41 5 38 24 29 9 31 13 2 50 22 30 43 48 15 28 6 39 7 4 25 40 

Inst_Index:7256 	 City_Num:50 	 Concorde:5.806209 	 MCTS:5.806209 Improve:0.000000 	 Time:3.77 Seconds
Solution: 1 16 21 13 45 34 29 7 38 25 10 23 41 48 43 9 31 28 49 22 39 2 15 30 18 5 50 35 14 6 37 27 33 17 44 47 4 20 36 12 11 8 24 42 32 26 19 40 46 3 

Inst_Index:7257 	 City_Num:50 	 Concorde:5.803448 	 MCTS:5.803448 Improve:-0.000000 	 Time:3.77 Seconds
Solution: 1 50 3 15 22 4 13 49 46 27 39 29 12 42 18 33 21 2 20 19 14 41 26 9 44 17 10 45 36 6 30 25 37 28 38 31 48 23 35 47 24 7 8 11 43 5 32 34 40 16 

Inst_Index:7258 	 City_Num:50 	 Concorde:5.611279 	 MCTS:5.611279 Improve:-0.000000 	 Time:3.75 Seconds
Solution: 1 38 8 27 29 41 19 6 9 23 47 44 12 10 48 2 3 43 4 45 35 11 42 31 18 5 20 39 33 22 17 25 37 34 24 13 40 14 7 50 32 30 46 49 36 21 15 26 28 16 

Inst_Index:7259 	 City_Num:50 	 Concorde:5.539862 	 MCTS:5.539862 Improve:0.000000 	 Time:3.75 Seconds
Solution: 1 42 25 49 24 26 8 6 10 45 28 3 21 14 37 9 41 39 12 34 15 5 13 47 22 4 19 33 7 48 31 36 50 35 30 17 27 18 29 11 43 46 20 40 32 44 23 38 2 16 

Inst_Index:7260 	 City_Num:50 	 Concorde:5.716643 	 MCTS:5.716643 Improve:0.000000 	 Time:3.75 Seconds
Solution: 1 6 48 47 31 13 15 21 29 42 24 46 30 2 40 38 34 28 3 50 22 26 4 49 10 11 5 17 23 16 37 35 14 45 19 32 8 36 9 25 43 27 7 44 39 18 41 20 12 33 

Inst_Index:7261 	 City_Num:50 	 Concorde:5.563264 	 MCTS:5.554148 Improve:0.009116 	 Time:3.75 Seconds
Solution: 1 16 39 46 42 34 4 37 27 43 21 14 7 29 22 18 38 44 5 13 3 20 2 24 41 45 30 50 26 11 10 35 28 31 47 8 17 36 19 32 15 25 40 12 33 23 49 48 9 6 

Inst_Index:7262 	 City_Num:50 	 Concorde:5.897774 	 MCTS:5.897774 Improve:0.000000 	 Time:3.76 Seconds
Solution: 1 33 41 10 44 16 26 2 50 6 18 34 45 4 30 8 48 12 17 11 27 32 21 43 49 35 42 24 29 28 20 15 31 9 46 40 22 14 7 5 25 38 13 39 3 37 47 19 36 23 

Inst_Index:7263 	 City_Num:50 	 Concorde:5.906793 	 MCTS:5.906793 Improve:-0.000000 	 Time:3.76 Seconds
Solution: 1 18 46 50 29 19 40 24 31 27 15 13 21 8 48 35 17 22 20 41 39 26 25 6 10 43 5 33 32 47 7 30 37 16 2 12 9 14 28 3 49 42 45 36 23 11 34 4 38 44 

Inst_Index:7264 	 City_Num:50 	 Concorde:5.908711 	 MCTS:5.904856 Improve:0.003855 	 Time:3.75 Seconds
Solution: 1 9 14 29 13 49 31 19 24 28 2 25 12 34 16 50 21 48 15 38 18 39 6 7 44 8 43 20 37 35 27 47 10 4 23 26 40 36 22 42 32 5 45 11 41 17 3 30 46 33 

Inst_Index:7265 	 City_Num:50 	 Concorde:5.358674 	 MCTS:5.355559 Improve:0.003116 	 Time:3.75 Seconds
Solution: 1 13 26 20 24 28 3 40 19 45 35 6 10 43 16 38 4 31 8 7 18 37 33 9 34 49 42 30 15 47 46 23 21 25 22 5 12 32 11 48 50 36 41 44 29 39 2 14 17 27 

Inst_Index:7266 	 City_Num:50 	 Concorde:5.632258 	 MCTS:5.628507 Improve:0.003751 	 Time:3.76 Seconds
Solution: 1 11 38 43 10 17 5 25 47 27 46 23 41 28 22 20 44 16 2 12 9 48 30 18 39 36 45 8 24 21 34 15 13 3 49 40 6 31 35 42 29 26 50 37 32 7 33 14 4 19 

Inst_Index:7267 	 City_Num:50 	 Concorde:5.640385 	 MCTS:5.640385 Improve:0.000000 	 Time:3.77 Seconds
Solution: 1 35 45 43 28 15 6 9 46 31 47 4 36 37 16 48 50 42 33 11 12 39 3 10 40 13 26 23 22 29 19 27 2 24 17 30 44 32 5 20 14 8 49 38 18 21 25 41 34 7 

Inst_Index:7268 	 City_Num:50 	 Concorde:5.714797 	 MCTS:5.711830 Improve:0.002968 	 Time:3.76 Seconds
Solution: 1 38 9 22 48 46 25 10 2 28 44 21 41 14 50 3 24 17 39 43 19 42 37 40 16 12 6 23 47 26 29 33 34 15 36 31 32 11 30 7 4 45 13 8 27 35 18 5 20 49 

Inst_Index:7269 	 City_Num:50 	 Concorde:5.738131 	 MCTS:5.733364 Improve:0.004766 	 Time:3.76 Seconds
Solution: 1 46 15 5 19 28 50 49 30 13 24 40 23 17 21 27 44 32 8 26 39 34 31 3 6 35 2 37 4 12 18 29 16 48 33 10 42 47 43 36 20 14 25 11 7 45 38 41 22 9 

Inst_Index:7270 	 City_Num:50 	 Concorde:5.707445 	 MCTS:5.707445 Improve:0.000000 	 Time:3.76 Seconds
Solution: 1 10 39 22 6 31 26 46 5 19 18 9 35 29 33 17 32 40 28 14 43 15 34 30 45 37 4 13 25 16 21 3 12 2 38 11 24 47 27 49 23 48 20 8 41 42 7 36 50 44 

Inst_Index:7271 	 City_Num:50 	 Concorde:5.968321 	 MCTS:5.963304 Improve:0.005017 	 Time:3.75 Seconds
Solution: 1 36 19 42 30 22 46 16 24 15 3 41 10 2 26 31 35 33 38 32 34 5 6 13 49 40 29 14 18 4 43 21 48 45 23 44 8 25 47 50 7 9 12 27 17 28 20 39 37 11 

Inst_Index:7272 	 City_Num:50 	 Concorde:5.457490 	 MCTS:5.457490 Improve:0.000000 	 Time:3.75 Seconds
Solution: 1 16 2 9 3 43 18 38 25 31 33 5 32 8 50 27 7 40 47 41 20 49 4 36 42 26 11 24 23 12 6 28 34 10 44 46 13 22 17 15 29 21 19 14 37 48 35 45 30 39 

Inst_Index:7273 	 City_Num:50 	 Concorde:5.755275 	 MCTS:5.755275 Improve:-0.000000 	 Time:3.77 Seconds
Solution: 1 39 20 34 6 38 7 14 36 46 2 12 5 32 10 30 9 18 31 4 19 15 40 47 11 35 50 27 23 25 43 49 22 13 16 21 37 3 24 17 45 26 33 41 48 44 29 42 28 8 

Inst_Index:7274 	 City_Num:50 	 Concorde:5.739504 	 MCTS:5.739217 Improve:0.000287 	 Time:3.77 Seconds
Solution: 1 25 21 19 3 14 41 26 44 49 9 43 48 13 35 29 40 17 23 7 33 16 22 39 20 6 2 11 5 8 27 45 32 50 30 24 46 15 31 36 38 37 42 12 34 28 47 4 10 18 

Inst_Index:7275 	 City_Num:50 	 Concorde:5.725470 	 MCTS:5.725470 Improve:-0.000000 	 Time:3.76 Seconds
Solution: 1 49 19 42 46 6 47 12 7 8 25 28 22 17 33 15 50 44 43 14 37 48 35 13 31 38 4 2 34 45 30 18 10 41 32 40 9 5 16 11 24 3 36 26 23 21 39 29 27 20 

Inst_Index:7276 	 City_Num:50 	 Concorde:5.277277 	 MCTS:5.275834 Improve:0.001442 	 Time:3.76 Seconds
Solution: 1 43 28 46 5 33 37 9 11 45 34 21 30 26 38 50 40 39 27 20 32 8 22 18 10 15 13 2 44 4 12 24 7 25 14 49 29 48 35 31 42 23 17 41 3 16 36 47 6 19 

Inst_Index:7277 	 City_Num:50 	 Concorde:5.949375 	 MCTS:5.949375 Improve:0.000000 	 Time:3.75 Seconds
Solution: 1 15 16 41 45 7 39 20 42 21 4 37 40 8 12 25 33 47 22 23 49 46 9 26 50 31 35 13 17 27 30 32 38 36 3 19 18 11 24 14 43 34 6 10 29 2 44 5 48 28 

Inst_Index:7278 	 City_Num:50 	 Concorde:5.646811 	 MCTS:5.646811 Improve:-0.000000 	 Time:3.77 Seconds
Solution: 1 47 40 34 24 26 2 7 27 35 38 4 9 45 21 17 20 16 36 10 8 22 12 41 39 3 30 6 32 18 25 43 42 50 48 33 28 5 46 49 19 37 13 14 23 44 31 15 29 11 

Inst_Index:7279 	 City_Num:50 	 Concorde:5.835365 	 MCTS:5.835365 Improve:0.000000 	 Time:3.75 Seconds
Solution: 1 23 24 33 47 45 6 21 16 37 20 19 40 43 38 5 35 30 28 9 14 46 22 10 7 26 42 17 49 44 11 34 18 12 8 2 32 13 3 41 48 50 4 31 27 36 15 29 39 25 

Inst_Index:7280 	 City_Num:50 	 Concorde:5.198844 	 MCTS:5.196731 Improve:0.002112 	 Time:3.76 Seconds
Solution: 1 41 37 48 23 13 21 31 35 27 44 8 46 7 14 17 47 36 5 12 15 39 38 20 16 45 50 10 4 22 2 11 32 24 19 33 49 30 18 9 28 40 43 26 25 34 42 29 6 3 

Inst_Index:7281 	 City_Num:50 	 Concorde:5.639434 	 MCTS:5.636318 Improve:0.003117 	 Time:3.76 Seconds
Solution: 1 38 2 33 43 11 28 47 50 34 35 20 21 30 16 19 17 18 42 24 8 7 26 32 15 22 12 39 9 37 14 41 23 45 6 13 44 27 10 29 31 3 49 5 4 25 48 40 46 36 

Inst_Index:7282 	 City_Num:50 	 Concorde:6.113530 	 MCTS:6.111209 Improve:0.002321 	 Time:3.75 Seconds
Solution: 1 35 11 9 26 10 39 6 34 15 17 3 36 30 25 4 22 21 48 19 27 24 33 49 12 29 46 32 14 2 41 38 5 44 42 20 8 50 28 18 13 43 40 16 45 7 23 37 31 47 

Inst_Index:7283 	 City_Num:50 	 Concorde:5.838624 	 MCTS:5.838624 Improve:0.000000 	 Time:3.75 Seconds
Solution: 1 9 19 23 2 36 5 33 27 7 25 26 50 6 35 17 31 24 4 48 8 47 13 43 42 39 11 14 16 20 49 22 46 12 38 40 29 18 45 44 32 21 10 15 34 30 3 37 28 41 

Inst_Index:7284 	 City_Num:50 	 Concorde:5.453458 	 MCTS:5.453458 Improve:-0.000000 	 Time:3.76 Seconds
Solution: 1 31 47 29 4 18 35 41 49 22 42 44 26 38 39 37 11 48 6 15 46 24 5 7 3 25 40 12 43 23 19 36 9 32 34 45 20 28 16 21 8 17 2 30 14 27 33 10 50 13 

Inst_Index:7285 	 City_Num:50 	 Concorde:5.701843 	 MCTS:5.700361 Improve:0.001482 	 Time:3.76 Seconds
Solution: 1 4 42 31 20 32 27 45 28 23 48 33 10 36 44 11 13 25 43 22 21 40 39 12 15 19 8 24 46 38 3 34 49 5 50 9 35 41 14 6 30 2 18 47 26 37 29 7 17 16 

Inst_Index:7286 	 City_Num:50 	 Concorde:5.466954 	 MCTS:5.466954 Improve:0.000000 	 Time:3.77 Seconds
Solution: 1 48 35 43 4 29 18 36 20 47 28 39 16 37 2 38 45 34 23 9 31 19 33 30 50 10 5 14 26 24 8 13 22 15 46 44 41 49 12 32 6 21 42 3 27 7 40 11 25 17 

Inst_Index:7287 	 City_Num:50 	 Concorde:5.669197 	 MCTS:5.669197 Improve:0.000000 	 Time:3.76 Seconds
Solution: 1 48 49 30 16 36 12 18 22 26 44 24 19 42 34 28 35 25 7 40 9 15 13 45 47 38 46 29 5 23 2 27 33 43 50 8 3 14 20 39 4 21 11 10 37 17 32 6 31 41 

Inst_Index:7288 	 City_Num:50 	 Concorde:5.050899 	 MCTS:5.050899 Improve:-0.000000 	 Time:3.75 Seconds
Solution: 1 33 38 37 32 14 6 44 41 26 23 31 18 21 40 46 15 16 19 13 5 2 28 49 42 20 17 47 25 36 3 12 50 29 30 34 43 45 24 27 22 8 7 39 4 35 11 48 9 10 

Inst_Index:7289 	 City_Num:50 	 Concorde:6.053634 	 MCTS:6.053634 Improve:0.000000 	 Time:3.77 Seconds
Solution: 1 30 31 22 50 9 12 25 36 3 13 10 11 8 46 40 14 38 47 6 41 19 32 7 16 2 42 23 33 44 43 5 20 4 39 18 21 24 26 37 48 45 27 17 15 49 35 34 29 28 

Inst_Index:7290 	 City_Num:50 	 Concorde:5.892304 	 MCTS:5.892217 Improve:0.000086 	 Time:3.78 Seconds
Solution: 1 41 17 28 13 19 44 46 35 43 32 16 20 4 34 18 50 21 22 25 7 6 26 30 49 27 45 23 14 47 36 12 3 5 33 9 39 8 40 48 42 31 37 38 29 11 2 10 15 24 

Inst_Index:7291 	 City_Num:50 	 Concorde:5.890682 	 MCTS:5.890682 Improve:0.000000 	 Time:3.76 Seconds
Solution: 1 4 42 13 39 47 10 36 32 24 50 41 33 22 38 37 5 12 27 31 16 28 49 26 21 2 19 34 17 29 30 3 14 25 45 43 9 23 15 7 20 18 48 8 11 35 46 40 6 44 

Inst_Index:7292 	 City_Num:50 	 Concorde:5.766763 	 MCTS:5.766763 Improve:-0.000000 	 Time:3.76 Seconds
Solution: 1 41 20 12 13 6 15 23 3 28 14 16 17 21 40 42 46 22 19 5 30 11 2 35 27 33 36 32 44 45 18 10 29 50 31 24 38 25 43 7 48 49 9 8 39 26 34 4 37 47 

Inst_Index:7293 	 City_Num:50 	 Concorde:5.709786 	 MCTS:5.703663 Improve:0.006124 	 Time:3.76 Seconds
Solution: 1 47 36 43 9 28 26 42 31 44 32 33 6 50 16 4 12 18 30 11 2 41 46 10 45 20 14 21 22 48 24 23 7 25 19 40 29 37 3 17 13 39 15 38 49 27 35 34 5 8 

Inst_Index:7294 	 City_Num:50 	 Concorde:5.804947 	 MCTS:5.800880 Improve:0.004067 	 Time:3.76 Seconds
Solution: 1 20 21 5 2 16 29 45 49 10 24 40 3 19 41 14 28 6 27 46 43 42 36 30 4 34 38 26 11 50 17 13 32 22 37 33 35 18 23 9 12 7 39 44 47 15 48 25 8 31 

Inst_Index:7295 	 City_Num:50 	 Concorde:5.739838 	 MCTS:5.739838 Improve:-0.000000 	 Time:3.75 Seconds
Solution: 1 33 38 2 15 11 49 23 32 21 39 35 26 20 7 41 12 30 13 24 42 8 46 40 22 47 48 4 18 36 27 5 44 14 17 28 25 29 16 45 10 37 6 19 3 34 43 50 31 9 

Inst_Index:7296 	 City_Num:50 	 Concorde:5.834494 	 MCTS:5.831886 Improve:0.002609 	 Time:3.76 Seconds
Solution: 1 39 3 6 38 22 45 26 23 33 12 27 5 47 30 25 34 19 28 49 13 48 7 36 41 24 2 31 37 9 15 40 50 14 32 16 21 18 11 35 46 20 10 42 43 44 29 8 17 4 

Inst_Index:7297 	 City_Num:50 	 Concorde:5.893365 	 MCTS:5.893365 Improve:0.000000 	 Time:3.75 Seconds
Solution: 1 47 21 26 40 49 50 27 17 11 3 2 14 18 22 46 6 41 5 20 38 43 35 9 42 32 25 45 30 44 4 28 24 10 13 23 7 12 39 29 37 16 19 48 34 33 31 8 36 15 

Inst_Index:7298 	 City_Num:50 	 Concorde:5.677485 	 MCTS:5.677265 Improve:0.000220 	 Time:3.76 Seconds
Solution: 1 25 26 15 20 18 49 4 38 40 32 3 14 44 39 46 11 35 28 36 7 31 21 2 23 43 47 19 5 50 37 45 12 42 48 27 10 29 24 41 9 30 22 6 8 17 33 13 16 34 

Inst_Index:7299 	 City_Num:50 	 Concorde:5.952003 	 MCTS:5.952003 Improve:-0.000000 	 Time:3.76 Seconds
Solution: 1 38 46 9 25 19 45 16 6 31 7 47 28 32 5 36 2 26 24 30 27 49 23 13 42 43 29 3 50 34 39 10 22 8 48 21 35 4 18 11 33 41 40 20 44 12 17 15 37 14 

Inst_Index:7300 	 City_Num:50 	 Concorde:6.043321 	 MCTS:6.043321 Improve:-0.000000 	 Time:3.76 Seconds
Solution: 1 3 23 22 39 25 28 18 35 2 29 19 24 11 47 4 9 48 12 13 33 6 10 49 21 30 50 44 31 32 7 42 34 17 16 37 15 8 26 20 5 46 45 40 27 41 36 43 14 38 

Inst_Index:7301 	 City_Num:50 	 Concorde:5.606480 	 MCTS:5.606480 Improve:-0.000000 	 Time:3.76 Seconds
Solution: 1 47 13 31 2 43 41 37 5 15 48 32 8 42 44 22 3 11 25 20 12 7 29 4 49 21 38 45 10 39 34 46 30 36 33 27 17 6 23 24 35 9 28 26 40 16 50 18 19 14 

Inst_Index:7302 	 City_Num:50 	 Concorde:5.403475 	 MCTS:5.403475 Improve:0.000000 	 Time:3.76 Seconds
Solution: 1 45 29 4 2 28 34 32 15 10 14 46 3 22 9 41 11 7 25 36 30 23 21 40 16 39 26 42 27 38 13 37 18 49 33 17 8 19 6 20 47 12 5 24 31 43 44 50 48 35 

Inst_Index:7303 	 City_Num:50 	 Concorde:6.075721 	 MCTS:6.067096 Improve:0.008625 	 Time:3.77 Seconds
Solution: 1 27 26 12 43 5 36 22 3 40 9 44 37 31 2 30 16 29 48 11 28 13 17 7 14 33 6 25 35 20 38 50 8 41 39 46 24 19 49 42 47 21 23 10 34 45 4 18 32 15 

Inst_Index:7304 	 City_Num:50 	 Concorde:5.375316 	 MCTS:5.371234 Improve:0.004082 	 Time:3.78 Seconds
Solution: 1 27 28 16 9 18 20 33 38 2 30 7 11 46 12 35 17 47 45 42 4 22 39 32 23 34 44 48 26 36 24 25 43 50 8 14 10 29 5 21 15 6 31 49 40 19 37 13 3 41 

Inst_Index:7305 	 City_Num:50 	 Concorde:4.855417 	 MCTS:4.855417 Improve:0.000000 	 Time:3.76 Seconds
Solution: 1 11 49 44 12 8 2 41 46 9 19 6 21 47 10 29 43 16 5 33 42 22 30 37 7 18 36 14 26 3 4 48 40 31 13 20 17 38 27 25 32 15 28 45 24 34 50 39 23 35 

Inst_Index:7306 	 City_Num:50 	 Concorde:5.685481 	 MCTS:5.678057 Improve:0.007424 	 Time:3.76 Seconds
Solution: 1 24 16 30 47 8 21 34 26 15 22 49 46 27 17 25 23 11 31 39 18 28 14 33 13 32 3 12 2 50 44 5 29 7 35 9 20 6 42 19 4 36 10 38 43 41 37 48 45 40 

Inst_Index:7307 	 City_Num:50 	 Concorde:5.800681 	 MCTS:5.800681 Improve:0.000000 	 Time:3.76 Seconds
Solution: 1 16 38 23 28 39 8 50 30 33 49 42 21 32 43 22 19 35 5 46 25 18 48 3 24 45 20 12 37 6 26 2 29 9 40 10 41 44 36 27 13 47 11 7 14 15 4 17 31 34 

Inst_Index:7308 	 City_Num:50 	 Concorde:5.422480 	 MCTS:5.422480 Improve:-0.000000 	 Time:3.76 Seconds
Solution: 1 25 13 16 26 21 11 23 12 42 6 7 43 49 24 27 47 3 28 48 4 46 15 19 38 29 34 2 10 8 22 32 41 37 33 44 45 30 35 14 31 9 40 39 20 5 50 17 36 18 

Inst_Index:7309 	 City_Num:50 	 Concorde:5.480093 	 MCTS:5.480093 Improve:-0.000000 	 Time:3.77 Seconds
Solution: 1 18 48 50 19 43 4 17 45 30 49 14 35 9 25 7 16 26 47 33 21 28 22 38 3 10 24 11 36 39 23 2 41 32 42 13 31 34 8 40 46 6 5 37 44 27 12 29 20 15 

Inst_Index:7310 	 City_Num:50 	 Concorde:5.588497 	 MCTS:5.588497 Improve:0.000000 	 Time:3.76 Seconds
Solution: 1 22 7 5 23 14 39 41 28 44 6 33 45 27 18 40 20 25 12 48 31 38 16 9 43 37 4 47 17 50 3 21 29 13 36 46 42 8 24 34 15 10 2 11 35 19 49 30 26 32 

Inst_Index:7311 	 City_Num:50 	 Concorde:5.613678 	 MCTS:5.613678 Improve:0.000000 	 Time:3.75 Seconds
Solution: 1 12 19 31 6 38 8 21 45 28 27 5 20 7 34 40 48 46 13 4 49 11 39 43 15 35 42 37 33 22 2 14 44 18 26 10 24 36 29 32 17 16 41 50 23 9 3 30 47 25 

Inst_Index:7312 	 City_Num:50 	 Concorde:5.889586 	 MCTS:5.889586 Improve:0.000000 	 Time:3.76 Seconds
Solution: 1 7 32 17 43 3 41 31 46 15 5 10 11 36 25 30 14 22 44 37 28 26 2 18 19 13 33 9 39 34 48 27 4 8 23 16 12 24 50 49 29 45 47 40 20 42 21 38 6 35 

Inst_Index:7313 	 City_Num:50 	 Concorde:5.984443 	 MCTS:5.974986 Improve:0.009457 	 Time:3.75 Seconds
Solution: 1 23 11 46 7 35 37 3 22 2 34 21 50 44 5 19 48 24 42 15 38 41 20 33 40 47 6 43 13 36 49 31 12 25 17 18 28 27 9 30 8 45 26 39 14 10 29 16 4 32 

Inst_Index:7314 	 City_Num:50 	 Concorde:5.526444 	 MCTS:5.526444 Improve:0.000000 	 Time:3.76 Seconds
Solution: 1 39 41 37 12 33 3 46 16 19 26 8 25 20 6 10 49 17 11 24 43 30 15 4 36 34 47 42 35 13 45 48 21 50 28 31 18 5 14 23 29 38 32 44 40 9 2 22 7 27 

Inst_Index:7315 	 City_Num:50 	 Concorde:6.211585 	 MCTS:6.211585 Improve:0.000000 	 Time:3.75 Seconds
Solution: 1 28 37 3 10 16 25 29 48 39 27 9 43 4 19 47 8 49 18 35 24 17 45 41 7 14 6 31 15 21 23 50 32 42 26 33 22 30 38 11 2 46 12 36 20 40 5 44 34 13 

Inst_Index:7316 	 City_Num:50 	 Concorde:5.745129 	 MCTS:5.745129 Improve:0.000000 	 Time:3.75 Seconds
Solution: 1 35 25 5 42 7 31 18 17 40 32 15 26 2 30 8 23 50 27 9 3 41 48 12 33 13 45 28 29 4 21 20 19 34 37 38 44 14 11 6 47 39 22 43 24 49 46 10 36 16 

Inst_Index:7317 	 City_Num:50 	 Concorde:5.678984 	 MCTS:5.678984 Improve:-0.000000 	 Time:3.77 Seconds
Solution: 1 48 28 35 22 33 45 8 29 41 14 16 31 27 36 43 2 4 42 25 26 18 32 40 5 7 21 49 20 37 3 44 23 9 15 34 10 17 47 13 11 46 19 39 24 12 50 6 30 38 

Inst_Index:7318 	 City_Num:50 	 Concorde:5.740794 	 MCTS:5.740794 Improve:-0.000000 	 Time:3.76 Seconds
Solution: 1 35 17 15 11 2 43 32 31 3 10 44 49 27 47 19 21 50 26 34 37 41 46 14 28 40 30 29 6 39 18 16 13 12 8 48 20 25 5 22 38 45 23 9 7 42 24 33 36 4 

Inst_Index:7319 	 City_Num:50 	 Concorde:5.411298 	 MCTS:5.409061 Improve:0.002236 	 Time:3.75 Seconds
Solution: 1 30 22 39 43 2 12 33 18 13 10 7 29 24 3 15 5 8 48 14 41 38 31 45 35 23 34 20 40 17 50 4 37 49 25 27 6 11 42 47 32 36 26 46 16 19 21 44 9 28 

Inst_Index:7320 	 City_Num:50 	 Concorde:6.047610 	 MCTS:6.047146 Improve:0.000464 	 Time:3.76 Seconds
Solution: 1 34 17 4 35 12 25 40 46 43 39 22 49 11 45 32 48 36 28 38 6 14 3 26 7 30 47 18 10 2 21 24 41 15 33 42 8 5 16 37 13 9 20 44 23 19 31 50 27 29 

Inst_Index:7321 	 City_Num:50 	 Concorde:5.621618 	 MCTS:5.621618 Improve:0.000000 	 Time:3.76 Seconds
Solution: 1 15 29 4 42 50 49 41 48 37 34 12 39 25 20 35 28 31 40 9 2 45 7 17 21 8 32 26 33 47 46 19 27 38 5 22 23 6 11 10 3 14 18 36 44 30 24 43 13 16 

Inst_Index:7322 	 City_Num:50 	 Concorde:5.887443 	 MCTS:5.887443 Improve:0.000000 	 Time:3.76 Seconds
Solution: 1 48 6 10 28 9 27 19 14 20 7 5 25 42 40 3 33 32 43 2 47 37 23 18 31 11 46 13 34 45 8 44 26 30 24 41 36 12 17 22 38 21 15 29 16 39 4 50 35 49 

Inst_Index:7323 	 City_Num:50 	 Concorde:4.991136 	 MCTS:4.991136 Improve:0.000000 	 Time:3.77 Seconds
Solution: 1 31 42 48 44 30 38 22 15 40 47 11 35 49 33 34 41 39 43 50 18 25 8 32 36 28 23 21 14 17 46 37 10 12 13 45 5 3 27 20 26 19 7 29 4 2 24 6 16 9 

Inst_Index:7324 	 City_Num:50 	 Concorde:5.772480 	 MCTS:5.772480 Improve:0.000000 	 Time:3.75 Seconds
Solution: 1 33 34 37 44 11 32 46 18 7 9 23 16 43 48 36 20 27 15 25 5 31 21 22 49 45 3 17 42 38 2 19 4 30 41 29 13 6 8 39 47 50 28 10 26 12 24 40 35 14 

Inst_Index:7325 	 City_Num:50 	 Concorde:5.536342 	 MCTS:5.536342 Improve:0.000000 	 Time:3.75 Seconds
Solution: 1 11 13 17 16 5 39 6 15 49 31 40 32 34 26 45 25 10 23 28 20 18 22 37 50 2 48 27 33 4 46 14 29 44 30 35 42 43 38 41 19 47 12 9 24 21 36 7 3 8 

Inst_Index:7326 	 City_Num:50 	 Concorde:5.874139 	 MCTS:5.874139 Improve:-0.000000 	 Time:3.77 Seconds
Solution: 1 7 15 47 28 42 38 35 34 49 14 19 21 48 44 25 45 31 22 37 29 13 46 41 30 23 50 24 9 5 18 26 36 40 43 2 17 8 10 33 6 32 39 11 4 3 12 27 20 16 

Inst_Index:7327 	 City_Num:50 	 Concorde:5.559796 	 MCTS:5.559796 Improve:0.000000 	 Time:3.76 Seconds
Solution: 1 26 50 33 38 41 43 39 17 4 36 8 32 19 34 35 27 30 31 6 5 40 14 13 20 24 25 2 37 18 3 11 12 7 28 16 48 21 15 10 49 47 29 44 22 9 42 46 23 45 

Inst_Index:7328 	 City_Num:50 	 Concorde:6.220936 	 MCTS:6.218423 Improve:0.002513 	 Time:3.76 Seconds
Solution: 1 47 32 13 28 14 42 29 34 9 39 7 26 3 38 19 21 8 17 16 15 36 20 46 11 10 48 33 45 35 25 44 50 4 2 27 43 5 31 37 40 12 23 49 6 30 24 22 41 18 

Inst_Index:7329 	 City_Num:50 	 Concorde:5.675394 	 MCTS:5.665293 Improve:0.010100 	 Time:3.76 Seconds
Solution: 1 46 12 19 33 35 22 28 3 10 49 31 29 18 30 50 20 44 24 45 27 41 6 47 32 8 9 4 14 34 36 21 11 26 16 7 38 15 40 25 23 37 39 2 42 5 43 48 17 13 

Inst_Index:7330 	 City_Num:50 	 Concorde:5.465594 	 MCTS:5.465406 Improve:0.000188 	 Time:3.75 Seconds
Solution: 1 48 18 44 42 14 22 34 37 35 5 30 23 24 28 16 9 15 3 29 19 50 4 17 2 27 46 13 39 7 43 49 21 31 6 41 40 12 38 47 25 10 8 20 32 11 36 33 26 45 

Inst_Index:7331 	 City_Num:50 	 Concorde:5.556801 	 MCTS:5.556801 Improve:0.000000 	 Time:3.76 Seconds
Solution: 1 40 15 47 13 18 39 14 16 6 2 20 31 11 9 23 4 32 7 45 8 27 24 42 22 48 50 35 21 28 25 26 38 10 29 12 30 43 19 49 44 3 41 34 37 36 5 17 46 33 

Inst_Index:7332 	 City_Num:50 	 Concorde:5.617260 	 MCTS:5.616355 Improve:0.000906 	 Time:3.76 Seconds
Solution: 1 13 2 32 8 41 17 9 46 38 42 29 50 15 14 30 12 49 21 33 23 25 39 43 47 44 4 40 45 7 48 26 18 34 6 36 37 10 24 28 16 11 19 3 22 5 35 27 31 20 

Inst_Index:7333 	 City_Num:50 	 Concorde:5.688348 	 MCTS:5.688348 Improve:-0.000000 	 Time:3.76 Seconds
Solution: 1 2 27 30 31 14 37 36 8 47 18 39 26 13 24 42 41 48 35 49 19 3 43 25 21 45 32 29 34 12 33 50 5 4 38 16 7 22 40 46 10 44 11 20 6 28 23 17 9 15 

Inst_Index:7334 	 City_Num:50 	 Concorde:5.968362 	 MCTS:5.968362 Improve:0.000000 	 Time:3.75 Seconds
Solution: 1 36 21 32 14 15 10 29 2 26 28 45 39 33 27 11 18 40 5 42 47 23 17 38 35 34 24 12 46 50 8 9 41 13 37 49 22 20 31 43 3 16 48 30 4 19 6 7 44 25 

Inst_Index:7335 	 City_Num:50 	 Concorde:5.912494 	 MCTS:5.911838 Improve:0.000656 	 Time:3.75 Seconds
Solution: 1 38 7 49 39 9 40 3 8 37 17 32 24 45 22 25 29 23 14 15 50 47 6 2 26 36 48 10 44 33 13 30 18 43 20 21 34 16 19 42 41 31 5 46 12 11 28 4 27 35 

Inst_Index:7336 	 City_Num:50 	 Concorde:5.475750 	 MCTS:5.475750 Improve:-0.000000 	 Time:3.76 Seconds
Solution: 1 6 13 14 24 48 36 3 33 23 26 45 44 16 42 4 47 39 21 32 43 22 11 49 15 38 27 7 28 5 35 25 9 40 20 37 30 2 29 10 19 34 17 18 8 46 31 41 12 50 

Inst_Index:7337 	 City_Num:50 	 Concorde:5.594491 	 MCTS:5.594491 Improve:-0.000000 	 Time:3.76 Seconds
Solution: 1 10 11 4 20 24 19 36 46 21 31 27 30 26 29 7 49 33 50 12 5 47 22 13 3 44 23 38 16 6 17 43 15 37 40 35 39 28 8 45 48 32 14 18 42 34 41 2 25 9 

Inst_Index:7338 	 City_Num:50 	 Concorde:5.371184 	 MCTS:5.371184 Improve:-0.000000 	 Time:3.75 Seconds
Solution: 1 35 6 47 2 15 10 42 49 3 18 34 26 30 40 36 29 7 13 24 11 20 39 21 33 46 14 25 43 27 38 4 31 23 44 8 37 16 48 22 12 32 41 50 28 45 9 19 17 5 

Inst_Index:7339 	 City_Num:50 	 Concorde:5.819467 	 MCTS:5.819467 Improve:0.000000 	 Time:3.77 Seconds
Solution: 1 40 48 33 42 9 30 28 2 17 5 47 15 38 41 29 39 25 10 36 12 27 11 3 16 7 4 18 31 44 21 35 19 50 14 23 49 20 8 13 45 37 22 32 46 24 34 43 6 26 

Inst_Index:7340 	 City_Num:50 	 Concorde:5.820979 	 MCTS:5.819717 Improve:0.001262 	 Time:3.77 Seconds
Solution: 1 34 42 23 10 37 3 2 21 38 12 17 45 15 44 9 4 19 7 5 33 26 29 25 32 49 20 8 16 11 35 18 27 24 28 40 48 50 39 13 43 22 36 14 31 47 41 30 46 6 

Inst_Index:7341 	 City_Num:50 	 Concorde:5.119464 	 MCTS:5.119464 Improve:0.000000 	 Time:3.77 Seconds
Solution: 1 12 34 37 45 15 13 43 31 9 28 2 21 3 27 41 20 47 50 30 36 46 24 49 26 6 4 35 29 22 8 23 33 11 25 18 16 38 10 40 7 42 5 14 48 17 44 39 32 19 

Inst_Index:7342 	 City_Num:50 	 Concorde:5.789119 	 MCTS:5.789119 Improve:0.000000 	 Time:3.75 Seconds
Solution: 1 35 34 39 42 28 26 37 38 33 10 48 19 14 32 5 18 22 31 47 43 2 13 30 20 6 16 11 29 12 45 40 17 25 7 50 4 23 8 27 36 24 9 46 3 44 49 21 15 41 

Inst_Index:7343 	 City_Num:50 	 Concorde:5.615387 	 MCTS:5.613922 Improve:0.001466 	 Time:3.76 Seconds
Solution: 1 15 10 3 43 35 32 37 13 16 18 49 9 2 48 36 47 26 7 19 23 28 30 5 42 12 39 50 46 27 25 22 11 31 45 8 20 40 17 21 44 33 34 4 38 14 24 6 41 29 

Inst_Index:7344 	 City_Num:50 	 Concorde:5.574945 	 MCTS:5.574945 Improve:0.000000 	 Time:3.76 Seconds
Solution: 1 12 40 45 15 49 23 33 19 46 22 32 21 8 3 30 11 13 37 20 4 39 5 35 36 24 26 9 44 43 50 14 34 38 42 25 16 29 18 48 10 6 41 2 17 28 47 27 7 31 

Inst_Index:7345 	 City_Num:50 	 Concorde:5.967407 	 MCTS:5.967407 Improve:0.000000 	 Time:3.76 Seconds
Solution: 1 43 49 26 23 28 20 50 48 9 5 18 32 33 37 27 40 45 38 17 13 42 25 31 12 24 8 14 11 34 47 36 4 41 10 46 35 2 6 3 29 19 15 21 30 7 22 16 39 44 

Inst_Index:7346 	 City_Num:50 	 Concorde:6.075217 	 MCTS:6.075217 Improve:0.000000 	 Time:3.75 Seconds
Solution: 1 32 37 40 39 6 42 24 26 18 14 34 31 48 43 22 12 5 49 46 29 45 28 13 21 50 44 27 3 41 17 7 23 30 9 15 47 36 38 2 35 33 4 11 8 20 10 25 19 16 

Inst_Index:7347 	 City_Num:50 	 Concorde:5.322411 	 MCTS:5.322411 Improve:0.000000 	 Time:3.76 Seconds
Solution: 1 16 21 8 2 37 26 20 41 15 49 47 9 18 13 12 24 28 27 33 19 44 14 45 17 39 34 4 22 23 6 36 3 40 43 32 48 38 5 29 31 10 50 25 11 30 7 35 42 46 

Inst_Index:7348 	 City_Num:50 	 Concorde:5.592731 	 MCTS:5.592731 Improve:-0.000000 	 Time:3.76 Seconds
Solution: 1 39 14 18 26 2 32 11 34 8 24 47 49 27 15 17 38 37 12 29 45 19 13 3 16 20 35 33 5 46 22 43 7 4 31 48 6 30 28 44 25 21 40 9 41 23 50 36 10 42 

Inst_Index:7349 	 City_Num:50 	 Concorde:5.654172 	 MCTS:5.654172 Improve:0.000000 	 Time:3.77 Seconds
Solution: 1 43 37 33 35 45 38 44 26 28 9 24 50 14 3 48 39 13 6 30 12 49 41 8 7 10 2 4 29 36 32 21 17 11 19 20 42 22 16 25 40 34 46 47 27 23 18 15 31 5 

Inst_Index:7350 	 City_Num:50 	 Concorde:5.292817 	 MCTS:5.292817 Improve:0.000000 	 Time:3.76 Seconds
Solution: 1 10 19 20 36 35 28 5 4 34 18 40 39 14 33 21 46 49 30 11 29 15 45 8 44 2 43 24 6 12 17 50 7 23 38 22 48 26 32 31 37 9 13 27 41 3 16 42 47 25 

Inst_Index:7351 	 City_Num:50 	 Concorde:6.010248 	 MCTS:6.005461 Improve:0.004788 	 Time:3.75 Seconds
Solution: 1 12 43 35 19 37 44 6 26 5 34 11 40 38 46 23 28 27 8 21 7 14 29 48 31 9 25 45 36 30 2 42 10 47 33 49 13 39 16 41 32 17 24 20 15 3 4 18 50 22 

Inst_Index:7352 	 City_Num:50 	 Concorde:5.518569 	 MCTS:5.512073 Improve:0.006495 	 Time:3.77 Seconds
Solution: 1 43 4 7 5 25 26 2 37 35 50 30 28 29 14 31 42 12 13 21 16 15 49 34 32 33 27 39 22 45 36 46 8 11 18 48 3 9 10 41 24 40 38 6 17 44 47 19 20 23 

Inst_Index:7353 	 City_Num:50 	 Concorde:5.868319 	 MCTS:5.866516 Improve:0.001803 	 Time:3.75 Seconds
Solution: 1 14 7 13 37 43 22 42 12 36 39 34 32 38 50 21 47 4 19 25 45 48 11 3 5 23 17 33 6 41 30 9 20 18 29 28 26 10 35 15 2 31 40 49 24 27 8 44 16 46 

Inst_Index:7354 	 City_Num:50 	 Concorde:5.436548 	 MCTS:5.434001 Improve:0.002547 	 Time:3.77 Seconds
Solution: 1 17 40 12 39 7 22 29 9 45 14 38 19 6 28 20 42 48 47 34 41 32 46 50 37 27 8 23 36 43 18 33 25 3 13 24 30 21 16 10 5 11 2 44 35 26 15 49 4 31 

Inst_Index:7355 	 City_Num:50 	 Concorde:5.725891 	 MCTS:5.722486 Improve:0.003404 	 Time:3.76 Seconds
Solution: 1 18 30 35 32 3 37 4 2 16 12 39 26 6 48 8 22 14 41 15 45 19 31 20 7 21 38 17 9 33 13 28 49 24 46 44 27 50 29 11 5 25 36 42 43 40 23 34 47 10 

Inst_Index:7356 	 City_Num:50 	 Concorde:5.801150 	 MCTS:5.801150 Improve:-0.000000 	 Time:3.76 Seconds
Solution: 1 32 14 47 44 40 33 4 16 15 43 13 18 11 45 21 9 49 38 31 17 41 5 3 22 35 19 8 42 34 6 24 46 37 29 12 26 27 25 2 36 10 28 48 30 7 20 23 50 39 

Inst_Index:7357 	 City_Num:50 	 Concorde:5.795426 	 MCTS:5.790258 Improve:0.005168 	 Time:3.77 Seconds
Solution: 1 15 27 31 28 47 21 46 13 4 6 17 7 20 45 41 16 44 50 8 30 40 38 37 25 10 24 9 35 32 12 49 2 42 33 43 36 26 19 48 39 34 23 11 3 5 29 22 14 18 

Inst_Index:7358 	 City_Num:50 	 Concorde:5.552382 	 MCTS:5.552382 Improve:-0.000000 	 Time:3.77 Seconds
Solution: 1 43 14 23 26 28 15 17 22 19 50 35 46 36 49 45 27 9 48 24 25 4 33 37 11 21 29 32 39 42 6 31 5 34 10 18 47 7 40 13 44 8 41 12 38 3 2 20 30 16 

Inst_Index:7359 	 City_Num:50 	 Concorde:5.025884 	 MCTS:5.025884 Improve:0.000000 	 Time:3.76 Seconds
Solution: 1 34 24 36 11 47 29 43 12 4 8 19 16 40 5 26 27 38 21 42 22 15 45 28 50 14 23 32 30 17 39 35 46 9 31 33 25 2 49 18 44 41 37 6 10 3 20 13 48 7 

Inst_Index:7360 	 City_Num:50 	 Concorde:5.790830 	 MCTS:5.790830 Improve:-0.000000 	 Time:3.77 Seconds
Solution: 1 24 10 35 27 49 32 47 7 48 22 39 38 43 8 17 45 14 34 20 28 18 13 4 9 12 40 19 2 6 29 25 11 36 26 15 50 44 31 16 3 23 46 21 33 41 37 30 5 42 

Inst_Index:7361 	 City_Num:50 	 Concorde:5.764602 	 MCTS:5.764602 Improve:-0.000000 	 Time:3.76 Seconds
Solution: 1 28 15 32 39 21 48 23 14 5 19 34 20 36 30 8 38 46 45 40 42 3 47 2 24 44 13 43 11 27 26 31 41 49 12 33 50 35 7 18 17 22 4 37 6 16 9 29 10 25 

Inst_Index:7362 	 City_Num:50 	 Concorde:5.238245 	 MCTS:5.238245 Improve:0.000000 	 Time:3.77 Seconds
Solution: 1 32 24 47 27 18 48 44 5 45 17 12 42 28 3 10 25 43 34 30 15 4 13 50 8 22 16 38 40 9 49 2 20 26 31 33 19 39 21 11 7 46 37 14 41 23 36 29 6 35 

Inst_Index:7363 	 City_Num:50 	 Concorde:5.731914 	 MCTS:5.728524 Improve:0.003389 	 Time:3.76 Seconds
Solution: 1 40 2 50 32 27 38 47 37 43 9 41 29 18 21 25 14 24 4 11 23 7 6 16 3 20 13 5 44 35 19 15 34 39 31 49 30 42 46 28 8 22 26 48 33 36 10 17 12 45 

Inst_Index:7364 	 City_Num:50 	 Concorde:5.920376 	 MCTS:5.920376 Improve:-0.000000 	 Time:3.76 Seconds
Solution: 1 39 10 11 34 13 19 21 42 50 3 37 49 16 32 35 7 9 31 36 8 27 41 30 5 20 47 28 6 38 48 29 23 40 14 46 22 33 4 2 15 43 26 44 12 18 17 45 25 24 

Inst_Index:7365 	 City_Num:50 	 Concorde:6.190345 	 MCTS:6.189528 Improve:0.000817 	 Time:3.75 Seconds
Solution: 1 27 40 34 47 2 9 11 28 12 23 50 42 19 49 21 36 39 5 4 43 17 45 44 24 37 22 38 25 15 29 3 48 20 7 26 30 14 41 8 35 31 33 16 10 32 46 13 6 18 

Inst_Index:7366 	 City_Num:50 	 Concorde:5.713639 	 MCTS:5.712320 Improve:0.001319 	 Time:3.75 Seconds
Solution: 1 47 40 23 38 26 28 31 39 6 22 45 50 7 4 11 15 12 42 41 3 14 8 21 17 48 13 46 49 24 29 16 10 34 36 44 33 9 37 32 2 25 19 20 43 27 35 18 30 5 

Inst_Index:7367 	 City_Num:50 	 Concorde:5.053095 	 MCTS:5.053095 Improve:0.000000 	 Time:3.77 Seconds
Solution: 1 4 32 38 23 47 24 10 45 5 41 33 19 46 30 27 25 35 49 17 26 3 43 34 28 18 36 50 15 21 7 12 44 8 14 22 37 48 9 29 16 11 13 31 42 39 2 6 40 20 

Inst_Index:7368 	 City_Num:50 	 Concorde:5.767221 	 MCTS:5.767221 Improve:0.000000 	 Time:3.76 Seconds
Solution: 1 47 48 42 16 8 36 43 23 11 25 35 18 9 50 13 2 32 30 3 12 49 40 45 28 31 17 21 10 44 29 27 20 37 38 4 5 46 6 14 33 26 19 22 39 34 7 15 24 41 

Inst_Index:7369 	 City_Num:50 	 Concorde:6.158193 	 MCTS:6.158193 Improve:0.000000 	 Time:3.76 Seconds
Solution: 1 30 32 24 42 37 35 9 47 44 38 31 41 48 34 20 43 12 46 49 3 26 6 21 14 5 4 19 36 7 23 27 10 16 40 11 22 50 29 17 8 13 2 15 25 45 28 39 33 18 

Inst_Index:7370 	 City_Num:50 	 Concorde:5.873906 	 MCTS:5.869262 Improve:0.004644 	 Time:3.75 Seconds
Solution: 1 39 43 6 26 17 30 33 46 2 5 34 9 49 10 45 47 19 21 16 36 20 15 28 24 25 23 40 12 48 27 11 8 50 31 4 3 44 22 29 32 41 35 13 7 42 14 38 37 18 

Inst_Index:7371 	 City_Num:50 	 Concorde:5.860120 	 MCTS:5.860120 Improve:0.000000 	 Time:3.77 Seconds
Solution: 1 27 39 17 16 29 13 3 9 2 18 37 4 36 50 19 8 44 24 7 47 41 20 11 30 10 45 28 5 35 15 32 25 34 40 14 38 46 43 31 48 49 33 22 42 23 26 21 6 12 

Inst_Index:7372 	 City_Num:50 	 Concorde:5.670198 	 MCTS:5.670198 Improve:-0.000000 	 Time:3.76 Seconds
Solution: 1 40 27 41 29 34 19 2 32 18 46 17 37 11 26 25 14 42 50 35 5 15 8 43 48 23 31 39 20 3 24 4 6 33 30 16 47 12 49 9 10 13 21 28 7 45 38 44 36 22 

Inst_Index:7373 	 City_Num:50 	 Concorde:5.744858 	 MCTS:5.744858 Improve:0.000000 	 Time:3.75 Seconds
Solution: 1 3 23 4 43 24 34 20 42 11 27 40 29 49 44 9 21 19 12 47 25 41 26 39 28 48 45 6 36 32 5 35 15 31 50 7 17 13 2 37 33 38 18 8 46 30 14 10 22 16 

Inst_Index:7374 	 City_Num:50 	 Concorde:5.919352 	 MCTS:5.917758 Improve:0.001593 	 Time:3.76 Seconds
Solution: 1 20 44 40 13 6 19 43 7 41 30 48 8 24 31 14 36 32 23 26 29 49 12 45 10 2 50 46 22 18 28 38 17 42 4 11 5 16 27 15 21 25 35 47 3 34 39 9 37 33 

Inst_Index:7375 	 City_Num:50 	 Concorde:5.922663 	 MCTS:5.921208 Improve:0.001455 	 Time:3.77 Seconds
Solution: 1 22 7 48 3 39 38 47 21 17 12 9 34 33 11 10 50 28 40 29 31 6 24 5 4 15 49 19 44 16 25 26 46 45 2 37 30 20 14 13 27 36 35 18 32 43 42 23 41 8 

Inst_Index:7376 	 City_Num:50 	 Concorde:5.600694 	 MCTS:5.593772 Improve:0.006922 	 Time:3.76 Seconds
Solution: 1 29 47 11 18 19 46 37 27 38 39 41 28 31 20 26 6 9 32 24 4 35 34 17 13 12 7 48 8 33 2 36 14 30 43 45 5 40 22 44 21 15 49 50 23 10 42 3 16 25 

Inst_Index:7377 	 City_Num:50 	 Concorde:5.827806 	 MCTS:5.827331 Improve:0.000476 	 Time:3.75 Seconds
Solution: 1 38 33 4 28 12 19 13 46 17 32 31 45 23 20 6 40 22 48 25 2 44 15 3 39 49 50 42 10 16 14 7 47 8 18 37 34 30 27 9 36 41 29 11 26 21 35 43 5 24 

Inst_Index:7378 	 City_Num:50 	 Concorde:5.795861 	 MCTS:5.795861 Improve:0.000000 	 Time:3.76 Seconds
Solution: 1 46 35 9 26 16 15 4 47 17 37 13 24 28 43 48 42 33 20 19 12 10 29 50 41 6 25 31 27 32 49 36 7 11 5 3 8 45 34 14 21 40 18 23 22 30 39 2 44 38 

Inst_Index:7379 	 City_Num:50 	 Concorde:5.386894 	 MCTS:5.386894 Improve:-0.000000 	 Time:3.76 Seconds
Solution: 1 23 49 42 20 11 24 26 29 41 9 43 13 30 28 8 48 37 4 10 35 44 39 46 50 31 45 27 21 12 22 38 17 40 7 34 15 19 36 32 5 16 3 47 33 25 14 2 18 6 

Inst_Index:7380 	 City_Num:50 	 Concorde:5.455393 	 MCTS:5.455393 Improve:0.000000 	 Time:3.76 Seconds
Solution: 1 44 8 36 48 26 11 31 42 24 23 16 21 19 14 4 35 45 7 34 30 28 27 10 41 49 9 15 18 43 6 33 47 25 37 3 5 40 17 22 20 46 50 2 39 12 38 29 32 13 

Inst_Index:7381 	 City_Num:50 	 Concorde:5.771901 	 MCTS:5.771273 Improve:0.000628 	 Time:3.76 Seconds
Solution: 1 15 24 11 29 26 39 42 43 20 46 23 8 21 32 28 19 38 47 5 14 22 50 12 27 6 25 17 33 10 30 44 37 18 48 34 49 36 16 41 40 9 31 7 35 45 4 2 13 3 

Inst_Index:7382 	 City_Num:50 	 Concorde:5.748902 	 MCTS:5.748902 Improve:0.000000 	 Time:3.76 Seconds
Solution: 1 36 46 2 18 23 17 7 19 11 44 49 21 6 13 22 33 34 14 15 50 29 48 27 31 32 38 28 45 9 39 16 24 35 30 40 37 42 47 41 5 12 3 43 8 20 26 10 25 4 

Inst_Index:7383 	 City_Num:50 	 Concorde:5.383337 	 MCTS:5.383337 Improve:-0.000000 	 Time:3.75 Seconds
Solution: 1 45 41 27 7 31 48 2 19 46 6 34 8 36 14 20 24 17 18 43 30 39 32 16 38 44 26 37 50 40 33 35 22 5 25 47 9 4 49 12 21 23 3 10 42 28 13 29 15 11 

Inst_Index:7384 	 City_Num:50 	 Concorde:5.117455 	 MCTS:5.117455 Improve:-0.000000 	 Time:3.76 Seconds
Solution: 1 8 11 33 15 45 7 6 42 39 38 25 35 26 13 46 36 44 49 31 34 41 17 23 4 19 27 29 24 43 20 32 2 12 21 22 18 28 30 9 40 37 14 10 3 5 16 50 47 48 

Inst_Index:7385 	 City_Num:50 	 Concorde:5.530740 	 MCTS:5.524953 Improve:0.005787 	 Time:3.76 Seconds
Solution: 1 16 45 30 14 8 42 6 46 5 15 34 18 39 32 9 26 22 33 27 47 12 11 40 4 37 43 36 24 23 21 19 3 38 44 48 2 35 50 25 13 20 10 29 41 28 31 17 7 49 

Inst_Index:7386 	 City_Num:50 	 Concorde:5.511850 	 MCTS:5.510357 Improve:0.001493 	 Time:3.77 Seconds
Solution: 1 42 5 14 17 36 48 39 28 4 21 33 11 15 22 10 47 35 9 45 3 19 43 24 49 25 16 31 18 30 44 37 27 46 40 50 13 26 34 23 29 41 38 6 2 8 7 20 32 12 

Inst_Index:7387 	 City_Num:50 	 Concorde:5.520419 	 MCTS:5.520419 Improve:-0.000000 	 Time:3.75 Seconds
Solution: 1 29 50 36 4 25 49 21 26 12 7 30 33 47 42 19 39 17 3 24 16 5 11 37 45 2 46 22 9 14 43 23 48 20 40 41 31 15 27 35 10 38 28 34 44 8 32 13 18 6 

Inst_Index:7388 	 City_Num:50 	 Concorde:5.575160 	 MCTS:5.571657 Improve:0.003503 	 Time:3.77 Seconds
Solution: 1 44 50 36 39 42 37 27 25 20 26 7 10 24 15 3 6 49 45 5 32 14 19 43 38 8 2 48 28 41 4 46 35 16 31 22 17 21 9 30 40 18 29 34 12 13 33 47 23 11 

Inst_Index:7389 	 City_Num:50 	 Concorde:5.325951 	 MCTS:5.325893 Improve:0.000058 	 Time:3.75 Seconds
Solution: 1 42 45 37 26 8 49 18 17 3 43 6 2 15 32 11 19 22 39 36 47 9 31 20 41 5 33 44 12 4 30 50 23 10 48 21 24 34 16 38 29 35 28 40 14 25 13 27 7 46 

Inst_Index:7390 	 City_Num:50 	 Concorde:5.521244 	 MCTS:5.521244 Improve:0.000000 	 Time:3.75 Seconds
Solution: 1 3 47 40 21 33 9 46 48 26 45 7 42 22 50 44 8 30 49 29 35 13 19 10 28 2 12 36 38 23 15 31 14 43 34 20 16 32 17 25 27 24 37 4 11 5 41 39 6 18 

Inst_Index:7391 	 City_Num:50 	 Concorde:5.639383 	 MCTS:5.627729 Improve:0.011654 	 Time:3.77 Seconds
Solution: 1 21 13 24 11 40 3 14 10 47 7 25 18 19 43 15 29 27 36 48 20 50 37 8 2 45 6 42 9 49 30 39 26 44 17 33 32 23 28 38 35 5 46 41 22 12 34 16 31 4 

Inst_Index:7392 	 City_Num:50 	 Concorde:6.200141 	 MCTS:6.200141 Improve:-0.000000 	 Time:3.75 Seconds
Solution: 1 3 19 12 27 17 31 23 45 28 25 18 22 7 4 42 34 33 9 48 24 29 44 21 47 30 46 50 49 8 2 15 38 32 11 5 43 36 20 37 16 10 39 41 26 13 6 35 40 14 

Inst_Index:7393 	 City_Num:50 	 Concorde:5.686442 	 MCTS:5.686442 Improve:0.000000 	 Time:3.75 Seconds
Solution: 1 37 11 22 40 30 3 33 50 32 43 41 18 8 27 49 39 14 31 38 28 24 7 2 5 29 26 16 42 34 44 20 21 13 19 23 17 46 35 12 48 36 6 10 4 25 45 47 9 15 

Inst_Index:7394 	 City_Num:50 	 Concorde:5.406269 	 MCTS:5.406269 Improve:-0.000000 	 Time:3.75 Seconds
Solution: 1 47 5 19 45 46 44 13 22 42 34 27 20 10 24 9 30 21 49 17 12 23 2 11 15 14 41 38 32 33 26 25 16 8 18 37 31 35 40 48 6 7 43 36 4 28 50 29 39 3 

Inst_Index:7395 	 City_Num:50 	 Concorde:5.828570 	 MCTS:5.828570 Improve:0.000000 	 Time:3.76 Seconds
Solution: 1 24 16 46 7 6 14 37 8 26 4 41 38 35 40 27 10 22 48 17 49 50 13 18 33 43 31 5 9 45 29 20 21 47 25 32 2 15 23 34 28 44 42 11 12 39 19 3 30 36 

Inst_Index:7396 	 City_Num:50 	 Concorde:5.735681 	 MCTS:5.735681 Improve:0.000000 	 Time:3.75 Seconds
Solution: 1 6 11 47 20 2 46 5 36 24 44 34 43 26 13 48 16 17 42 49 30 12 8 33 41 50 45 22 23 7 38 21 28 29 18 14 25 10 37 15 3 4 40 35 19 27 32 31 9 39 

Inst_Index:7397 	 City_Num:50 	 Concorde:5.767334 	 MCTS:5.767334 Improve:0.000000 	 Time:3.76 Seconds
Solution: 1 13 11 47 17 35 49 16 38 5 10 19 24 9 46 3 7 4 8 22 39 14 34 20 30 33 28 26 29 12 25 15 31 23 27 48 44 32 43 45 36 40 21 42 41 18 2 6 37 50 

Inst_Index:7398 	 City_Num:50 	 Concorde:5.723616 	 MCTS:5.717734 Improve:0.005881 	 Time:3.76 Seconds
Solution: 1 44 5 39 24 31 10 34 33 16 8 30 47 38 9 2 3 45 32 6 40 7 28 11 29 36 22 48 18 4 27 26 20 42 41 17 37 21 43 23 46 13 49 15 50 14 35 12 19 25 

Inst_Index:7399 	 City_Num:50 	 Concorde:5.947494 	 MCTS:5.947494 Improve:-0.000000 	 Time:3.77 Seconds
Solution: 1 12 48 50 6 47 49 17 45 15 2 5 16 25 18 30 19 27 31 23 9 36 34 38 35 41 26 29 28 11 46 21 3 37 22 42 20 24 40 44 7 43 39 4 32 8 14 13 33 10 

Inst_Index:7400 	 City_Num:50 	 Concorde:5.216951 	 MCTS:5.216951 Improve:-0.000000 	 Time:3.77 Seconds
Solution: 1 2 27 14 5 45 36 13 23 44 17 18 31 40 35 26 32 47 25 28 37 3 12 42 30 41 33 15 29 7 22 11 46 24 16 43 8 50 19 21 4 6 38 20 39 48 10 49 34 9 

Inst_Index:7401 	 City_Num:50 	 Concorde:5.690841 	 MCTS:5.690841 Improve:-0.000000 	 Time:3.77 Seconds
Solution: 1 25 10 16 31 37 23 26 22 45 32 41 40 4 50 20 27 34 44 9 38 36 46 42 28 13 21 29 33 8 24 48 49 47 43 12 19 11 6 5 14 18 2 35 17 7 39 30 15 3 

Inst_Index:7402 	 City_Num:50 	 Concorde:6.164255 	 MCTS:6.164255 Improve:-0.000000 	 Time:3.76 Seconds
Solution: 1 13 15 10 16 22 5 37 48 50 19 29 24 45 33 3 42 25 11 8 43 23 4 47 6 49 12 36 34 31 41 27 26 21 2 39 35 46 18 7 38 9 28 44 20 14 30 17 32 40 

Inst_Index:7403 	 City_Num:50 	 Concorde:5.418681 	 MCTS:5.418681 Improve:0.000000 	 Time:3.77 Seconds
Solution: 1 46 9 34 27 30 6 23 37 39 7 42 4 32 10 44 15 16 3 25 35 28 24 8 49 38 13 50 5 31 22 45 43 21 48 17 12 11 29 14 36 40 20 18 47 26 2 19 41 33 

Inst_Index:7404 	 City_Num:50 	 Concorde:5.771241 	 MCTS:5.771241 Improve:0.000000 	 Time:3.76 Seconds
Solution: 1 25 18 32 28 19 26 49 30 3 7 44 34 35 48 41 2 29 23 43 13 17 33 47 16 46 9 24 31 10 11 14 15 45 6 12 8 40 37 5 42 27 22 4 21 50 36 38 20 39 

Inst_Index:7405 	 City_Num:50 	 Concorde:5.578932 	 MCTS:5.578932 Improve:0.000000 	 Time:3.75 Seconds
Solution: 1 19 13 46 14 44 4 49 47 42 24 27 25 45 5 6 16 8 15 30 37 31 9 11 7 40 12 43 34 41 36 18 28 21 10 22 32 48 20 17 38 39 35 29 3 2 33 26 50 23 

Inst_Index:7406 	 City_Num:50 	 Concorde:6.232426 	 MCTS:6.232426 Improve:0.000000 	 Time:3.75 Seconds
Solution: 1 13 21 39 46 19 29 48 49 4 30 9 42 44 31 38 36 14 15 41 2 26 35 16 37 12 11 40 43 8 17 24 34 50 6 27 3 25 28 23 32 45 20 10 47 33 18 5 22 7 

Inst_Index:7407 	 City_Num:50 	 Concorde:5.768984 	 MCTS:5.768984 Improve:0.000000 	 Time:3.77 Seconds
Solution: 1 43 46 36 29 17 42 10 49 26 27 13 9 25 3 45 20 33 2 34 7 37 39 50 47 8 24 18 35 40 48 16 31 5 22 12 11 21 19 44 15 41 4 14 28 38 30 32 6 23 

Inst_Index:7408 	 City_Num:50 	 Concorde:5.413455 	 MCTS:5.413455 Improve:-0.000000 	 Time:3.76 Seconds
Solution: 1 36 7 24 22 33 12 30 31 16 21 20 10 48 25 35 40 11 15 39 46 19 37 34 9 23 6 3 50 4 49 26 2 32 5 13 44 18 42 38 17 14 28 45 27 47 43 8 41 29 

Inst_Index:7409 	 City_Num:50 	 Concorde:5.836359 	 MCTS:5.833434 Improve:0.002924 	 Time:3.77 Seconds
Solution: 1 29 24 21 48 38 49 32 45 18 16 35 34 33 40 27 36 15 22 2 20 7 17 43 14 4 41 10 8 26 50 30 46 9 47 23 3 42 25 44 31 5 12 28 6 39 19 11 37 13 

Inst_Index:7410 	 City_Num:50 	 Concorde:5.009768 	 MCTS:5.008654 Improve:0.001114 	 Time:3.76 Seconds
Solution: 1 11 33 2 50 48 15 23 8 41 22 20 46 31 14 32 12 47 18 16 7 40 5 9 49 10 42 39 3 24 6 25 36 19 28 4 34 37 35 13 26 21 45 17 43 27 44 29 38 30 

Inst_Index:7411 	 City_Num:50 	 Concorde:5.277006 	 MCTS:5.277006 Improve:0.000000 	 Time:3.76 Seconds
Solution: 1 39 26 45 21 35 38 2 30 10 9 32 31 48 15 13 23 4 50 20 29 8 3 44 41 33 7 6 14 18 40 34 43 11 5 28 25 12 37 36 17 46 24 16 22 27 19 42 49 47 

Inst_Index:7412 	 City_Num:50 	 Concorde:5.722893 	 MCTS:5.722893 Improve:-0.000000 	 Time:3.76 Seconds
Solution: 1 12 28 31 33 13 5 22 25 41 29 2 43 24 3 17 48 15 45 20 49 27 6 50 32 47 44 11 23 18 19 46 10 4 42 36 34 37 39 38 35 40 16 14 9 8 26 30 7 21 

Inst_Index:7413 	 City_Num:50 	 Concorde:5.812465 	 MCTS:5.812465 Improve:-0.000000 	 Time:3.75 Seconds
Solution: 1 17 31 48 50 26 35 45 47 22 12 27 32 4 39 3 25 16 21 49 33 38 6 40 7 18 34 19 11 2 46 43 29 15 9 14 44 41 20 5 24 36 28 10 8 13 37 30 42 23 

Inst_Index:7414 	 City_Num:50 	 Concorde:5.669583 	 MCTS:5.669583 Improve:-0.000000 	 Time:3.75 Seconds
Solution: 1 15 41 40 36 25 22 32 29 24 46 34 21 43 11 13 44 12 23 7 19 2 5 17 50 49 10 33 3 20 30 18 35 9 45 42 39 31 28 14 6 38 47 16 4 48 27 8 26 37 

Inst_Index:7415 	 City_Num:50 	 Concorde:5.195431 	 MCTS:5.188051 Improve:0.007380 	 Time:3.76 Seconds
Solution: 1 28 34 35 39 43 37 32 3 15 18 17 33 19 2 36 14 38 40 45 10 41 9 46 48 4 24 50 8 42 47 49 27 16 5 12 26 6 31 22 13 30 21 11 29 7 23 25 20 44 

Inst_Index:7416 	 City_Num:50 	 Concorde:5.571174 	 MCTS:5.571174 Improve:-0.000000 	 Time:3.76 Seconds
Solution: 1 42 12 18 34 36 43 19 32 37 14 22 16 39 30 45 9 49 46 40 47 26 23 50 15 29 4 21 41 7 2 6 24 28 25 11 5 8 17 27 13 38 31 35 44 10 20 48 3 33 

Inst_Index:7417 	 City_Num:50 	 Concorde:5.737195 	 MCTS:5.737195 Improve:-0.000000 	 Time:3.76 Seconds
Solution: 1 29 21 8 38 41 33 18 14 22 11 3 4 12 32 42 48 30 26 28 40 16 50 45 25 35 46 27 9 20 24 17 15 47 5 36 2 44 23 34 43 13 10 19 7 49 31 37 6 39 

Inst_Index:7418 	 City_Num:50 	 Concorde:5.626463 	 MCTS:5.626463 Improve:0.000000 	 Time:3.75 Seconds
Solution: 1 21 38 18 49 20 9 17 39 41 23 7 25 27 28 50 13 16 3 19 14 35 22 24 36 42 10 31 4 8 11 2 15 6 45 44 33 47 48 5 29 40 34 12 37 30 43 46 32 26 

Inst_Index:7419 	 City_Num:50 	 Concorde:5.950208 	 MCTS:5.944533 Improve:0.005675 	 Time:3.76 Seconds
Solution: 1 28 5 41 4 18 43 13 9 40 21 39 12 17 47 32 42 31 14 2 46 48 15 27 36 29 25 7 45 16 6 8 37 11 44 26 24 23 3 35 22 20 10 49 33 30 38 19 34 50 

Inst_Index:7420 	 City_Num:50 	 Concorde:5.873852 	 MCTS:5.871040 Improve:0.002812 	 Time:3.78 Seconds
Solution: 1 5 9 35 46 24 36 16 26 39 44 30 11 13 27 10 40 41 4 28 33 22 12 25 32 7 19 20 29 8 15 2 37 23 45 50 6 14 49 21 34 38 43 42 18 31 17 48 3 47 

Inst_Index:7421 	 City_Num:50 	 Concorde:5.626318 	 MCTS:5.626318 Improve:-0.000000 	 Time:3.77 Seconds
Solution: 1 39 8 6 32 26 48 34 16 13 14 17 37 44 19 4 29 24 10 28 22 5 21 7 46 11 41 9 27 45 31 50 20 42 23 15 47 40 2 43 18 33 35 25 38 36 49 30 3 12 

Inst_Index:7422 	 City_Num:50 	 Concorde:5.818232 	 MCTS:5.818232 Improve:0.000000 	 Time:3.76 Seconds
Solution: 1 30 39 12 21 50 25 40 33 13 15 8 29 27 7 38 22 18 5 47 32 6 45 14 24 34 19 31 9 2 48 17 28 16 20 37 11 26 36 41 4 44 35 3 46 43 23 49 42 10 

Inst_Index:7423 	 City_Num:50 	 Concorde:5.649894 	 MCTS:5.648859 Improve:0.001035 	 Time:3.76 Seconds
Solution: 1 15 21 33 9 42 39 7 19 23 44 17 12 28 4 48 46 13 27 3 16 37 6 22 43 45 50 20 11 26 36 49 40 18 8 47 25 34 35 10 2 32 41 14 29 5 31 38 24 30 

Inst_Index:7424 	 City_Num:50 	 Concorde:5.394041 	 MCTS:5.393524 Improve:0.000517 	 Time:3.76 Seconds
Solution: 1 17 50 16 32 48 6 22 7 18 13 10 9 8 30 15 40 37 35 19 20 49 31 34 33 23 27 29 41 25 45 12 11 38 44 5 47 24 26 14 28 39 3 46 21 2 4 43 42 36 

Inst_Index:7425 	 City_Num:50 	 Concorde:5.682797 	 MCTS:5.673920 Improve:0.008877 	 Time:3.76 Seconds
Solution: 1 37 15 19 45 24 4 6 40 26 14 3 25 2 9 46 44 13 33 27 28 38 50 29 49 43 21 23 36 47 11 42 41 31 39 34 8 10 20 16 7 32 48 30 22 12 18 35 17 5 

Inst_Index:7426 	 City_Num:50 	 Concorde:5.568040 	 MCTS:5.568040 Improve:-0.000000 	 Time:3.76 Seconds
Solution: 1 13 40 34 7 4 41 32 25 28 21 11 45 46 27 36 26 16 39 9 20 3 38 23 17 15 44 5 19 30 37 33 49 42 12 48 18 29 8 43 47 10 22 14 24 2 50 6 31 35 

Inst_Index:7427 	 City_Num:50 	 Concorde:5.936261 	 MCTS:5.936261 Improve:-0.000000 	 Time:3.76 Seconds
Solution: 1 42 31 9 13 15 33 47 36 39 7 28 48 16 3 38 37 5 8 32 49 10 24 20 4 21 46 6 12 14 29 18 11 43 27 23 44 35 19 45 41 40 22 50 30 34 17 26 25 2 

Inst_Index:7428 	 City_Num:50 	 Concorde:5.485452 	 MCTS:5.485452 Improve:-0.000000 	 Time:3.76 Seconds
Solution: 1 29 22 9 40 33 31 30 21 13 42 38 17 47 25 41 18 20 10 50 48 4 49 6 28 43 24 12 45 46 14 39 3 35 37 16 5 26 19 11 23 8 27 32 15 44 36 7 2 34 

Inst_Index:7429 	 City_Num:50 	 Concorde:5.991956 	 MCTS:5.989280 Improve:0.002676 	 Time:3.76 Seconds
Solution: 1 3 50 25 21 39 20 16 23 38 28 7 26 5 10 32 34 19 49 13 17 15 37 2 42 27 33 22 8 9 35 44 46 31 11 12 18 43 24 29 48 4 30 47 14 45 41 36 40 6 

Inst_Index:7430 	 City_Num:50 	 Concorde:5.568235 	 MCTS:5.566682 Improve:0.001553 	 Time:3.76 Seconds
Solution: 1 46 40 35 29 15 26 50 23 20 17 33 7 34 19 6 16 42 41 38 39 31 44 11 18 9 22 14 27 32 43 49 3 30 4 48 5 28 8 10 21 37 24 47 36 45 12 2 13 25 

Inst_Index:7431 	 City_Num:50 	 Concorde:5.649992 	 MCTS:5.648859 Improve:0.001133 	 Time:3.76 Seconds
Solution: 1 34 46 16 43 50 17 33 12 39 21 48 5 4 18 11 37 15 3 30 20 9 28 45 14 42 7 2 22 41 40 23 32 27 47 6 19 13 44 8 24 10 49 36 38 35 26 25 29 31 

Inst_Index:7432 	 City_Num:50 	 Concorde:5.613279 	 MCTS:5.608754 Improve:0.004525 	 Time:3.75 Seconds
Solution: 1 31 3 29 43 2 16 21 47 30 7 22 25 33 18 39 6 14 35 8 13 36 19 32 45 38 40 48 11 28 9 46 41 26 24 20 44 4 42 49 50 34 15 17 12 10 23 5 37 27 

Inst_Index:7433 	 City_Num:50 	 Concorde:5.849720 	 MCTS:5.849720 Improve:0.000000 	 Time:3.77 Seconds
Solution: 1 45 33 35 2 26 19 21 32 5 30 15 50 31 28 3 14 44 22 17 29 41 10 36 38 49 12 23 8 24 9 42 37 4 16 48 7 47 25 6 13 11 34 20 43 27 46 40 18 39 

Inst_Index:7434 	 City_Num:50 	 Concorde:5.360310 	 MCTS:5.355997 Improve:0.004313 	 Time:3.75 Seconds
Solution: 1 19 46 49 32 39 7 29 27 2 26 43 33 11 3 15 50 12 9 34 42 25 35 37 48 24 18 40 10 4 17 14 13 5 20 41 21 38 44 28 22 45 47 8 23 36 6 31 16 30 

Inst_Index:7435 	 City_Num:50 	 Concorde:5.437239 	 MCTS:5.433929 Improve:0.003309 	 Time:3.76 Seconds
Solution: 1 20 7 9 4 50 34 30 41 10 17 44 47 27 46 24 5 48 12 13 40 29 2 21 19 6 14 31 28 43 15 22 16 33 25 3 8 23 36 45 37 18 35 26 11 32 42 39 49 38 

Inst_Index:7436 	 City_Num:50 	 Concorde:5.718308 	 MCTS:5.718308 Improve:-0.000000 	 Time:3.76 Seconds
Solution: 1 36 21 39 23 50 41 42 5 8 28 3 48 24 40 15 31 16 6 32 18 43 35 47 20 9 49 19 27 13 2 38 10 12 46 14 4 22 11 45 34 37 44 25 26 33 30 17 7 29 

Inst_Index:7437 	 City_Num:50 	 Concorde:5.885786 	 MCTS:5.885742 Improve:0.000044 	 Time:3.77 Seconds
Solution: 1 26 40 29 33 7 17 4 22 12 47 23 15 48 36 24 9 19 45 41 13 42 6 10 14 37 49 18 2 31 16 20 43 39 44 21 27 30 28 35 5 25 34 11 32 8 3 50 38 46 

Inst_Index:7438 	 City_Num:50 	 Concorde:5.818115 	 MCTS:5.816959 Improve:0.001156 	 Time:3.76 Seconds
Solution: 1 38 23 47 13 44 20 22 50 24 16 37 5 46 10 21 17 41 6 12 8 2 19 15 39 49 30 29 11 26 27 34 33 4 9 35 36 32 14 18 3 43 25 31 40 45 42 7 28 48 

Inst_Index:7439 	 City_Num:50 	 Concorde:5.591320 	 MCTS:5.591220 Improve:0.000100 	 Time:3.76 Seconds
Solution: 1 6 5 40 2 36 24 48 49 25 8 30 37 15 47 11 20 19 9 43 21 35 32 22 29 44 7 34 4 33 38 39 28 3 50 18 23 46 42 31 17 16 13 26 14 45 10 41 27 12 

Inst_Index:7440 	 City_Num:50 	 Concorde:5.493657 	 MCTS:5.493657 Improve:0.000000 	 Time:3.76 Seconds
Solution: 1 36 48 11 12 19 7 3 50 28 41 40 29 21 4 30 31 44 39 10 18 20 8 15 27 38 17 5 14 34 2 6 9 13 46 32 49 23 35 43 25 16 45 42 24 33 22 26 47 37 

Inst_Index:7441 	 City_Num:50 	 Concorde:5.513627 	 MCTS:5.513627 Improve:0.000000 	 Time:3.75 Seconds
Solution: 1 47 37 33 43 15 38 20 10 17 26 6 39 21 36 24 46 7 41 4 12 9 13 11 44 27 49 22 34 19 25 14 5 30 45 8 40 3 48 16 2 23 29 50 42 31 18 32 35 28 

Inst_Index:7442 	 City_Num:50 	 Concorde:5.894340 	 MCTS:5.890306 Improve:0.004034 	 Time:3.76 Seconds
Solution: 1 44 2 23 42 3 15 22 6 41 10 27 34 30 36 33 48 29 13 45 46 35 38 12 18 40 4 31 24 19 5 49 20 25 43 8 11 16 28 37 26 9 47 21 17 14 32 39 7 50 

Inst_Index:7443 	 City_Num:50 	 Concorde:5.942957 	 MCTS:5.942957 Improve:0.000000 	 Time:3.76 Seconds
Solution: 1 4 48 13 11 42 44 43 20 47 8 34 30 9 37 35 27 38 3 26 36 33 31 39 32 12 6 21 49 14 29 5 28 17 22 23 41 15 2 16 25 10 19 46 40 45 18 50 7 24 

Inst_Index:7444 	 City_Num:50 	 Concorde:5.680405 	 MCTS:5.680405 Improve:0.000000 	 Time:3.76 Seconds
Solution: 1 46 21 28 42 15 7 48 35 24 3 19 33 16 50 38 32 26 41 22 8 40 30 34 31 39 9 25 11 10 45 23 5 2 18 17 27 44 6 47 29 12 36 20 13 14 37 49 43 4 

Inst_Index:7445 	 City_Num:50 	 Concorde:5.487657 	 MCTS:5.483747 Improve:0.003910 	 Time:3.76 Seconds
Solution: 1 43 6 18 14 46 21 40 35 22 10 24 36 23 30 50 48 2 12 33 9 19 11 3 29 34 8 37 13 26 42 32 31 20 7 5 17 25 28 41 38 27 4 39 47 49 15 45 16 44 

Inst_Index:7446 	 City_Num:50 	 Concorde:5.484326 	 MCTS:5.482950 Improve:0.001377 	 Time:3.78 Seconds
Solution: 1 21 8 39 17 13 43 40 50 19 9 23 38 26 45 10 6 29 22 31 7 2 5 16 4 42 14 12 28 46 20 47 34 24 37 36 48 41 11 15 25 30 35 44 49 32 33 3 27 18 

Inst_Index:7447 	 City_Num:50 	 Concorde:5.561594 	 MCTS:5.561594 Improve:0.000000 	 Time:3.78 Seconds
Solution: 1 24 34 7 14 19 43 50 35 32 11 8 33 31 46 26 2 30 42 44 10 47 27 49 13 20 18 5 28 6 40 22 21 16 25 15 4 39 37 48 45 12 9 36 38 17 3 29 41 23 

Inst_Index:7448 	 City_Num:50 	 Concorde:5.182522 	 MCTS:5.182459 Improve:0.000063 	 Time:3.76 Seconds
Solution: 1 8 26 50 13 48 31 38 20 3 6 14 45 4 15 30 2 34 10 22 18 32 46 36 43 49 9 19 35 39 27 23 11 25 40 41 33 5 24 29 21 37 17 16 12 42 44 28 47 7 

Inst_Index:7449 	 City_Num:50 	 Concorde:5.279814 	 MCTS:5.276223 Improve:0.003591 	 Time:3.76 Seconds
Solution: 1 28 38 33 22 35 36 41 9 25 32 10 16 7 14 6 2 49 15 45 23 42 44 40 11 19 24 47 37 18 43 3 26 4 48 31 5 46 30 39 34 8 27 20 12 29 13 50 17 21 

Inst_Index:7450 	 City_Num:50 	 Concorde:5.703497 	 MCTS:5.703497 Improve:0.000000 	 Time:3.75 Seconds
Solution: 1 46 27 31 48 22 39 49 23 6 26 32 45 42 35 15 5 10 36 2 9 38 17 47 33 7 19 13 11 29 3 20 30 41 50 16 8 43 34 4 40 18 12 44 24 14 28 25 37 21 

Inst_Index:7451 	 City_Num:50 	 Concorde:5.746975 	 MCTS:5.746975 Improve:0.000000 	 Time:3.76 Seconds
Solution: 1 47 18 26 32 7 5 15 20 31 9 42 2 11 30 10 22 16 28 29 45 44 27 23 48 49 38 37 25 6 43 35 12 36 19 8 34 50 33 24 46 40 39 14 13 21 4 3 41 17 

Inst_Index:7452 	 City_Num:50 	 Concorde:5.606376 	 MCTS:5.601807 Improve:0.004569 	 Time:3.77 Seconds
Solution: 1 36 32 40 43 27 42 34 5 23 47 44 39 35 49 19 41 11 33 15 16 12 18 29 25 46 8 28 10 14 24 30 9 38 45 31 48 7 50 17 20 6 22 4 26 37 21 3 13 2 

Inst_Index:7453 	 City_Num:50 	 Concorde:6.013404 	 MCTS:6.013404 Improve:0.000000 	 Time:3.75 Seconds
Solution: 1 11 25 38 46 47 33 18 30 48 43 45 8 27 34 28 21 13 31 20 50 9 19 4 40 44 39 22 5 35 14 2 17 15 12 32 6 49 41 29 24 7 10 37 42 26 23 3 36 16 

Inst_Index:7454 	 City_Num:50 	 Concorde:5.716017 	 MCTS:5.716017 Improve:0.000000 	 Time:3.76 Seconds
Solution: 1 17 48 16 47 18 20 9 29 40 32 28 46 25 45 35 15 4 31 50 42 23 3 43 22 30 36 37 38 44 6 11 8 39 19 13 5 14 26 49 33 24 21 27 10 41 2 12 34 7 

Inst_Index:7455 	 City_Num:50 	 Concorde:5.936919 	 MCTS:5.935003 Improve:0.001916 	 Time:3.76 Seconds
Solution: 1 16 41 25 20 2 8 39 36 37 29 24 14 15 7 47 42 34 9 23 43 46 12 13 45 22 26 19 31 5 28 50 49 32 30 40 35 6 44 3 27 17 48 18 11 38 4 33 10 21 

Inst_Index:7456 	 City_Num:50 	 Concorde:5.722150 	 MCTS:5.718619 Improve:0.003530 	 Time:3.76 Seconds
Solution: 1 46 7 38 18 11 25 32 19 20 37 48 47 6 13 29 36 40 45 15 28 12 50 44 24 27 2 26 10 4 35 33 34 21 3 39 30 16 5 8 23 43 49 42 31 17 14 41 9 22 

Inst_Index:7457 	 City_Num:50 	 Concorde:5.591461 	 MCTS:5.591461 Improve:0.000000 	 Time:3.76 Seconds
Solution: 1 10 2 32 48 45 31 46 13 4 27 7 14 3 17 19 16 25 41 39 40 42 5 23 18 22 8 38 34 37 21 9 11 20 49 6 12 24 15 33 35 29 28 43 30 50 47 26 36 44 

Inst_Index:7458 	 City_Num:50 	 Concorde:4.998167 	 MCTS:4.987343 Improve:0.010823 	 Time:3.75 Seconds
Solution: 1 37 9 15 7 38 20 45 6 25 26 46 48 34 16 13 17 24 43 2 8 12 21 18 40 11 33 49 5 32 36 19 22 29 4 28 50 30 47 23 14 42 3 39 35 31 27 41 10 44 

Inst_Index:7459 	 City_Num:50 	 Concorde:5.592999 	 MCTS:5.592999 Improve:0.000000 	 Time:3.75 Seconds
Solution: 1 29 24 33 18 10 11 22 5 39 43 17 34 14 27 45 9 23 26 8 40 20 32 7 13 21 19 16 12 36 3 44 37 4 28 35 50 42 2 41 48 25 38 15 46 47 6 30 31 49 

Inst_Index:7460 	 City_Num:50 	 Concorde:5.404027 	 MCTS:5.402619 Improve:0.001408 	 Time:3.76 Seconds
Solution: 1 16 2 30 43 42 22 36 28 49 31 33 40 12 32 17 23 38 4 18 29 45 13 27 21 46 7 48 44 11 47 50 19 8 10 35 34 26 14 39 25 15 20 37 24 41 3 5 9 6 

Inst_Index:7461 	 City_Num:50 	 Concorde:5.670362 	 MCTS:5.670362 Improve:-0.000000 	 Time:3.77 Seconds
Solution: 1 41 3 48 47 4 43 9 35 8 26 34 19 10 27 29 20 14 6 7 12 38 36 46 24 23 42 11 45 32 37 16 15 25 30 40 31 22 44 49 21 50 13 28 33 5 18 17 39 2 

Inst_Index:7462 	 City_Num:50 	 Concorde:5.791150 	 MCTS:5.791150 Improve:-0.000000 	 Time:3.75 Seconds
Solution: 1 15 10 27 20 40 22 25 4 43 44 7 48 13 38 33 26 39 46 42 31 9 32 37 50 24 49 36 17 47 6 23 2 16 45 5 35 8 3 21 30 14 28 29 11 12 19 18 41 34 

Inst_Index:7463 	 City_Num:50 	 Concorde:5.663727 	 MCTS:5.663727 Improve:-0.000000 	 Time:3.76 Seconds
Solution: 1 40 11 45 26 48 42 7 36 2 22 15 6 47 16 23 31 34 9 32 35 28 5 25 12 39 19 50 20 24 3 10 33 44 4 14 29 27 43 30 49 21 18 17 38 46 37 8 13 41 

Inst_Index:7464 	 City_Num:50 	 Concorde:5.740372 	 MCTS:5.736936 Improve:0.003436 	 Time:3.75 Seconds
Solution: 1 8 22 40 24 5 41 12 46 7 13 30 16 43 18 27 29 14 25 17 45 49 28 31 33 36 4 39 15 23 10 44 50 48 42 32 21 9 26 34 6 47 20 19 38 3 2 35 11 37 

Inst_Index:7465 	 City_Num:50 	 Concorde:5.651585 	 MCTS:5.651585 Improve:0.000000 	 Time:3.76 Seconds
Solution: 1 25 6 34 29 10 44 41 50 46 15 42 20 5 2 28 33 39 13 32 3 47 31 26 19 49 48 30 40 12 9 24 17 11 22 4 27 21 37 35 7 38 23 14 16 36 8 18 43 45 

Inst_Index:7466 	 City_Num:50 	 Concorde:5.403086 	 MCTS:5.403086 Improve:0.000000 	 Time:3.76 Seconds
Solution: 1 36 41 19 43 13 14 17 22 49 47 45 7 34 9 30 15 23 10 40 18 11 27 50 6 24 32 35 39 28 37 4 42 3 2 26 12 33 25 38 29 31 8 44 46 48 21 16 5 20 

Inst_Index:7467 	 City_Num:50 	 Concorde:5.620051 	 MCTS:5.620051 Improve:0.000000 	 Time:3.77 Seconds
Solution: 1 2 7 8 49 40 6 32 45 10 31 24 14 25 18 20 21 9 27 15 47 23 5 26 16 19 34 43 46 44 38 17 11 39 12 22 3 41 42 13 4 33 30 37 48 36 50 29 35 28 

Inst_Index:7468 	 City_Num:50 	 Concorde:5.914073 	 MCTS:5.909251 Improve:0.004822 	 Time:3.75 Seconds
Solution: 1 6 33 5 34 30 44 45 4 29 2 12 46 7 49 50 22 39 23 19 25 21 31 26 16 3 40 10 48 36 43 8 38 42 41 14 11 24 20 13 35 47 32 27 28 37 18 9 17 15 

Inst_Index:7469 	 City_Num:50 	 Concorde:5.426654 	 MCTS:5.426654 Improve:0.000000 	 Time:3.76 Seconds
Solution: 1 37 45 25 36 8 3 31 40 49 30 22 50 6 42 2 39 27 17 21 24 15 47 34 16 7 18 5 33 9 23 13 19 38 10 14 48 29 41 20 26 35 43 28 12 4 11 44 46 32 

Inst_Index:7470 	 City_Num:50 	 Concorde:5.676229 	 MCTS:5.676229 Improve:-0.000000 	 Time:3.75 Seconds
Solution: 1 11 7 9 31 26 23 27 21 12 49 45 13 43 16 25 10 42 24 40 37 48 46 28 50 35 47 44 39 20 4 6 22 17 8 34 14 29 30 5 3 19 2 32 18 15 41 33 38 36 

Inst_Index:7471 	 City_Num:50 	 Concorde:5.768340 	 MCTS:5.768340 Improve:0.000000 	 Time:3.75 Seconds
Solution: 1 37 32 42 13 34 9 44 22 33 40 36 17 28 6 35 43 15 46 18 5 39 47 24 4 30 3 41 2 20 26 16 7 31 48 25 45 19 38 29 8 21 14 10 11 50 49 27 12 23 

Inst_Index:7472 	 City_Num:50 	 Concorde:5.945583 	 MCTS:5.945583 Improve:0.000000 	 Time:3.78 Seconds
Solution: 1 20 16 29 6 35 12 23 14 8 47 37 15 49 25 43 26 31 9 38 28 50 41 39 27 18 32 13 17 24 11 46 21 2 44 30 10 3 45 42 5 36 22 4 34 33 40 7 48 19 

Inst_Index:7473 	 City_Num:50 	 Concorde:5.797267 	 MCTS:5.797124 Improve:0.000143 	 Time:3.76 Seconds
Solution: 1 16 27 12 10 25 2 48 36 6 49 47 21 35 5 29 46 9 8 31 33 40 17 26 19 45 28 34 7 4 43 22 38 23 18 32 39 15 20 50 14 37 11 42 24 13 3 44 41 30 

Inst_Index:7474 	 City_Num:50 	 Concorde:5.234159 	 MCTS:5.226334 Improve:0.007825 	 Time:3.76 Seconds
Solution: 1 43 25 6 5 34 8 7 2 21 40 46 30 50 24 26 49 22 27 29 32 42 41 12 15 4 13 45 28 10 14 31 36 23 9 18 47 38 48 20 17 35 37 44 33 3 19 16 11 39 

Inst_Index:7475 	 City_Num:50 	 Concorde:5.586727 	 MCTS:5.586727 Improve:0.000000 	 Time:3.76 Seconds
Solution: 1 34 42 43 17 9 11 5 8 48 46 23 30 13 31 25 45 22 35 14 21 38 29 7 4 41 18 47 26 3 28 12 16 10 32 6 20 40 50 2 36 15 49 33 19 27 37 39 24 44 

Inst_Index:7476 	 City_Num:50 	 Concorde:6.004883 	 MCTS:6.004842 Improve:0.000042 	 Time:3.76 Seconds
Solution: 1 2 38 27 12 28 7 20 19 35 48 10 50 36 46 18 29 24 31 49 44 14 30 11 33 42 6 25 40 3 16 21 17 34 5 15 4 47 43 22 45 13 37 23 8 26 9 41 32 39 

Inst_Index:7477 	 City_Num:50 	 Concorde:5.856097 	 MCTS:5.856097 Improve:0.000000 	 Time:3.75 Seconds
Solution: 1 37 38 49 48 28 17 41 3 13 45 22 23 42 12 10 15 11 34 44 8 36 46 21 29 47 33 2 31 6 25 32 24 9 40 20 7 35 43 14 4 5 18 26 16 19 30 50 39 27 

Inst_Index:7478 	 City_Num:50 	 Concorde:6.167453 	 MCTS:6.164041 Improve:0.003412 	 Time:3.76 Seconds
Solution: 1 29 3 18 42 36 43 47 28 46 25 22 39 17 34 32 37 13 15 33 10 23 11 35 8 45 24 38 20 27 14 31 9 30 5 19 48 49 44 16 40 12 50 41 4 21 6 7 26 2 

Inst_Index:7479 	 City_Num:50 	 Concorde:5.869561 	 MCTS:5.869561 Improve:-0.000000 	 Time:3.75 Seconds
Solution: 1 9 16 34 42 37 12 48 28 41 44 39 24 36 21 25 49 15 32 2 47 10 14 11 8 20 29 4 19 3 43 22 7 31 6 46 23 40 45 18 26 27 13 30 5 17 38 35 33 50 

Inst_Index:7480 	 City_Num:50 	 Concorde:5.610170 	 MCTS:5.610170 Improve:0.000000 	 Time:3.75 Seconds
Solution: 1 21 50 3 45 49 26 42 44 46 48 18 47 31 40 25 34 16 17 41 5 12 19 4 10 15 36 38 29 2 30 28 39 33 32 22 24 8 35 11 27 23 7 13 14 43 9 20 6 37 

Inst_Index:7481 	 City_Num:50 	 Concorde:5.922415 	 MCTS:5.922415 Improve:0.000000 	 Time:3.77 Seconds
Solution: 1 7 42 15 37 2 38 40 19 26 39 4 34 3 20 32 48 43 12 31 18 23 13 41 11 10 44 5 47 45 35 46 33 27 30 21 17 50 49 16 6 25 14 28 8 36 9 29 22 24 

Inst_Index:7482 	 City_Num:50 	 Concorde:5.637308 	 MCTS:5.637136 Improve:0.000171 	 Time:3.76 Seconds
Solution: 1 42 36 39 8 50 33 25 44 6 29 30 43 31 12 41 49 22 9 34 45 10 14 16 2 18 7 28 37 3 20 32 21 38 5 23 24 47 46 4 27 48 35 40 26 13 19 15 17 11 

Inst_Index:7483 	 City_Num:50 	 Concorde:5.562127 	 MCTS:5.561522 Improve:0.000605 	 Time:3.77 Seconds
Solution: 1 19 9 46 45 28 44 36 18 22 4 8 16 48 17 38 12 47 37 21 50 26 41 43 23 24 14 13 30 10 33 42 5 32 25 40 7 15 29 20 6 27 31 11 39 34 49 3 35 2 

Inst_Index:7484 	 City_Num:50 	 Concorde:5.463442 	 MCTS:5.463442 Improve:-0.000000 	 Time:3.75 Seconds
Solution: 1 36 10 19 49 3 25 5 9 33 50 41 35 14 22 48 46 43 21 8 38 37 29 7 34 12 6 45 27 30 11 42 20 2 23 28 40 15 32 17 31 18 39 47 24 16 13 44 26 4 

Inst_Index:7485 	 City_Num:50 	 Concorde:5.823504 	 MCTS:5.823504 Improve:0.000000 	 Time:3.77 Seconds
Solution: 1 47 6 36 15 9 25 48 21 5 2 20 31 26 45 49 30 18 41 10 27 23 35 40 8 42 44 7 34 50 22 38 14 24 37 39 46 29 4 12 19 33 3 32 11 28 17 43 16 13 

Inst_Index:7486 	 City_Num:50 	 Concorde:5.939057 	 MCTS:5.938125 Improve:0.000931 	 Time:3.77 Seconds
Solution: 1 46 44 35 21 36 2 6 13 34 31 49 29 3 26 16 10 50 33 7 18 38 39 9 47 32 48 5 15 11 40 30 4 14 28 43 19 27 20 25 24 42 37 12 8 41 23 17 45 22 

Inst_Index:7487 	 City_Num:50 	 Concorde:5.059767 	 MCTS:5.059767 Improve:0.000000 	 Time:3.76 Seconds
Solution: 1 33 45 26 10 46 41 39 13 2 32 19 8 6 11 42 37 40 24 20 12 23 35 4 7 17 27 18 43 28 3 14 38 47 44 48 5 29 36 50 30 9 25 16 21 22 15 49 34 31 

Inst_Index:7488 	 City_Num:50 	 Concorde:5.678976 	 MCTS:5.678976 Improve:0.000000 	 Time:3.76 Seconds
Solution: 1 31 23 22 17 8 13 49 50 28 35 42 40 44 9 32 14 4 34 7 20 19 33 29 11 41 26 21 6 47 5 43 46 2 12 16 24 45 48 36 3 30 15 10 39 25 38 37 27 18 

Inst_Index:7489 	 City_Num:50 	 Concorde:5.802315 	 MCTS:5.800503 Improve:0.001812 	 Time:3.77 Seconds
Solution: 1 47 16 12 37 41 43 9 13 3 21 50 6 28 34 48 39 15 29 22 20 23 27 30 31 14 46 17 10 40 26 4 5 45 44 18 24 42 38 35 8 33 49 7 32 36 25 2 19 11 

Inst_Index:7490 	 City_Num:50 	 Concorde:5.696124 	 MCTS:5.696124 Improve:-0.000000 	 Time:3.77 Seconds
Solution: 1 39 20 41 50 27 7 28 19 44 11 13 23 45 4 12 46 49 9 14 38 15 42 43 24 29 10 32 33 21 37 30 18 17 26 6 16 31 36 35 40 5 2 8 22 25 47 3 34 48 

Inst_Index:7491 	 City_Num:50 	 Concorde:5.570314 	 MCTS:5.570314 Improve:0.000000 	 Time:3.76 Seconds
Solution: 1 3 23 9 31 19 14 28 41 29 48 8 37 42 25 26 22 10 15 18 20 44 47 32 4 17 11 2 36 30 49 12 50 45 6 35 43 13 38 33 27 34 39 46 40 7 16 5 24 21 

Inst_Index:7492 	 City_Num:50 	 Concorde:5.923147 	 MCTS:5.923147 Improve:-0.000000 	 Time:3.76 Seconds
Solution: 1 16 10 48 19 40 23 45 49 34 46 38 25 8 33 9 29 3 44 4 14 37 30 42 21 18 35 7 20 28 15 39 17 24 32 12 26 13 22 6 11 47 36 27 43 5 2 31 41 50 

Inst_Index:7493 	 City_Num:50 	 Concorde:5.314786 	 MCTS:5.314786 Improve:0.000000 	 Time:3.75 Seconds
Solution: 1 42 2 45 9 33 38 49 7 4 36 6 41 24 37 20 27 31 43 22 30 12 17 23 16 14 48 15 40 44 5 21 39 34 26 28 50 10 8 11 13 32 29 47 18 3 25 35 46 19 

Inst_Index:7494 	 City_Num:50 	 Concorde:5.727684 	 MCTS:5.727684 Improve:0.000000 	 Time:3.76 Seconds
Solution: 1 39 40 2 37 15 10 26 50 27 17 31 29 16 35 13 7 9 22 5 8 25 45 49 19 11 18 14 44 12 46 48 24 23 47 42 36 33 20 38 28 43 32 6 3 41 30 34 21 4 

Inst_Index:7495 	 City_Num:50 	 Concorde:5.550940 	 MCTS:5.545398 Improve:0.005542 	 Time:3.76 Seconds
Solution: 1 46 38 23 27 12 20 43 15 6 13 17 37 36 47 21 10 44 19 5 8 50 32 14 34 48 35 2 11 29 16 7 30 26 39 42 3 28 31 4 45 33 18 9 41 49 22 40 24 25 

Inst_Index:7496 	 City_Num:50 	 Concorde:5.487312 	 MCTS:5.483366 Improve:0.003947 	 Time:3.76 Seconds
Solution: 1 28 7 49 14 45 48 24 12 36 46 10 8 15 35 18 4 25 5 26 29 22 19 21 30 50 27 47 38 37 9 32 42 20 2 17 33 31 3 39 13 40 34 16 23 43 11 44 6 41 

Inst_Index:7497 	 City_Num:50 	 Concorde:6.111744 	 MCTS:6.111744 Improve:0.000000 	 Time:3.76 Seconds
Solution: 1 11 49 3 21 48 42 6 26 24 25 33 5 23 8 47 19 38 27 13 36 41 16 17 15 34 22 14 43 4 50 37 28 31 35 30 45 44 9 46 40 2 7 10 20 29 18 32 12 39 

Inst_Index:7498 	 City_Num:50 	 Concorde:5.447196 	 MCTS:5.447196 Improve:0.000000 	 Time:3.76 Seconds
Solution: 1 35 30 31 28 32 12 47 21 37 24 26 43 17 16 22 18 50 39 42 36 19 6 23 3 20 2 7 14 25 38 29 13 48 4 49 33 8 44 34 27 10 45 9 41 46 15 5 11 40 

Inst_Index:7499 	 City_Num:50 	 Concorde:5.961062 	 MCTS:5.959928 Improve:0.001134 	 Time:3.76 Seconds
Solution: 1 29 27 38 10 36 37 28 31 50 49 35 2 6 19 25 48 34 20 47 12 7 39 30 26 42 16 13 14 32 8 17 15 24 11 5 46 9 44 18 45 33 4 22 21 43 23 40 41 3 

Inst_Index:7500 	 City_Num:50 	 Concorde:5.828801 	 MCTS:5.826175 Improve:0.002626 	 Time:3.76 Seconds
Solution: 1 36 16 19 6 18 35 26 40 33 44 10 8 31 32 3 48 45 49 28 30 34 29 21 5 38 37 47 15 11 27 22 25 9 41 39 24 17 7 20 50 2 43 12 23 4 13 14 42 46 

Inst_Index:7501 	 City_Num:50 	 Concorde:5.783863 	 MCTS:5.783863 Improve:-0.000000 	 Time:3.75 Seconds
Solution: 1 45 27 23 26 48 9 40 36 43 8 24 4 28 3 20 39 35 5 10 33 44 19 18 38 22 13 31 47 37 25 21 50 49 17 34 11 14 2 15 46 29 30 42 16 6 7 41 32 12 

Inst_Index:7502 	 City_Num:50 	 Concorde:5.535899 	 MCTS:5.531251 Improve:0.004648 	 Time:3.75 Seconds
Solution: 1 17 37 6 47 7 12 38 49 48 45 10 20 34 5 2 25 32 19 29 35 13 27 4 41 42 16 33 18 44 26 21 39 14 23 40 31 28 3 8 50 46 30 9 43 24 36 11 22 15 

Inst_Index:7503 	 City_Num:50 	 Concorde:6.188526 	 MCTS:6.188526 Improve:0.000000 	 Time:3.77 Seconds
Solution: 1 7 42 45 31 44 11 30 43 16 17 22 40 23 28 9 25 8 12 14 24 34 13 2 5 33 4 48 50 41 21 36 46 27 38 32 20 10 47 49 39 26 37 18 15 29 3 19 35 6 

Inst_Index:7504 	 City_Num:50 	 Concorde:5.824646 	 MCTS:5.824646 Improve:-0.000000 	 Time:3.75 Seconds
Solution: 1 23 13 25 15 20 31 38 17 14 24 37 33 2 11 30 29 47 45 10 49 48 21 36 42 16 40 7 43 34 28 8 39 26 19 12 4 18 5 50 27 9 41 22 32 35 46 3 44 6 

Inst_Index:7505 	 City_Num:50 	 Concorde:5.279758 	 MCTS:5.279258 Improve:0.000500 	 Time:3.75 Seconds
Solution: 1 36 21 25 8 38 42 35 11 28 17 41 22 44 5 47 15 48 30 49 20 26 39 31 23 13 50 3 9 43 16 40 7 34 12 46 32 29 19 6 10 14 24 4 33 37 45 27 18 2 

Inst_Index:7506 	 City_Num:50 	 Concorde:5.843691 	 MCTS:5.843691 Improve:0.000000 	 Time:3.77 Seconds
Solution: 1 18 33 30 21 23 41 35 25 43 8 16 15 39 27 38 28 11 9 40 2 24 26 32 48 46 3 37 29 50 10 5 42 20 12 7 22 49 14 36 17 31 13 19 34 44 47 6 45 4 

Inst_Index:7507 	 City_Num:50 	 Concorde:5.607484 	 MCTS:5.607484 Improve:-0.000000 	 Time:3.75 Seconds
Solution: 1 10 6 15 39 32 48 28 27 25 11 36 16 23 21 13 22 44 19 40 34 30 42 8 38 33 12 45 17 37 5 26 2 50 43 31 29 41 24 4 18 9 14 7 49 47 35 3 20 46 

Inst_Index:7508 	 City_Num:50 	 Concorde:5.120534 	 MCTS:5.116822 Improve:0.003713 	 Time:3.76 Seconds
Solution: 1 43 11 2 9 40 36 7 50 30 31 19 21 5 17 15 48 12 16 34 25 35 45 22 41 28 10 33 18 26 42 20 47 14 23 46 24 3 8 32 49 27 44 6 4 38 13 39 29 37 

Inst_Index:7509 	 City_Num:50 	 Concorde:5.933794 	 MCTS:5.932272 Improve:0.001522 	 Time:3.77 Seconds
Solution: 1 4 19 3 11 49 22 32 29 14 7 20 46 23 37 42 16 36 33 8 31 27 39 34 48 30 6 50 2 17 26 25 28 35 44 12 9 10 5 21 45 41 24 13 15 40 47 43 38 18 

Inst_Index:7510 	 City_Num:50 	 Concorde:5.632122 	 MCTS:5.632122 Improve:0.000000 	 Time:3.76 Seconds
Solution: 1 21 7 22 12 25 3 17 16 15 20 14 45 28 9 44 13 35 24 19 34 10 6 33 39 43 26 41 8 29 36 30 49 38 2 32 47 37 31 46 50 23 4 48 42 18 11 27 40 5 

Inst_Index:7511 	 City_Num:50 	 Concorde:6.016315 	 MCTS:6.016315 Improve:0.000000 	 Time:3.76 Seconds
Solution: 1 50 26 27 24 36 16 48 37 18 32 49 15 34 6 14 23 44 39 5 31 46 30 35 11 25 42 45 33 10 47 3 28 12 22 41 38 20 19 2 9 7 8 43 4 40 13 17 21 29 

Inst_Index:7512 	 City_Num:50 	 Concorde:5.902689 	 MCTS:5.898529 Improve:0.004160 	 Time:3.75 Seconds
Solution: 1 15 26 22 8 42 44 25 13 5 35 28 7 16 30 37 32 38 47 31 3 23 46 34 19 29 10 48 6 36 14 49 45 33 21 2 41 18 27 43 11 9 39 20 50 12 4 17 40 24 


Avg_Concorde_Distance: 5.681120 Avg_MCTS_Distance: 5.679809 Avg_Gap: -0.000232 Total_Time: 1178.00 Seconds 
 Beat_Best_Known_Times: 125 Match_Best_Known_Times: 188 Miss_Best_Known_Times: 0 
