Number_of_Instances_In_Current_Batch: 313

Inst_Index:6887 	 City_Num:50 	 Concorde:5.789755 	 MCTS:5.789755 Improve:0.000000 	 Time:3.76 Seconds
Solution: 1 12 43 27 11 2 5 7 40 6 17 45 20 38 34 26 31 46 29 23 47 37 44 41 25 13 24 49 39 4 30 28 18 50 16 42 35 10 32 48 21 15 33 8 36 14 3 22 9 19 

Inst_Index:6888 	 City_Num:50 	 Concorde:5.670506 	 MCTS:5.670506 Improve:-0.000000 	 Time:3.75 Seconds
Solution: 1 31 41 47 14 9 4 43 10 38 45 32 17 18 46 28 35 7 37 49 40 22 15 39 29 27 42 26 8 16 33 12 3 44 30 20 23 25 13 2 6 19 11 24 50 48 5 21 34 36 

Inst_Index:6889 	 City_Num:50 	 Concorde:5.681173 	 MCTS:5.681173 Improve:0.000000 	 Time:3.76 Seconds
Solution: 1 37 42 7 15 21 16 39 31 17 9 46 11 40 6 22 3 10 29 8 38 44 12 36 48 20 26 43 27 34 14 32 25 19 30 13 50 2 4 23 33 45 24 18 5 35 47 41 49 28 

Inst_Index:6890 	 City_Num:50 	 Concorde:5.853788 	 MCTS:5.853788 Improve:-0.000000 	 Time:3.75 Seconds
Solution: 1 14 8 36 13 35 40 29 20 31 47 48 25 44 5 49 30 38 16 9 15 28 7 46 6 10 3 33 50 39 19 24 32 11 43 21 17 4 18 41 45 37 26 42 12 22 2 23 27 34 

Inst_Index:6891 	 City_Num:50 	 Concorde:6.085440 	 MCTS:6.085440 Improve:0.000000 	 Time:3.75 Seconds
Solution: 1 40 30 38 34 3 14 31 48 36 7 23 50 26 29 25 27 10 9 8 4 45 39 6 43 13 18 5 28 46 2 15 16 22 33 32 20 49 12 19 21 11 44 47 35 42 37 17 24 41 

Inst_Index:6892 	 City_Num:50 	 Concorde:5.957455 	 MCTS:5.947628 Improve:0.009827 	 Time:3.77 Seconds
Solution: 1 42 26 11 25 12 5 6 3 34 16 40 15 48 35 32 13 19 4 17 10 2 14 28 41 24 29 47 30 49 44 21 46 7 36 23 31 33 43 22 18 37 20 8 9 38 39 50 45 27 

Inst_Index:6893 	 City_Num:50 	 Concorde:5.597014 	 MCTS:5.597014 Improve:0.000000 	 Time:3.76 Seconds
Solution: 1 19 9 27 38 40 32 25 44 7 42 8 39 13 3 41 20 21 12 11 5 33 26 23 36 35 49 2 10 24 6 45 46 34 48 18 50 47 31 4 15 30 14 17 28 37 29 43 22 16 

Inst_Index:6894 	 City_Num:50 	 Concorde:5.827074 	 MCTS:5.827074 Improve:0.000000 	 Time:3.76 Seconds
Solution: 1 26 18 7 9 31 48 46 45 38 39 29 19 37 24 28 32 34 12 10 43 44 49 25 8 42 4 27 20 13 6 23 36 33 11 3 16 5 41 50 2 14 21 30 35 17 40 47 15 22 

Inst_Index:6895 	 City_Num:50 	 Concorde:5.469041 	 MCTS:5.469041 Improve:-0.000000 	 Time:3.76 Seconds
Solution: 1 37 23 3 19 46 34 20 10 32 12 21 36 35 25 27 31 6 40 45 14 11 15 5 42 13 41 47 2 50 38 30 48 43 18 7 39 49 33 16 26 24 22 8 4 28 17 29 9 44 

Inst_Index:6896 	 City_Num:50 	 Concorde:5.764421 	 MCTS:5.763872 Improve:0.000549 	 Time:3.75 Seconds
Solution: 1 4 27 7 13 15 31 19 5 50 17 18 35 24 22 32 47 36 43 42 37 23 44 25 16 2 14 11 33 10 30 46 49 26 9 45 20 12 6 3 40 38 48 41 29 28 8 34 21 39 

Inst_Index:6897 	 City_Num:50 	 Concorde:6.179362 	 MCTS:6.179362 Improve:-0.000000 	 Time:3.78 Seconds
Solution: 1 3 33 46 48 29 14 21 43 42 31 10 24 23 41 39 13 37 44 6 18 40 2 27 34 16 38 19 12 22 25 26 45 28 50 4 17 30 47 36 8 7 32 49 15 5 11 35 9 20 

Inst_Index:6898 	 City_Num:50 	 Concorde:5.657594 	 MCTS:5.657594 Improve:-0.000000 	 Time:3.75 Seconds
Solution: 1 5 8 36 31 13 15 40 35 22 2 32 10 30 16 25 41 33 17 37 44 47 34 3 20 21 26 11 28 18 6 38 14 50 48 23 19 39 43 29 12 4 42 46 45 27 24 7 49 9 

Inst_Index:6899 	 City_Num:50 	 Concorde:5.635165 	 MCTS:5.635165 Improve:-0.000000 	 Time:3.76 Seconds
Solution: 1 20 19 12 18 11 21 43 26 28 44 14 7 9 30 10 15 38 45 46 6 39 47 8 50 27 35 31 23 33 4 48 3 36 41 29 34 2 42 37 17 24 13 32 40 5 22 16 25 49 

Inst_Index:6900 	 City_Num:50 	 Concorde:5.345196 	 MCTS:5.345196 Improve:0.000000 	 Time:3.76 Seconds
Solution: 1 38 29 16 24 18 15 14 42 19 50 11 43 13 21 6 3 5 12 27 47 2 28 25 32 48 41 7 40 49 4 45 36 44 8 20 26 33 37 22 17 10 23 46 34 31 30 35 39 9 

Inst_Index:6901 	 City_Num:50 	 Concorde:6.070241 	 MCTS:6.070241 Improve:-0.000000 	 Time:3.75 Seconds
Solution: 1 32 33 49 48 30 35 21 42 22 47 15 27 7 13 46 40 9 26 37 29 6 14 28 20 24 10 8 18 31 44 16 50 12 17 25 38 2 41 23 4 5 43 19 36 3 39 45 11 34 

Inst_Index:6902 	 City_Num:50 	 Concorde:5.877856 	 MCTS:5.877856 Improve:0.000000 	 Time:3.76 Seconds
Solution: 1 31 10 45 27 33 24 28 35 17 15 38 22 50 49 36 25 11 7 20 32 3 44 14 46 6 47 29 18 34 26 21 41 40 12 43 19 30 4 16 9 5 37 42 48 8 2 23 39 13 

Inst_Index:6903 	 City_Num:50 	 Concorde:5.911325 	 MCTS:5.911325 Improve:0.000000 	 Time:3.78 Seconds
Solution: 1 10 4 41 16 31 11 14 8 23 6 27 13 40 2 50 5 18 45 34 35 24 37 46 22 28 21 44 49 42 7 33 12 39 25 26 30 47 43 29 48 9 3 36 17 19 38 32 20 15 

Inst_Index:6904 	 City_Num:50 	 Concorde:5.530274 	 MCTS:5.521391 Improve:0.008883 	 Time:3.76 Seconds
Solution: 1 40 45 21 18 19 23 31 16 37 30 2 34 36 5 27 24 48 26 10 20 44 38 32 49 25 33 11 47 15 6 35 39 43 9 7 28 17 41 12 29 4 50 46 14 13 3 8 22 42 

Inst_Index:6905 	 City_Num:50 	 Concorde:6.018755 	 MCTS:6.018755 Improve:-0.000000 	 Time:3.76 Seconds
Solution: 1 10 2 40 16 20 28 24 34 27 9 33 29 43 7 44 48 14 8 30 41 4 50 22 31 37 49 6 3 42 17 36 45 18 21 12 15 26 39 38 47 11 46 35 19 23 5 32 25 13 

Inst_Index:6906 	 City_Num:50 	 Concorde:5.892260 	 MCTS:5.892075 Improve:0.000184 	 Time:3.77 Seconds
Solution: 1 15 8 4 35 6 50 29 23 32 43 12 21 44 28 36 39 16 26 17 40 2 37 46 38 20 13 30 27 22 24 19 47 48 25 14 11 3 7 18 9 31 10 5 33 49 42 34 41 45 

Inst_Index:6907 	 City_Num:50 	 Concorde:5.702243 	 MCTS:5.702243 Improve:0.000000 	 Time:3.76 Seconds
Solution: 1 13 48 42 5 20 32 8 44 21 34 37 40 24 30 7 31 29 15 35 16 17 14 11 26 47 27 4 10 33 43 45 12 36 28 19 23 22 49 25 6 50 39 9 2 18 41 3 46 38 

Inst_Index:6908 	 City_Num:50 	 Concorde:5.751044 	 MCTS:5.751044 Improve:0.000000 	 Time:3.76 Seconds
Solution: 1 11 46 49 39 34 10 9 45 44 29 38 17 7 23 2 16 43 25 8 3 24 26 36 47 30 33 48 14 5 19 20 32 40 31 37 21 41 15 18 42 28 27 6 35 4 13 50 12 22 

Inst_Index:6909 	 City_Num:50 	 Concorde:6.345110 	 MCTS:6.342773 Improve:0.002337 	 Time:3.76 Seconds
Solution: 1 49 2 31 46 50 24 22 17 25 14 20 40 7 27 39 34 37 19 43 15 41 32 12 47 5 48 33 44 38 18 29 6 42 36 8 23 26 45 35 28 10 9 16 4 3 21 13 11 30 

Inst_Index:6910 	 City_Num:50 	 Concorde:6.186189 	 MCTS:6.181627 Improve:0.004562 	 Time:3.76 Seconds
Solution: 1 2 31 45 16 13 42 34 47 41 36 19 27 38 48 39 15 30 50 49 25 12 32 43 22 37 35 23 29 7 40 17 44 11 6 8 4 28 5 10 46 21 18 33 9 3 14 20 26 24 

Inst_Index:6911 	 City_Num:50 	 Concorde:5.854048 	 MCTS:5.854048 Improve:0.000000 	 Time:3.76 Seconds
Solution: 1 23 37 31 44 19 11 45 13 16 20 29 3 18 6 48 24 8 46 35 49 42 28 14 5 4 39 38 32 25 50 21 9 36 34 43 47 17 22 41 27 33 40 2 12 26 7 10 30 15 

Inst_Index:6912 	 City_Num:50 	 Concorde:5.059310 	 MCTS:5.059310 Improve:-0.000000 	 Time:3.76 Seconds
Solution: 1 40 21 27 18 36 32 20 50 43 5 25 29 44 41 19 23 45 13 34 6 39 9 8 15 30 47 14 22 42 10 38 35 7 48 26 12 4 37 11 28 24 17 33 3 31 2 16 46 49 

Inst_Index:6913 	 City_Num:50 	 Concorde:5.929318 	 MCTS:5.924760 Improve:0.004558 	 Time:3.77 Seconds
Solution: 1 10 3 42 22 38 41 16 33 14 5 47 18 25 11 28 43 48 31 36 17 30 4 37 2 23 45 8 34 35 15 19 20 39 26 49 46 27 40 44 50 32 29 6 13 9 24 7 21 12 

Inst_Index:6914 	 City_Num:50 	 Concorde:5.512422 	 MCTS:5.510957 Improve:0.001465 	 Time:3.76 Seconds
Solution: 1 32 33 42 44 47 41 48 29 34 46 13 8 24 50 39 27 25 30 17 12 5 7 35 16 19 31 15 14 10 49 18 22 6 4 40 11 37 2 26 21 28 20 3 43 23 9 36 45 38 

Inst_Index:6915 	 City_Num:50 	 Concorde:4.843938 	 MCTS:4.835917 Improve:0.008021 	 Time:3.76 Seconds
Solution: 1 23 25 39 47 6 48 36 43 32 20 21 49 13 15 2 3 42 26 40 34 50 9 38 30 35 27 24 41 7 29 19 28 14 45 22 16 33 31 10 4 12 5 44 11 18 46 8 17 37 

Inst_Index:6916 	 City_Num:50 	 Concorde:5.774329 	 MCTS:5.774329 Improve:0.000000 	 Time:3.75 Seconds
Solution: 1 34 12 17 31 9 15 20 13 33 37 14 27 40 10 46 5 25 39 18 24 7 11 43 6 48 49 45 44 35 26 19 42 32 36 30 2 28 47 22 23 16 4 21 38 29 41 3 8 50 

Inst_Index:6917 	 City_Num:50 	 Concorde:5.657539 	 MCTS:5.657539 Improve:0.000000 	 Time:3.76 Seconds
Solution: 1 39 37 31 19 5 41 20 45 24 34 28 50 8 42 6 44 30 32 12 9 7 36 4 43 13 48 38 22 25 26 46 23 14 35 40 47 18 17 29 21 15 49 3 33 10 2 16 27 11 

Inst_Index:6918 	 City_Num:50 	 Concorde:6.095632 	 MCTS:6.092835 Improve:0.002797 	 Time:3.77 Seconds
Solution: 1 30 37 12 42 2 31 35 8 50 40 36 10 47 28 16 22 48 4 44 21 20 29 19 34 46 6 18 27 32 45 41 23 26 5 39 17 24 14 13 38 25 43 15 3 49 7 9 11 33 

Inst_Index:6919 	 City_Num:50 	 Concorde:6.026259 	 MCTS:6.020367 Improve:0.005892 	 Time:3.78 Seconds
Solution: 1 14 29 21 9 19 5 38 4 20 48 16 15 11 47 31 44 23 40 49 18 30 26 10 17 22 3 2 50 24 8 33 25 45 36 35 28 27 42 37 39 34 12 7 41 32 6 43 46 13 

Inst_Index:6920 	 City_Num:50 	 Concorde:5.839503 	 MCTS:5.838532 Improve:0.000971 	 Time:3.75 Seconds
Solution: 1 4 32 30 47 26 40 20 29 17 3 9 43 49 27 5 21 6 22 12 8 19 18 14 45 28 10 36 11 33 2 38 48 50 13 42 7 34 16 44 41 46 24 37 23 35 25 39 31 15 

Inst_Index:6921 	 City_Num:50 	 Concorde:5.403649 	 MCTS:5.403649 Improve:0.000000 	 Time:3.77 Seconds
Solution: 1 40 12 29 31 26 34 50 45 38 20 48 4 41 37 32 49 7 47 15 24 22 35 39 8 10 3 30 44 18 19 17 28 36 33 43 21 27 23 46 25 16 9 6 13 14 42 5 2 11 

Inst_Index:6922 	 City_Num:50 	 Concorde:5.444077 	 MCTS:5.444077 Improve:0.000000 	 Time:3.77 Seconds
Solution: 1 22 46 17 43 30 12 23 37 45 8 41 32 10 33 11 34 39 7 50 38 24 35 20 47 5 13 14 31 26 6 2 28 44 4 42 25 16 27 36 49 48 3 40 18 21 15 19 29 9 

Inst_Index:6923 	 City_Num:50 	 Concorde:5.786795 	 MCTS:5.771073 Improve:0.015721 	 Time:3.75 Seconds
Solution: 1 46 6 3 19 41 28 26 25 10 50 24 32 39 20 42 44 48 18 16 29 15 34 22 43 5 40 33 27 47 12 21 45 4 35 14 30 9 49 7 8 11 2 31 13 38 23 37 36 17 

Inst_Index:6924 	 City_Num:50 	 Concorde:5.934002 	 MCTS:5.927472 Improve:0.006530 	 Time:3.76 Seconds
Solution: 1 43 14 38 13 47 9 15 29 45 28 31 7 10 36 21 26 6 32 42 37 22 24 35 46 12 41 48 40 3 4 17 25 33 5 16 34 11 50 8 18 20 30 2 19 27 44 49 23 39 

Inst_Index:6925 	 City_Num:50 	 Concorde:5.259738 	 MCTS:5.259738 Improve:0.000000 	 Time:3.77 Seconds
Solution: 1 32 6 38 10 13 33 23 37 7 35 48 44 49 43 12 24 26 45 39 28 30 25 19 40 16 31 15 4 2 41 22 9 36 14 17 46 8 5 18 29 34 11 42 27 50 21 3 20 47 

Inst_Index:6926 	 City_Num:50 	 Concorde:5.708020 	 MCTS:5.705679 Improve:0.002341 	 Time:3.75 Seconds
Solution: 1 4 30 29 27 2 37 35 49 7 5 11 33 20 15 22 13 17 39 8 12 50 34 31 21 18 26 19 14 24 43 44 36 10 47 38 48 25 3 32 16 41 46 42 28 9 6 40 23 45 

Inst_Index:6927 	 City_Num:50 	 Concorde:5.762128 	 MCTS:5.755964 Improve:0.006163 	 Time:3.77 Seconds
Solution: 1 11 30 20 50 47 19 9 10 49 41 45 18 17 38 24 42 39 34 13 26 44 27 2 46 4 16 8 12 32 35 40 14 6 28 15 48 43 7 31 3 25 5 37 29 33 36 21 22 23 

Inst_Index:6928 	 City_Num:50 	 Concorde:6.166946 	 MCTS:6.166946 Improve:0.000000 	 Time:3.77 Seconds
Solution: 1 44 4 38 27 48 39 2 5 19 11 33 24 42 12 15 34 26 46 20 30 9 22 31 18 28 10 35 23 3 47 6 40 29 43 13 37 14 32 41 49 25 45 8 16 7 36 50 17 21 

Inst_Index:6929 	 City_Num:50 	 Concorde:5.769612 	 MCTS:5.769612 Improve:-0.000000 	 Time:3.77 Seconds
Solution: 1 8 10 9 50 2 34 18 32 27 28 31 29 41 42 19 24 6 35 44 47 36 37 15 14 13 16 22 43 4 30 3 46 40 33 7 45 38 39 12 23 49 26 25 20 11 48 5 17 21 

Inst_Index:6930 	 City_Num:50 	 Concorde:4.846316 	 MCTS:4.846316 Improve:-0.000000 	 Time:3.75 Seconds
Solution: 1 26 28 49 9 45 46 19 8 48 12 30 14 29 24 7 33 6 15 42 37 32 22 43 4 16 5 27 2 3 38 35 36 41 44 23 31 20 25 21 39 34 18 47 10 40 17 11 13 50 

Inst_Index:6931 	 City_Num:50 	 Concorde:5.615699 	 MCTS:5.611686 Improve:0.004013 	 Time:3.75 Seconds
Solution: 1 32 45 19 48 27 14 4 41 3 17 50 47 29 28 22 35 34 49 8 43 2 46 20 12 23 5 16 25 37 38 39 31 7 33 42 10 9 24 40 11 13 21 26 44 15 18 30 6 36 

Inst_Index:6932 	 City_Num:50 	 Concorde:5.681596 	 MCTS:5.673798 Improve:0.007798 	 Time:3.75 Seconds
Solution: 1 13 12 32 41 14 9 30 28 37 42 10 43 27 5 50 24 33 40 22 25 49 26 7 23 17 29 20 2 6 34 39 11 19 31 16 44 48 15 8 47 21 45 35 3 38 18 36 46 4 

Inst_Index:6933 	 City_Num:50 	 Concorde:5.755725 	 MCTS:5.755725 Improve:0.000000 	 Time:3.76 Seconds
Solution: 1 20 19 18 35 3 5 6 34 46 4 16 37 38 50 43 10 47 32 8 27 15 17 33 49 11 41 7 30 23 25 39 42 29 12 22 36 14 24 21 48 13 2 40 45 9 26 31 44 28 

Inst_Index:6934 	 City_Num:50 	 Concorde:5.573973 	 MCTS:5.573973 Improve:0.000000 	 Time:3.76 Seconds
Solution: 1 18 7 10 15 29 40 43 34 9 28 44 31 12 3 23 41 39 25 24 33 20 2 48 22 42 6 46 45 5 16 30 32 50 37 49 11 26 13 38 8 17 35 47 19 36 27 21 14 4 

Inst_Index:6935 	 City_Num:50 	 Concorde:5.323375 	 MCTS:5.315488 Improve:0.007887 	 Time:3.75 Seconds
Solution: 1 26 13 48 17 18 27 30 31 39 10 40 28 37 35 44 36 4 7 2 9 42 20 46 14 29 25 41 11 16 43 23 19 15 8 6 3 22 24 12 50 21 47 5 32 34 33 38 49 45 

Inst_Index:6936 	 City_Num:50 	 Concorde:5.668757 	 MCTS:5.653629 Improve:0.015127 	 Time:3.76 Seconds
Solution: 1 9 17 15 49 8 48 25 20 38 27 28 5 26 18 41 24 30 36 3 37 42 31 32 35 34 10 39 19 6 16 22 40 23 2 13 29 45 43 4 7 47 46 21 44 33 50 12 11 14 

Inst_Index:6937 	 City_Num:50 	 Concorde:5.613074 	 MCTS:5.613074 Improve:0.000000 	 Time:3.75 Seconds
Solution: 1 28 23 20 12 17 9 25 19 49 44 42 46 11 37 47 8 48 21 15 10 50 32 16 18 24 22 4 40 35 34 33 30 7 39 3 5 29 43 36 38 27 41 14 31 6 2 26 45 13 

Inst_Index:6938 	 City_Num:50 	 Concorde:5.601156 	 MCTS:5.601156 Improve:-0.000000 	 Time:3.75 Seconds
Solution: 1 40 36 35 29 31 3 20 38 34 22 2 45 24 6 27 28 19 37 21 25 15 46 14 43 50 9 47 41 18 26 10 8 12 49 32 23 13 17 5 48 4 16 44 39 42 33 11 7 30 

Inst_Index:6939 	 City_Num:50 	 Concorde:5.544357 	 MCTS:5.544357 Improve:0.000000 	 Time:3.76 Seconds
Solution: 1 6 24 19 49 23 14 5 40 33 2 50 39 42 41 10 36 47 15 44 43 22 30 45 32 48 9 29 4 11 38 3 25 17 21 7 20 18 8 31 26 12 46 35 37 27 16 13 28 34 

Inst_Index:6940 	 City_Num:50 	 Concorde:5.651999 	 MCTS:5.651999 Improve:-0.000000 	 Time:3.76 Seconds
Solution: 1 32 27 28 37 49 38 12 44 26 3 19 11 17 50 20 9 34 29 22 42 8 39 6 31 4 46 30 23 16 13 36 48 21 41 5 14 15 35 24 10 45 7 33 25 43 2 40 18 47 

Inst_Index:6941 	 City_Num:50 	 Concorde:5.832717 	 MCTS:5.832717 Improve:-0.000000 	 Time:3.76 Seconds
Solution: 1 40 8 12 9 15 31 28 34 26 17 25 36 23 41 10 37 20 3 42 7 27 39 33 29 43 45 49 47 6 35 30 22 46 32 38 24 2 50 13 19 5 48 18 11 4 21 16 14 44 

Inst_Index:6942 	 City_Num:50 	 Concorde:5.467847 	 MCTS:5.462542 Improve:0.005305 	 Time:3.76 Seconds
Solution: 1 6 45 29 11 48 12 23 27 50 19 38 15 43 36 13 10 22 32 16 14 28 40 44 33 17 4 35 2 47 34 5 26 8 46 25 39 49 9 24 20 3 18 30 37 41 7 42 31 21 

Inst_Index:6943 	 City_Num:50 	 Concorde:5.397480 	 MCTS:5.397480 Improve:0.000000 	 Time:3.76 Seconds
Solution: 1 9 2 21 6 28 45 8 42 26 4 50 43 35 20 31 3 39 23 17 15 22 25 11 30 47 32 36 7 33 40 48 38 29 37 19 41 10 24 46 18 27 13 14 12 34 44 5 16 49 

Inst_Index:6944 	 City_Num:50 	 Concorde:5.841494 	 MCTS:5.841494 Improve:0.000000 	 Time:3.76 Seconds
Solution: 1 3 32 23 26 13 17 43 19 9 44 11 7 28 33 18 25 22 21 5 35 41 49 8 40 34 24 31 50 30 48 37 38 4 16 45 15 6 27 14 2 39 36 46 47 12 20 10 29 42 

Inst_Index:6945 	 City_Num:50 	 Concorde:6.021528 	 MCTS:6.021528 Improve:-0.000000 	 Time:3.77 Seconds
Solution: 1 43 50 29 11 23 39 4 35 24 19 10 27 22 48 8 21 40 36 3 6 9 13 46 12 14 33 17 5 25 37 16 7 2 45 28 30 34 15 42 18 38 44 20 41 32 49 31 47 26 

Inst_Index:6946 	 City_Num:50 	 Concorde:5.574092 	 MCTS:5.574092 Improve:0.000000 	 Time:3.77 Seconds
Solution: 1 15 32 24 4 20 48 50 18 39 36 35 29 42 47 21 25 19 8 46 33 3 49 34 26 2 16 41 9 28 5 7 30 10 23 45 6 17 22 43 44 13 40 38 27 12 37 11 31 14 

Inst_Index:6947 	 City_Num:50 	 Concorde:6.152221 	 MCTS:6.151648 Improve:0.000573 	 Time:3.75 Seconds
Solution: 1 12 27 31 9 44 48 38 19 22 45 16 35 8 18 42 32 20 33 46 26 11 34 41 15 50 24 40 21 29 30 3 14 17 43 36 2 10 5 37 4 13 28 7 6 23 39 49 47 25 

Inst_Index:6948 	 City_Num:50 	 Concorde:5.814183 	 MCTS:5.810327 Improve:0.003857 	 Time:3.76 Seconds
Solution: 1 21 31 20 33 10 4 39 36 5 29 7 30 49 50 23 25 45 48 26 42 8 37 44 38 24 17 3 12 18 28 35 19 13 16 43 9 32 41 40 2 34 47 14 6 27 22 46 11 15 

Inst_Index:6949 	 City_Num:50 	 Concorde:5.465441 	 MCTS:5.464714 Improve:0.000727 	 Time:3.75 Seconds
Solution: 1 16 50 42 4 14 12 34 37 3 18 7 28 47 19 49 35 36 31 11 22 15 44 33 46 39 24 32 30 9 25 27 6 38 43 26 21 13 40 20 45 41 29 23 2 17 48 10 8 5 

Inst_Index:6950 	 City_Num:50 	 Concorde:5.307538 	 MCTS:5.304638 Improve:0.002900 	 Time:3.76 Seconds
Solution: 1 25 23 41 26 24 3 22 40 10 4 49 45 9 19 38 42 16 30 43 15 44 48 17 6 37 2 46 18 7 8 20 31 39 32 35 34 33 47 29 36 28 27 5 14 11 50 21 13 12 

Inst_Index:6951 	 City_Num:50 	 Concorde:5.688208 	 MCTS:5.688208 Improve:-0.000000 	 Time:3.76 Seconds
Solution: 1 41 3 21 44 12 39 32 40 31 30 38 48 20 10 35 15 19 46 22 36 34 4 37 2 9 18 28 5 11 43 47 7 17 13 49 26 16 50 27 23 14 29 6 24 45 42 25 33 8 

Inst_Index:6952 	 City_Num:50 	 Concorde:5.907540 	 MCTS:5.907443 Improve:0.000096 	 Time:3.76 Seconds
Solution: 1 24 36 30 14 16 49 50 48 2 42 7 9 5 27 39 6 15 17 47 45 37 12 28 44 25 34 29 31 43 23 4 21 38 26 41 33 13 20 8 18 11 10 22 32 35 46 40 19 3 

Inst_Index:6953 	 City_Num:50 	 Concorde:5.518883 	 MCTS:5.516104 Improve:0.002779 	 Time:3.77 Seconds
Solution: 1 22 40 12 43 38 10 21 7 47 16 18 50 39 25 44 28 49 17 15 8 29 23 48 14 24 4 42 5 46 30 2 36 35 41 37 31 34 32 13 11 3 45 9 6 19 33 27 20 26 

Inst_Index:6954 	 City_Num:50 	 Concorde:5.858380 	 MCTS:5.858380 Improve:-0.000000 	 Time:3.75 Seconds
Solution: 1 39 42 21 48 12 17 3 38 26 43 9 13 18 6 4 10 44 11 28 5 2 7 25 30 41 49 14 37 16 22 27 46 19 31 35 45 34 40 47 24 50 20 29 32 15 23 8 36 33 

Inst_Index:6955 	 City_Num:50 	 Concorde:5.640402 	 MCTS:5.640402 Improve:0.000000 	 Time:3.76 Seconds
Solution: 1 43 34 28 39 10 4 22 27 5 50 42 45 19 17 29 13 40 49 25 31 6 11 2 15 24 36 12 30 18 16 26 3 33 46 7 23 47 35 32 20 8 21 48 37 14 44 38 9 41 

Inst_Index:6956 	 City_Num:50 	 Concorde:5.643302 	 MCTS:5.643302 Improve:-0.000000 	 Time:3.76 Seconds
Solution: 1 38 30 34 26 22 9 5 40 24 8 2 36 35 32 45 25 3 19 17 46 41 27 29 31 13 48 14 50 11 43 47 16 6 21 12 37 15 4 23 28 42 10 20 18 39 44 7 49 33 

Inst_Index:6957 	 City_Num:50 	 Concorde:5.840249 	 MCTS:5.840249 Improve:0.000000 	 Time:3.76 Seconds
Solution: 1 3 27 17 6 5 13 14 2 29 22 20 35 11 41 50 9 45 23 30 31 25 21 10 48 46 8 39 47 32 42 15 28 49 4 7 19 16 33 36 34 40 38 18 12 44 37 43 26 24 

Inst_Index:6958 	 City_Num:50 	 Concorde:6.148973 	 MCTS:6.146195 Improve:0.002779 	 Time:3.77 Seconds
Solution: 1 27 15 24 32 13 23 41 11 9 5 8 36 46 48 44 21 33 50 49 4 40 34 25 42 12 28 16 47 30 31 22 19 7 26 35 45 6 2 29 14 20 39 3 43 10 37 18 17 38 

Inst_Index:6959 	 City_Num:50 	 Concorde:5.980646 	 MCTS:5.980646 Improve:-0.000000 	 Time:3.75 Seconds
Solution: 1 3 6 13 16 9 43 36 47 18 22 44 29 50 40 32 20 4 25 7 38 11 26 8 24 49 10 30 21 12 28 2 17 34 48 37 14 45 42 46 31 19 35 15 41 23 39 5 27 33 

Inst_Index:6960 	 City_Num:50 	 Concorde:5.650676 	 MCTS:5.647042 Improve:0.003634 	 Time:3.76 Seconds
Solution: 1 2 46 7 5 18 26 37 31 45 25 12 4 6 47 36 48 20 50 11 16 21 43 41 38 8 30 42 24 40 27 44 15 10 33 13 35 28 32 3 49 34 23 17 39 14 19 22 29 9 

Inst_Index:6961 	 City_Num:50 	 Concorde:5.461361 	 MCTS:5.461361 Improve:0.000000 	 Time:3.76 Seconds
Solution: 1 7 14 40 19 43 46 9 30 6 2 25 36 38 27 23 29 41 17 49 33 10 26 18 28 31 42 13 47 5 37 50 39 12 35 21 15 16 34 3 48 22 32 24 45 8 11 44 20 4 

Inst_Index:6962 	 City_Num:50 	 Concorde:5.536895 	 MCTS:5.522622 Improve:0.014273 	 Time:3.77 Seconds
Solution: 1 40 15 28 39 11 20 48 50 49 24 7 43 10 27 35 13 6 44 37 46 33 41 38 26 9 25 2 45 21 16 18 17 30 22 12 4 23 32 8 14 19 36 3 31 47 29 34 5 42 

Inst_Index:6963 	 City_Num:50 	 Concorde:5.336351 	 MCTS:5.330799 Improve:0.005552 	 Time:3.76 Seconds
Solution: 1 34 50 36 44 17 26 5 46 27 14 35 45 37 29 38 8 43 40 30 25 11 13 10 39 22 15 24 12 28 23 18 19 42 9 31 48 7 41 20 33 4 32 2 3 21 6 47 16 49 

Inst_Index:6964 	 City_Num:50 	 Concorde:5.570995 	 MCTS:5.570995 Improve:-0.000000 	 Time:3.76 Seconds
Solution: 1 36 40 43 16 47 22 4 34 8 38 10 50 29 49 31 37 13 33 27 20 26 32 30 15 41 42 46 17 2 11 19 21 7 35 23 5 48 44 45 18 28 3 24 14 39 12 9 25 6 

Inst_Index:6965 	 City_Num:50 	 Concorde:5.659577 	 MCTS:5.659577 Improve:-0.000000 	 Time:3.75 Seconds
Solution: 1 31 21 10 22 26 38 18 48 16 7 17 20 43 23 5 25 13 19 30 9 2 39 12 3 46 47 50 44 42 8 6 28 34 40 27 4 41 35 29 49 36 37 11 45 24 32 33 15 14 

Inst_Index:6966 	 City_Num:50 	 Concorde:5.675065 	 MCTS:5.675065 Improve:0.000000 	 Time:3.75 Seconds
Solution: 1 8 4 13 50 17 39 48 28 49 36 37 26 11 41 16 31 19 45 2 9 32 42 10 33 22 24 46 40 38 3 34 47 43 29 15 35 21 23 20 25 6 7 5 14 18 30 27 12 44 

Inst_Index:6967 	 City_Num:50 	 Concorde:5.470314 	 MCTS:5.467206 Improve:0.003108 	 Time:3.77 Seconds
Solution: 1 41 27 3 13 7 8 10 29 38 28 25 16 37 46 49 19 31 23 21 17 47 15 43 18 45 26 20 24 35 36 34 42 2 4 50 11 6 32 12 30 39 14 33 48 44 22 40 9 5 

Inst_Index:6968 	 City_Num:50 	 Concorde:5.909589 	 MCTS:5.909589 Improve:-0.000000 	 Time:3.76 Seconds
Solution: 1 29 19 11 26 50 22 37 39 8 31 10 13 3 44 27 45 28 35 15 42 24 30 38 41 43 12 9 14 40 2 47 4 21 48 5 23 34 25 6 20 33 7 18 16 49 36 17 46 32 

Inst_Index:6969 	 City_Num:50 	 Concorde:5.824992 	 MCTS:5.821150 Improve:0.003842 	 Time:3.77 Seconds
Solution: 1 9 45 34 22 46 11 37 25 6 10 13 30 15 31 23 18 3 38 35 5 19 26 14 12 44 17 8 7 32 39 40 29 16 24 50 2 49 21 47 27 43 48 28 36 41 20 42 33 4 

Inst_Index:6970 	 City_Num:50 	 Concorde:5.134864 	 MCTS:5.134864 Improve:0.000000 	 Time:3.76 Seconds
Solution: 1 43 49 9 29 31 40 47 32 41 15 17 5 4 23 13 37 16 44 48 7 36 27 24 19 50 10 3 18 33 22 35 39 34 25 42 11 6 8 21 45 28 30 14 46 12 20 38 26 2 

Inst_Index:6971 	 City_Num:50 	 Concorde:5.614190 	 MCTS:5.614190 Improve:0.000000 	 Time:3.77 Seconds
Solution: 1 34 24 39 25 42 8 22 36 15 32 4 38 45 21 6 31 5 19 20 14 18 23 26 46 3 43 28 49 13 10 29 12 30 40 47 50 16 11 9 44 33 48 2 7 37 27 41 35 17 

Inst_Index:6972 	 City_Num:50 	 Concorde:5.596504 	 MCTS:5.596504 Improve:-0.000000 	 Time:3.77 Seconds
Solution: 1 50 5 8 13 36 49 41 33 26 30 12 7 47 6 18 17 2 40 3 19 23 10 4 31 43 14 24 11 9 45 39 42 28 21 25 16 44 20 32 46 29 37 35 27 38 34 48 15 22 

Inst_Index:6973 	 City_Num:50 	 Concorde:5.913885 	 MCTS:5.913885 Improve:-0.000000 	 Time:3.76 Seconds
Solution: 1 32 26 8 43 11 48 17 41 34 49 36 12 28 35 29 45 39 16 5 4 3 38 23 15 33 9 25 40 7 50 22 13 42 44 24 30 2 47 10 37 18 21 27 14 19 46 31 20 6 

Inst_Index:6974 	 City_Num:50 	 Concorde:5.597022 	 MCTS:5.597022 Improve:0.000000 	 Time:3.77 Seconds
Solution: 1 34 6 44 29 16 13 27 25 24 7 10 37 49 9 14 45 38 11 47 43 18 3 15 12 42 5 40 30 20 2 21 32 48 19 31 36 33 41 23 22 26 17 8 39 4 28 46 50 35 

Inst_Index:6975 	 City_Num:50 	 Concorde:5.531165 	 MCTS:5.531165 Improve:-0.000000 	 Time:3.76 Seconds
Solution: 1 31 9 33 15 28 29 40 47 19 48 42 35 14 38 8 45 16 7 39 37 26 5 27 18 11 32 13 2 43 17 44 12 25 30 34 4 3 20 6 46 23 36 10 50 22 49 41 21 24 

Inst_Index:6976 	 City_Num:50 	 Concorde:5.768166 	 MCTS:5.768166 Improve:0.000000 	 Time:3.76 Seconds
Solution: 1 24 5 35 19 43 44 47 30 22 21 29 12 36 13 37 45 38 48 39 11 4 31 34 17 9 18 33 42 20 49 28 6 15 41 14 16 26 32 7 10 27 25 46 40 8 2 3 50 23 

Inst_Index:6977 	 City_Num:50 	 Concorde:5.904068 	 MCTS:5.904068 Improve:0.000000 	 Time:3.76 Seconds
Solution: 1 13 2 14 3 17 21 22 46 28 33 39 42 16 15 45 6 10 44 18 50 19 5 49 38 20 7 40 8 23 26 30 48 36 34 31 11 4 29 37 25 24 43 41 27 47 12 32 35 9 

Inst_Index:6978 	 City_Num:50 	 Concorde:5.692248 	 MCTS:5.691310 Improve:0.000937 	 Time:3.75 Seconds
Solution: 1 9 31 45 10 33 27 21 34 16 32 42 40 29 5 38 39 25 50 13 37 3 18 6 26 41 24 14 8 7 22 43 11 2 49 44 28 19 36 48 46 47 4 15 12 30 20 23 35 17 

Inst_Index:6979 	 City_Num:50 	 Concorde:5.553362 	 MCTS:5.553362 Improve:0.000000 	 Time:3.77 Seconds
Solution: 1 27 36 22 38 8 11 15 26 7 42 19 18 31 13 2 30 45 40 29 4 20 5 21 49 23 48 14 9 43 6 17 24 44 34 3 12 46 25 33 32 28 50 39 10 41 47 37 35 16 

Inst_Index:6980 	 City_Num:50 	 Concorde:5.792795 	 MCTS:5.792795 Improve:-0.000000 	 Time:3.76 Seconds
Solution: 1 48 17 44 47 21 42 16 35 5 50 39 22 34 33 14 15 31 3 12 36 43 13 40 45 20 46 4 7 49 26 9 25 11 32 30 29 27 28 10 37 6 8 24 41 23 2 38 19 18 

Inst_Index:6981 	 City_Num:50 	 Concorde:5.872286 	 MCTS:5.872286 Improve:0.000000 	 Time:3.75 Seconds
Solution: 1 24 14 10 28 39 12 32 38 40 45 3 34 35 20 7 9 27 41 49 11 15 43 42 30 4 18 36 19 29 33 2 16 21 44 47 37 23 8 5 6 31 22 48 17 50 25 26 13 46 

Inst_Index:6982 	 City_Num:50 	 Concorde:5.625222 	 MCTS:5.625222 Improve:0.000000 	 Time:3.77 Seconds
Solution: 1 32 6 18 8 45 9 3 41 10 47 17 7 20 31 12 13 30 5 22 14 48 25 23 27 43 50 2 11 28 15 34 38 35 42 16 40 44 39 24 21 19 33 29 46 36 4 37 26 49 

Inst_Index:6983 	 City_Num:50 	 Concorde:5.277666 	 MCTS:5.277666 Improve:0.000000 	 Time:3.77 Seconds
Solution: 1 32 5 24 49 50 2 7 26 30 47 9 48 37 21 22 20 28 14 29 16 46 11 10 41 3 40 23 17 31 25 43 19 33 44 38 12 35 13 8 36 27 42 15 6 4 34 45 39 18 

Inst_Index:6984 	 City_Num:50 	 Concorde:5.513651 	 MCTS:5.511965 Improve:0.001686 	 Time:3.77 Seconds
Solution: 1 31 40 32 28 9 2 22 26 14 37 25 15 10 11 48 36 16 13 45 33 6 4 43 27 18 19 29 23 44 49 5 47 12 50 24 7 17 8 3 41 35 38 34 42 46 30 20 21 39 

Inst_Index:6985 	 City_Num:50 	 Concorde:5.559108 	 MCTS:5.559108 Improve:-0.000000 	 Time:3.76 Seconds
Solution: 1 12 32 24 5 14 4 36 30 8 3 19 10 17 9 50 26 39 41 18 22 35 13 27 37 2 20 43 23 47 45 44 7 42 28 29 40 46 38 21 48 34 33 16 31 15 25 49 6 11 

Inst_Index:6986 	 City_Num:50 	 Concorde:5.952262 	 MCTS:5.939699 Improve:0.012563 	 Time:3.75 Seconds
Solution: 1 5 3 32 30 22 47 39 34 6 9 37 36 45 10 29 50 16 25 23 43 15 19 42 28 12 17 13 27 2 48 41 21 40 35 26 20 4 46 33 11 8 14 7 18 38 31 24 44 49 

Inst_Index:6987 	 City_Num:50 	 Concorde:5.531621 	 MCTS:5.528609 Improve:0.003012 	 Time:3.76 Seconds
Solution: 1 35 34 24 14 41 15 21 39 38 10 47 18 19 13 37 31 30 12 40 33 25 32 20 50 4 7 45 42 6 22 48 9 23 2 5 27 17 43 26 3 29 44 46 36 28 11 16 8 49 

Inst_Index:6988 	 City_Num:50 	 Concorde:6.113699 	 MCTS:6.113699 Improve:0.000000 	 Time:3.75 Seconds
Solution: 1 12 34 4 2 7 9 35 40 28 29 49 37 16 3 17 48 11 42 19 46 22 47 39 43 20 45 31 44 18 15 32 24 8 41 30 5 26 36 27 10 14 33 50 23 21 25 6 13 38 

Inst_Index:6989 	 City_Num:50 	 Concorde:5.559190 	 MCTS:5.559190 Improve:-0.000000 	 Time:3.75 Seconds
Solution: 1 34 4 40 35 9 8 19 3 6 22 13 46 5 11 23 12 10 21 33 30 36 20 28 27 18 15 37 49 32 31 17 38 7 50 48 45 44 14 16 42 43 25 39 41 26 2 29 47 24 

Inst_Index:6990 	 City_Num:50 	 Concorde:5.460070 	 MCTS:5.460070 Improve:0.000000 	 Time:3.76 Seconds
Solution: 1 39 42 41 31 23 37 11 16 2 14 20 30 4 22 48 45 12 28 36 15 35 27 21 40 13 8 18 29 3 10 19 24 49 26 34 44 32 47 33 9 5 46 6 50 7 25 43 38 17 

Inst_Index:6991 	 City_Num:50 	 Concorde:5.515124 	 MCTS:5.514288 Improve:0.000835 	 Time:3.75 Seconds
Solution: 1 50 24 17 27 30 45 41 6 28 22 2 5 8 10 43 33 44 7 15 47 48 21 9 46 26 13 14 32 37 3 36 39 11 40 29 16 31 18 35 4 12 23 25 38 19 20 42 34 49 

Inst_Index:6992 	 City_Num:50 	 Concorde:5.716645 	 MCTS:5.714205 Improve:0.002440 	 Time:3.76 Seconds
Solution: 1 11 18 36 46 27 30 29 19 2 13 12 47 14 20 23 37 7 3 44 10 45 41 34 17 33 50 25 15 8 26 48 39 21 31 42 6 38 24 22 43 40 9 4 5 32 49 16 35 28 

Inst_Index:6993 	 City_Num:50 	 Concorde:5.696100 	 MCTS:5.696100 Improve:0.000000 	 Time:3.76 Seconds
Solution: 1 32 45 6 8 47 23 12 33 40 5 21 22 20 27 25 28 46 29 43 49 9 36 11 31 4 41 18 14 34 42 39 13 7 50 44 48 19 26 37 3 16 17 24 30 35 15 10 2 38 

Inst_Index:6994 	 City_Num:50 	 Concorde:5.937102 	 MCTS:5.937102 Improve:-0.000000 	 Time:3.78 Seconds
Solution: 1 14 29 21 2 18 9 15 37 42 40 32 3 30 35 13 33 50 41 26 25 16 7 36 19 23 20 8 22 4 12 46 48 43 34 28 47 10 17 39 49 11 45 44 31 38 24 6 5 27 

Inst_Index:6995 	 City_Num:50 	 Concorde:5.923461 	 MCTS:5.923461 Improve:-0.000000 	 Time:3.75 Seconds
Solution: 1 46 36 38 25 16 35 44 32 23 27 50 21 31 43 3 26 22 20 37 6 47 30 4 42 15 41 28 34 48 17 9 13 45 2 14 8 40 7 5 49 29 18 33 24 39 11 19 12 10 

Inst_Index:6996 	 City_Num:50 	 Concorde:5.808467 	 MCTS:5.808467 Improve:0.000000 	 Time:3.77 Seconds
Solution: 1 38 37 26 33 35 29 3 45 31 46 5 18 16 43 27 14 28 41 17 36 22 40 32 19 12 9 47 11 21 8 23 48 50 24 6 7 15 4 44 30 10 34 49 13 39 20 2 25 42 

Inst_Index:6997 	 City_Num:50 	 Concorde:5.967811 	 MCTS:5.966144 Improve:0.001667 	 Time:3.76 Seconds
Solution: 1 14 20 4 41 50 24 42 44 5 23 16 8 39 10 26 35 17 32 6 43 21 40 2 9 12 47 25 15 19 22 48 36 30 37 46 45 18 49 28 13 33 31 3 34 29 11 38 27 7 

Inst_Index:6998 	 City_Num:50 	 Concorde:5.321277 	 MCTS:5.321277 Improve:0.000000 	 Time:3.75 Seconds
Solution: 1 25 26 7 50 9 35 5 38 29 27 11 13 46 36 12 31 45 21 19 4 6 16 30 22 10 33 40 18 42 28 14 8 15 17 41 23 48 20 44 39 43 32 37 34 49 24 2 3 47 

Inst_Index:6999 	 City_Num:50 	 Concorde:5.556274 	 MCTS:5.556274 Improve:0.000000 	 Time:3.76 Seconds
Solution: 1 29 27 15 6 48 10 19 13 39 26 45 32 34 24 36 18 43 2 3 22 23 14 9 5 35 31 44 7 28 20 21 37 33 16 30 11 12 25 42 8 38 4 49 40 46 47 50 17 41 

Inst_Index:7000 	 City_Num:50 	 Concorde:6.084553 	 MCTS:6.084553 Improve:-0.000000 	 Time:3.77 Seconds
Solution: 1 29 4 20 44 17 42 23 49 21 41 32 25 6 9 50 39 27 34 46 47 35 36 24 45 16 11 26 3 10 43 14 33 8 13 18 48 28 37 31 12 40 22 19 2 5 7 38 15 30 

Inst_Index:7001 	 City_Num:50 	 Concorde:5.491069 	 MCTS:5.491069 Improve:0.000000 	 Time:3.75 Seconds
Solution: 1 43 33 23 40 41 36 12 30 38 21 44 25 31 20 45 28 10 3 14 18 16 6 27 2 50 35 15 9 22 39 26 5 48 49 11 17 37 13 32 19 7 46 4 42 8 29 24 47 34 

Inst_Index:7002 	 City_Num:50 	 Concorde:5.744634 	 MCTS:5.744634 Improve:-0.000000 	 Time:3.76 Seconds
Solution: 1 12 43 6 32 39 34 27 46 26 3 47 5 11 7 38 25 14 19 35 4 9 17 50 24 45 15 18 31 44 20 16 40 37 41 28 13 49 33 29 48 42 10 21 30 23 36 22 8 2 

Inst_Index:7003 	 City_Num:50 	 Concorde:5.950214 	 MCTS:5.950214 Improve:0.000000 	 Time:3.78 Seconds
Solution: 1 50 48 3 34 44 12 28 26 37 46 38 35 23 33 24 45 30 31 16 11 14 47 4 19 22 36 40 10 5 9 39 6 15 42 21 8 32 27 20 41 29 43 2 17 18 7 13 25 49 

Inst_Index:7004 	 City_Num:50 	 Concorde:5.537918 	 MCTS:5.537918 Improve:-0.000000 	 Time:3.77 Seconds
Solution: 1 24 23 16 11 25 27 9 2 3 39 5 43 7 18 21 4 36 29 47 44 46 10 37 50 28 30 48 6 17 13 15 34 26 45 32 49 14 20 8 42 22 33 12 38 31 19 35 41 40 

Inst_Index:7005 	 City_Num:50 	 Concorde:5.339310 	 MCTS:5.339310 Improve:0.000000 	 Time:3.77 Seconds
Solution: 1 11 23 47 20 19 34 5 4 43 22 36 8 16 21 15 30 9 7 24 32 42 44 31 45 13 2 6 33 28 37 26 50 3 27 35 25 18 46 12 49 17 10 48 38 14 39 40 41 29 

Inst_Index:7006 	 City_Num:50 	 Concorde:5.930000 	 MCTS:5.930000 Improve:0.000000 	 Time:3.76 Seconds
Solution: 1 3 40 28 34 24 39 20 45 19 46 15 32 30 18 13 42 12 35 29 44 21 5 22 49 50 38 48 7 23 9 6 4 47 25 33 43 17 16 37 41 11 27 8 26 2 31 36 10 14 

Inst_Index:7007 	 City_Num:50 	 Concorde:6.023646 	 MCTS:6.023646 Improve:0.000000 	 Time:3.76 Seconds
Solution: 1 2 10 12 21 16 49 20 19 13 36 25 8 7 42 32 39 18 46 30 43 45 35 9 22 26 40 41 11 24 4 47 27 6 33 34 28 37 50 14 17 3 48 29 38 31 44 5 23 15 

Inst_Index:7008 	 City_Num:50 	 Concorde:5.315882 	 MCTS:5.315882 Improve:-0.000000 	 Time:3.75 Seconds
Solution: 1 35 34 45 18 29 39 25 14 5 20 50 30 36 22 8 28 37 26 19 43 38 21 27 7 40 12 44 24 46 11 15 42 31 2 3 10 23 4 32 49 9 33 48 13 41 6 47 16 17 

Inst_Index:7009 	 City_Num:50 	 Concorde:5.620242 	 MCTS:5.618520 Improve:0.001722 	 Time:3.77 Seconds
Solution: 1 40 6 22 34 31 18 16 48 44 3 46 20 28 30 17 32 45 12 25 47 19 42 33 8 2 23 27 5 43 9 7 24 36 50 37 11 15 29 49 41 38 4 26 39 14 35 13 21 10 

Inst_Index:7010 	 City_Num:50 	 Concorde:5.601858 	 MCTS:5.601858 Improve:-0.000000 	 Time:3.76 Seconds
Solution: 1 15 21 49 22 32 12 48 41 43 10 45 17 34 39 37 31 33 50 7 29 18 38 11 24 35 25 23 13 9 4 14 42 3 27 8 30 6 16 20 40 47 44 28 46 26 19 2 5 36 

Inst_Index:7011 	 City_Num:50 	 Concorde:5.897149 	 MCTS:5.892896 Improve:0.004253 	 Time:3.75 Seconds
Solution: 1 18 7 32 15 28 40 46 48 45 39 38 23 30 44 4 13 19 43 20 11 10 36 50 49 33 12 24 35 42 8 29 17 5 9 34 16 2 41 6 3 14 21 27 25 22 37 26 47 31 

Inst_Index:7012 	 City_Num:50 	 Concorde:5.782061 	 MCTS:5.782061 Improve:-0.000000 	 Time:3.76 Seconds
Solution: 1 36 35 18 5 47 7 15 33 23 40 9 14 2 22 28 50 20 13 11 4 42 12 41 8 27 26 19 25 48 29 21 16 6 32 38 34 46 3 43 30 17 49 44 10 31 45 39 37 24 

Inst_Index:7013 	 City_Num:50 	 Concorde:5.348610 	 MCTS:5.347784 Improve:0.000826 	 Time:3.76 Seconds
Solution: 1 48 35 11 19 17 36 39 9 46 4 16 32 15 23 28 24 20 26 50 25 47 6 42 38 10 45 18 3 8 29 34 33 41 13 43 5 31 44 27 14 7 37 22 49 2 40 30 12 21 

Inst_Index:7014 	 City_Num:50 	 Concorde:5.619894 	 MCTS:5.618895 Improve:0.000999 	 Time:3.75 Seconds
Solution: 1 35 27 23 5 24 20 38 15 37 12 7 41 3 26 25 33 46 4 36 9 44 30 45 48 42 28 13 18 10 34 29 8 17 40 32 6 43 19 50 14 31 2 21 47 49 11 39 16 22 

Inst_Index:7015 	 City_Num:50 	 Concorde:5.619169 	 MCTS:5.619169 Improve:0.000000 	 Time:3.77 Seconds
Solution: 1 25 49 12 37 13 30 29 39 11 18 26 6 23 36 8 32 28 10 14 48 38 45 41 4 16 47 3 22 20 21 34 50 44 15 17 19 2 46 24 40 42 27 33 35 9 5 43 31 7 

Inst_Index:7016 	 City_Num:50 	 Concorde:5.551841 	 MCTS:5.551841 Improve:0.000000 	 Time:3.76 Seconds
Solution: 1 11 38 30 34 20 42 25 33 6 3 15 8 40 14 43 23 26 16 18 31 47 24 9 29 35 7 2 49 27 39 28 4 46 37 12 32 36 13 17 50 10 19 21 5 45 44 48 22 41 

Inst_Index:7017 	 City_Num:50 	 Concorde:5.609354 	 MCTS:5.605192 Improve:0.004162 	 Time:3.76 Seconds
Solution: 1 4 41 42 43 38 40 10 12 21 30 9 2 25 19 35 18 34 29 15 48 46 8 36 26 32 13 28 24 49 16 45 20 50 14 44 23 47 31 6 3 37 22 11 39 17 7 27 33 5 

Inst_Index:7018 	 City_Num:50 	 Concorde:5.761052 	 MCTS:5.760053 Improve:0.000999 	 Time:3.76 Seconds
Solution: 1 41 9 28 44 20 3 8 29 6 11 32 34 27 46 21 31 14 30 25 2 37 16 39 22 7 42 38 17 23 45 15 35 43 13 18 49 33 4 48 19 26 47 50 24 5 10 40 12 36 

Inst_Index:7019 	 City_Num:50 	 Concorde:6.038963 	 MCTS:6.038963 Improve:-0.000000 	 Time:3.77 Seconds
Solution: 1 30 42 5 15 38 3 29 46 27 17 33 49 41 25 32 28 26 18 48 34 16 39 12 22 11 37 24 50 23 2 9 14 13 45 36 31 20 43 19 35 10 4 40 21 44 8 6 7 47 

Inst_Index:7020 	 City_Num:50 	 Concorde:5.790606 	 MCTS:5.790606 Improve:-0.000000 	 Time:3.75 Seconds
Solution: 1 12 13 49 19 7 11 8 21 43 38 16 14 42 2 10 33 46 27 30 47 29 45 18 17 40 3 32 4 5 15 25 9 44 34 37 39 36 23 24 20 6 35 48 50 31 26 28 41 22 

Inst_Index:7021 	 City_Num:50 	 Concorde:5.616105 	 MCTS:5.611098 Improve:0.005006 	 Time:3.75 Seconds
Solution: 1 28 18 2 44 45 30 11 24 25 39 35 14 47 4 13 21 41 15 19 40 6 42 46 3 36 26 37 20 23 32 17 12 49 48 50 43 5 16 31 38 29 9 22 10 8 27 33 7 34 

Inst_Index:7022 	 City_Num:50 	 Concorde:6.005241 	 MCTS:6.005241 Improve:0.000000 	 Time:3.76 Seconds
Solution: 1 35 48 29 11 45 14 7 4 47 6 49 19 3 40 28 2 33 37 44 27 26 15 30 50 39 22 43 23 25 20 18 38 41 17 46 5 10 36 12 31 9 42 34 16 24 8 13 21 32 

Inst_Index:7023 	 City_Num:50 	 Concorde:5.482565 	 MCTS:5.482565 Improve:0.000000 	 Time:3.76 Seconds
Solution: 1 2 49 32 3 7 19 34 20 8 18 6 24 16 9 21 10 43 17 22 47 38 48 35 26 28 11 27 23 46 25 36 13 39 4 14 30 41 15 5 42 45 40 33 37 29 31 12 50 44 

Inst_Index:7024 	 City_Num:50 	 Concorde:5.665845 	 MCTS:5.665845 Improve:0.000000 	 Time:3.75 Seconds
Solution: 1 22 32 8 39 29 27 2 16 11 10 31 25 15 38 42 34 19 6 21 43 28 41 44 20 45 7 4 49 12 18 14 26 35 3 23 17 5 40 50 13 24 33 37 48 46 47 30 9 36 

Inst_Index:7025 	 City_Num:50 	 Concorde:5.539106 	 MCTS:5.539106 Improve:0.000000 	 Time:3.75 Seconds
Solution: 1 17 45 44 31 7 28 38 40 16 34 46 49 26 42 35 18 14 13 41 39 11 20 27 23 6 30 8 3 48 10 22 29 25 2 12 4 24 47 37 9 43 33 19 21 36 50 15 32 5 

Inst_Index:7026 	 City_Num:50 	 Concorde:5.601982 	 MCTS:5.601982 Improve:0.000000 	 Time:3.76 Seconds
Solution: 1 27 16 14 36 9 23 10 34 20 4 43 33 28 42 44 30 11 2 12 3 37 31 6 13 24 5 19 25 46 47 22 38 45 50 32 48 39 18 17 15 35 7 8 40 49 29 26 41 21 

Inst_Index:7027 	 City_Num:50 	 Concorde:5.715728 	 MCTS:5.715728 Improve:0.000000 	 Time:3.76 Seconds
Solution: 1 18 16 13 7 28 37 23 33 14 4 12 44 39 32 15 8 40 29 42 30 34 19 22 46 45 26 27 41 24 6 47 2 31 25 48 36 5 50 9 20 11 17 43 10 35 49 3 38 21 

Inst_Index:7028 	 City_Num:50 	 Concorde:5.823782 	 MCTS:5.823782 Improve:0.000000 	 Time:3.77 Seconds
Solution: 1 43 8 34 44 29 32 39 27 4 31 2 5 19 17 21 22 42 20 37 28 48 3 47 15 14 40 30 38 25 23 45 10 24 9 35 36 6 12 7 18 13 41 26 16 50 46 11 33 49 

Inst_Index:7029 	 City_Num:50 	 Concorde:5.327814 	 MCTS:5.327814 Improve:0.000000 	 Time:3.75 Seconds
Solution: 1 7 29 45 31 47 33 3 19 26 25 50 40 16 27 10 11 18 38 35 37 42 41 6 24 12 4 44 48 39 43 46 5 9 8 23 32 34 28 22 30 49 14 15 36 17 21 13 20 2 

Inst_Index:7030 	 City_Num:50 	 Concorde:5.570799 	 MCTS:5.570799 Improve:0.000000 	 Time:3.76 Seconds
Solution: 1 18 47 32 5 2 16 37 24 49 7 27 45 12 48 42 23 33 25 29 3 26 28 36 14 6 35 38 46 34 8 9 17 31 44 40 19 43 20 15 39 41 50 10 22 13 21 11 4 30 

Inst_Index:7031 	 City_Num:50 	 Concorde:5.598893 	 MCTS:5.598893 Improve:-0.000000 	 Time:3.76 Seconds
Solution: 1 22 28 46 13 50 42 43 7 31 27 3 34 20 21 14 35 18 41 30 11 10 15 45 44 36 37 12 47 8 16 19 48 29 4 5 2 24 23 6 33 38 32 26 40 39 25 49 9 17 

Inst_Index:7032 	 City_Num:50 	 Concorde:5.471798 	 MCTS:5.471798 Improve:0.000000 	 Time:3.76 Seconds
Solution: 1 36 11 32 31 12 49 23 10 34 14 42 22 24 45 29 9 21 40 5 28 33 30 38 47 50 26 46 18 16 44 13 3 37 43 15 39 27 20 6 41 35 8 25 4 48 19 7 17 2 

Inst_Index:7033 	 City_Num:50 	 Concorde:5.650707 	 MCTS:5.650707 Improve:0.000000 	 Time:3.75 Seconds
Solution: 1 39 34 40 32 26 29 38 4 12 35 20 49 43 8 46 16 9 18 14 23 5 7 17 13 33 19 30 25 11 48 42 10 41 44 28 2 50 6 36 22 24 47 45 31 37 27 15 3 21 

Inst_Index:7034 	 City_Num:50 	 Concorde:5.895770 	 MCTS:5.894708 Improve:0.001062 	 Time:3.77 Seconds
Solution: 1 49 16 41 14 17 5 15 12 36 9 33 31 38 2 13 46 42 32 11 18 37 28 7 22 3 20 26 30 4 10 50 6 29 45 23 34 48 39 21 19 40 8 47 35 24 44 27 25 43 

Inst_Index:7035 	 City_Num:50 	 Concorde:5.925198 	 MCTS:5.925198 Improve:0.000000 	 Time:3.76 Seconds
Solution: 1 35 50 47 8 13 20 39 10 43 31 23 48 28 12 41 22 37 30 18 40 26 19 16 38 17 34 11 29 14 32 24 9 36 15 42 2 44 5 4 49 33 25 27 46 21 6 45 3 7 

Inst_Index:7036 	 City_Num:50 	 Concorde:5.613002 	 MCTS:5.609865 Improve:0.003138 	 Time:3.75 Seconds
Solution: 1 23 20 13 21 35 24 48 50 15 17 3 42 6 8 31 22 28 30 40 4 25 5 29 47 7 44 18 45 43 10 16 34 36 33 14 41 32 37 12 19 9 2 39 49 26 27 11 46 38 

Inst_Index:7037 	 City_Num:50 	 Concorde:5.214717 	 MCTS:5.214717 Improve:0.000000 	 Time:3.77 Seconds
Solution: 1 19 18 24 9 8 43 12 37 2 38 35 30 16 14 41 33 40 50 25 29 31 48 6 5 46 13 20 10 27 3 4 49 22 32 42 23 11 44 7 39 45 15 28 17 34 26 21 47 36 

Inst_Index:7038 	 City_Num:50 	 Concorde:5.895795 	 MCTS:5.895795 Improve:-0.000000 	 Time:3.75 Seconds
Solution: 1 11 20 21 8 19 12 23 37 45 46 6 17 49 44 42 22 34 3 28 10 14 32 2 25 30 4 18 24 5 35 26 27 38 47 36 15 50 9 48 43 41 31 40 33 29 39 13 7 16 

Inst_Index:7039 	 City_Num:50 	 Concorde:5.754825 	 MCTS:5.754825 Improve:-0.000000 	 Time:3.76 Seconds
Solution: 1 29 25 35 27 26 10 40 5 7 17 18 4 44 20 24 8 11 21 45 3 37 48 12 28 46 23 31 43 32 19 30 36 16 22 50 13 9 6 41 39 2 49 42 33 34 15 14 47 38 

Inst_Index:7040 	 City_Num:50 	 Concorde:5.779982 	 MCTS:5.779982 Improve:0.000000 	 Time:3.76 Seconds
Solution: 1 5 11 48 44 25 28 27 21 18 22 6 37 14 19 8 24 3 30 2 7 41 20 40 32 13 17 4 39 26 45 15 9 29 35 34 23 12 42 49 50 38 16 36 10 31 33 47 43 46 

Inst_Index:7041 	 City_Num:50 	 Concorde:5.747535 	 MCTS:5.747535 Improve:0.000000 	 Time:3.76 Seconds
Solution: 1 47 3 40 26 7 6 31 30 32 23 9 37 46 15 22 41 4 39 10 13 43 29 25 44 8 33 42 5 28 49 19 36 35 17 18 11 50 45 20 16 38 24 48 2 12 21 34 14 27 

Inst_Index:7042 	 City_Num:50 	 Concorde:5.219278 	 MCTS:5.219278 Improve:-0.000000 	 Time:3.75 Seconds
Solution: 1 49 10 35 33 45 7 9 19 47 2 20 16 37 38 12 17 6 15 27 32 24 43 34 14 44 11 26 40 8 23 28 31 48 22 4 13 39 30 46 36 21 18 41 3 50 29 5 42 25 

Inst_Index:7043 	 City_Num:50 	 Concorde:5.544255 	 MCTS:5.544255 Improve:0.000000 	 Time:3.76 Seconds
Solution: 1 18 44 7 12 49 24 17 29 47 38 35 45 46 8 23 39 9 14 34 36 20 25 3 27 30 4 2 15 33 41 26 43 50 42 6 16 22 31 11 37 32 40 13 48 5 10 28 21 19 

Inst_Index:7044 	 City_Num:50 	 Concorde:5.537616 	 MCTS:5.536660 Improve:0.000956 	 Time:3.76 Seconds
Solution: 1 21 45 35 30 49 42 5 36 26 44 20 31 13 43 40 9 48 50 14 47 17 25 39 46 19 41 23 15 3 38 16 29 8 24 2 4 10 12 22 27 7 28 32 11 33 18 37 6 34 

Inst_Index:7045 	 City_Num:50 	 Concorde:5.761845 	 MCTS:5.761845 Improve:0.000000 	 Time:3.76 Seconds
Solution: 1 21 4 7 39 22 18 42 5 44 31 30 9 49 15 6 19 35 25 20 34 26 27 47 40 29 41 16 45 46 32 48 50 2 14 10 33 13 37 24 17 36 28 3 43 8 38 11 23 12 

Inst_Index:7046 	 City_Num:50 	 Concorde:5.556887 	 MCTS:5.556745 Improve:0.000143 	 Time:3.77 Seconds
Solution: 1 47 5 18 30 22 11 35 28 33 31 44 27 37 3 50 26 40 39 6 46 49 43 9 23 25 34 21 19 48 42 15 12 13 38 7 41 16 36 2 32 14 17 4 10 29 45 24 8 20 

Inst_Index:7047 	 City_Num:50 	 Concorde:5.764119 	 MCTS:5.764119 Improve:0.000000 	 Time:3.75 Seconds
Solution: 1 39 21 10 26 7 33 34 28 24 2 43 38 18 41 45 3 35 49 48 37 15 9 11 46 8 13 6 20 27 5 30 29 14 12 16 25 44 50 4 23 17 40 36 32 22 42 19 31 47 

Inst_Index:7048 	 City_Num:50 	 Concorde:5.671255 	 MCTS:5.671255 Improve:0.000000 	 Time:3.76 Seconds
Solution: 1 41 36 10 29 11 40 44 21 47 15 9 5 35 23 2 8 31 14 24 28 12 18 34 7 20 4 48 22 50 33 27 19 43 42 17 49 37 6 16 30 25 38 26 45 13 46 3 39 32 

Inst_Index:7049 	 City_Num:50 	 Concorde:5.699470 	 MCTS:5.699470 Improve:0.000000 	 Time:3.75 Seconds
Solution: 1 40 19 37 48 16 34 50 17 10 43 42 20 44 12 23 49 14 32 26 11 6 33 30 38 29 8 5 4 36 9 31 47 45 21 24 35 25 15 18 39 2 46 3 22 7 27 41 13 28 

Inst_Index:7050 	 City_Num:50 	 Concorde:5.924002 	 MCTS:5.924002 Improve:0.000000 	 Time:3.75 Seconds
Solution: 1 31 4 7 50 36 49 48 46 12 20 29 44 35 39 8 30 37 16 41 15 6 23 14 11 17 25 26 34 28 38 2 27 40 32 45 19 5 10 47 42 18 3 13 21 33 22 24 9 43 

Inst_Index:7051 	 City_Num:50 	 Concorde:5.091862 	 MCTS:5.091862 Improve:-0.000000 	 Time:3.76 Seconds
Solution: 1 31 44 50 3 7 42 19 10 16 25 11 4 47 6 29 8 48 30 9 24 18 43 13 5 21 35 23 38 34 46 27 45 32 2 39 41 33 20 17 36 37 15 28 14 12 26 40 22 49 

Inst_Index:7052 	 City_Num:50 	 Concorde:5.346029 	 MCTS:5.342844 Improve:0.003185 	 Time:3.75 Seconds
Solution: 1 28 15 29 2 11 50 32 8 27 45 36 25 7 18 4 13 22 24 37 47 41 31 30 38 12 3 39 42 44 6 46 5 35 40 17 49 21 43 48 23 9 16 19 33 14 34 10 26 20 

Inst_Index:7053 	 City_Num:50 	 Concorde:6.030522 	 MCTS:6.030522 Improve:0.000000 	 Time:3.76 Seconds
Solution: 1 45 4 5 41 49 35 40 17 15 33 8 37 42 13 23 18 26 39 12 29 19 25 46 50 7 36 2 44 28 22 24 47 34 11 21 16 32 20 27 48 10 31 3 43 30 6 38 9 14 

Inst_Index:7054 	 City_Num:50 	 Concorde:5.928420 	 MCTS:5.928420 Improve:-0.000000 	 Time:3.76 Seconds
Solution: 1 40 9 38 14 39 20 37 25 21 42 49 13 4 12 31 27 19 33 15 8 2 3 23 32 24 6 35 29 34 46 43 36 7 48 50 16 44 18 45 47 26 17 10 5 30 28 22 41 11 

Inst_Index:7055 	 City_Num:50 	 Concorde:6.052491 	 MCTS:6.052491 Improve:-0.000000 	 Time:3.77 Seconds
Solution: 1 19 33 36 10 4 11 15 12 9 20 27 31 7 17 40 44 8 6 30 25 23 5 39 50 35 24 46 45 2 18 16 41 21 42 29 28 34 37 3 49 47 14 13 38 22 32 43 26 48 

Inst_Index:7056 	 City_Num:50 	 Concorde:5.640558 	 MCTS:5.638054 Improve:0.002504 	 Time:3.75 Seconds
Solution: 1 2 37 18 25 22 4 24 27 26 35 38 28 6 29 42 33 12 9 14 3 21 7 49 20 17 10 45 40 11 5 36 31 43 44 50 23 46 47 13 39 8 16 30 34 32 41 19 48 15 

Inst_Index:7057 	 City_Num:50 	 Concorde:6.089429 	 MCTS:6.089429 Improve:-0.000000 	 Time:3.75 Seconds
Solution: 1 48 9 50 41 44 17 6 13 29 8 31 39 38 5 46 40 23 49 33 20 34 25 4 11 21 32 18 42 28 3 22 35 47 27 16 26 2 36 37 12 43 10 24 19 45 14 30 7 15 

Inst_Index:7058 	 City_Num:50 	 Concorde:5.460869 	 MCTS:5.459116 Improve:0.001753 	 Time:3.76 Seconds
Solution: 1 44 27 24 47 20 50 5 29 30 48 22 42 18 8 10 15 28 23 25 7 32 40 4 46 12 16 43 11 17 33 37 13 35 21 41 3 39 19 34 38 49 14 36 26 9 2 6 31 45 

Inst_Index:7059 	 City_Num:50 	 Concorde:5.764869 	 MCTS:5.764869 Improve:0.000000 	 Time:3.76 Seconds
Solution: 1 36 23 21 27 16 47 19 42 11 43 10 2 29 30 12 22 40 48 18 35 31 24 9 5 6 20 15 46 3 34 50 44 8 32 28 39 37 4 25 13 41 17 26 49 38 7 45 33 14 

Inst_Index:7060 	 City_Num:50 	 Concorde:5.395057 	 MCTS:5.393734 Improve:0.001322 	 Time:3.75 Seconds
Solution: 1 37 46 4 40 32 33 16 19 17 30 24 7 48 49 29 47 8 27 22 44 45 25 36 23 14 34 10 41 3 38 26 31 28 9 5 39 21 42 50 6 18 11 2 13 20 35 43 12 15 

Inst_Index:7061 	 City_Num:50 	 Concorde:5.733014 	 MCTS:5.728064 Improve:0.004950 	 Time:3.75 Seconds
Solution: 1 4 7 37 49 17 44 25 33 38 28 50 20 42 23 21 13 32 8 11 31 15 29 24 14 43 2 3 41 39 12 27 47 34 10 22 16 18 35 19 30 40 48 5 9 46 26 45 6 36 

Inst_Index:7062 	 City_Num:50 	 Concorde:5.845081 	 MCTS:5.845081 Improve:-0.000000 	 Time:3.75 Seconds
Solution: 1 2 45 32 9 39 35 47 48 46 21 20 34 44 10 15 22 41 24 49 19 40 6 5 12 14 30 33 42 26 23 27 11 7 28 4 43 8 31 36 16 13 37 38 3 29 18 50 25 17 

Inst_Index:7063 	 City_Num:50 	 Concorde:5.569281 	 MCTS:5.569281 Improve:-0.000000 	 Time:3.76 Seconds
Solution: 1 12 31 18 19 46 7 48 39 4 6 11 26 35 40 15 34 23 16 28 13 25 8 5 42 22 43 44 24 2 17 21 37 33 45 47 38 30 9 29 32 3 14 10 41 20 50 49 36 27 

Inst_Index:7064 	 City_Num:50 	 Concorde:5.789264 	 MCTS:5.789264 Improve:0.000000 	 Time:3.76 Seconds
Solution: 1 3 35 33 28 46 11 34 18 20 36 2 14 29 5 31 48 47 13 10 17 23 49 16 22 45 21 25 9 27 7 15 41 4 24 43 42 44 8 6 12 37 30 50 32 39 19 38 40 26 

Inst_Index:7065 	 City_Num:50 	 Concorde:5.382875 	 MCTS:5.382875 Improve:-0.000000 	 Time:3.76 Seconds
Solution: 1 32 47 13 40 18 9 36 3 49 15 43 25 24 31 37 19 10 11 12 28 4 20 46 6 17 42 33 27 44 48 2 5 34 38 16 39 8 14 35 41 29 50 7 30 22 45 21 26 23 

Inst_Index:7066 	 City_Num:50 	 Concorde:5.838920 	 MCTS:5.838920 Improve:0.000000 	 Time:3.76 Seconds
Solution: 1 26 8 31 5 6 43 48 25 15 47 27 11 32 9 28 3 18 23 40 42 10 45 38 49 39 22 2 7 30 50 14 29 20 36 21 34 24 13 44 37 17 46 33 19 35 4 16 41 12 

Inst_Index:7067 	 City_Num:50 	 Concorde:5.688022 	 MCTS:5.688022 Improve:0.000000 	 Time:3.76 Seconds
Solution: 1 37 12 29 44 30 39 28 17 42 31 41 40 7 15 22 9 14 23 47 46 18 48 45 19 13 43 49 4 34 33 50 3 6 32 16 21 38 11 20 36 8 5 26 10 24 35 25 2 27 

Inst_Index:7068 	 City_Num:50 	 Concorde:5.798635 	 MCTS:5.795813 Improve:0.002822 	 Time:3.76 Seconds
Solution: 1 41 27 43 21 2 28 50 48 44 18 10 42 39 19 49 26 15 34 24 46 14 8 5 29 40 35 7 31 4 33 11 6 16 17 23 12 36 30 22 3 13 38 20 25 9 32 45 47 37 

Inst_Index:7069 	 City_Num:50 	 Concorde:5.624248 	 MCTS:5.624248 Improve:0.000000 	 Time:3.75 Seconds
Solution: 1 27 30 46 36 49 18 41 48 44 17 9 3 21 15 2 28 39 31 50 32 14 20 13 33 26 43 22 24 7 37 19 23 4 47 40 10 35 45 11 42 16 8 38 12 34 25 6 29 5 

Inst_Index:7070 	 City_Num:50 	 Concorde:5.863597 	 MCTS:5.862588 Improve:0.001008 	 Time:3.76 Seconds
Solution: 1 9 26 20 37 49 12 41 25 38 33 23 19 24 28 14 48 39 50 15 6 4 35 18 40 43 2 44 13 22 46 8 30 16 36 42 17 5 29 10 21 31 11 45 47 32 34 7 3 27 

Inst_Index:7071 	 City_Num:50 	 Concorde:5.304800 	 MCTS:5.304800 Improve:-0.000000 	 Time:3.76 Seconds
Solution: 1 37 38 26 19 5 3 30 22 41 7 20 25 33 48 45 21 39 6 14 36 47 17 16 31 35 18 50 12 43 44 9 28 10 8 23 29 11 46 42 15 40 49 32 34 13 2 27 24 4 

Inst_Index:7072 	 City_Num:50 	 Concorde:5.925641 	 MCTS:5.922745 Improve:0.002896 	 Time:3.76 Seconds
Solution: 1 4 30 36 14 13 32 41 40 7 46 33 48 29 50 42 16 38 22 3 19 43 44 27 2 8 23 25 18 35 11 12 6 9 26 17 45 31 47 24 49 21 37 10 28 20 5 15 39 34 

Inst_Index:7073 	 City_Num:50 	 Concorde:5.764180 	 MCTS:5.764180 Improve:0.000000 	 Time:3.76 Seconds
Solution: 1 27 7 25 31 39 6 16 49 2 10 47 29 12 38 40 17 19 15 30 14 23 41 50 45 44 3 9 22 11 13 28 8 33 32 36 48 18 26 43 24 34 4 37 21 42 46 5 35 20 

Inst_Index:7074 	 City_Num:50 	 Concorde:5.825324 	 MCTS:5.825324 Improve:0.000000 	 Time:3.76 Seconds
Solution: 1 49 16 7 42 29 30 35 33 22 19 50 17 21 27 14 10 13 34 46 31 36 4 24 8 48 37 20 15 18 28 23 32 47 41 26 12 3 5 11 38 39 45 6 43 2 9 44 25 40 

Inst_Index:7075 	 City_Num:50 	 Concorde:5.736816 	 MCTS:5.736816 Improve:0.000000 	 Time:3.76 Seconds
Solution: 1 39 5 20 44 13 7 4 8 9 23 21 25 31 38 41 28 18 16 35 34 50 29 37 15 30 32 49 42 26 22 45 3 17 11 27 40 43 36 2 19 12 6 47 33 24 14 10 48 46 

Inst_Index:7076 	 City_Num:50 	 Concorde:5.592812 	 MCTS:5.592812 Improve:-0.000000 	 Time:3.75 Seconds
Solution: 1 27 22 29 37 26 9 13 11 36 44 16 24 42 46 3 30 41 35 7 39 49 19 10 38 25 32 18 15 34 33 14 28 23 5 48 17 4 2 6 43 31 40 47 21 12 45 50 8 20 

Inst_Index:7077 	 City_Num:50 	 Concorde:5.200869 	 MCTS:5.200869 Improve:0.000000 	 Time:3.76 Seconds
Solution: 1 42 9 27 33 39 23 21 26 2 6 49 32 41 17 13 34 47 29 37 44 30 48 5 8 45 3 50 46 18 36 40 20 19 24 16 43 12 11 25 28 10 15 4 7 31 14 38 22 35 

Inst_Index:7078 	 City_Num:50 	 Concorde:5.746505 	 MCTS:5.746505 Improve:0.000000 	 Time:3.78 Seconds
Solution: 1 30 20 9 49 42 17 29 38 25 12 48 13 26 3 47 50 15 4 2 23 40 16 41 35 31 24 5 45 8 37 6 21 44 7 32 22 18 28 33 34 11 19 10 46 36 39 14 43 27 

Inst_Index:7079 	 City_Num:50 	 Concorde:5.411753 	 MCTS:5.411753 Improve:-0.000000 	 Time:3.76 Seconds
Solution: 1 2 27 23 50 14 46 21 26 9 37 42 19 15 11 5 24 6 13 34 18 20 28 35 48 40 47 30 38 4 33 25 12 49 44 31 41 17 10 39 36 45 8 22 16 3 43 29 32 7 

Inst_Index:7080 	 City_Num:50 	 Concorde:5.602502 	 MCTS:5.600199 Improve:0.002303 	 Time:3.77 Seconds
Solution: 1 8 50 26 10 9 27 30 12 37 45 17 21 29 32 34 38 36 4 15 28 6 13 3 18 7 33 47 43 24 41 19 39 46 11 2 44 23 35 5 48 40 49 16 14 20 31 42 25 22 

Inst_Index:7081 	 City_Num:50 	 Concorde:5.522082 	 MCTS:5.520496 Improve:0.001587 	 Time:3.76 Seconds
Solution: 1 25 9 26 50 31 46 29 14 32 23 33 28 7 47 11 24 37 43 38 16 40 21 49 44 27 48 6 2 34 8 17 13 39 15 12 10 42 45 19 18 41 30 36 35 5 3 4 22 20 

Inst_Index:7082 	 City_Num:50 	 Concorde:5.471775 	 MCTS:5.471775 Improve:0.000000 	 Time:3.77 Seconds
Solution: 1 38 33 20 13 44 28 49 41 34 3 7 12 42 8 37 50 22 43 46 4 30 31 17 10 39 21 16 5 25 48 27 14 23 18 29 45 19 9 6 15 26 24 47 11 36 32 35 40 2 

Inst_Index:7083 	 City_Num:50 	 Concorde:5.832391 	 MCTS:5.832391 Improve:0.000000 	 Time:3.76 Seconds
Solution: 1 33 20 41 39 2 6 27 36 49 17 25 10 9 11 42 40 15 12 38 37 46 47 48 29 26 45 43 13 16 21 3 5 14 44 35 18 50 22 4 32 30 19 31 24 28 8 7 23 34 

Inst_Index:7084 	 City_Num:50 	 Concorde:6.009106 	 MCTS:6.009106 Improve:0.000000 	 Time:3.75 Seconds
Solution: 1 27 21 26 30 47 41 40 42 39 18 12 36 8 13 46 50 17 49 48 29 15 31 37 44 45 16 25 11 3 23 22 43 9 24 2 35 7 38 32 4 14 33 34 10 19 20 28 6 5 

Inst_Index:7085 	 City_Num:50 	 Concorde:5.799117 	 MCTS:5.793495 Improve:0.005622 	 Time:3.76 Seconds
Solution: 1 35 2 41 48 17 38 21 11 34 26 49 19 24 12 31 20 37 43 22 3 4 28 36 23 29 25 47 32 13 9 5 40 44 45 18 10 15 7 30 39 33 42 14 16 50 27 6 46 8 

Inst_Index:7086 	 City_Num:50 	 Concorde:5.934991 	 MCTS:5.934991 Improve:0.000000 	 Time:3.76 Seconds
Solution: 1 49 21 46 42 23 28 38 12 37 4 25 26 2 11 9 17 39 50 16 6 32 20 19 45 18 7 5 29 40 41 22 10 35 24 34 48 15 33 47 13 30 14 8 36 27 3 43 44 31 

Inst_Index:7087 	 City_Num:50 	 Concorde:5.340708 	 MCTS:5.338456 Improve:0.002252 	 Time:3.75 Seconds
Solution: 1 7 15 30 35 13 33 41 14 12 20 48 8 18 28 10 6 31 47 3 26 36 43 34 39 17 49 45 22 29 23 5 2 42 32 24 4 40 16 27 44 11 46 37 50 38 25 21 19 9 

Inst_Index:7088 	 City_Num:50 	 Concorde:5.731464 	 MCTS:5.731464 Improve:0.000000 	 Time:3.76 Seconds
Solution: 1 32 23 10 30 26 45 21 28 46 11 49 41 7 5 25 24 40 6 31 44 42 12 43 15 37 17 3 2 50 22 38 47 36 16 39 14 9 8 35 20 18 13 29 4 27 33 48 19 34 

Inst_Index:7089 	 City_Num:50 	 Concorde:5.623393 	 MCTS:5.623393 Improve:-0.000000 	 Time:3.76 Seconds
Solution: 1 4 6 17 7 18 19 30 23 45 32 44 36 48 40 39 50 47 43 11 34 22 2 20 35 42 13 16 49 28 8 12 15 3 37 25 33 10 27 41 31 29 9 46 24 21 26 14 38 5 

Inst_Index:7090 	 City_Num:50 	 Concorde:5.275827 	 MCTS:5.274541 Improve:0.001286 	 Time:3.76 Seconds
Solution: 1 17 26 20 28 19 29 32 35 33 24 23 15 38 50 2 9 30 10 42 11 43 14 36 27 25 31 47 49 4 44 7 8 22 46 48 21 13 12 34 5 37 45 40 16 3 41 18 39 6 

Inst_Index:7091 	 City_Num:50 	 Concorde:5.250748 	 MCTS:5.250748 Improve:0.000000 	 Time:3.76 Seconds
Solution: 1 27 4 10 43 8 32 40 47 21 18 50 22 31 13 37 34 26 30 15 9 12 3 41 48 23 25 45 29 14 44 16 33 24 35 2 5 42 7 39 17 11 28 19 20 6 36 49 46 38 

Inst_Index:7092 	 City_Num:50 	 Concorde:5.890909 	 MCTS:5.890330 Improve:0.000579 	 Time:3.76 Seconds
Solution: 1 19 37 49 42 17 43 35 8 13 12 22 28 16 14 5 20 36 25 41 6 46 2 21 33 11 31 7 30 15 24 3 45 18 40 34 27 26 9 47 39 48 23 29 32 4 10 50 38 44 

Inst_Index:7093 	 City_Num:50 	 Concorde:6.335722 	 MCTS:6.333219 Improve:0.002504 	 Time:3.75 Seconds
Solution: 1 12 18 5 37 22 25 33 43 24 19 7 41 32 20 45 35 2 42 31 40 47 16 6 8 11 49 13 14 38 48 4 50 44 17 27 3 15 30 34 23 29 46 36 26 21 39 9 10 28 

Inst_Index:7094 	 City_Num:50 	 Concorde:5.819179 	 MCTS:5.819179 Improve:0.000000 	 Time:3.76 Seconds
Solution: 1 4 33 12 20 35 23 37 10 13 21 15 24 18 32 22 6 36 29 40 25 30 3 11 47 42 48 5 7 19 14 45 43 26 16 41 50 17 2 31 28 8 39 34 44 27 38 9 49 46 

Inst_Index:7095 	 City_Num:50 	 Concorde:5.517294 	 MCTS:5.517294 Improve:-0.000000 	 Time:3.76 Seconds
Solution: 1 3 35 43 26 32 15 28 41 44 49 23 6 17 8 25 10 20 19 39 42 7 38 27 29 47 21 24 48 30 36 37 46 14 18 2 40 16 45 4 12 22 31 9 13 5 11 34 50 33 

Inst_Index:7096 	 City_Num:50 	 Concorde:5.803926 	 MCTS:5.803926 Improve:0.000000 	 Time:3.76 Seconds
Solution: 1 18 45 23 35 34 10 46 17 30 29 24 15 40 20 4 28 2 27 49 41 6 9 21 22 39 8 31 33 47 25 36 43 3 11 48 42 50 44 7 12 14 19 13 32 38 37 16 26 5 

Inst_Index:7097 	 City_Num:50 	 Concorde:5.909011 	 MCTS:5.908096 Improve:0.000915 	 Time:3.77 Seconds
Solution: 1 31 30 2 33 5 3 16 10 4 32 44 7 22 50 20 17 36 37 34 24 29 18 40 27 21 9 6 14 23 49 48 15 45 38 12 41 35 8 13 28 47 43 25 42 26 39 19 11 46 

Inst_Index:7098 	 City_Num:50 	 Concorde:6.090475 	 MCTS:6.090475 Improve:0.000000 	 Time:3.75 Seconds
Solution: 1 46 4 49 17 21 45 12 43 8 14 30 42 41 24 15 34 40 47 32 33 28 18 37 6 38 13 16 2 39 11 48 26 50 10 36 22 7 23 27 20 35 3 19 25 44 5 9 29 31 

Inst_Index:7099 	 City_Num:50 	 Concorde:5.589046 	 MCTS:5.589046 Improve:-0.000000 	 Time:3.75 Seconds
Solution: 1 45 9 11 40 39 10 42 25 16 28 30 6 35 46 17 19 31 2 49 27 18 50 37 41 23 24 14 13 26 3 4 34 22 5 48 43 32 29 38 33 15 8 47 7 21 36 12 20 44 

Inst_Index:7100 	 City_Num:50 	 Concorde:5.918857 	 MCTS:5.918857 Improve:-0.000000 	 Time:3.76 Seconds
Solution: 1 23 16 43 34 26 6 35 19 47 5 37 40 38 14 12 20 17 31 8 2 41 7 42 24 46 22 10 13 25 45 21 3 39 49 32 29 4 36 33 30 28 27 44 9 50 48 15 18 11 

Inst_Index:7101 	 City_Num:50 	 Concorde:5.803703 	 MCTS:5.799338 Improve:0.004364 	 Time:3.76 Seconds
Solution: 1 15 20 24 47 10 8 4 50 14 41 40 19 36 44 27 21 30 9 16 45 12 48 42 31 13 38 26 22 37 5 49 25 6 35 43 34 33 11 29 18 46 2 17 7 39 32 3 23 28 

Inst_Index:7102 	 City_Num:50 	 Concorde:5.852101 	 MCTS:5.848303 Improve:0.003798 	 Time:3.76 Seconds
Solution: 1 47 30 10 22 17 50 38 21 40 29 31 2 43 18 39 15 3 16 41 36 19 23 14 9 12 13 46 48 37 5 42 33 11 32 45 27 34 6 44 28 25 7 4 49 35 20 26 8 24 

Inst_Index:7103 	 City_Num:50 	 Concorde:5.758116 	 MCTS:5.758116 Improve:-0.000000 	 Time:3.76 Seconds
Solution: 1 40 46 24 17 7 11 15 13 19 20 33 43 41 50 18 10 34 8 2 49 42 29 45 35 30 28 25 22 37 27 3 38 12 47 23 26 39 36 5 44 32 31 6 14 48 16 21 9 4 

Inst_Index:7104 	 City_Num:50 	 Concorde:5.204951 	 MCTS:5.197272 Improve:0.007679 	 Time:3.76 Seconds
Solution: 1 8 24 29 37 9 13 48 14 22 17 47 11 44 42 12 50 6 36 4 43 27 15 45 39 25 41 16 10 5 31 18 7 30 32 34 28 26 40 19 33 23 46 49 3 2 38 35 20 21 

Inst_Index:7105 	 City_Num:50 	 Concorde:5.615441 	 MCTS:5.615441 Improve:-0.000000 	 Time:3.75 Seconds
Solution: 1 45 18 21 34 49 24 40 33 41 28 50 5 22 46 26 44 31 20 6 29 11 47 3 23 43 37 32 16 17 36 48 15 7 10 25 8 42 27 35 9 30 13 14 4 2 39 12 19 38 

Inst_Index:7106 	 City_Num:50 	 Concorde:5.794809 	 MCTS:5.794809 Improve:0.000000 	 Time:3.77 Seconds
Solution: 1 2 47 42 49 44 40 12 35 27 13 8 20 39 38 15 26 3 10 23 18 4 5 50 28 34 43 9 41 46 25 19 11 45 29 30 14 36 32 48 16 31 37 22 24 33 21 17 7 6 

Inst_Index:7107 	 City_Num:50 	 Concorde:6.485973 	 MCTS:6.485973 Improve:0.000000 	 Time:3.76 Seconds
Solution: 1 40 21 18 32 49 7 27 2 36 38 8 39 17 47 5 48 9 29 23 28 16 35 19 15 43 31 30 3 46 6 12 41 10 37 34 42 13 11 24 33 14 50 20 45 22 25 4 26 44 

Inst_Index:7108 	 City_Num:50 	 Concorde:5.743326 	 MCTS:5.738347 Improve:0.004979 	 Time:3.77 Seconds
Solution: 1 6 13 29 9 36 22 10 33 4 5 15 46 49 18 44 32 35 25 28 16 14 21 40 37 38 26 50 11 45 7 47 19 43 41 8 31 42 3 27 30 12 17 24 2 39 48 34 23 20 

Inst_Index:7109 	 City_Num:50 	 Concorde:5.580923 	 MCTS:5.580923 Improve:-0.000000 	 Time:3.77 Seconds
Solution: 1 47 24 17 10 25 28 23 46 18 44 45 29 33 19 34 11 40 26 4 3 7 39 13 2 20 31 49 9 37 43 5 14 8 12 6 36 21 35 30 48 22 15 38 16 32 27 50 42 41 

Inst_Index:7110 	 City_Num:50 	 Concorde:5.638371 	 MCTS:5.638371 Improve:-0.000000 	 Time:3.76 Seconds
Solution: 1 17 46 11 24 29 35 10 16 2 13 37 39 23 44 49 42 33 48 34 40 5 14 7 38 45 21 3 18 12 28 27 15 43 6 9 20 26 8 25 22 4 32 47 41 50 30 19 31 36 

Inst_Index:7111 	 City_Num:50 	 Concorde:5.688494 	 MCTS:5.688494 Improve:-0.000000 	 Time:3.75 Seconds
Solution: 1 20 22 25 9 4 2 31 50 36 17 44 14 27 38 18 6 47 39 5 29 34 40 42 11 43 15 30 26 35 13 33 10 46 37 24 7 28 16 41 12 48 32 8 19 45 49 3 23 21 

Inst_Index:7112 	 City_Num:50 	 Concorde:5.393029 	 MCTS:5.384818 Improve:0.008211 	 Time:3.76 Seconds
Solution: 1 31 9 6 23 46 10 43 44 40 37 41 30 42 25 36 49 4 15 16 13 17 24 19 48 26 12 18 32 47 34 8 39 2 45 27 11 5 22 35 3 7 29 38 50 20 33 28 21 14 

Inst_Index:7113 	 City_Num:50 	 Concorde:5.904824 	 MCTS:5.904824 Improve:-0.000000 	 Time:3.76 Seconds
Solution: 1 28 7 43 50 21 34 48 39 15 8 35 26 23 33 44 42 49 17 37 18 11 9 31 14 47 19 45 6 4 40 24 2 10 36 5 13 16 30 20 25 46 27 3 41 32 29 22 38 12 

Inst_Index:7114 	 City_Num:50 	 Concorde:5.401258 	 MCTS:5.401258 Improve:0.000000 	 Time:3.77 Seconds
Solution: 1 48 47 3 30 20 36 31 9 14 18 27 25 29 50 22 4 37 32 13 41 43 38 7 45 44 15 10 46 26 12 8 42 6 34 33 49 24 40 11 16 28 23 35 39 17 19 21 5 2 

Inst_Index:7115 	 City_Num:50 	 Concorde:5.488160 	 MCTS:5.483593 Improve:0.004567 	 Time:3.76 Seconds
Solution: 1 18 22 17 31 45 23 14 48 49 32 34 26 33 28 20 38 5 40 10 27 13 16 41 6 12 39 35 42 36 7 9 50 37 43 29 47 24 3 8 44 21 11 25 15 4 2 46 19 30 

Inst_Index:7116 	 City_Num:50 	 Concorde:5.874865 	 MCTS:5.874865 Improve:-0.000000 	 Time:3.76 Seconds
Solution: 1 21 19 17 25 50 34 48 26 10 33 39 36 32 7 30 44 11 40 3 27 23 5 47 28 43 14 16 37 13 2 29 31 9 20 8 15 35 41 38 6 4 49 22 12 45 18 42 46 24 

Inst_Index:7117 	 City_Num:50 	 Concorde:5.517140 	 MCTS:5.512341 Improve:0.004799 	 Time:3.76 Seconds
Solution: 1 16 10 18 14 20 9 36 32 44 8 37 35 47 15 17 40 33 39 3 4 42 21 25 50 24 38 43 13 46 28 41 23 26 2 12 34 7 49 27 22 30 29 48 19 45 5 6 31 11 

Inst_Index:7118 	 City_Num:50 	 Concorde:5.873206 	 MCTS:5.869280 Improve:0.003927 	 Time:3.77 Seconds
Solution: 1 46 34 21 29 35 24 4 43 20 9 28 22 3 7 14 42 16 12 13 31 23 2 44 8 15 19 48 25 11 41 45 6 26 39 30 40 18 17 10 5 27 32 50 38 49 36 37 47 33 

Inst_Index:7119 	 City_Num:50 	 Concorde:5.667517 	 MCTS:5.665222 Improve:0.002295 	 Time:3.76 Seconds
Solution: 1 16 50 49 4 35 11 27 39 44 45 3 21 25 6 12 24 38 33 40 26 22 28 29 10 41 9 19 2 8 32 48 15 17 46 30 43 47 23 20 13 14 42 34 18 7 5 31 37 36 

Inst_Index:7120 	 City_Num:50 	 Concorde:5.846527 	 MCTS:5.846527 Improve:0.000000 	 Time:3.76 Seconds
Solution: 1 48 41 47 7 28 40 12 24 44 6 29 43 16 9 15 33 8 20 5 17 13 22 38 49 42 25 32 27 19 35 39 10 18 34 3 31 4 50 23 45 26 11 2 21 14 30 46 36 37 

Inst_Index:7121 	 City_Num:50 	 Concorde:5.684876 	 MCTS:5.679505 Improve:0.005370 	 Time:3.75 Seconds
Solution: 1 8 48 11 22 21 31 41 23 15 30 24 10 27 9 45 34 2 49 36 37 46 50 7 6 28 14 25 43 17 19 29 12 40 13 47 42 39 26 35 4 33 3 38 44 20 32 18 5 16 

Inst_Index:7122 	 City_Num:50 	 Concorde:5.430417 	 MCTS:5.430417 Improve:-0.000000 	 Time:3.76 Seconds
Solution: 1 48 19 17 37 18 9 38 6 15 40 36 10 32 20 16 3 25 41 4 2 22 34 28 47 46 30 50 23 31 33 49 11 7 8 43 27 21 39 12 35 26 44 14 29 24 42 5 13 45 

Inst_Index:7123 	 City_Num:50 	 Concorde:5.976246 	 MCTS:5.974677 Improve:0.001569 	 Time:3.75 Seconds
Solution: 1 43 47 17 49 9 24 33 41 18 46 31 11 30 23 48 36 34 8 50 6 20 5 35 38 3 26 4 32 12 45 44 37 40 2 15 25 10 19 14 16 21 27 7 13 39 22 29 42 28 

Inst_Index:7124 	 City_Num:50 	 Concorde:5.313293 	 MCTS:5.313293 Improve:0.000000 	 Time:3.76 Seconds
Solution: 1 48 36 16 6 8 39 5 29 47 45 38 24 50 20 14 34 25 37 46 10 40 3 17 15 33 7 49 23 42 26 18 11 13 2 35 22 9 41 21 31 30 44 4 32 28 43 12 19 27 

Inst_Index:7125 	 City_Num:50 	 Concorde:5.304812 	 MCTS:5.304080 Improve:0.000733 	 Time:3.75 Seconds
Solution: 1 40 16 17 37 18 49 5 24 33 39 6 22 34 4 3 46 48 10 43 32 9 15 21 30 2 42 25 28 31 14 12 26 8 36 23 20 13 38 45 27 11 47 50 19 35 7 29 41 44 

Inst_Index:7126 	 City_Num:50 	 Concorde:5.448157 	 MCTS:5.448157 Improve:-0.000000 	 Time:3.76 Seconds
Solution: 1 19 9 24 41 12 35 17 50 11 15 26 16 46 48 4 5 27 36 33 28 37 20 25 43 40 29 38 47 2 10 42 39 21 8 22 14 44 30 45 49 6 7 23 32 13 3 18 31 34 

Inst_Index:7127 	 City_Num:50 	 Concorde:5.610200 	 MCTS:5.610200 Improve:-0.000000 	 Time:3.76 Seconds
Solution: 1 23 40 25 5 2 39 48 7 27 35 18 19 24 50 21 32 46 22 49 26 20 43 47 44 8 12 3 42 33 10 30 15 4 13 31 17 37 16 38 6 36 29 34 11 28 9 14 41 45 

Inst_Index:7128 	 City_Num:50 	 Concorde:5.509982 	 MCTS:5.509982 Improve:0.000000 	 Time:3.78 Seconds
Solution: 1 48 21 4 49 12 17 46 29 36 50 8 5 24 22 23 13 47 41 40 3 20 27 31 25 18 2 42 9 19 35 10 30 44 39 26 15 33 32 43 34 14 6 11 28 7 45 16 37 38 

Inst_Index:7129 	 City_Num:50 	 Concorde:5.882436 	 MCTS:5.882436 Improve:0.000000 	 Time:3.75 Seconds
Solution: 1 16 43 48 2 39 5 47 30 15 26 3 7 33 18 4 42 19 20 25 40 44 45 28 9 21 22 46 29 36 11 24 35 37 6 49 12 50 41 31 8 17 14 32 13 10 27 38 23 34 

Inst_Index:7130 	 City_Num:50 	 Concorde:5.665304 	 MCTS:5.660149 Improve:0.005155 	 Time:3.76 Seconds
Solution: 1 32 20 28 27 41 26 44 5 31 36 14 15 23 24 7 6 40 48 11 29 3 8 12 43 21 2 42 13 39 47 38 25 30 16 10 45 50 18 49 37 34 9 46 33 22 35 19 17 4 

Inst_Index:7131 	 City_Num:50 	 Concorde:5.848221 	 MCTS:5.848221 Improve:0.000000 	 Time:3.76 Seconds
Solution: 1 41 3 16 24 39 50 47 45 22 32 42 21 17 14 35 5 40 26 37 31 6 49 10 38 48 8 11 19 12 20 9 33 43 36 27 25 30 4 18 34 28 46 44 29 15 13 2 7 23 

Inst_Index:7132 	 City_Num:50 	 Concorde:5.932435 	 MCTS:5.925828 Improve:0.006606 	 Time:3.76 Seconds
Solution: 1 48 9 5 38 18 37 28 31 34 29 44 10 43 19 32 16 41 24 30 45 8 35 20 39 26 22 7 42 36 12 25 15 27 46 33 21 47 2 40 23 14 3 13 49 17 50 4 11 6 

Inst_Index:7133 	 City_Num:50 	 Concorde:5.613661 	 MCTS:5.613661 Improve:-0.000000 	 Time:3.75 Seconds
Solution: 1 7 35 14 16 38 27 24 33 44 50 20 25 32 10 4 31 48 26 3 19 34 37 47 46 49 22 41 6 9 8 15 36 45 23 11 39 2 42 30 21 29 13 12 28 43 5 18 17 40 

Inst_Index:7134 	 City_Num:50 	 Concorde:5.861231 	 MCTS:5.861231 Improve:-0.000000 	 Time:3.76 Seconds
Solution: 1 22 17 41 20 23 28 26 15 25 19 2 37 50 9 39 16 46 3 33 40 35 49 36 48 14 4 45 21 27 18 12 30 32 31 29 44 42 10 5 8 47 13 38 43 11 24 7 6 34 

Inst_Index:7135 	 City_Num:50 	 Concorde:6.065776 	 MCTS:6.065776 Improve:0.000000 	 Time:3.77 Seconds
Solution: 1 42 7 37 26 15 24 16 5 14 6 39 30 10 43 13 40 18 22 36 9 38 48 17 21 19 44 47 11 20 49 23 34 50 33 3 32 8 41 2 12 27 31 35 28 45 25 29 4 46 

Inst_Index:7136 	 City_Num:50 	 Concorde:5.566425 	 MCTS:5.566425 Improve:0.000000 	 Time:3.78 Seconds
Solution: 1 42 50 9 47 32 27 21 7 14 24 2 18 13 17 41 49 23 45 15 6 30 3 40 22 20 26 34 28 25 38 46 35 36 10 44 11 8 4 37 29 48 39 16 12 33 31 19 43 5 

Inst_Index:7137 	 City_Num:50 	 Concorde:5.939906 	 MCTS:5.939906 Improve:-0.000000 	 Time:3.76 Seconds
Solution: 1 50 38 45 29 31 46 47 16 42 14 34 21 4 26 18 37 22 49 12 10 24 28 7 32 8 6 2 11 15 25 43 35 19 41 40 30 39 44 20 48 36 33 17 23 5 27 3 13 9 

Inst_Index:7138 	 City_Num:50 	 Concorde:5.708735 	 MCTS:5.702896 Improve:0.005838 	 Time:3.76 Seconds
Solution: 1 41 21 43 28 16 2 20 18 23 15 35 30 50 48 36 10 39 45 3 31 25 6 47 5 8 27 29 34 38 26 4 19 24 14 37 40 22 46 12 33 32 13 42 49 9 17 11 44 7 

Inst_Index:7139 	 City_Num:50 	 Concorde:5.608706 	 MCTS:5.607331 Improve:0.001375 	 Time:3.76 Seconds
Solution: 1 44 17 16 20 35 13 48 31 38 22 12 9 19 8 28 40 41 46 45 29 43 14 34 30 47 2 10 3 49 33 37 24 42 11 7 39 50 23 32 25 27 36 4 21 15 18 5 6 26 

Inst_Index:7140 	 City_Num:50 	 Concorde:5.472183 	 MCTS:5.467265 Improve:0.004918 	 Time:3.75 Seconds
Solution: 1 4 12 3 44 49 34 14 9 42 25 18 8 41 10 46 24 21 23 50 28 16 48 43 30 40 20 31 5 7 2 26 36 38 33 35 29 19 15 6 37 22 32 17 47 11 13 27 45 39 

Inst_Index:7141 	 City_Num:50 	 Concorde:5.901068 	 MCTS:5.893303 Improve:0.007765 	 Time:3.78 Seconds
Solution: 1 28 10 22 19 49 2 46 48 34 41 18 33 37 43 40 16 31 42 47 35 29 4 23 44 7 20 15 26 25 24 12 45 14 32 27 30 13 8 17 36 21 3 5 38 39 6 11 9 50 

Inst_Index:7142 	 City_Num:50 	 Concorde:5.666346 	 MCTS:5.666346 Improve:-0.000000 	 Time:3.76 Seconds
Solution: 1 13 40 38 21 11 17 26 47 32 7 49 19 43 36 29 35 8 6 2 48 20 12 24 34 18 46 44 14 33 4 9 25 23 45 39 31 28 27 37 5 10 16 50 30 3 41 22 42 15 

Inst_Index:7143 	 City_Num:50 	 Concorde:5.740224 	 MCTS:5.740224 Improve:0.000000 	 Time:3.76 Seconds
Solution: 1 44 3 46 25 39 22 26 6 31 40 32 17 9 7 42 34 13 41 14 23 11 8 48 2 16 28 38 24 5 45 21 37 50 15 12 43 18 29 33 30 20 10 36 27 49 4 35 19 47 

Inst_Index:7144 	 City_Num:50 	 Concorde:5.272794 	 MCTS:5.272794 Improve:0.000000 	 Time:3.76 Seconds
Solution: 1 48 21 22 34 31 43 30 50 39 40 41 45 9 23 44 7 6 4 12 32 42 16 46 5 36 18 38 8 29 37 25 20 28 27 19 11 24 33 35 17 14 26 3 49 10 2 15 47 13 

Inst_Index:7145 	 City_Num:50 	 Concorde:5.764107 	 MCTS:5.763438 Improve:0.000668 	 Time:3.77 Seconds
Solution: 1 34 21 4 49 9 39 2 17 50 6 19 27 29 7 43 5 37 33 22 16 26 32 47 13 40 35 10 46 31 15 25 44 14 45 30 24 38 18 12 20 41 11 42 3 48 28 8 36 23 

Inst_Index:7146 	 City_Num:50 	 Concorde:5.768926 	 MCTS:5.765830 Improve:0.003096 	 Time:3.75 Seconds
Solution: 1 32 4 28 9 27 37 17 39 49 36 50 12 38 43 25 13 11 24 2 15 3 48 23 7 8 18 26 40 34 6 35 41 22 44 5 30 31 21 10 29 16 20 33 42 47 14 46 45 19 

Inst_Index:7147 	 City_Num:50 	 Concorde:5.887372 	 MCTS:5.886325 Improve:0.001047 	 Time:3.76 Seconds
Solution: 1 28 6 25 23 33 11 36 50 46 34 44 12 7 37 40 29 24 31 45 32 16 41 39 43 47 27 38 42 17 8 22 3 15 18 2 49 20 26 48 35 30 19 14 4 5 13 9 10 21 

Inst_Index:7148 	 City_Num:50 	 Concorde:5.329019 	 MCTS:5.326507 Improve:0.002512 	 Time:3.76 Seconds
Solution: 1 5 22 46 12 48 18 40 20 43 27 36 2 38 42 8 50 7 31 16 15 10 19 29 21 6 9 11 47 30 35 44 49 17 41 32 23 14 24 26 39 3 34 33 28 45 4 25 37 13 

Inst_Index:7149 	 City_Num:50 	 Concorde:5.713331 	 MCTS:5.713331 Improve:0.000000 	 Time:3.76 Seconds
Solution: 1 23 14 27 6 49 33 21 36 17 30 12 2 34 32 19 20 16 3 25 5 9 8 7 47 24 35 45 11 28 38 10 40 41 31 4 13 50 22 39 26 18 37 44 43 48 42 15 46 29 

Inst_Index:7150 	 City_Num:50 	 Concorde:5.905738 	 MCTS:5.905286 Improve:0.000452 	 Time:3.76 Seconds
Solution: 1 19 30 32 40 28 47 12 25 44 24 14 4 48 35 10 37 29 2 15 46 16 50 31 17 9 23 38 34 5 26 42 43 39 27 11 36 21 41 45 49 18 3 33 7 22 6 8 20 13 

Inst_Index:7151 	 City_Num:50 	 Concorde:5.773933 	 MCTS:5.773933 Improve:0.000000 	 Time:3.76 Seconds
Solution: 1 46 13 32 29 15 43 45 28 19 50 26 3 25 44 6 34 7 20 23 12 4 10 8 24 5 11 42 49 33 40 36 47 21 22 48 27 31 18 38 14 41 16 39 37 30 9 17 2 35 

Inst_Index:7152 	 City_Num:50 	 Concorde:6.137999 	 MCTS:6.137999 Improve:-0.000000 	 Time:3.75 Seconds
Solution: 1 2 45 37 40 16 25 29 42 34 14 24 12 36 11 21 5 18 10 44 8 49 3 41 17 39 48 15 9 38 35 43 30 32 28 7 23 6 27 33 50 13 19 46 22 20 4 26 47 31 

Inst_Index:7153 	 City_Num:50 	 Concorde:5.717413 	 MCTS:5.716592 Improve:0.000822 	 Time:3.78 Seconds
Solution: 1 33 21 7 50 6 3 42 4 27 25 49 32 23 35 28 16 44 48 20 2 31 19 39 26 18 41 47 14 30 10 9 36 43 5 45 46 22 29 11 24 17 8 12 13 38 37 40 34 15 

Inst_Index:7154 	 City_Num:50 	 Concorde:5.561552 	 MCTS:5.559961 Improve:0.001591 	 Time:3.75 Seconds
Solution: 1 23 32 14 16 38 3 8 2 24 22 6 43 46 25 20 45 34 18 31 7 39 36 17 27 5 28 35 9 4 26 40 33 29 12 48 11 19 15 44 37 49 10 21 30 42 47 50 13 41 

Inst_Index:7155 	 City_Num:50 	 Concorde:5.722247 	 MCTS:5.722247 Improve:0.000000 	 Time:3.77 Seconds
Solution: 1 38 40 36 46 10 11 14 34 20 27 6 42 2 33 45 13 8 4 39 16 48 44 18 43 24 3 12 47 5 29 22 15 35 7 30 9 50 23 25 19 37 17 32 31 28 41 26 21 49 

Inst_Index:7156 	 City_Num:50 	 Concorde:5.917144 	 MCTS:5.917144 Improve:0.000000 	 Time:3.77 Seconds
Solution: 1 9 8 26 14 6 40 43 28 44 5 31 4 36 50 21 10 16 19 12 38 45 7 11 42 27 24 35 25 29 48 2 37 30 39 3 13 34 32 46 22 23 20 33 17 15 41 47 49 18 

Inst_Index:7157 	 City_Num:50 	 Concorde:5.328119 	 MCTS:5.328119 Improve:-0.000000 	 Time:3.77 Seconds
Solution: 1 7 6 15 13 19 14 39 43 34 25 35 17 3 47 50 2 26 24 45 37 41 31 49 42 29 11 38 20 23 46 8 40 27 12 10 30 9 44 33 48 36 18 4 21 28 22 32 5 16 

Inst_Index:7158 	 City_Num:50 	 Concorde:5.713989 	 MCTS:5.713989 Improve:0.000000 	 Time:3.76 Seconds
Solution: 1 43 15 47 18 31 33 6 44 32 37 50 7 17 36 12 9 49 21 35 26 19 11 46 42 45 8 29 41 14 48 13 38 28 20 4 5 22 23 27 34 16 40 25 39 24 3 2 10 30 

Inst_Index:7159 	 City_Num:50 	 Concorde:5.770772 	 MCTS:5.770699 Improve:0.000073 	 Time:3.76 Seconds
Solution: 1 4 24 15 6 47 13 10 41 20 32 31 48 37 44 22 50 3 40 29 14 33 21 18 11 8 16 2 45 43 36 27 7 35 30 5 39 42 9 25 19 12 46 34 38 17 28 49 23 26 

Inst_Index:7160 	 City_Num:50 	 Concorde:5.865412 	 MCTS:5.865412 Improve:-0.000000 	 Time:3.76 Seconds
Solution: 1 38 29 20 13 46 12 40 41 3 15 26 9 35 10 49 21 22 16 30 28 17 47 7 34 2 19 36 39 14 18 32 33 11 24 8 23 5 43 44 48 6 50 4 31 27 25 42 37 45 

Inst_Index:7161 	 City_Num:50 	 Concorde:5.675774 	 MCTS:5.675774 Improve:-0.000000 	 Time:3.76 Seconds
Solution: 1 39 20 22 28 42 24 2 34 18 10 37 21 30 17 4 3 23 45 41 26 33 9 19 43 6 38 11 5 8 48 44 49 12 14 7 29 25 32 16 35 13 31 50 15 36 40 47 46 27 

Inst_Index:7162 	 City_Num:50 	 Concorde:5.585572 	 MCTS:5.585572 Improve:0.000000 	 Time:3.76 Seconds
Solution: 1 9 34 39 21 23 10 15 50 46 45 3 5 13 44 11 24 7 22 35 16 8 27 12 28 30 25 47 19 26 38 18 41 49 37 40 42 32 4 36 20 2 14 33 6 48 29 17 31 43 

Inst_Index:7163 	 City_Num:50 	 Concorde:5.526192 	 MCTS:5.519415 Improve:0.006776 	 Time:3.77 Seconds
Solution: 1 26 25 17 48 19 18 47 12 10 11 44 49 39 45 50 7 42 13 27 23 41 9 32 46 16 20 35 8 6 24 5 38 33 31 2 40 34 22 30 21 36 3 4 29 43 28 15 14 37 

Inst_Index:7164 	 City_Num:50 	 Concorde:6.236605 	 MCTS:6.236605 Improve:0.000000 	 Time:3.75 Seconds
Solution: 1 18 34 41 46 50 37 21 16 27 2 30 14 24 7 12 26 39 9 31 17 32 20 48 15 19 8 6 35 43 13 10 4 3 36 28 45 38 42 44 23 49 29 40 47 33 11 22 5 25 

Inst_Index:7165 	 City_Num:50 	 Concorde:5.338315 	 MCTS:5.338315 Improve:-0.000000 	 Time:3.76 Seconds
Solution: 1 29 11 19 12 6 7 5 21 25 13 18 23 46 9 15 48 40 47 45 4 31 24 39 32 20 10 8 17 3 49 27 34 2 22 37 35 38 41 36 26 33 43 16 28 14 30 42 50 44 

Inst_Index:7166 	 City_Num:50 	 Concorde:6.027665 	 MCTS:6.025403 Improve:0.002262 	 Time:3.76 Seconds
Solution: 1 7 15 25 4 34 18 8 28 12 26 16 3 36 39 20 29 31 48 23 35 46 13 11 44 17 50 2 37 27 30 14 24 49 32 22 45 38 6 40 21 42 41 47 33 43 10 19 5 9 

Inst_Index:7167 	 City_Num:50 	 Concorde:6.053129 	 MCTS:6.052825 Improve:0.000305 	 Time:3.75 Seconds
Solution: 1 50 48 9 3 25 47 34 22 23 18 35 8 16 43 17 30 36 40 27 29 12 45 13 2 31 20 5 38 33 32 15 37 39 41 11 14 44 21 10 7 24 4 49 19 26 46 28 42 6 

Inst_Index:7168 	 City_Num:50 	 Concorde:5.619202 	 MCTS:5.613935 Improve:0.005268 	 Time:3.75 Seconds
Solution: 1 23 11 46 34 4 24 43 5 40 25 39 41 49 20 16 44 7 3 38 17 42 28 13 8 30 18 21 14 19 27 2 9 48 10 31 29 35 33 22 32 36 26 6 15 12 45 50 47 37 

Inst_Index:7169 	 City_Num:50 	 Concorde:5.597217 	 MCTS:5.595553 Improve:0.001664 	 Time:3.76 Seconds
Solution: 1 11 33 29 30 7 18 36 46 26 43 31 32 17 8 15 24 3 42 40 9 27 16 23 6 25 37 49 4 47 21 41 19 45 44 20 35 13 34 38 39 28 12 48 14 5 10 50 2 22 

Inst_Index:7170 	 City_Num:50 	 Concorde:5.532820 	 MCTS:5.532820 Improve:0.000000 	 Time:3.75 Seconds
Solution: 1 18 45 17 28 12 40 32 44 29 50 37 26 49 8 19 35 23 9 11 48 36 38 5 4 47 46 21 41 27 24 42 16 6 30 31 25 43 22 2 3 15 7 34 20 13 10 14 33 39 

Inst_Index:7171 	 City_Num:50 	 Concorde:5.562444 	 MCTS:5.559992 Improve:0.002451 	 Time:3.75 Seconds
Solution: 1 8 20 5 28 35 21 19 26 45 12 14 10 38 49 47 34 33 17 7 18 23 3 41 43 30 4 2 39 48 13 44 29 22 37 40 27 32 36 25 42 11 6 16 9 50 31 15 46 24 

Inst_Index:7172 	 City_Num:50 	 Concorde:5.613923 	 MCTS:5.613923 Improve:-0.000000 	 Time:3.75 Seconds
Solution: 1 42 24 23 19 44 47 33 41 13 48 27 20 12 28 2 18 29 5 43 26 22 37 30 49 32 38 31 14 39 16 50 25 11 10 46 34 4 6 45 7 21 9 8 17 36 40 15 3 35 

Inst_Index:7173 	 City_Num:50 	 Concorde:5.790396 	 MCTS:5.790396 Improve:-0.000000 	 Time:3.76 Seconds
Solution: 1 34 19 29 40 8 16 2 45 7 36 39 32 3 24 9 33 38 35 37 25 44 43 20 27 30 6 42 41 46 18 48 12 50 13 23 22 17 49 11 10 47 21 5 28 31 14 15 4 26 

Inst_Index:7174 	 City_Num:50 	 Concorde:5.885109 	 MCTS:5.878454 Improve:0.006655 	 Time:3.77 Seconds
Solution: 1 17 3 30 38 23 45 15 4 32 42 13 24 29 48 34 14 35 26 44 16 2 10 43 46 27 40 50 33 19 22 37 36 39 7 12 5 6 31 49 41 18 8 28 21 11 25 9 47 20 

Inst_Index:7175 	 City_Num:50 	 Concorde:5.658962 	 MCTS:5.658962 Improve:-0.000000 	 Time:3.76 Seconds
Solution: 1 32 2 39 36 15 26 17 8 14 16 21 35 27 31 13 29 38 10 4 25 7 37 33 44 19 3 41 6 28 18 50 43 20 9 48 46 45 34 42 49 5 40 23 24 11 47 22 12 30 

Inst_Index:7176 	 City_Num:50 	 Concorde:5.307572 	 MCTS:5.307572 Improve:-0.000000 	 Time:3.76 Seconds
Solution: 1 10 50 46 19 32 16 24 39 7 48 47 12 11 14 28 23 5 26 20 13 15 18 34 22 29 6 31 36 40 45 4 27 37 2 42 38 21 9 35 33 41 30 44 8 3 17 49 43 25 

Inst_Index:7177 	 City_Num:50 	 Concorde:5.739106 	 MCTS:5.739106 Improve:0.000000 	 Time:3.76 Seconds
Solution: 1 23 20 30 25 9 35 39 40 42 19 17 47 31 32 28 44 45 14 27 7 16 46 29 3 21 34 33 13 43 37 4 15 49 5 2 26 50 8 48 36 38 24 12 22 10 6 18 11 41 

Inst_Index:7178 	 City_Num:50 	 Concorde:5.418036 	 MCTS:5.418036 Improve:0.000000 	 Time:3.77 Seconds
Solution: 1 10 7 44 39 4 31 34 16 5 8 9 33 12 17 29 28 26 21 23 19 24 25 36 14 6 30 46 40 50 49 27 43 18 37 20 35 22 42 32 2 13 45 41 15 47 38 11 3 48 

Inst_Index:7179 	 City_Num:50 	 Concorde:5.529330 	 MCTS:5.529330 Improve:0.000000 	 Time:3.75 Seconds
Solution: 1 48 28 12 50 43 34 6 38 25 33 41 17 16 10 31 39 5 35 18 7 11 24 27 3 36 32 26 20 47 9 22 30 45 49 19 37 23 29 2 21 15 46 14 13 8 40 44 4 42 

Inst_Index:7180 	 City_Num:50 	 Concorde:5.813029 	 MCTS:5.811507 Improve:0.001522 	 Time:3.76 Seconds
Solution: 1 30 50 45 27 16 32 37 11 44 36 17 34 46 42 22 48 7 49 15 25 20 29 5 33 43 9 4 12 14 47 24 21 13 28 26 8 10 23 40 31 35 18 6 38 41 3 19 2 39 

Inst_Index:7181 	 City_Num:50 	 Concorde:5.815409 	 MCTS:5.813690 Improve:0.001720 	 Time:3.77 Seconds
Solution: 1 39 24 50 42 25 8 40 27 4 29 20 34 32 22 5 30 17 43 48 14 35 3 23 18 33 2 37 41 31 9 10 12 11 21 46 13 45 26 36 7 28 6 47 49 15 38 44 19 16 

Inst_Index:7182 	 City_Num:50 	 Concorde:6.224847 	 MCTS:6.224847 Improve:0.000000 	 Time:3.77 Seconds
Solution: 1 41 48 8 18 3 22 24 30 15 19 45 47 31 32 25 12 14 49 2 38 35 11 23 10 21 44 7 39 17 40 36 27 42 26 37 46 43 13 34 20 6 16 33 4 9 28 50 29 5 

Inst_Index:7183 	 City_Num:50 	 Concorde:5.678141 	 MCTS:5.678141 Improve:0.000000 	 Time:3.75 Seconds
Solution: 1 27 47 5 16 22 33 12 14 45 50 18 43 20 15 41 46 32 13 31 36 35 38 23 44 30 26 21 11 34 7 3 49 10 9 42 40 29 37 24 28 39 6 19 48 25 2 17 8 4 

Inst_Index:7184 	 City_Num:50 	 Concorde:5.379094 	 MCTS:5.379094 Improve:-0.000000 	 Time:3.76 Seconds
Solution: 1 40 17 29 2 27 9 48 4 24 49 43 8 18 41 16 46 11 21 22 35 30 13 44 36 25 12 10 19 15 23 20 38 45 28 47 6 26 14 39 50 37 7 31 3 32 42 5 33 34 

Inst_Index:7185 	 City_Num:50 	 Concorde:5.591863 	 MCTS:5.591863 Improve:-0.000000 	 Time:3.76 Seconds
Solution: 1 38 43 7 3 34 40 36 26 44 29 45 35 11 46 15 27 10 28 31 20 2 47 24 41 50 37 21 9 30 18 4 5 17 48 22 16 42 8 39 33 6 32 23 49 13 25 14 12 19 

Inst_Index:7186 	 City_Num:50 	 Concorde:5.402565 	 MCTS:5.402565 Improve:0.000000 	 Time:3.76 Seconds
Solution: 1 38 8 22 13 39 45 3 30 6 23 48 4 49 26 19 33 11 17 14 2 9 36 28 42 41 16 40 12 35 34 29 25 20 32 21 46 24 44 27 37 7 47 15 18 5 10 31 43 50 

Inst_Index:7187 	 City_Num:50 	 Concorde:5.649836 	 MCTS:5.649836 Improve:0.000000 	 Time:3.78 Seconds
Solution: 1 14 5 34 9 49 43 26 50 35 20 42 28 40 17 8 25 45 24 33 48 44 27 37 10 23 31 15 47 32 11 18 41 19 2 46 30 12 36 22 16 6 39 13 21 4 29 7 3 38 

Inst_Index:7188 	 City_Num:50 	 Concorde:5.100115 	 MCTS:5.100115 Improve:0.000000 	 Time:3.77 Seconds
Solution: 1 6 32 22 5 25 11 45 3 46 26 49 2 21 40 4 39 38 20 47 28 29 16 12 7 14 37 23 42 33 41 8 18 43 30 15 44 27 31 48 10 34 9 13 36 35 17 19 50 24 

Inst_Index:7189 	 City_Num:50 	 Concorde:5.832188 	 MCTS:5.830919 Improve:0.001269 	 Time:3.76 Seconds
Solution: 1 36 32 24 22 29 25 50 39 30 37 16 31 4 44 49 46 6 48 18 35 8 42 13 3 47 34 41 7 9 33 2 19 21 15 43 14 12 26 45 38 27 28 17 40 11 5 10 20 23 

Inst_Index:7190 	 City_Num:50 	 Concorde:5.918192 	 MCTS:5.918192 Improve:0.000000 	 Time:3.76 Seconds
Solution: 1 37 12 10 40 15 13 46 2 38 45 16 20 30 21 47 50 5 9 48 39 33 22 42 3 6 32 41 35 49 18 26 43 31 34 36 24 27 28 23 25 29 4 11 14 19 7 17 44 8 

Inst_Index:7191 	 City_Num:50 	 Concorde:5.632817 	 MCTS:5.632817 Improve:-0.000000 	 Time:3.76 Seconds
Solution: 1 20 7 37 26 30 2 3 27 14 34 16 6 42 49 33 29 45 11 18 28 9 13 8 43 22 50 41 38 40 21 35 19 47 24 12 36 4 23 25 31 32 10 44 17 46 15 48 5 39 

Inst_Index:7192 	 City_Num:50 	 Concorde:5.426834 	 MCTS:5.426834 Improve:0.000000 	 Time:3.76 Seconds
Solution: 1 35 21 44 15 5 43 7 13 14 23 17 8 27 30 20 22 50 42 4 12 46 16 26 3 33 38 2 31 11 24 18 19 10 25 6 45 40 47 34 36 37 28 9 32 39 41 29 48 49 

Inst_Index:7193 	 City_Num:50 	 Concorde:6.118888 	 MCTS:6.115888 Improve:0.003000 	 Time:3.77 Seconds
Solution: 1 37 26 44 38 21 27 43 19 11 10 30 40 50 49 18 9 36 34 8 47 33 12 28 31 17 14 13 16 24 29 39 46 22 25 5 48 3 32 6 23 35 2 4 42 41 45 7 20 15 

Inst_Index:7194 	 City_Num:50 	 Concorde:5.311365 	 MCTS:5.306842 Improve:0.004522 	 Time:3.76 Seconds
Solution: 1 24 33 7 35 36 8 34 41 29 18 48 25 10 23 40 19 31 13 17 6 4 22 32 45 2 50 3 14 5 30 15 43 26 37 46 12 49 20 9 28 27 47 16 44 38 11 21 39 42 

Inst_Index:7195 	 City_Num:50 	 Concorde:5.585932 	 MCTS:5.585932 Improve:0.000000 	 Time:3.76 Seconds
Solution: 1 16 20 43 23 32 38 19 14 24 9 48 15 12 17 50 34 8 3 11 30 36 13 31 40 25 29 21 6 47 7 49 2 10 37 44 28 18 33 5 45 4 42 41 46 22 39 27 35 26 

Inst_Index:7196 	 City_Num:50 	 Concorde:5.558942 	 MCTS:5.558942 Improve:-0.000000 	 Time:3.75 Seconds
Solution: 1 16 15 8 39 17 18 21 31 9 10 26 33 40 42 14 27 32 6 36 29 44 37 20 23 25 22 46 35 24 3 45 49 30 2 28 38 11 48 41 19 5 13 50 12 7 47 43 34 4 

Inst_Index:7197 	 City_Num:50 	 Concorde:5.738714 	 MCTS:5.738714 Improve:-0.000000 	 Time:3.76 Seconds
Solution: 1 45 47 2 18 30 32 42 22 16 20 37 31 34 13 36 46 11 29 26 33 19 23 6 15 41 12 21 48 10 49 38 50 25 8 17 40 3 44 27 9 39 7 43 14 35 4 24 5 28 

Inst_Index:7198 	 City_Num:50 	 Concorde:5.678305 	 MCTS:5.678305 Improve:-0.000000 	 Time:3.76 Seconds
Solution: 1 7 9 8 32 20 14 44 5 40 10 35 23 24 46 22 19 21 25 45 30 28 47 26 36 3 2 41 38 39 34 16 6 29 11 48 15 13 17 4 42 33 49 50 37 12 31 43 27 18 

Inst_Index:7199 	 City_Num:50 	 Concorde:5.549050 	 MCTS:5.549050 Improve:0.000000 	 Time:3.75 Seconds
Solution: 1 32 9 25 24 39 31 46 19 34 41 26 8 12 5 7 6 20 18 27 30 48 23 49 16 37 36 2 11 4 45 40 21 47 29 44 35 42 50 14 15 3 38 13 43 28 10 17 22 33 


Avg_Concorde_Distance: 5.688130 Avg_MCTS_Distance: 5.686914 Avg_Gap: -0.000215 Total_Time: 1178.05 Seconds 
 Beat_Best_Known_Times: 105 Match_Best_Known_Times: 208 Miss_Best_Known_Times: 0 
