Number_of_Instances_In_Current_Batch: 313

Inst_Index:1566 	 City_Num:50 	 Concorde:5.702858 	 MCTS:5.702858 Improve:-0.000000 	 Time:3.75 Seconds
Solution: 1 32 33 10 11 5 19 15 21 29 31 7 6 38 49 37 2 17 43 28 48 42 16 4 23 20 3 18 46 35 26 30 13 50 14 41 40 8 22 25 36 27 44 47 34 24 39 45 12 9 

Inst_Index:1567 	 City_Num:50 	 Concorde:5.541554 	 MCTS:5.538788 Improve:0.002766 	 Time:3.75 Seconds
Solution: 1 11 21 49 30 41 32 43 42 39 50 45 19 37 29 26 40 20 28 22 25 17 35 31 47 12 9 48 3 7 15 5 14 36 27 10 18 33 46 13 34 16 44 24 8 2 4 6 38 23 

Inst_Index:1568 	 City_Num:50 	 Concorde:5.516855 	 MCTS:5.516855 Improve:-0.000000 	 Time:3.76 Seconds
Solution: 1 14 2 4 13 33 12 3 48 6 16 43 29 27 35 39 31 10 22 34 8 21 15 17 28 20 26 42 7 30 49 19 11 50 44 32 9 45 40 46 23 25 36 18 38 37 41 24 5 47 

Inst_Index:1569 	 City_Num:50 	 Concorde:5.332226 	 MCTS:5.329749 Improve:0.002477 	 Time:3.76 Seconds
Solution: 1 35 40 50 18 48 6 16 25 20 41 28 23 19 7 17 29 47 38 32 8 2 37 22 4 34 44 15 3 11 49 30 21 33 26 43 39 5 36 12 13 42 45 9 31 24 14 27 10 46 

Inst_Index:1570 	 City_Num:50 	 Concorde:5.431849 	 MCTS:5.431849 Improve:0.000000 	 Time:3.75 Seconds
Solution: 1 12 33 3 44 23 14 19 37 6 31 43 50 26 21 45 39 46 36 34 9 16 2 13 49 38 25 4 10 22 8 29 32 7 35 47 48 41 5 15 24 11 28 18 30 20 40 17 27 42 

Inst_Index:1571 	 City_Num:50 	 Concorde:5.522096 	 MCTS:5.522096 Improve:0.000000 	 Time:3.75 Seconds
Solution: 1 16 14 34 15 36 37 33 9 43 6 42 11 41 39 38 26 20 8 45 30 49 7 50 23 44 24 46 2 13 3 48 21 32 12 10 31 22 29 35 25 5 4 19 27 18 40 47 17 28 

Inst_Index:1572 	 City_Num:50 	 Concorde:5.451622 	 MCTS:5.446229 Improve:0.005393 	 Time:3.76 Seconds
Solution: 1 8 25 21 26 33 44 15 5 23 14 6 37 13 50 32 10 29 40 18 46 39 20 3 38 4 36 22 24 48 45 17 12 41 34 9 28 2 31 47 19 16 11 49 42 35 43 30 27 7 

Inst_Index:1573 	 City_Num:50 	 Concorde:4.611959 	 MCTS:4.611959 Improve:-0.000000 	 Time:3.76 Seconds
Solution: 1 7 40 15 36 26 21 50 49 6 23 29 34 11 37 42 17 35 19 46 24 44 32 8 2 5 25 30 39 31 4 20 47 45 10 9 33 48 41 38 18 43 27 14 12 28 22 13 16 3 

Inst_Index:1574 	 City_Num:50 	 Concorde:5.688475 	 MCTS:5.688475 Improve:-0.000000 	 Time:3.76 Seconds
Solution: 1 24 20 10 11 33 39 27 7 23 9 42 3 44 8 12 36 28 22 45 48 5 21 41 16 37 30 49 25 35 19 34 38 32 40 43 14 2 13 18 26 46 6 47 4 29 15 17 31 50 

Inst_Index:1575 	 City_Num:50 	 Concorde:6.114598 	 MCTS:6.114598 Improve:0.000000 	 Time:3.76 Seconds
Solution: 1 7 23 27 36 8 14 37 9 48 34 6 35 2 5 10 18 25 22 28 20 49 19 4 32 41 3 39 47 43 16 33 42 45 50 31 21 12 17 38 46 30 40 11 15 24 29 13 26 44 

Inst_Index:1576 	 City_Num:50 	 Concorde:5.884122 	 MCTS:5.882000 Improve:0.002122 	 Time:3.77 Seconds
Solution: 1 43 36 28 8 4 35 46 47 37 21 2 11 49 40 27 23 24 7 29 22 5 19 9 15 44 26 48 45 31 32 33 30 38 12 18 14 39 10 25 41 42 17 34 13 16 50 6 20 3 

Inst_Index:1577 	 City_Num:50 	 Concorde:5.904236 	 MCTS:5.904236 Improve:-0.000000 	 Time:3.77 Seconds
Solution: 1 26 46 23 44 7 24 9 31 5 18 25 3 47 16 15 28 37 36 34 21 49 39 35 45 43 19 13 14 10 41 29 33 17 2 50 8 38 6 22 42 4 20 30 32 40 27 11 12 48 

Inst_Index:1578 	 City_Num:50 	 Concorde:5.665412 	 MCTS:5.662388 Improve:0.003025 	 Time:3.75 Seconds
Solution: 1 50 8 47 41 38 6 33 42 2 26 29 5 24 23 19 34 44 49 40 12 28 37 17 45 46 7 13 3 22 10 39 25 43 27 14 36 16 11 18 35 31 15 9 48 32 4 20 21 30 

Inst_Index:1579 	 City_Num:50 	 Concorde:5.812965 	 MCTS:5.812965 Improve:0.000000 	 Time:3.76 Seconds
Solution: 1 50 13 46 39 5 44 12 22 38 17 3 31 25 14 35 41 18 28 6 42 36 20 15 26 27 24 9 10 34 49 32 2 16 29 30 23 4 47 40 48 33 37 8 21 19 45 11 43 7 

Inst_Index:1580 	 City_Num:50 	 Concorde:5.552603 	 MCTS:5.552603 Improve:0.000000 	 Time:3.76 Seconds
Solution: 1 44 34 39 18 48 17 50 28 49 3 31 6 15 45 5 46 22 26 10 32 30 36 23 8 21 13 42 12 41 11 27 25 43 19 33 24 4 9 40 37 14 29 35 2 20 47 16 7 38 

Inst_Index:1581 	 City_Num:50 	 Concorde:6.065630 	 MCTS:6.065630 Improve:0.000000 	 Time:3.76 Seconds
Solution: 1 22 50 6 46 48 5 18 36 24 2 4 9 41 3 26 13 15 10 43 7 14 44 32 39 20 29 35 16 42 38 23 33 49 31 8 25 12 17 47 30 28 40 34 37 21 27 19 11 45 

Inst_Index:1582 	 City_Num:50 	 Concorde:6.067246 	 MCTS:6.067246 Improve:-0.000000 	 Time:3.78 Seconds
Solution: 1 7 22 26 10 5 23 14 32 15 4 35 46 36 48 31 50 21 2 37 3 40 24 9 44 34 29 33 43 25 42 49 16 8 13 17 45 12 28 30 27 39 18 11 38 20 41 6 19 47 

Inst_Index:1583 	 City_Num:50 	 Concorde:5.776668 	 MCTS:5.776668 Improve:0.000000 	 Time:3.76 Seconds
Solution: 1 11 24 49 45 41 47 37 31 18 40 3 39 35 4 14 9 29 2 12 23 7 42 27 36 48 15 34 33 19 25 17 6 5 26 13 50 38 8 21 44 22 43 30 20 32 46 28 16 10 

Inst_Index:1584 	 City_Num:50 	 Concorde:5.882469 	 MCTS:5.882469 Improve:0.000000 	 Time:3.76 Seconds
Solution: 1 2 36 50 45 27 42 47 40 48 15 28 29 35 39 19 23 32 31 25 46 7 18 41 5 26 9 10 34 14 22 6 16 17 11 13 43 4 33 20 21 3 24 12 8 49 44 30 38 37 

Inst_Index:1585 	 City_Num:50 	 Concorde:5.820029 	 MCTS:5.820029 Improve:0.000000 	 Time:3.76 Seconds
Solution: 1 32 14 12 34 38 21 23 37 17 3 30 48 13 31 40 45 27 33 4 16 26 11 50 44 22 2 47 36 25 19 5 18 39 35 43 41 24 46 29 8 49 15 7 28 6 9 20 42 10 

Inst_Index:1586 	 City_Num:50 	 Concorde:5.283192 	 MCTS:5.282082 Improve:0.001110 	 Time:3.77 Seconds
Solution: 1 20 40 6 4 23 30 17 27 31 7 5 24 28 32 3 33 8 46 36 39 16 13 26 43 35 11 42 47 14 48 12 19 21 10 41 2 50 34 22 25 9 18 45 38 37 29 15 49 44 

Inst_Index:1587 	 City_Num:50 	 Concorde:5.609491 	 MCTS:5.609491 Improve:0.000000 	 Time:3.76 Seconds
Solution: 1 49 30 16 35 3 25 34 26 12 42 6 13 9 22 14 38 21 17 39 24 50 28 40 36 4 41 7 33 47 31 48 45 32 29 15 37 5 8 27 2 19 18 20 44 10 23 43 11 46 

Inst_Index:1588 	 City_Num:50 	 Concorde:5.623118 	 MCTS:5.623118 Improve:0.000000 	 Time:3.76 Seconds
Solution: 1 18 37 39 24 34 31 5 43 35 8 28 38 30 36 26 46 44 14 45 49 4 19 11 13 41 17 10 3 27 6 12 33 48 2 21 42 47 9 32 25 40 22 29 50 20 15 7 16 23 

Inst_Index:1589 	 City_Num:50 	 Concorde:5.747884 	 MCTS:5.747884 Improve:-0.000000 	 Time:3.76 Seconds
Solution: 1 11 23 34 33 7 26 14 45 32 21 5 41 50 17 29 3 15 24 47 8 46 43 22 20 18 28 6 9 12 27 30 16 10 4 35 49 40 42 2 38 36 44 37 39 31 19 25 48 13 

Inst_Index:1590 	 City_Num:50 	 Concorde:5.838970 	 MCTS:5.832388 Improve:0.006582 	 Time:3.76 Seconds
Solution: 1 41 32 35 8 37 10 27 34 49 4 46 22 33 47 39 3 26 50 7 31 6 16 40 2 21 14 44 38 43 12 13 42 17 28 29 30 5 20 18 15 24 9 25 36 11 45 23 19 48 

Inst_Index:1591 	 City_Num:50 	 Concorde:5.853895 	 MCTS:5.853895 Improve:0.000000 	 Time:3.76 Seconds
Solution: 1 31 7 26 15 37 43 34 9 23 38 49 46 42 48 3 18 19 25 2 40 24 22 29 35 47 8 6 11 36 21 44 16 10 50 33 30 4 20 32 45 13 5 27 28 39 14 12 17 41 

Inst_Index:1592 	 City_Num:50 	 Concorde:5.728087 	 MCTS:5.719532 Improve:0.008555 	 Time:3.77 Seconds
Solution: 1 11 36 3 10 30 48 17 22 24 47 9 49 23 34 40 19 2 31 32 46 12 38 6 50 39 33 41 8 14 44 7 13 20 16 27 35 43 37 45 29 42 26 4 18 5 15 28 21 25 

Inst_Index:1593 	 City_Num:50 	 Concorde:6.059869 	 MCTS:6.055743 Improve:0.004126 	 Time:3.76 Seconds
Solution: 1 13 5 43 47 15 39 23 46 40 44 25 19 4 41 9 48 7 17 32 49 18 27 6 36 28 8 11 21 42 10 14 22 29 35 37 50 26 38 16 30 34 12 31 24 20 3 2 45 33 

Inst_Index:1594 	 City_Num:50 	 Concorde:5.870996 	 MCTS:5.860291 Improve:0.010705 	 Time:3.76 Seconds
Solution: 1 21 5 17 45 7 38 20 9 29 49 11 12 4 28 34 46 33 24 13 26 19 42 23 50 32 2 48 31 36 10 8 40 25 35 3 43 22 47 16 37 39 14 6 27 30 41 18 15 44 

Inst_Index:1595 	 City_Num:50 	 Concorde:5.750807 	 MCTS:5.746801 Improve:0.004006 	 Time:3.76 Seconds
Solution: 1 20 33 15 4 5 45 27 30 8 24 41 9 47 10 7 16 39 2 6 37 29 36 42 21 49 14 23 12 28 11 19 22 44 17 40 3 46 31 32 18 38 43 34 13 35 50 26 48 25 

Inst_Index:1596 	 City_Num:50 	 Concorde:5.909495 	 MCTS:5.909495 Improve:0.000000 	 Time:3.76 Seconds
Solution: 1 27 13 28 46 24 7 44 45 18 20 15 35 40 17 9 4 8 12 16 32 14 6 23 2 25 36 38 29 22 11 33 49 31 42 41 30 43 19 26 37 39 50 10 21 5 34 47 3 48 

Inst_Index:1597 	 City_Num:50 	 Concorde:5.691936 	 MCTS:5.690587 Improve:0.001349 	 Time:3.75 Seconds
Solution: 1 2 47 7 21 20 27 25 49 13 11 43 6 33 23 32 8 42 16 5 28 50 26 15 14 41 35 30 36 45 4 46 37 39 31 18 12 34 3 10 40 19 44 48 29 22 24 38 17 9 

Inst_Index:1598 	 City_Num:50 	 Concorde:5.311779 	 MCTS:5.309517 Improve:0.002262 	 Time:3.78 Seconds
Solution: 1 7 20 34 12 21 28 38 19 6 50 42 4 32 27 5 29 18 14 9 22 26 49 11 36 31 40 47 15 43 48 23 13 24 16 45 37 25 35 17 10 30 44 2 3 33 39 8 41 46 

Inst_Index:1599 	 City_Num:50 	 Concorde:5.628990 	 MCTS:5.628990 Improve:0.000000 	 Time:3.77 Seconds
Solution: 1 22 48 7 6 3 41 29 49 30 14 27 24 4 5 13 9 28 40 35 20 37 39 42 43 2 26 45 18 32 50 46 12 17 36 25 47 19 11 21 34 44 33 10 16 38 8 31 15 23 

Inst_Index:1600 	 City_Num:50 	 Concorde:5.977727 	 MCTS:5.977727 Improve:0.000000 	 Time:3.76 Seconds
Solution: 1 47 38 45 2 13 9 28 40 44 3 12 10 6 42 30 5 29 7 14 39 16 41 32 11 4 20 23 34 24 37 46 25 26 27 31 8 50 36 22 43 49 48 33 18 19 15 21 35 17 

Inst_Index:1601 	 City_Num:50 	 Concorde:5.691269 	 MCTS:5.681327 Improve:0.009943 	 Time:3.76 Seconds
Solution: 1 21 30 38 2 41 44 13 7 26 3 49 33 10 27 43 6 34 20 11 50 5 48 36 35 19 28 40 23 37 29 22 15 17 39 32 24 16 46 14 31 9 8 4 47 12 25 45 18 42 

Inst_Index:1602 	 City_Num:50 	 Concorde:6.040478 	 MCTS:6.034598 Improve:0.005880 	 Time:3.76 Seconds
Solution: 1 40 44 15 48 25 24 38 47 5 46 45 29 21 16 8 35 19 33 2 42 37 20 6 22 41 36 4 27 13 32 3 14 17 28 49 30 39 34 26 31 43 7 18 10 50 9 11 23 12 

Inst_Index:1603 	 City_Num:50 	 Concorde:5.859542 	 MCTS:5.859542 Improve:-0.000000 	 Time:3.76 Seconds
Solution: 1 45 47 27 38 49 32 19 2 42 17 12 13 35 50 28 21 24 16 33 9 48 44 34 5 29 22 8 4 18 25 30 15 46 26 40 11 41 36 39 14 10 31 3 20 43 37 6 7 23 

Inst_Index:1604 	 City_Num:50 	 Concorde:5.755745 	 MCTS:5.755745 Improve:-0.000000 	 Time:3.75 Seconds
Solution: 1 50 41 42 28 22 40 9 16 25 32 34 30 39 20 8 31 26 14 45 44 43 24 12 10 18 48 23 5 4 35 49 7 17 21 27 47 19 11 37 6 38 15 36 46 29 2 3 33 13 

Inst_Index:1605 	 City_Num:50 	 Concorde:5.781074 	 MCTS:5.781074 Improve:0.000000 	 Time:3.75 Seconds
Solution: 1 41 15 43 49 36 39 38 48 18 50 29 35 21 22 3 17 12 40 19 13 2 37 25 28 14 33 24 23 8 42 31 34 5 10 11 27 46 4 9 20 45 16 32 6 44 26 30 7 47 

Inst_Index:1606 	 City_Num:50 	 Concorde:5.647258 	 MCTS:5.646573 Improve:0.000685 	 Time:3.77 Seconds
Solution: 1 3 17 11 29 24 35 4 14 20 2 41 25 5 6 12 47 45 21 28 32 46 39 9 38 43 33 7 34 26 16 22 42 8 10 30 48 13 49 15 36 19 18 27 31 40 23 37 50 44 

Inst_Index:1607 	 City_Num:50 	 Concorde:5.421243 	 MCTS:5.421243 Improve:0.000000 	 Time:3.76 Seconds
Solution: 1 2 48 35 31 30 47 11 20 32 43 24 46 15 27 5 36 26 18 7 12 33 21 3 29 42 38 28 40 6 34 50 22 49 14 44 45 37 4 17 10 25 23 13 9 19 16 39 8 41 

Inst_Index:1608 	 City_Num:50 	 Concorde:5.600513 	 MCTS:5.595374 Improve:0.005139 	 Time:3.77 Seconds
Solution: 1 3 13 18 30 4 33 21 50 14 34 49 15 19 47 23 42 27 10 20 38 45 46 11 9 48 5 31 8 36 37 22 39 16 25 2 41 28 43 17 26 44 6 7 40 29 32 35 12 24 

Inst_Index:1609 	 City_Num:50 	 Concorde:5.753548 	 MCTS:5.753548 Improve:-0.000000 	 Time:3.75 Seconds
Solution: 1 39 14 33 42 40 4 48 21 3 5 24 18 49 45 15 17 38 28 11 2 9 44 47 41 20 43 7 12 30 22 25 35 23 10 16 34 46 26 27 6 8 36 13 37 29 31 32 19 50 

Inst_Index:1610 	 City_Num:50 	 Concorde:5.676724 	 MCTS:5.676724 Improve:0.000000 	 Time:3.75 Seconds
Solution: 1 4 27 10 18 34 37 25 12 9 30 40 31 20 42 7 15 39 35 8 17 46 19 16 24 29 5 45 44 6 38 48 21 11 14 36 50 47 22 32 3 23 43 41 33 2 26 49 13 28 

Inst_Index:1611 	 City_Num:50 	 Concorde:5.861012 	 MCTS:5.861012 Improve:-0.000000 	 Time:3.75 Seconds
Solution: 1 7 34 22 43 10 37 24 20 6 21 28 8 42 2 19 12 44 27 14 31 3 46 18 36 9 48 26 13 25 15 23 4 29 33 35 40 5 11 47 38 17 50 32 41 45 39 30 16 49 

Inst_Index:1612 	 City_Num:50 	 Concorde:5.814611 	 MCTS:5.814611 Improve:0.000000 	 Time:3.76 Seconds
Solution: 1 5 12 46 32 8 26 3 29 40 48 11 7 49 27 31 13 45 4 6 10 19 47 44 36 24 33 18 28 21 35 17 37 42 16 25 30 15 34 50 9 38 2 39 22 20 43 14 41 23 

Inst_Index:1613 	 City_Num:50 	 Concorde:5.533651 	 MCTS:5.533651 Improve:0.000000 	 Time:3.77 Seconds
Solution: 1 25 28 24 42 14 32 36 9 48 40 10 19 2 38 45 4 8 17 5 33 29 43 6 49 50 30 15 21 20 7 46 16 3 22 31 35 34 44 27 37 41 18 47 12 39 23 13 11 26 

Inst_Index:1614 	 City_Num:50 	 Concorde:5.354358 	 MCTS:5.354358 Improve:0.000000 	 Time:3.75 Seconds
Solution: 1 46 29 48 16 23 50 33 18 35 24 26 7 12 19 10 4 17 39 30 32 8 45 47 11 22 43 9 27 41 20 14 25 6 38 31 42 44 5 28 2 34 21 15 37 49 13 36 3 40 

Inst_Index:1615 	 City_Num:50 	 Concorde:5.972180 	 MCTS:5.970833 Improve:0.001347 	 Time:3.76 Seconds
Solution: 1 46 6 7 5 36 49 2 29 17 3 39 47 44 14 28 21 12 48 19 11 50 8 25 24 4 15 9 42 16 22 35 33 31 37 41 20 10 26 30 13 38 43 34 18 23 45 32 40 27 

Inst_Index:1616 	 City_Num:50 	 Concorde:5.696827 	 MCTS:5.689643 Improve:0.007184 	 Time:3.76 Seconds
Solution: 1 31 20 40 33 23 36 17 7 49 45 6 4 18 9 30 21 32 27 29 13 34 47 15 42 28 48 14 38 3 24 46 44 5 41 35 19 12 22 2 25 39 8 11 37 43 26 16 50 10 

Inst_Index:1617 	 City_Num:50 	 Concorde:5.460708 	 MCTS:5.460708 Improve:0.000000 	 Time:3.75 Seconds
Solution: 1 31 50 44 5 32 34 8 14 49 33 16 46 29 15 13 41 2 12 7 25 38 6 36 3 20 47 45 21 27 30 28 10 37 17 35 19 48 42 39 24 26 18 23 40 43 11 22 4 9 

Inst_Index:1618 	 City_Num:50 	 Concorde:5.884774 	 MCTS:5.884774 Improve:-0.000000 	 Time:3.75 Seconds
Solution: 1 32 4 48 46 38 50 2 30 43 10 14 31 28 41 25 5 13 8 39 21 20 36 45 24 22 42 11 3 18 16 49 33 27 34 9 37 15 47 12 17 6 26 40 19 23 29 44 35 7 

Inst_Index:1619 	 City_Num:50 	 Concorde:5.673461 	 MCTS:5.672369 Improve:0.001093 	 Time:3.76 Seconds
Solution: 1 21 41 5 13 47 37 9 45 3 31 27 7 24 50 26 49 2 20 6 46 40 38 36 4 33 16 28 35 42 22 25 48 18 32 10 8 30 29 44 11 39 23 19 43 17 14 34 15 12 

Inst_Index:1620 	 City_Num:50 	 Concorde:5.873018 	 MCTS:5.873018 Improve:0.000000 	 Time:3.75 Seconds
Solution: 1 14 46 2 32 25 15 7 43 47 16 42 18 29 33 38 48 31 40 11 27 28 23 19 4 49 10 34 30 6 37 35 5 24 26 8 44 9 36 12 50 20 45 39 17 13 41 21 22 3 

Inst_Index:1621 	 City_Num:50 	 Concorde:5.614213 	 MCTS:5.614213 Improve:0.000000 	 Time:3.76 Seconds
Solution: 1 20 21 29 17 27 31 11 46 37 3 32 45 19 18 7 22 13 15 38 48 39 34 8 33 5 9 47 44 49 14 36 42 50 2 26 40 4 16 35 12 24 6 10 43 28 30 25 41 23 

Inst_Index:1622 	 City_Num:50 	 Concorde:5.966067 	 MCTS:5.966067 Improve:-0.000000 	 Time:3.77 Seconds
Solution: 1 34 31 24 4 42 14 19 47 35 25 6 44 17 26 50 18 20 3 23 22 36 12 5 46 2 10 8 40 27 33 29 43 38 28 37 7 32 30 41 39 15 45 11 13 16 21 48 49 9 

Inst_Index:1623 	 City_Num:50 	 Concorde:5.939732 	 MCTS:5.937990 Improve:0.001742 	 Time:3.76 Seconds
Solution: 1 49 22 32 28 5 7 26 18 2 23 13 47 14 44 38 9 27 31 21 43 25 29 42 4 19 41 3 40 12 10 50 16 8 34 15 35 36 45 6 46 39 30 24 11 20 37 48 33 17 

Inst_Index:1624 	 City_Num:50 	 Concorde:5.837984 	 MCTS:5.829225 Improve:0.008758 	 Time:3.76 Seconds
Solution: 1 26 33 23 12 8 47 22 46 44 42 27 6 9 2 30 45 7 38 13 14 4 50 32 3 17 43 19 24 18 10 34 36 31 35 49 20 25 21 40 48 16 37 28 39 41 5 29 15 11 

Inst_Index:1625 	 City_Num:50 	 Concorde:6.008302 	 MCTS:6.008302 Improve:0.000000 	 Time:3.76 Seconds
Solution: 1 31 32 39 42 38 45 14 11 13 30 50 3 24 41 10 6 26 18 5 4 8 20 47 12 27 36 43 23 19 33 37 35 9 28 46 21 7 49 15 40 25 17 34 16 44 22 2 29 48 

Inst_Index:1626 	 City_Num:50 	 Concorde:5.684333 	 MCTS:5.684133 Improve:0.000199 	 Time:3.76 Seconds
Solution: 1 27 7 10 11 45 41 31 26 49 34 30 19 16 12 39 8 15 35 25 18 6 20 48 32 43 46 36 24 21 40 3 14 2 28 13 9 5 47 33 38 50 23 44 29 4 37 22 17 42 

Inst_Index:1627 	 City_Num:50 	 Concorde:5.431534 	 MCTS:5.430593 Improve:0.000942 	 Time:3.75 Seconds
Solution: 1 11 6 17 40 12 46 19 37 29 25 18 4 7 43 5 42 44 24 50 45 10 35 48 41 28 38 47 23 14 49 32 22 26 21 13 8 27 9 39 33 15 36 16 30 3 20 31 34 2 

Inst_Index:1628 	 City_Num:50 	 Concorde:5.671612 	 MCTS:5.671565 Improve:0.000046 	 Time:3.75 Seconds
Solution: 1 36 8 48 29 46 26 10 28 31 43 50 11 7 24 37 41 12 9 5 33 22 6 20 4 19 49 15 21 23 13 34 27 45 16 42 25 18 44 39 2 30 40 47 3 35 38 14 17 32 

Inst_Index:1629 	 City_Num:50 	 Concorde:5.456003 	 MCTS:5.456003 Improve:0.000000 	 Time:3.77 Seconds
Solution: 1 12 3 10 24 49 45 34 35 19 26 7 6 11 16 18 44 37 14 23 39 32 50 30 22 38 4 43 46 9 25 31 33 29 15 13 28 8 42 17 48 21 27 5 41 20 40 2 36 47 

Inst_Index:1630 	 City_Num:50 	 Concorde:5.946464 	 MCTS:5.936291 Improve:0.010173 	 Time:3.76 Seconds
Solution: 1 12 27 46 32 35 21 17 3 29 31 24 36 48 43 13 33 20 30 44 6 22 16 5 23 26 39 37 50 14 15 9 19 28 25 40 41 4 11 47 42 2 7 38 8 18 10 49 45 34 

Inst_Index:1631 	 City_Num:50 	 Concorde:5.648831 	 MCTS:5.646259 Improve:0.002571 	 Time:3.77 Seconds
Solution: 1 25 21 27 35 7 37 12 9 32 41 38 23 2 15 26 30 5 29 10 33 50 45 34 42 3 22 18 49 4 48 11 28 8 40 19 14 46 31 43 36 16 44 6 39 17 20 24 13 47 

Inst_Index:1632 	 City_Num:50 	 Concorde:5.482433 	 MCTS:5.471694 Improve:0.010739 	 Time:3.75 Seconds
Solution: 1 25 45 41 5 40 16 2 8 27 11 37 34 48 36 30 3 24 32 17 19 50 15 6 20 21 31 22 43 49 13 9 42 28 12 47 7 46 14 35 23 33 39 26 29 38 4 10 44 18 

Inst_Index:1633 	 City_Num:50 	 Concorde:5.478662 	 MCTS:5.477154 Improve:0.001508 	 Time:3.77 Seconds
Solution: 1 30 6 28 33 5 43 29 34 48 17 3 44 20 16 25 9 12 26 46 35 50 39 40 37 49 22 42 10 41 23 47 32 24 31 18 7 8 14 27 38 21 4 2 19 15 11 13 36 45 

Inst_Index:1634 	 City_Num:50 	 Concorde:5.766147 	 MCTS:5.757650 Improve:0.008496 	 Time:3.75 Seconds
Solution: 1 8 46 21 15 45 34 11 20 47 10 28 35 13 42 49 39 7 32 25 9 30 12 2 19 36 26 22 16 37 38 18 23 44 27 24 31 43 17 14 50 5 4 48 33 6 41 40 3 29 

Inst_Index:1635 	 City_Num:50 	 Concorde:6.028904 	 MCTS:6.028904 Improve:0.000000 	 Time:3.76 Seconds
Solution: 1 50 27 25 43 29 45 2 22 21 46 35 34 20 19 13 40 8 9 12 10 37 49 39 30 33 24 42 7 28 14 18 38 16 11 47 17 26 41 3 48 23 15 5 36 44 4 6 31 32 

Inst_Index:1636 	 City_Num:50 	 Concorde:5.552199 	 MCTS:5.552199 Improve:-0.000000 	 Time:3.76 Seconds
Solution: 1 33 32 7 5 41 43 44 31 19 4 48 15 45 17 13 47 18 39 10 22 46 40 28 30 26 50 14 38 42 36 11 6 29 12 8 35 2 27 49 23 16 21 9 3 34 20 37 24 25 

Inst_Index:1637 	 City_Num:50 	 Concorde:5.602480 	 MCTS:5.601800 Improve:0.000680 	 Time:3.75 Seconds
Solution: 1 9 15 27 42 47 10 23 3 36 8 38 32 12 4 49 50 45 33 28 43 48 16 11 30 26 39 25 40 17 24 21 7 5 41 18 19 6 2 22 35 20 46 29 13 34 44 37 31 14 

Inst_Index:1638 	 City_Num:50 	 Concorde:5.911858 	 MCTS:5.911478 Improve:0.000379 	 Time:3.76 Seconds
Solution: 1 28 18 20 21 12 6 14 39 40 10 37 24 44 4 47 9 35 45 31 32 38 15 48 13 8 46 42 5 49 43 36 3 22 30 50 26 34 41 29 17 33 7 23 25 19 27 2 16 11 

Inst_Index:1639 	 City_Num:50 	 Concorde:6.108100 	 MCTS:6.100707 Improve:0.007393 	 Time:3.77 Seconds
Solution: 1 29 22 6 34 12 5 45 44 28 15 35 14 26 40 39 46 10 37 16 25 36 7 32 47 30 11 8 23 20 31 2 33 4 41 3 50 42 13 24 43 48 17 19 38 27 18 9 21 49 

Inst_Index:1640 	 City_Num:50 	 Concorde:5.208342 	 MCTS:5.208342 Improve:-0.000000 	 Time:3.76 Seconds
Solution: 1 11 26 18 49 50 25 2 21 41 22 23 45 13 33 24 37 5 31 19 27 20 40 44 3 10 4 8 46 42 30 29 14 38 17 9 47 39 34 28 15 16 35 48 32 43 12 7 36 6 

Inst_Index:1641 	 City_Num:50 	 Concorde:5.889684 	 MCTS:5.886564 Improve:0.003120 	 Time:3.76 Seconds
Solution: 1 6 50 25 7 40 37 49 42 9 19 14 13 47 27 16 39 10 32 45 11 22 17 48 41 44 23 24 12 20 43 31 36 28 21 35 3 34 30 29 46 4 5 38 18 8 33 2 26 15 

Inst_Index:1642 	 City_Num:50 	 Concorde:5.293922 	 MCTS:5.290752 Improve:0.003170 	 Time:3.76 Seconds
Solution: 1 32 42 33 46 18 49 8 22 11 31 37 38 19 47 23 45 40 2 3 20 25 50 29 39 13 12 16 28 24 36 17 7 30 9 26 34 43 48 27 15 4 10 6 44 21 41 35 5 14 

Inst_Index:1643 	 City_Num:50 	 Concorde:6.134538 	 MCTS:6.134291 Improve:0.000247 	 Time:3.77 Seconds
Solution: 1 35 26 25 28 32 45 3 36 40 5 13 16 31 39 41 46 48 44 12 33 2 29 7 6 30 17 27 14 50 4 43 18 20 37 11 19 34 22 21 49 10 9 8 24 15 42 47 38 23 

Inst_Index:1644 	 City_Num:50 	 Concorde:5.725937 	 MCTS:5.725449 Improve:0.000488 	 Time:3.76 Seconds
Solution: 1 44 31 20 26 25 40 47 38 11 41 43 2 23 45 24 19 4 29 9 15 6 36 49 16 37 34 17 21 10 12 28 39 35 14 18 46 7 42 13 30 48 32 50 22 8 27 3 5 33 

Inst_Index:1645 	 City_Num:50 	 Concorde:5.431574 	 MCTS:5.431574 Improve:-0.000000 	 Time:3.77 Seconds
Solution: 1 18 47 35 4 5 15 7 32 40 6 13 10 38 37 28 25 11 16 24 19 39 30 22 42 49 12 45 27 46 41 36 8 9 26 33 17 31 20 44 21 23 3 50 29 48 43 2 34 14 

Inst_Index:1646 	 City_Num:50 	 Concorde:5.780871 	 MCTS:5.776507 Improve:0.004364 	 Time:3.75 Seconds
Solution: 1 36 48 10 5 14 32 9 15 20 25 12 4 41 18 2 29 42 30 28 46 43 47 13 50 6 40 23 16 3 49 21 44 38 11 37 27 31 33 26 24 45 22 8 35 39 7 34 17 19 

Inst_Index:1647 	 City_Num:50 	 Concorde:6.275189 	 MCTS:6.275189 Improve:-0.000000 	 Time:3.76 Seconds
Solution: 1 10 29 5 13 20 36 30 38 21 25 23 33 45 50 16 24 18 31 49 4 48 9 22 6 42 2 35 32 41 46 43 37 8 15 17 19 12 34 3 11 14 47 28 26 27 7 44 40 39 

Inst_Index:1648 	 City_Num:50 	 Concorde:5.306786 	 MCTS:5.306786 Improve:-0.000000 	 Time:3.76 Seconds
Solution: 1 33 23 14 44 19 22 38 50 41 34 18 4 31 40 9 42 48 6 28 37 26 27 7 16 45 20 2 47 39 29 35 15 21 11 5 12 46 24 17 49 43 36 3 10 25 32 8 13 30 

Inst_Index:1649 	 City_Num:50 	 Concorde:5.263977 	 MCTS:5.261269 Improve:0.002708 	 Time:3.76 Seconds
Solution: 1 3 42 5 43 39 33 20 48 46 28 31 41 22 50 34 36 25 13 23 4 6 18 7 30 12 11 32 44 17 21 16 24 9 14 37 27 49 2 10 26 38 15 29 47 8 35 19 45 40 

Inst_Index:1650 	 City_Num:50 	 Concorde:5.579721 	 MCTS:5.579721 Improve:0.000000 	 Time:3.76 Seconds
Solution: 1 30 10 4 23 26 50 44 34 5 39 32 2 27 45 14 38 12 3 29 6 9 31 18 40 24 36 19 11 16 21 8 47 42 37 13 33 20 28 25 43 22 7 49 35 46 17 15 48 41 

Inst_Index:1651 	 City_Num:50 	 Concorde:5.883014 	 MCTS:5.883014 Improve:-0.000000 	 Time:3.76 Seconds
Solution: 1 32 23 26 12 45 31 42 22 33 38 6 10 7 4 14 11 16 35 2 21 50 27 29 48 3 34 15 40 43 19 46 24 25 17 47 5 30 37 41 36 18 39 20 49 28 9 13 8 44 

Inst_Index:1652 	 City_Num:50 	 Concorde:5.687846 	 MCTS:5.682184 Improve:0.005662 	 Time:3.75 Seconds
Solution: 1 45 15 25 5 7 24 28 37 6 19 21 31 29 23 2 16 12 14 42 34 35 20 11 40 4 41 43 33 36 44 17 50 47 27 46 10 38 18 49 8 13 22 9 30 26 32 3 39 48 

Inst_Index:1653 	 City_Num:50 	 Concorde:5.874118 	 MCTS:5.870970 Improve:0.003148 	 Time:3.75 Seconds
Solution: 1 33 16 28 23 10 35 31 25 43 2 3 40 18 12 39 38 19 13 4 26 29 20 21 44 17 41 6 50 27 15 45 24 32 34 46 30 14 47 37 36 11 42 7 9 5 8 49 48 22 

Inst_Index:1654 	 City_Num:50 	 Concorde:5.566828 	 MCTS:5.566828 Improve:-0.000000 	 Time:3.76 Seconds
Solution: 1 48 9 23 43 22 15 30 37 36 32 10 21 20 39 3 7 13 24 16 40 19 2 31 25 26 33 50 34 35 14 47 42 49 46 18 28 45 27 5 6 41 38 8 12 11 17 29 44 4 

Inst_Index:1655 	 City_Num:50 	 Concorde:5.496560 	 MCTS:5.496560 Improve:0.000000 	 Time:3.76 Seconds
Solution: 1 37 18 5 38 26 39 3 8 41 43 14 17 16 40 12 34 45 49 50 7 23 11 20 19 15 27 44 2 10 28 31 29 33 13 24 4 46 47 6 36 48 22 21 30 25 35 42 9 32 

Inst_Index:1656 	 City_Num:50 	 Concorde:6.135087 	 MCTS:6.135087 Improve:0.000000 	 Time:3.78 Seconds
Solution: 1 26 23 8 43 7 20 9 3 42 11 41 47 35 24 6 50 21 13 31 29 37 32 27 22 5 48 2 15 34 14 25 12 30 10 17 36 44 18 39 4 33 19 45 16 38 28 49 40 46 

Inst_Index:1657 	 City_Num:50 	 Concorde:5.507567 	 MCTS:5.505452 Improve:0.002115 	 Time:3.77 Seconds
Solution: 1 49 31 33 42 38 47 36 19 17 43 9 8 22 37 27 29 44 13 16 12 18 11 3 50 7 10 25 32 40 2 21 6 39 45 30 28 23 24 35 15 4 48 20 14 41 5 46 34 26 

Inst_Index:1658 	 City_Num:50 	 Concorde:5.731582 	 MCTS:5.731582 Improve:0.000000 	 Time:3.76 Seconds
Solution: 1 50 39 21 42 14 49 38 25 26 22 37 6 5 33 36 29 43 8 23 44 18 34 32 3 20 47 7 10 17 19 46 27 9 35 41 13 16 30 12 15 4 40 2 48 24 45 11 31 28 

Inst_Index:1659 	 City_Num:50 	 Concorde:5.567122 	 MCTS:5.555127 Improve:0.011995 	 Time:3.76 Seconds
Solution: 1 6 31 49 5 36 15 10 45 22 21 23 30 9 39 48 34 35 37 29 44 12 7 25 13 8 38 4 20 18 28 47 46 24 32 14 16 27 33 19 11 2 42 41 43 3 26 40 17 50 

Inst_Index:1660 	 City_Num:50 	 Concorde:5.548980 	 MCTS:5.548371 Improve:0.000609 	 Time:3.76 Seconds
Solution: 1 5 13 36 7 38 43 23 42 37 31 4 21 3 28 25 19 50 46 26 32 20 44 9 22 40 11 6 30 27 16 14 48 34 45 12 10 35 41 18 39 8 24 29 15 2 47 17 49 33 

Inst_Index:1661 	 City_Num:50 	 Concorde:5.550880 	 MCTS:5.550880 Improve:-0.000000 	 Time:3.76 Seconds
Solution: 1 12 49 3 50 44 2 6 32 27 37 16 20 30 11 31 9 36 29 26 5 43 24 40 38 42 28 39 8 7 14 18 41 35 13 33 4 10 34 47 19 45 22 48 25 17 46 15 21 23 

Inst_Index:1662 	 City_Num:50 	 Concorde:5.645673 	 MCTS:5.645673 Improve:-0.000000 	 Time:3.76 Seconds
Solution: 1 36 50 21 29 15 46 23 16 18 41 44 30 13 8 25 37 49 7 24 35 5 22 43 38 27 12 4 9 19 2 28 39 14 10 48 47 6 42 20 45 33 11 32 3 40 31 26 34 17 

Inst_Index:1663 	 City_Num:50 	 Concorde:5.704615 	 MCTS:5.704615 Improve:0.000000 	 Time:3.76 Seconds
Solution: 1 15 27 50 22 5 42 47 3 13 20 7 14 45 38 19 39 29 24 21 9 48 41 36 8 25 6 34 18 17 44 35 16 32 30 40 2 46 10 4 28 11 33 37 49 23 12 43 31 26 

Inst_Index:1664 	 City_Num:50 	 Concorde:5.756037 	 MCTS:5.747877 Improve:0.008159 	 Time:3.77 Seconds
Solution: 1 30 40 24 2 14 22 29 35 50 27 38 43 25 5 16 9 46 8 18 17 4 34 10 15 45 44 32 33 20 36 37 49 39 13 42 23 7 31 21 28 41 3 26 11 6 12 48 19 47 

Inst_Index:1665 	 City_Num:50 	 Concorde:5.593513 	 MCTS:5.592546 Improve:0.000967 	 Time:3.76 Seconds
Solution: 1 46 49 16 11 42 8 44 21 18 25 7 6 50 39 33 13 29 23 48 38 22 4 20 41 9 36 27 5 28 26 19 31 3 40 2 17 15 37 24 43 45 47 14 35 30 34 10 32 12 

Inst_Index:1666 	 City_Num:50 	 Concorde:5.770088 	 MCTS:5.770088 Improve:0.000000 	 Time:3.77 Seconds
Solution: 1 23 15 35 9 20 47 41 31 21 16 19 49 26 14 10 17 42 3 29 30 6 13 34 46 45 32 39 48 18 12 50 28 37 11 43 25 36 8 2 33 44 22 7 40 4 27 24 5 38 

Inst_Index:1667 	 City_Num:50 	 Concorde:5.670740 	 MCTS:5.667078 Improve:0.003662 	 Time:3.76 Seconds
Solution: 1 46 40 32 12 26 22 2 17 6 38 37 18 20 49 45 30 31 48 10 43 13 11 14 7 9 4 16 41 42 8 47 34 29 5 28 19 33 15 27 25 44 35 50 39 24 36 23 21 3 

Inst_Index:1668 	 City_Num:50 	 Concorde:5.958832 	 MCTS:5.958832 Improve:0.000000 	 Time:3.75 Seconds
Solution: 1 18 14 33 9 12 34 7 40 48 22 28 27 44 35 47 23 25 37 31 8 3 29 26 43 16 24 11 2 42 32 17 15 21 38 49 10 46 30 6 45 41 5 13 39 36 50 19 4 20 

Inst_Index:1669 	 City_Num:50 	 Concorde:5.680791 	 MCTS:5.676251 Improve:0.004540 	 Time:3.76 Seconds
Solution: 1 33 32 38 8 45 25 26 39 6 3 27 2 11 15 36 23 21 41 34 19 17 40 14 30 37 12 20 31 4 24 35 47 28 5 10 22 50 9 7 42 48 46 44 49 29 43 16 18 13 

Inst_Index:1670 	 City_Num:50 	 Concorde:5.197108 	 MCTS:5.197108 Improve:-0.000000 	 Time:3.76 Seconds
Solution: 1 34 15 12 41 2 21 20 36 24 9 13 49 19 38 42 27 33 48 23 14 8 50 11 6 25 26 4 29 43 10 17 18 37 3 45 30 7 5 39 46 35 47 16 32 28 31 22 44 40 

Inst_Index:1671 	 City_Num:50 	 Concorde:5.752705 	 MCTS:5.752635 Improve:0.000070 	 Time:3.76 Seconds
Solution: 1 41 10 24 28 45 13 46 35 2 4 42 9 15 49 18 12 38 40 37 16 5 33 34 22 25 21 43 11 19 30 17 47 39 32 20 31 8 50 27 26 29 3 23 14 6 48 36 44 7 

Inst_Index:1672 	 City_Num:50 	 Concorde:5.413401 	 MCTS:5.410593 Improve:0.002808 	 Time:3.76 Seconds
Solution: 1 14 47 35 49 48 26 19 40 13 25 4 18 43 21 32 33 27 30 24 23 22 11 17 7 50 37 34 46 31 29 39 8 12 45 16 36 3 9 28 2 15 10 5 44 41 38 20 6 42 

Inst_Index:1673 	 City_Num:50 	 Concorde:5.434792 	 MCTS:5.434792 Improve:0.000000 	 Time:3.77 Seconds
Solution: 1 20 33 36 32 23 45 38 22 26 34 2 43 13 40 14 27 9 30 8 37 7 50 25 18 49 44 29 42 39 24 35 31 48 21 47 17 5 16 41 11 6 4 12 15 46 19 28 10 3 

Inst_Index:1674 	 City_Num:50 	 Concorde:6.010868 	 MCTS:6.010868 Improve:0.000000 	 Time:3.76 Seconds
Solution: 1 47 42 41 49 5 10 8 27 43 20 15 30 25 28 50 14 11 21 31 4 22 3 24 37 6 33 46 23 16 48 36 44 45 13 38 2 34 29 35 39 7 32 18 19 12 17 26 40 9 

Inst_Index:1675 	 City_Num:50 	 Concorde:5.861239 	 MCTS:5.861239 Improve:0.000000 	 Time:3.76 Seconds
Solution: 1 29 13 31 34 43 33 38 10 20 6 9 40 3 11 28 48 30 16 17 14 42 26 21 22 5 12 36 7 46 39 19 45 15 2 32 4 49 50 44 41 8 47 18 24 23 25 27 35 37 

Inst_Index:1676 	 City_Num:50 	 Concorde:5.604856 	 MCTS:5.604856 Improve:0.000000 	 Time:3.77 Seconds
Solution: 1 50 19 21 31 41 13 15 12 47 44 39 23 24 16 17 35 49 43 33 28 7 27 26 10 8 25 34 45 9 22 2 5 3 32 37 40 36 30 38 29 48 20 6 14 4 18 42 46 11 

Inst_Index:1677 	 City_Num:50 	 Concorde:5.670662 	 MCTS:5.670219 Improve:0.000443 	 Time:3.75 Seconds
Solution: 1 8 50 25 24 41 28 32 4 19 17 35 21 48 29 33 18 46 36 3 12 37 6 15 16 22 27 23 44 30 47 2 39 34 5 11 26 10 38 40 42 43 20 7 49 31 14 13 45 9 

Inst_Index:1678 	 City_Num:50 	 Concorde:5.408452 	 MCTS:5.398343 Improve:0.010108 	 Time:3.76 Seconds
Solution: 1 42 43 33 41 25 5 24 15 28 44 13 21 18 14 2 48 17 20 47 9 49 37 8 11 22 23 12 46 31 45 50 40 19 36 6 7 10 16 26 4 30 39 29 35 32 3 38 27 34 

Inst_Index:1679 	 City_Num:50 	 Concorde:5.643899 	 MCTS:5.643899 Improve:0.000000 	 Time:3.77 Seconds
Solution: 1 29 33 43 30 17 47 3 38 2 34 48 14 46 50 22 15 44 9 13 32 27 10 42 36 23 31 35 24 41 25 40 12 11 19 6 8 37 49 7 21 28 4 5 26 16 39 45 20 18 

Inst_Index:1680 	 City_Num:50 	 Concorde:6.126178 	 MCTS:6.124881 Improve:0.001297 	 Time:3.76 Seconds
Solution: 1 50 35 31 49 18 8 20 29 7 43 5 25 38 33 30 46 40 39 22 13 36 16 6 28 11 3 23 15 2 41 9 32 17 37 19 48 44 27 12 14 26 10 34 4 21 24 42 45 47 

Inst_Index:1681 	 City_Num:50 	 Concorde:5.974060 	 MCTS:5.973911 Improve:0.000149 	 Time:3.77 Seconds
Solution: 1 5 29 43 47 4 3 25 20 45 12 10 31 33 36 28 49 8 24 9 16 38 18 50 6 30 42 22 7 15 11 35 48 2 32 41 26 19 39 17 14 13 23 37 34 40 21 27 46 44 

Inst_Index:1682 	 City_Num:50 	 Concorde:5.739147 	 MCTS:5.734222 Improve:0.004926 	 Time:3.76 Seconds
Solution: 1 8 49 21 48 12 18 15 23 25 43 9 37 38 2 44 42 50 13 24 10 32 19 47 45 36 40 31 29 30 5 14 22 28 20 4 27 34 3 11 46 6 35 7 17 26 39 16 41 33 

Inst_Index:1683 	 City_Num:50 	 Concorde:5.926311 	 MCTS:5.926311 Improve:-0.000000 	 Time:3.77 Seconds
Solution: 1 15 3 42 21 12 22 8 40 47 48 9 24 14 36 50 23 17 18 46 31 43 16 49 41 29 45 7 34 28 35 10 25 13 2 30 39 44 32 26 4 20 19 27 37 33 6 38 5 11 

Inst_Index:1684 	 City_Num:50 	 Concorde:5.706498 	 MCTS:5.706498 Improve:0.000000 	 Time:3.76 Seconds
Solution: 1 27 6 34 35 26 7 3 45 43 18 19 31 8 14 25 29 33 47 11 20 28 38 16 24 39 41 15 21 4 30 10 12 13 42 48 49 36 37 44 32 5 23 50 22 2 46 17 9 40 

Inst_Index:1685 	 City_Num:50 	 Concorde:5.604088 	 MCTS:5.604088 Improve:0.000000 	 Time:3.75 Seconds
Solution: 1 43 44 5 39 26 16 23 11 42 7 3 35 13 40 8 30 19 15 37 33 22 49 18 27 28 31 12 45 34 4 38 32 6 9 14 36 20 21 46 25 10 29 41 17 50 24 47 48 2 

Inst_Index:1686 	 City_Num:50 	 Concorde:5.469396 	 MCTS:5.469396 Improve:-0.000000 	 Time:3.78 Seconds
Solution: 1 13 25 31 10 39 35 28 9 3 24 42 23 20 8 16 49 14 50 44 5 34 12 11 29 43 32 37 2 6 22 21 18 27 19 45 36 40 4 26 41 46 38 17 30 48 47 15 7 33 

Inst_Index:1687 	 City_Num:50 	 Concorde:5.558636 	 MCTS:5.553957 Improve:0.004679 	 Time:3.75 Seconds
Solution: 1 43 50 12 8 44 27 9 15 23 4 11 31 14 38 5 33 16 19 32 35 29 40 47 13 34 37 30 39 28 36 2 17 6 49 26 45 42 41 24 25 46 7 48 20 18 3 22 10 21 

Inst_Index:1688 	 City_Num:50 	 Concorde:5.678071 	 MCTS:5.678071 Improve:-0.000000 	 Time:3.76 Seconds
Solution: 1 30 43 16 41 18 48 28 40 35 26 6 19 4 44 34 20 3 10 27 29 11 22 8 21 50 5 37 31 12 23 9 36 46 49 14 47 33 42 38 15 13 32 24 45 25 39 2 7 17 

Inst_Index:1689 	 City_Num:50 	 Concorde:5.349876 	 MCTS:5.345558 Improve:0.004318 	 Time:3.76 Seconds
Solution: 1 50 7 34 15 32 6 20 4 10 9 19 28 48 35 43 47 36 26 17 45 23 49 30 29 11 38 14 33 3 18 5 41 44 31 25 39 8 37 46 27 24 13 12 22 21 40 16 42 2 

Inst_Index:1690 	 City_Num:50 	 Concorde:5.177181 	 MCTS:5.170768 Improve:0.006413 	 Time:3.75 Seconds
Solution: 1 49 25 13 24 45 48 6 32 28 43 11 27 22 19 18 16 7 26 21 4 34 23 38 41 37 3 5 33 8 35 50 17 2 47 30 12 39 40 46 36 9 10 42 29 44 31 15 20 14 

Inst_Index:1691 	 City_Num:50 	 Concorde:5.863050 	 MCTS:5.863050 Improve:0.000000 	 Time:3.76 Seconds
Solution: 1 26 29 10 16 39 5 32 36 21 44 12 45 7 33 13 48 38 30 35 22 50 31 8 17 14 4 49 20 28 2 3 46 42 25 27 40 34 6 24 19 18 9 11 37 41 43 23 47 15 

Inst_Index:1692 	 City_Num:50 	 Concorde:5.774458 	 MCTS:5.773809 Improve:0.000649 	 Time:3.76 Seconds
Solution: 1 26 48 41 29 42 20 35 13 6 44 5 37 49 43 19 50 7 46 32 47 21 15 36 38 34 18 45 33 27 3 30 40 23 14 8 22 4 25 9 39 31 11 10 2 12 28 17 16 24 

Inst_Index:1693 	 City_Num:50 	 Concorde:5.564796 	 MCTS:5.558238 Improve:0.006558 	 Time:3.77 Seconds
Solution: 1 26 35 11 50 6 36 8 19 20 38 41 43 42 22 48 28 7 12 10 29 25 31 27 46 18 17 24 23 39 34 33 37 13 16 9 32 49 14 45 30 40 2 4 44 47 15 21 5 3 

Inst_Index:1694 	 City_Num:50 	 Concorde:5.547786 	 MCTS:5.540230 Improve:0.007556 	 Time:3.77 Seconds
Solution: 1 41 44 45 2 30 47 26 27 50 29 6 42 40 22 25 32 14 3 46 43 37 16 28 15 9 48 36 8 38 35 4 20 24 23 33 11 10 12 39 34 31 19 18 21 5 7 17 49 13 

Inst_Index:1695 	 City_Num:50 	 Concorde:6.121910 	 MCTS:6.121910 Improve:-0.000000 	 Time:3.76 Seconds
Solution: 1 24 33 50 44 47 42 45 23 21 35 7 34 49 17 10 39 28 5 36 19 29 13 43 15 16 26 3 38 32 20 46 18 22 31 30 40 9 48 2 8 4 41 25 11 27 6 12 37 14 

Inst_Index:1696 	 City_Num:50 	 Concorde:5.273750 	 MCTS:5.272276 Improve:0.001473 	 Time:3.76 Seconds
Solution: 1 47 37 30 45 43 39 44 38 9 27 41 23 13 4 5 15 50 46 40 32 42 16 24 34 31 8 36 22 14 35 20 19 17 49 12 29 11 18 3 25 7 33 10 21 6 2 48 28 26 

Inst_Index:1697 	 City_Num:50 	 Concorde:5.262212 	 MCTS:5.262212 Improve:0.000000 	 Time:3.75 Seconds
Solution: 1 34 29 3 17 15 22 8 2 28 38 4 37 12 11 49 47 5 32 6 45 13 42 20 27 9 30 19 18 48 23 26 35 14 41 10 33 24 44 25 16 46 36 31 7 39 21 40 50 43 

Inst_Index:1698 	 City_Num:50 	 Concorde:5.778796 	 MCTS:5.776198 Improve:0.002597 	 Time:3.75 Seconds
Solution: 1 36 8 43 40 34 19 22 35 33 50 27 9 42 6 23 14 3 5 16 20 32 4 38 41 7 46 49 44 2 15 12 48 10 45 11 30 21 25 37 28 39 29 18 13 31 17 47 26 24 

Inst_Index:1699 	 City_Num:50 	 Concorde:6.200094 	 MCTS:6.200094 Improve:0.000000 	 Time:3.77 Seconds
Solution: 1 48 31 24 46 27 16 33 28 14 29 38 20 21 34 2 8 18 36 47 50 39 4 23 11 26 42 9 10 49 32 25 13 44 19 7 41 22 35 17 3 15 30 5 43 40 37 45 12 6 

Inst_Index:1700 	 City_Num:50 	 Concorde:5.962973 	 MCTS:5.962973 Improve:0.000000 	 Time:3.76 Seconds
Solution: 1 12 20 40 15 45 16 42 35 32 49 2 8 23 27 10 4 36 28 50 33 41 14 17 34 48 3 39 37 24 5 30 6 7 29 19 43 46 22 26 11 38 9 25 47 21 13 31 44 18 

Inst_Index:1701 	 City_Num:50 	 Concorde:5.979483 	 MCTS:5.979483 Improve:0.000000 	 Time:3.77 Seconds
Solution: 1 28 15 50 21 18 48 30 34 22 12 14 11 45 41 25 43 19 16 7 2 39 26 5 13 47 17 6 23 37 9 3 36 42 8 29 4 46 10 24 35 38 32 49 20 31 44 27 33 40 

Inst_Index:1702 	 City_Num:50 	 Concorde:5.589483 	 MCTS:5.589144 Improve:0.000339 	 Time:3.77 Seconds
Solution: 1 42 14 27 16 15 49 17 22 50 40 41 11 2 7 13 3 37 31 4 24 33 8 10 35 23 9 29 32 21 34 20 25 43 19 26 45 48 44 18 12 39 28 5 47 36 30 6 38 46 

Inst_Index:1703 	 City_Num:50 	 Concorde:5.312550 	 MCTS:5.312550 Improve:-0.000000 	 Time:3.75 Seconds
Solution: 1 45 18 14 32 12 47 33 44 34 29 2 30 39 49 42 8 36 5 43 26 6 46 35 17 10 16 4 19 50 24 25 3 22 40 7 48 15 11 27 41 20 31 9 37 13 38 21 23 28 

Inst_Index:1704 	 City_Num:50 	 Concorde:5.652128 	 MCTS:5.652128 Improve:-0.000000 	 Time:3.75 Seconds
Solution: 1 5 25 47 18 20 22 49 15 11 37 13 29 42 40 24 44 33 30 19 45 26 39 46 34 31 9 27 35 48 16 10 8 50 32 36 2 17 7 6 43 28 4 14 3 12 23 41 21 38 

Inst_Index:1705 	 City_Num:50 	 Concorde:5.797093 	 MCTS:5.797093 Improve:0.000000 	 Time:3.76 Seconds
Solution: 1 17 4 7 19 10 42 46 21 39 30 28 12 48 11 22 8 50 40 23 41 43 6 20 49 3 15 38 36 37 29 27 18 44 35 32 14 31 16 47 5 25 26 34 24 9 2 13 45 33 

Inst_Index:1706 	 City_Num:50 	 Concorde:5.731764 	 MCTS:5.731764 Improve:0.000000 	 Time:3.76 Seconds
Solution: 1 27 44 32 4 12 31 22 14 34 26 30 13 20 25 5 10 36 19 50 48 38 18 3 42 21 23 46 2 43 11 28 17 41 47 35 39 29 40 24 8 45 49 16 6 9 15 37 33 7 

Inst_Index:1707 	 City_Num:50 	 Concorde:5.650784 	 MCTS:5.650784 Improve:0.000000 	 Time:3.75 Seconds
Solution: 1 29 2 27 4 19 32 47 33 30 49 15 9 44 11 10 5 8 41 38 37 45 12 21 6 42 46 18 26 14 31 16 36 7 28 48 43 25 39 23 50 13 22 24 40 17 35 34 3 20 

Inst_Index:1708 	 City_Num:50 	 Concorde:5.661505 	 MCTS:5.660247 Improve:0.001258 	 Time:3.76 Seconds
Solution: 1 20 29 6 18 35 13 25 21 8 39 22 40 45 50 16 28 15 5 4 34 27 23 3 30 49 38 17 42 33 19 32 44 48 43 31 24 26 7 10 41 11 36 47 12 2 14 37 46 9 

Inst_Index:1709 	 City_Num:50 	 Concorde:5.790775 	 MCTS:5.790775 Improve:0.000000 	 Time:3.76 Seconds
Solution: 1 21 5 18 27 6 4 35 41 38 36 50 23 29 48 44 19 24 20 34 16 22 49 37 2 45 7 47 12 46 42 13 10 43 31 14 30 8 25 11 9 15 39 33 32 28 26 3 40 17 

Inst_Index:1710 	 City_Num:50 	 Concorde:6.078231 	 MCTS:6.075287 Improve:0.002944 	 Time:3.76 Seconds
Solution: 1 28 7 36 33 38 20 16 17 4 8 35 26 34 13 27 31 24 21 43 49 41 5 30 10 22 39 29 11 37 42 45 50 32 19 12 9 47 18 3 2 48 14 40 44 6 25 15 46 23 

Inst_Index:1711 	 City_Num:50 	 Concorde:5.538694 	 MCTS:5.538694 Improve:-0.000000 	 Time:3.77 Seconds
Solution: 1 21 13 2 46 22 16 44 49 39 6 7 23 28 31 38 34 25 15 43 37 12 35 30 24 40 42 19 36 10 32 14 11 8 47 20 50 3 5 9 17 41 33 45 29 4 27 26 18 48 

Inst_Index:1712 	 City_Num:50 	 Concorde:5.627671 	 MCTS:5.627671 Improve:0.000000 	 Time:3.76 Seconds
Solution: 1 34 35 32 46 40 42 25 30 33 14 18 27 48 2 50 45 36 9 24 10 4 19 37 26 15 43 41 44 31 22 49 28 38 7 3 23 12 13 16 29 47 39 11 20 5 8 6 17 21 

Inst_Index:1713 	 City_Num:50 	 Concorde:5.931257 	 MCTS:5.931257 Improve:-0.000000 	 Time:3.77 Seconds
Solution: 1 15 38 14 32 30 13 45 23 20 29 24 46 34 6 49 47 8 21 19 33 3 27 37 48 36 16 40 10 18 12 31 7 17 35 43 22 25 2 44 39 11 41 50 4 9 26 28 42 5 

Inst_Index:1714 	 City_Num:50 	 Concorde:5.678249 	 MCTS:5.672519 Improve:0.005730 	 Time:3.75 Seconds
Solution: 1 41 50 36 34 3 44 28 49 47 12 27 43 19 16 22 13 25 40 32 14 26 33 48 17 21 42 8 39 31 10 4 45 29 20 6 5 11 15 35 18 37 30 46 2 9 23 7 38 24 

Inst_Index:1715 	 City_Num:50 	 Concorde:5.735464 	 MCTS:5.735464 Improve:0.000000 	 Time:3.76 Seconds
Solution: 1 21 24 40 31 32 22 12 49 20 4 26 23 33 7 5 42 38 27 34 6 29 45 14 25 30 47 28 17 15 41 35 50 9 18 46 44 3 39 43 8 48 19 13 16 2 11 37 10 36 

Inst_Index:1716 	 City_Num:50 	 Concorde:5.702529 	 MCTS:5.702529 Improve:0.000000 	 Time:3.77 Seconds
Solution: 1 50 35 21 9 24 4 5 8 43 48 26 3 30 19 23 37 29 39 25 44 33 15 40 27 31 7 22 14 2 10 36 47 11 32 42 49 38 45 20 41 17 34 16 46 6 13 12 18 28 

Inst_Index:1717 	 City_Num:50 	 Concorde:5.440205 	 MCTS:5.435269 Improve:0.004936 	 Time:3.75 Seconds
Solution: 1 5 28 30 38 9 23 3 26 7 10 21 40 22 42 12 46 43 4 13 19 20 35 17 36 16 27 31 33 29 45 6 11 34 39 18 50 48 49 8 24 25 14 41 44 37 2 47 32 15 

Inst_Index:1718 	 City_Num:50 	 Concorde:5.576354 	 MCTS:5.571390 Improve:0.004963 	 Time:3.75 Seconds
Solution: 1 24 29 13 19 5 22 20 46 4 17 7 44 37 26 45 40 12 14 49 32 30 42 48 38 8 34 36 35 2 3 41 16 28 39 6 9 23 43 50 31 33 15 25 21 27 18 11 47 10 

Inst_Index:1719 	 City_Num:50 	 Concorde:5.946782 	 MCTS:5.946782 Improve:0.000000 	 Time:3.77 Seconds
Solution: 1 6 25 16 31 2 30 15 40 12 37 20 50 17 45 47 28 13 22 9 14 4 18 46 26 39 36 49 27 8 29 5 7 33 23 44 42 24 41 38 48 21 32 3 35 43 10 11 34 19 

Inst_Index:1720 	 City_Num:50 	 Concorde:5.341235 	 MCTS:5.341043 Improve:0.000193 	 Time:3.77 Seconds
Solution: 1 20 36 33 15 19 35 14 21 25 17 50 31 48 28 38 16 11 4 3 47 12 29 27 44 6 49 43 8 26 7 24 10 32 18 13 34 45 2 41 5 9 23 22 42 46 39 40 30 37 

Inst_Index:1721 	 City_Num:50 	 Concorde:5.339567 	 MCTS:5.335485 Improve:0.004081 	 Time:3.76 Seconds
Solution: 1 29 34 8 47 4 7 35 50 19 31 12 38 41 46 3 9 15 44 18 49 14 22 5 37 33 30 42 10 24 13 48 40 23 17 27 25 39 45 26 6 16 20 43 21 11 32 28 36 2 

Inst_Index:1722 	 City_Num:50 	 Concorde:5.231664 	 MCTS:5.231664 Improve:0.000000 	 Time:3.75 Seconds
Solution: 1 34 17 46 18 39 33 29 19 14 40 44 26 43 42 31 5 3 47 50 2 28 48 25 37 49 4 24 32 20 10 36 8 13 11 41 27 15 9 22 21 38 23 30 6 12 45 35 7 16 

Inst_Index:1723 	 City_Num:50 	 Concorde:5.798495 	 MCTS:5.798495 Improve:0.000000 	 Time:3.76 Seconds
Solution: 1 28 49 25 48 39 42 35 44 46 2 3 6 11 26 40 45 24 50 37 27 41 14 13 17 8 19 34 32 29 22 38 20 10 15 21 5 30 9 16 4 7 12 18 43 36 23 47 31 33 

Inst_Index:1724 	 City_Num:50 	 Concorde:5.911788 	 MCTS:5.910017 Improve:0.001771 	 Time:3.76 Seconds
Solution: 1 19 15 25 24 18 13 7 31 41 44 14 10 34 22 17 27 36 39 6 9 16 35 5 40 45 48 47 26 49 28 50 23 33 42 3 20 30 11 37 4 21 12 38 32 46 8 2 29 43 

Inst_Index:1725 	 City_Num:50 	 Concorde:5.994367 	 MCTS:5.987995 Improve:0.006372 	 Time:3.75 Seconds
Solution: 1 24 44 13 21 3 20 18 37 17 14 26 46 31 41 28 48 29 36 10 25 47 42 7 30 12 38 6 43 22 15 39 8 50 49 33 32 9 19 23 11 45 35 4 5 16 34 2 27 40 

Inst_Index:1726 	 City_Num:50 	 Concorde:6.258587 	 MCTS:6.251217 Improve:0.007371 	 Time:3.78 Seconds
Solution: 1 40 42 7 23 10 46 14 17 47 48 30 12 21 45 5 27 2 31 29 9 20 38 44 24 50 18 41 15 34 6 8 28 33 49 35 26 32 19 3 13 4 22 36 43 16 37 11 39 25 

Inst_Index:1727 	 City_Num:50 	 Concorde:5.899743 	 MCTS:5.899743 Improve:0.000000 	 Time:3.76 Seconds
Solution: 1 3 9 32 4 48 7 14 16 22 43 44 45 6 39 2 31 47 26 40 11 28 13 15 42 12 18 35 38 23 34 25 10 33 41 8 49 17 19 20 24 50 27 29 37 46 21 30 36 5 

Inst_Index:1728 	 City_Num:50 	 Concorde:5.696030 	 MCTS:5.696030 Improve:-0.000000 	 Time:3.75 Seconds
Solution: 1 33 45 5 31 27 13 30 7 34 12 14 36 19 25 46 38 23 28 41 35 29 16 4 21 49 6 24 18 47 17 44 15 42 37 48 11 43 40 32 20 50 39 3 10 22 8 26 9 2 

Inst_Index:1729 	 City_Num:50 	 Concorde:6.113081 	 MCTS:6.113081 Improve:0.000000 	 Time:3.76 Seconds
Solution: 1 13 10 5 30 6 49 14 23 50 8 31 42 25 12 17 36 47 39 40 41 28 22 18 19 3 29 35 48 16 4 11 27 46 33 37 44 7 2 38 21 34 24 32 43 15 45 26 20 9 

Inst_Index:1730 	 City_Num:50 	 Concorde:6.034109 	 MCTS:6.034109 Improve:0.000000 	 Time:3.76 Seconds
Solution: 1 3 31 11 46 15 18 27 6 13 38 30 10 48 12 39 45 26 22 50 28 35 43 5 4 17 7 21 8 20 44 16 49 36 40 47 33 19 9 24 14 41 29 25 34 32 2 37 23 42 

Inst_Index:1731 	 City_Num:50 	 Concorde:5.722793 	 MCTS:5.722793 Improve:0.000000 	 Time:3.76 Seconds
Solution: 1 2 16 39 21 47 28 49 38 50 10 20 44 17 32 43 31 11 48 13 19 12 36 42 7 41 9 35 30 26 22 8 23 40 45 6 37 34 25 24 46 27 5 29 33 18 4 15 14 3 

Inst_Index:1732 	 City_Num:50 	 Concorde:5.837114 	 MCTS:5.837114 Improve:-0.000000 	 Time:3.76 Seconds
Solution: 1 8 43 44 28 4 3 2 5 29 16 14 11 15 32 34 30 37 31 9 40 27 49 36 20 45 48 19 23 12 46 10 25 21 17 22 33 13 47 50 26 7 6 41 24 39 18 42 35 38 

Inst_Index:1733 	 City_Num:50 	 Concorde:5.492102 	 MCTS:5.492102 Improve:0.000000 	 Time:3.75 Seconds
Solution: 1 48 44 2 31 14 35 24 25 50 42 23 4 22 19 29 21 40 49 13 3 9 18 32 28 41 17 7 46 43 27 6 33 36 39 16 34 26 38 20 37 45 15 12 30 8 10 47 11 5 

Inst_Index:1734 	 City_Num:50 	 Concorde:5.476976 	 MCTS:5.476976 Improve:0.000000 	 Time:3.75 Seconds
Solution: 1 2 21 10 26 45 23 12 38 15 16 35 18 19 4 9 47 22 42 29 25 8 31 44 50 5 3 49 7 43 13 17 27 37 11 28 20 6 14 48 36 46 33 24 32 30 39 41 40 34 

Inst_Index:1735 	 City_Num:50 	 Concorde:5.717283 	 MCTS:5.717283 Improve:0.000000 	 Time:3.78 Seconds
Solution: 1 7 17 32 33 16 13 36 38 49 5 23 22 4 44 10 24 19 47 31 48 41 8 40 46 9 6 43 39 14 45 26 21 11 2 35 27 25 3 30 29 20 37 50 18 42 34 12 28 15 

Inst_Index:1736 	 City_Num:50 	 Concorde:5.876175 	 MCTS:5.876175 Improve:0.000000 	 Time:3.75 Seconds
Solution: 1 37 32 15 49 34 22 47 18 10 41 7 45 27 50 4 39 38 8 43 25 14 36 5 2 20 17 24 9 12 42 16 48 46 26 19 28 33 13 30 6 40 44 23 35 3 31 29 11 21 

Inst_Index:1737 	 City_Num:50 	 Concorde:5.674199 	 MCTS:5.670076 Improve:0.004124 	 Time:3.76 Seconds
Solution: 1 47 22 3 9 37 28 24 29 8 17 45 30 44 16 2 25 36 38 32 4 21 41 39 43 13 33 12 15 48 27 19 18 10 50 35 40 31 23 42 49 34 46 14 6 11 26 5 7 20 

Inst_Index:1738 	 City_Num:50 	 Concorde:5.739181 	 MCTS:5.739181 Improve:-0.000000 	 Time:3.76 Seconds
Solution: 1 35 28 30 4 29 17 37 36 12 27 5 42 45 22 6 44 25 38 13 15 46 11 19 26 10 39 43 23 50 34 21 8 16 24 20 18 41 40 32 9 33 31 48 2 7 49 47 3 14 

Inst_Index:1739 	 City_Num:50 	 Concorde:6.022081 	 MCTS:6.022081 Improve:0.000000 	 Time:3.76 Seconds
Solution: 1 29 46 6 43 48 41 16 4 22 44 19 26 32 15 5 17 31 50 10 20 28 47 12 11 39 25 40 36 2 38 37 18 13 33 35 21 23 7 24 49 45 27 34 3 30 9 14 8 42 

Inst_Index:1740 	 City_Num:50 	 Concorde:5.374518 	 MCTS:5.373412 Improve:0.001107 	 Time:3.77 Seconds
Solution: 1 11 37 43 32 17 13 22 26 5 39 40 20 49 14 19 33 45 25 8 18 42 36 10 35 3 31 46 41 29 24 21 6 28 27 12 47 30 16 4 9 44 15 2 50 38 23 34 48 7 

Inst_Index:1741 	 City_Num:50 	 Concorde:5.713546 	 MCTS:5.705243 Improve:0.008303 	 Time:3.77 Seconds
Solution: 1 2 8 12 49 25 13 10 31 9 32 15 5 37 50 35 6 38 44 22 28 45 20 29 19 4 47 36 21 42 17 30 40 14 41 23 33 16 24 7 27 48 39 34 18 3 43 11 46 26 

Inst_Index:1742 	 City_Num:50 	 Concorde:5.841428 	 MCTS:5.841428 Improve:0.000000 	 Time:3.75 Seconds
Solution: 1 17 40 20 36 47 22 14 25 50 7 38 28 4 42 37 13 9 16 23 33 46 5 6 35 15 30 18 39 3 21 29 31 41 8 32 43 2 49 27 10 24 45 34 12 26 44 11 19 48 

Inst_Index:1743 	 City_Num:50 	 Concorde:5.295524 	 MCTS:5.295524 Improve:-0.000000 	 Time:3.76 Seconds
Solution: 1 22 47 44 4 38 32 8 12 15 50 27 40 19 18 43 20 48 42 37 33 24 31 7 21 45 13 35 29 34 3 49 23 11 41 5 46 39 9 28 2 14 30 10 36 25 6 17 26 16 

Inst_Index:1744 	 City_Num:50 	 Concorde:5.997018 	 MCTS:5.997018 Improve:-0.000000 	 Time:3.76 Seconds
Solution: 1 50 38 36 2 48 19 25 13 26 35 4 43 41 12 21 49 30 14 44 45 28 22 17 33 9 42 37 32 39 10 8 34 47 18 46 3 16 7 6 23 29 5 20 40 24 11 31 27 15 

Inst_Index:1745 	 City_Num:50 	 Concorde:5.546690 	 MCTS:5.546690 Improve:0.000000 	 Time:3.75 Seconds
Solution: 1 16 28 31 35 49 47 19 29 24 9 50 48 18 6 8 5 2 21 40 43 34 4 32 26 7 30 36 17 25 39 33 22 23 42 45 3 38 27 44 37 15 13 14 41 46 20 12 10 11 

Inst_Index:1746 	 City_Num:50 	 Concorde:5.554076 	 MCTS:5.554076 Improve:-0.000000 	 Time:3.75 Seconds
Solution: 1 13 16 7 49 29 4 40 37 36 38 15 11 47 50 27 34 21 22 20 8 32 30 48 5 25 44 3 10 33 17 23 12 28 24 18 9 6 43 31 46 26 41 39 19 14 42 45 2 35 

Inst_Index:1747 	 City_Num:50 	 Concorde:5.643570 	 MCTS:5.643570 Improve:-0.000000 	 Time:3.75 Seconds
Solution: 1 48 42 17 27 45 2 35 40 21 37 47 43 34 29 31 44 3 15 30 18 32 5 6 8 36 13 50 7 26 4 10 11 20 46 24 22 38 33 25 23 12 49 16 41 39 14 9 28 19 

Inst_Index:1748 	 City_Num:50 	 Concorde:5.691792 	 MCTS:5.691792 Improve:0.000000 	 Time:3.76 Seconds
Solution: 1 44 18 38 7 9 17 16 37 43 39 20 8 41 45 40 47 3 35 50 34 48 5 25 28 49 32 4 10 15 30 26 24 29 23 27 6 13 11 2 12 46 19 22 21 42 31 14 33 36 

Inst_Index:1749 	 City_Num:50 	 Concorde:5.546456 	 MCTS:5.546456 Improve:-0.000000 	 Time:3.76 Seconds
Solution: 1 29 37 8 39 2 12 24 32 48 5 25 19 34 16 21 30 41 45 43 9 33 13 6 38 4 27 23 49 35 20 42 46 18 11 36 26 17 50 10 14 40 7 3 15 44 22 47 28 31 

Inst_Index:1750 	 City_Num:50 	 Concorde:5.460804 	 MCTS:5.460804 Improve:0.000000 	 Time:3.75 Seconds
Solution: 1 20 5 46 29 24 36 15 47 23 39 32 12 28 6 14 11 13 44 2 31 41 45 42 30 38 33 21 43 10 26 34 50 4 37 3 25 19 49 7 16 22 9 48 27 40 18 17 35 8 

Inst_Index:1751 	 City_Num:50 	 Concorde:5.254251 	 MCTS:5.254251 Improve:-0.000000 	 Time:3.75 Seconds
Solution: 1 31 38 3 10 11 22 2 9 36 20 12 40 23 6 44 49 37 8 15 14 19 30 42 26 13 41 39 32 17 27 48 18 35 47 34 5 28 21 16 24 25 43 7 4 29 46 45 50 33 

Inst_Index:1752 	 City_Num:50 	 Concorde:5.241262 	 MCTS:5.241262 Improve:0.000000 	 Time:3.75 Seconds
Solution: 1 44 22 38 34 9 29 45 15 47 5 31 30 7 39 17 33 2 41 28 12 14 49 32 40 13 21 48 23 24 46 10 36 11 50 4 6 16 26 35 18 27 8 43 42 3 20 19 37 25 

Inst_Index:1753 	 City_Num:50 	 Concorde:5.742198 	 MCTS:5.742198 Improve:0.000000 	 Time:3.77 Seconds
Solution: 1 16 23 14 33 47 13 30 27 38 31 41 43 4 50 48 35 26 39 20 8 17 49 44 34 2 36 5 12 6 46 25 32 28 11 21 22 18 37 29 24 40 42 10 45 9 3 15 7 19 

Inst_Index:1754 	 City_Num:50 	 Concorde:5.971764 	 MCTS:5.971764 Improve:0.000000 	 Time:3.77 Seconds
Solution: 1 46 18 28 48 43 35 23 31 39 15 13 26 12 8 40 45 20 49 41 21 19 9 17 11 42 3 2 14 10 34 37 32 29 50 33 30 16 24 27 22 4 47 7 6 38 5 25 36 44 

Inst_Index:1755 	 City_Num:50 	 Concorde:5.713220 	 MCTS:5.711591 Improve:0.001629 	 Time:3.76 Seconds
Solution: 1 29 27 30 14 39 34 22 31 21 17 37 2 8 13 32 28 10 25 36 6 40 16 19 35 11 43 26 4 42 9 50 5 46 24 15 44 33 12 7 3 47 48 45 38 49 18 20 41 23 

Inst_Index:1756 	 City_Num:50 	 Concorde:5.389346 	 MCTS:5.388046 Improve:0.001300 	 Time:3.76 Seconds
Solution: 1 2 5 7 48 50 39 37 23 16 45 25 41 46 35 14 15 26 30 20 4 22 3 34 49 18 32 47 44 27 19 12 9 31 6 38 8 24 33 36 13 10 21 29 40 28 17 11 42 43 

Inst_Index:1757 	 City_Num:50 	 Concorde:5.815765 	 MCTS:5.815765 Improve:0.000000 	 Time:3.75 Seconds
Solution: 1 14 24 33 42 50 16 23 45 13 34 26 7 8 37 4 11 22 25 2 35 10 18 38 43 19 29 27 3 48 20 5 44 15 36 30 41 28 49 40 31 39 32 17 6 21 46 47 12 9 

Inst_Index:1758 	 City_Num:50 	 Concorde:5.859325 	 MCTS:5.859325 Improve:-0.000000 	 Time:3.76 Seconds
Solution: 1 2 39 26 20 42 45 21 15 18 44 32 36 50 48 31 19 47 8 35 13 25 29 23 46 43 22 40 14 7 17 38 24 12 5 49 37 9 41 27 16 28 4 11 33 3 30 6 10 34 

Inst_Index:1759 	 City_Num:50 	 Concorde:6.008300 	 MCTS:6.008300 Improve:-0.000000 	 Time:3.78 Seconds
Solution: 1 17 38 44 10 8 39 40 36 15 29 4 18 21 37 50 5 24 48 28 20 33 7 32 16 13 12 9 43 45 14 2 46 19 26 42 34 41 23 35 31 11 6 49 30 3 25 47 27 22 

Inst_Index:1760 	 City_Num:50 	 Concorde:5.701440 	 MCTS:5.701440 Improve:0.000000 	 Time:3.76 Seconds
Solution: 1 16 8 30 41 21 5 27 43 18 10 20 40 26 17 37 23 24 6 39 46 45 2 50 47 12 15 28 14 38 49 32 31 36 7 9 22 44 33 13 35 11 4 42 3 34 19 29 48 25 

Inst_Index:1761 	 City_Num:50 	 Concorde:5.574196 	 MCTS:5.574196 Improve:0.000000 	 Time:3.76 Seconds
Solution: 1 21 27 22 44 20 31 48 3 26 35 23 41 33 29 37 39 6 12 15 9 47 32 46 50 19 28 2 13 4 7 40 25 45 43 11 5 49 18 42 34 30 38 17 36 14 16 24 10 8 

Inst_Index:1762 	 City_Num:50 	 Concorde:5.843708 	 MCTS:5.843708 Improve:-0.000000 	 Time:3.77 Seconds
Solution: 1 42 20 3 36 28 12 40 17 7 26 6 11 39 35 29 4 46 43 37 27 2 31 45 32 21 48 15 10 44 50 9 24 41 33 38 22 34 8 25 23 16 5 49 19 18 30 47 13 14 

Inst_Index:1763 	 City_Num:50 	 Concorde:5.653704 	 MCTS:5.647982 Improve:0.005722 	 Time:3.75 Seconds
Solution: 1 22 47 30 5 10 16 31 20 13 6 19 35 15 25 46 14 36 17 43 29 21 33 26 18 50 32 34 39 23 37 44 3 8 12 42 45 48 9 24 11 7 2 49 40 28 38 4 41 27 

Inst_Index:1764 	 City_Num:50 	 Concorde:5.697073 	 MCTS:5.694778 Improve:0.002295 	 Time:3.77 Seconds
Solution: 1 38 22 20 16 10 30 6 40 41 26 33 8 48 29 49 25 34 24 9 46 50 43 7 13 28 2 23 11 35 32 3 18 44 21 15 36 47 4 19 5 27 42 17 45 14 12 39 37 31 

Inst_Index:1765 	 City_Num:50 	 Concorde:5.893765 	 MCTS:5.892458 Improve:0.001307 	 Time:3.76 Seconds
Solution: 1 41 22 2 9 15 26 12 29 44 21 47 4 8 46 3 16 31 35 10 33 42 6 20 45 48 34 36 13 24 30 32 25 37 49 38 5 50 28 17 27 40 11 14 39 7 43 19 23 18 

Inst_Index:1766 	 City_Num:50 	 Concorde:5.687739 	 MCTS:5.685190 Improve:0.002550 	 Time:3.76 Seconds
Solution: 1 50 21 15 25 33 34 30 6 39 3 44 48 7 29 11 36 10 46 8 4 43 40 9 20 41 2 12 27 24 14 45 37 38 47 32 31 16 42 13 35 28 19 17 23 26 49 18 22 5 

Inst_Index:1767 	 City_Num:50 	 Concorde:5.850694 	 MCTS:5.844307 Improve:0.006387 	 Time:3.75 Seconds
Solution: 1 11 23 6 26 19 38 36 32 40 15 50 33 47 3 9 18 21 34 49 5 2 48 17 46 4 42 39 41 35 31 25 12 29 22 16 27 14 13 30 28 43 24 45 10 20 7 44 8 37 

Inst_Index:1768 	 City_Num:50 	 Concorde:5.779807 	 MCTS:5.779807 Improve:-0.000000 	 Time:3.75 Seconds
Solution: 1 7 50 32 21 33 12 22 30 29 25 19 20 36 15 23 43 37 45 28 35 40 26 13 18 16 39 2 4 10 42 49 27 31 8 24 5 44 34 48 9 47 17 3 6 41 11 46 38 14 

Inst_Index:1769 	 City_Num:50 	 Concorde:5.993830 	 MCTS:5.993830 Improve:-0.000000 	 Time:3.75 Seconds
Solution: 1 32 21 29 27 43 36 47 24 14 44 25 49 35 33 37 4 12 19 45 48 10 46 28 16 42 50 38 22 7 8 17 5 23 30 26 31 18 34 6 3 15 9 13 39 40 2 20 11 41 

Inst_Index:1770 	 City_Num:50 	 Concorde:5.719773 	 MCTS:5.719773 Improve:0.000000 	 Time:3.75 Seconds
Solution: 1 30 25 7 34 41 48 18 38 31 29 10 26 37 36 8 6 3 46 17 2 45 4 43 11 20 42 47 9 40 19 15 49 27 28 13 16 39 24 21 32 5 22 44 35 14 12 23 50 33 

Inst_Index:1771 	 City_Num:50 	 Concorde:5.935153 	 MCTS:5.933782 Improve:0.001372 	 Time:3.77 Seconds
Solution: 1 46 31 20 43 30 32 37 22 36 26 25 6 14 5 29 2 45 47 15 8 3 9 13 21 19 11 4 44 27 50 41 48 12 34 35 16 40 17 33 42 28 23 7 24 49 18 38 39 10 

Inst_Index:1772 	 City_Num:50 	 Concorde:5.776304 	 MCTS:5.776304 Improve:0.000000 	 Time:3.75 Seconds
Solution: 1 40 24 41 19 27 42 9 49 6 39 43 31 18 3 13 34 25 12 35 20 23 4 36 30 7 5 14 8 45 48 33 10 15 44 2 11 50 17 46 38 47 32 26 29 28 21 16 37 22 

Inst_Index:1773 	 City_Num:50 	 Concorde:5.693146 	 MCTS:5.693146 Improve:0.000000 	 Time:3.76 Seconds
Solution: 1 42 43 21 23 16 30 38 47 32 28 9 50 3 45 26 14 34 11 18 36 46 31 2 24 19 33 7 25 39 6 48 10 29 4 22 5 20 12 13 44 40 15 17 41 37 35 8 49 27 

Inst_Index:1774 	 City_Num:50 	 Concorde:5.316331 	 MCTS:5.314134 Improve:0.002197 	 Time:3.76 Seconds
Solution: 1 46 9 2 45 20 27 10 47 49 12 17 21 30 11 13 38 37 44 26 31 36 50 24 7 33 14 16 29 18 48 23 34 32 40 25 15 28 39 6 42 4 43 41 35 5 3 19 8 22 

Inst_Index:1775 	 City_Num:50 	 Concorde:5.884863 	 MCTS:5.884863 Improve:-0.000000 	 Time:3.76 Seconds
Solution: 1 37 6 32 41 49 28 5 8 19 24 18 14 42 10 46 35 3 39 21 13 22 4 44 20 29 45 33 12 15 47 23 9 2 30 43 25 48 27 17 11 26 50 38 40 7 34 36 31 16 

Inst_Index:1776 	 City_Num:50 	 Concorde:5.508318 	 MCTS:5.504924 Improve:0.003393 	 Time:3.76 Seconds
Solution: 1 35 42 22 36 13 12 6 39 43 49 41 47 31 7 37 16 44 24 3 33 10 20 50 30 4 2 27 23 26 28 19 25 34 48 15 5 18 21 9 14 11 8 38 17 29 32 40 46 45 

Inst_Index:1777 	 City_Num:50 	 Concorde:5.977523 	 MCTS:5.977523 Improve:0.000000 	 Time:3.76 Seconds
Solution: 1 33 22 20 36 32 44 12 16 31 6 50 26 8 41 30 10 18 37 14 49 19 7 27 23 40 35 13 43 4 39 28 17 48 38 45 3 21 11 29 15 5 46 25 42 24 34 2 9 47 

Inst_Index:1778 	 City_Num:50 	 Concorde:5.959654 	 MCTS:5.959654 Improve:0.000000 	 Time:3.75 Seconds
Solution: 1 35 14 49 16 41 39 5 36 31 27 18 12 6 20 8 4 38 48 43 23 22 30 15 44 13 21 40 46 42 7 47 34 2 37 11 24 19 25 50 29 32 3 9 17 10 26 33 28 45 

Inst_Index:1779 	 City_Num:50 	 Concorde:5.647499 	 MCTS:5.647448 Improve:0.000051 	 Time:3.77 Seconds
Solution: 1 4 47 26 24 13 36 19 15 44 6 10 5 50 9 35 12 7 48 2 39 27 22 28 41 18 25 33 46 37 21 29 38 31 30 34 43 40 16 3 11 42 49 23 14 20 8 17 45 32 

Inst_Index:1780 	 City_Num:50 	 Concorde:5.486820 	 MCTS:5.486820 Improve:-0.000000 	 Time:3.77 Seconds
Solution: 1 27 14 13 24 7 2 31 22 19 46 3 4 10 17 8 9 36 40 16 42 6 5 32 45 11 30 20 35 38 28 34 48 50 21 44 49 33 37 39 12 23 25 47 18 15 43 29 26 41 

Inst_Index:1781 	 City_Num:50 	 Concorde:5.930005 	 MCTS:5.930005 Improve:0.000000 	 Time:3.76 Seconds
Solution: 1 16 28 21 31 12 47 50 29 4 13 36 41 35 8 45 6 5 32 23 48 27 34 20 38 14 42 44 10 39 30 2 24 9 46 22 26 33 11 40 19 18 37 3 43 25 49 17 15 7 

Inst_Index:1782 	 City_Num:50 	 Concorde:5.573133 	 MCTS:5.573133 Improve:0.000000 	 Time:3.76 Seconds
Solution: 1 19 2 44 17 36 38 6 48 5 50 23 41 25 30 35 22 9 33 16 14 3 28 45 18 29 11 37 46 20 40 47 32 12 24 7 8 39 15 4 34 42 10 43 31 27 13 21 49 26 

Inst_Index:1783 	 City_Num:50 	 Concorde:5.642937 	 MCTS:5.637613 Improve:0.005323 	 Time:3.76 Seconds
Solution: 1 13 35 20 11 21 12 29 18 40 43 50 44 16 8 23 7 26 30 38 37 4 15 33 31 32 42 47 10 24 46 36 19 28 27 49 2 39 25 45 9 48 34 14 22 6 17 3 5 41 

Inst_Index:1784 	 City_Num:50 	 Concorde:5.543940 	 MCTS:5.536375 Improve:0.007564 	 Time:3.76 Seconds
Solution: 1 30 43 28 39 44 38 45 24 17 31 33 37 14 5 25 6 12 48 46 7 35 21 16 49 27 4 19 18 42 32 11 15 40 36 13 2 50 20 34 8 10 3 22 9 23 29 41 47 26 

Inst_Index:1785 	 City_Num:50 	 Concorde:5.898890 	 MCTS:5.898890 Improve:-0.000000 	 Time:3.76 Seconds
Solution: 1 14 21 15 16 30 11 4 44 17 39 40 48 10 12 23 42 35 2 25 27 24 45 36 6 38 43 5 3 18 13 26 8 49 32 34 29 9 47 46 22 31 28 41 50 33 19 37 20 7 

Inst_Index:1786 	 City_Num:50 	 Concorde:5.497974 	 MCTS:5.497974 Improve:0.000000 	 Time:3.75 Seconds
Solution: 1 32 49 20 43 41 12 25 14 46 23 6 22 16 4 28 30 8 44 3 15 37 2 39 7 45 38 33 11 48 50 17 26 47 36 29 40 18 19 35 13 24 10 34 9 27 21 5 42 31 

Inst_Index:1787 	 City_Num:50 	 Concorde:5.673218 	 MCTS:5.669647 Improve:0.003571 	 Time:3.75 Seconds
Solution: 1 33 40 9 20 16 45 24 19 36 29 39 23 10 37 12 35 7 48 18 49 28 21 26 6 13 46 30 31 8 4 43 34 41 38 42 11 50 27 44 22 32 17 3 2 14 15 47 25 5 

Inst_Index:1788 	 City_Num:50 	 Concorde:5.705889 	 MCTS:5.705889 Improve:0.000000 	 Time:3.75 Seconds
Solution: 1 23 10 31 28 44 38 48 12 49 13 11 46 17 37 19 43 18 3 32 33 24 16 21 5 45 7 35 26 9 22 15 29 39 8 27 30 36 40 42 25 34 50 6 2 20 47 14 41 4 

Inst_Index:1789 	 City_Num:50 	 Concorde:5.888215 	 MCTS:5.888215 Improve:0.000000 	 Time:3.76 Seconds
Solution: 1 11 30 29 49 44 16 37 32 45 33 6 19 5 23 46 18 48 50 34 42 22 36 9 47 15 8 13 21 28 12 26 41 24 10 14 35 43 39 2 25 38 17 40 31 20 3 27 4 7 

Inst_Index:1790 	 City_Num:50 	 Concorde:5.280714 	 MCTS:5.276092 Improve:0.004622 	 Time:3.75 Seconds
Solution: 1 19 38 45 34 17 26 12 18 4 22 11 28 46 43 23 14 39 8 35 48 25 20 36 27 9 47 7 30 44 2 41 49 5 24 16 37 33 15 50 40 10 42 6 31 21 29 3 13 32 

Inst_Index:1791 	 City_Num:50 	 Concorde:5.633873 	 MCTS:5.630476 Improve:0.003397 	 Time:3.76 Seconds
Solution: 1 39 7 15 23 3 14 42 13 38 31 46 26 12 43 27 24 8 5 16 9 19 25 18 36 40 28 29 47 34 45 44 11 20 37 2 6 21 32 48 41 30 33 4 10 22 49 50 35 17 

Inst_Index:1792 	 City_Num:50 	 Concorde:5.660861 	 MCTS:5.653617 Improve:0.007244 	 Time:3.76 Seconds
Solution: 1 17 42 33 3 24 40 32 34 46 13 27 31 50 39 14 19 37 49 4 29 26 6 38 10 8 45 9 28 22 12 48 18 47 44 35 20 15 5 41 36 11 2 7 43 23 30 21 16 25 

Inst_Index:1793 	 City_Num:50 	 Concorde:5.542626 	 MCTS:5.535015 Improve:0.007612 	 Time:3.75 Seconds
Solution: 1 38 11 48 21 26 17 36 25 15 3 43 6 41 8 12 22 2 32 14 13 35 39 37 29 4 45 40 44 34 28 20 7 46 9 31 23 27 49 16 5 47 33 18 42 50 10 30 19 24 

Inst_Index:1794 	 City_Num:50 	 Concorde:5.677535 	 MCTS:5.677535 Improve:0.000000 	 Time:3.77 Seconds
Solution: 1 45 34 17 24 8 10 36 11 7 47 21 43 15 6 29 33 23 48 32 50 44 2 25 42 4 16 19 9 37 27 46 39 13 49 28 12 30 20 22 14 38 41 18 40 3 26 35 31 5 

Inst_Index:1795 	 City_Num:50 	 Concorde:5.533034 	 MCTS:5.527000 Improve:0.006034 	 Time:3.76 Seconds
Solution: 1 37 27 14 5 29 24 22 50 33 28 23 49 11 46 40 43 2 41 20 15 26 45 18 10 3 31 35 9 8 32 38 4 44 17 6 47 16 30 13 21 7 39 25 34 42 36 48 19 12 

Inst_Index:1796 	 City_Num:50 	 Concorde:5.570984 	 MCTS:5.570984 Improve:0.000000 	 Time:3.76 Seconds
Solution: 1 40 44 45 20 5 18 41 21 46 30 23 12 19 8 16 26 10 25 33 50 29 42 17 47 11 43 2 9 34 13 24 32 49 28 4 3 15 31 48 6 27 39 7 37 14 22 38 36 35 

Inst_Index:1797 	 City_Num:50 	 Concorde:5.717209 	 MCTS:5.715782 Improve:0.001427 	 Time:3.76 Seconds
Solution: 1 4 19 17 39 27 15 32 31 25 11 10 2 18 20 36 5 16 8 21 3 13 28 35 47 40 41 46 29 6 30 50 24 37 33 48 12 38 14 22 45 42 43 9 23 44 26 7 49 34 

Inst_Index:1798 	 City_Num:50 	 Concorde:5.255906 	 MCTS:5.255906 Improve:-0.000000 	 Time:3.75 Seconds
Solution: 1 28 39 14 2 7 30 16 45 37 49 29 13 35 33 34 15 21 50 32 48 36 24 26 8 22 3 11 20 46 27 9 47 41 25 6 4 43 40 5 18 23 17 10 19 42 44 38 31 12 

Inst_Index:1799 	 City_Num:50 	 Concorde:5.569298 	 MCTS:5.569298 Improve:0.000000 	 Time:3.76 Seconds
Solution: 1 10 44 6 15 35 30 21 48 39 2 34 45 4 28 17 7 25 5 24 31 37 19 23 16 42 11 3 40 41 18 36 14 13 33 9 47 12 49 50 26 27 8 46 20 43 22 38 32 29 

Inst_Index:1800 	 City_Num:50 	 Concorde:5.408801 	 MCTS:5.408801 Improve:0.000000 	 Time:3.75 Seconds
Solution: 1 22 24 32 45 7 15 10 48 9 34 18 11 43 3 13 5 28 35 14 23 30 4 6 46 16 27 36 2 26 40 50 25 44 19 17 31 8 39 42 37 49 47 12 41 20 29 33 21 38 

Inst_Index:1801 	 City_Num:50 	 Concorde:5.688196 	 MCTS:5.688196 Improve:0.000000 	 Time:3.76 Seconds
Solution: 1 38 23 27 41 42 33 2 37 34 13 4 43 19 39 14 48 17 10 11 24 25 26 29 7 20 12 50 49 40 9 22 36 30 46 45 8 44 5 31 15 35 18 3 28 32 6 21 16 47 

Inst_Index:1802 	 City_Num:50 	 Concorde:5.351686 	 MCTS:5.351686 Improve:0.000000 	 Time:3.75 Seconds
Solution: 1 7 39 16 29 33 23 10 32 44 24 12 42 36 6 5 43 15 17 14 27 26 48 40 22 28 13 2 35 47 38 45 19 11 9 8 20 25 31 46 37 34 4 30 50 21 18 3 41 49 

Inst_Index:1803 	 City_Num:50 	 Concorde:5.819776 	 MCTS:5.817895 Improve:0.001882 	 Time:3.76 Seconds
Solution: 1 3 18 16 19 25 13 38 47 48 32 15 4 26 27 30 7 40 42 9 14 2 10 43 39 21 35 34 23 49 46 44 11 37 29 24 12 17 8 20 28 6 22 50 33 45 36 41 31 5 

Inst_Index:1804 	 City_Num:50 	 Concorde:5.462827 	 MCTS:5.461533 Improve:0.001294 	 Time:3.76 Seconds
Solution: 1 44 25 24 30 41 26 12 3 43 18 27 15 31 5 33 39 11 38 48 28 35 13 7 22 4 23 37 34 6 8 42 19 32 49 45 14 50 2 17 9 47 16 10 36 20 46 21 40 29 

Inst_Index:1805 	 City_Num:50 	 Concorde:5.537741 	 MCTS:5.537741 Improve:0.000000 	 Time:3.77 Seconds
Solution: 1 46 12 34 16 6 36 28 22 32 20 48 31 47 19 23 14 27 25 35 8 7 10 39 26 49 17 13 45 30 37 29 43 38 24 4 5 42 41 33 50 15 18 9 21 11 44 2 3 40 

Inst_Index:1806 	 City_Num:50 	 Concorde:5.677337 	 MCTS:5.677337 Improve:0.000000 	 Time:3.77 Seconds
Solution: 1 24 47 45 10 43 28 39 3 8 18 35 48 21 36 49 42 46 12 29 15 19 4 40 50 6 30 26 31 14 7 34 20 27 9 25 23 5 33 13 37 32 41 11 22 17 38 44 2 16 

Inst_Index:1807 	 City_Num:50 	 Concorde:6.057654 	 MCTS:6.055176 Improve:0.002478 	 Time:3.75 Seconds
Solution: 1 30 18 47 24 34 21 28 31 45 32 14 48 38 33 22 8 19 41 11 3 15 29 39 17 10 46 9 6 5 16 40 20 50 12 36 37 35 49 42 23 25 4 27 26 7 2 13 43 44 

Inst_Index:1808 	 City_Num:50 	 Concorde:5.642730 	 MCTS:5.641837 Improve:0.000893 	 Time:3.77 Seconds
Solution: 1 6 48 22 5 8 21 24 35 15 20 36 25 32 43 18 45 39 29 46 12 37 17 31 26 2 23 49 30 4 34 33 28 41 19 3 14 44 10 7 40 47 27 13 9 50 16 38 42 11 

Inst_Index:1809 	 City_Num:50 	 Concorde:5.696089 	 MCTS:5.696089 Improve:0.000000 	 Time:3.75 Seconds
Solution: 1 48 21 39 11 25 20 45 12 49 31 9 3 8 6 46 26 15 36 2 28 44 23 37 41 17 27 40 7 5 50 18 38 34 33 29 13 24 43 42 35 19 22 32 10 14 4 30 47 16 

Inst_Index:1810 	 City_Num:50 	 Concorde:5.126487 	 MCTS:5.126487 Improve:0.000000 	 Time:3.75 Seconds
Solution: 1 20 18 14 39 19 5 21 45 3 35 6 4 47 16 10 37 41 22 15 44 8 46 27 7 11 34 29 23 50 2 32 17 12 36 9 38 13 42 26 31 43 24 48 30 33 28 40 49 25 

Inst_Index:1811 	 City_Num:50 	 Concorde:5.453445 	 MCTS:5.450042 Improve:0.003403 	 Time:3.76 Seconds
Solution: 1 12 25 3 23 8 50 34 35 11 20 24 38 39 47 19 43 10 16 48 21 4 6 33 5 49 37 15 29 13 28 9 40 26 45 27 2 14 7 22 46 17 42 32 18 30 31 41 44 36 

Inst_Index:1812 	 City_Num:50 	 Concorde:5.843358 	 MCTS:5.842699 Improve:0.000658 	 Time:3.77 Seconds
Solution: 1 36 48 46 4 7 50 31 39 30 25 38 13 14 21 11 22 17 6 2 32 44 49 29 47 34 26 27 40 5 20 35 42 15 43 16 3 12 45 19 41 28 18 9 33 10 24 8 23 37 

Inst_Index:1813 	 City_Num:50 	 Concorde:5.711646 	 MCTS:5.711646 Improve:0.000000 	 Time:3.76 Seconds
Solution: 1 33 9 39 38 19 3 32 10 4 36 31 40 14 21 18 45 46 6 34 37 48 16 30 27 47 44 22 50 20 11 49 28 5 2 35 43 26 29 12 8 7 17 25 23 42 24 13 41 15 

Inst_Index:1814 	 City_Num:50 	 Concorde:5.310291 	 MCTS:5.310291 Improve:-0.000000 	 Time:3.76 Seconds
Solution: 1 35 11 31 41 3 42 36 12 15 29 14 47 8 50 18 4 37 33 45 44 5 25 10 32 6 17 39 9 46 2 26 30 21 40 16 28 48 34 23 27 43 20 24 7 13 19 49 38 22 

Inst_Index:1815 	 City_Num:50 	 Concorde:5.101902 	 MCTS:5.101902 Improve:0.000000 	 Time:3.76 Seconds
Solution: 1 49 36 31 45 40 20 13 14 15 9 38 17 11 46 41 24 48 22 26 27 28 42 2 18 6 43 12 21 23 3 30 8 32 4 33 5 16 34 37 25 7 29 19 10 50 44 35 39 47 

Inst_Index:1816 	 City_Num:50 	 Concorde:5.632588 	 MCTS:5.627536 Improve:0.005052 	 Time:3.76 Seconds
Solution: 1 9 44 38 41 11 45 34 12 49 16 36 50 33 5 30 18 23 31 27 6 15 37 8 26 3 14 43 17 22 21 40 47 48 20 28 4 19 25 29 35 32 7 2 42 46 24 39 10 13 

Inst_Index:1817 	 City_Num:50 	 Concorde:5.580406 	 MCTS:5.580406 Improve:0.000000 	 Time:3.76 Seconds
Solution: 1 17 24 34 32 18 49 13 37 21 38 10 25 8 26 19 35 50 29 22 28 40 30 31 27 5 46 9 20 44 16 41 7 12 36 6 3 14 33 47 43 11 15 23 2 45 42 48 39 4 

Inst_Index:1818 	 City_Num:50 	 Concorde:5.889477 	 MCTS:5.886509 Improve:0.002968 	 Time:3.76 Seconds
Solution: 1 21 17 34 36 6 41 18 3 50 29 42 15 44 38 16 7 43 37 20 13 23 35 11 31 46 33 49 40 14 2 30 12 25 28 26 19 39 45 9 5 47 24 27 10 22 32 4 48 8 

Inst_Index:1819 	 City_Num:50 	 Concorde:5.859686 	 MCTS:5.858426 Improve:0.001260 	 Time:3.76 Seconds
Solution: 1 43 3 10 50 35 44 41 25 37 8 49 32 4 20 2 27 23 6 22 39 38 24 18 7 30 14 21 45 17 28 26 16 31 42 13 5 19 15 9 36 47 46 33 48 40 11 12 29 34 

Inst_Index:1820 	 City_Num:50 	 Concorde:5.891659 	 MCTS:5.889210 Improve:0.002450 	 Time:3.77 Seconds
Solution: 1 11 29 30 4 3 36 2 21 46 7 14 26 33 5 39 24 37 40 32 48 23 41 10 20 47 42 35 25 43 27 31 44 49 6 15 17 28 34 38 45 18 22 9 19 16 50 8 12 13 

Inst_Index:1821 	 City_Num:50 	 Concorde:5.569704 	 MCTS:5.569704 Improve:-0.000000 	 Time:3.75 Seconds
Solution: 1 14 37 23 8 43 33 45 31 18 25 34 12 35 42 46 11 47 10 5 38 36 41 16 44 4 39 40 2 49 19 9 28 32 7 30 50 20 24 3 27 15 13 29 26 21 48 17 22 6 

Inst_Index:1822 	 City_Num:50 	 Concorde:5.788988 	 MCTS:5.787202 Improve:0.001786 	 Time:3.76 Seconds
Solution: 1 16 18 34 13 20 8 39 9 31 4 10 42 21 6 32 27 22 33 26 25 40 43 23 37 28 50 5 2 19 48 7 46 11 29 36 17 47 35 45 3 24 15 12 38 30 49 44 41 14 

Inst_Index:1823 	 City_Num:50 	 Concorde:5.608482 	 MCTS:5.608482 Improve:-0.000000 	 Time:3.76 Seconds
Solution: 1 43 12 42 9 47 4 38 23 21 7 8 19 5 27 41 3 25 13 46 10 16 34 22 33 20 15 30 49 17 28 50 45 48 18 24 14 35 29 36 2 31 6 44 37 40 32 11 39 26 

Inst_Index:1824 	 City_Num:50 	 Concorde:5.859315 	 MCTS:5.859315 Improve:0.000000 	 Time:3.75 Seconds
Solution: 1 11 15 4 48 38 43 2 16 32 7 17 30 36 6 12 37 28 40 13 19 49 34 31 44 3 10 18 23 33 14 46 21 29 41 42 24 47 45 35 25 26 20 27 50 5 39 9 8 22 

Inst_Index:1825 	 City_Num:50 	 Concorde:5.331583 	 MCTS:5.330924 Improve:0.000659 	 Time:3.76 Seconds
Solution: 1 44 32 45 10 40 7 48 17 46 4 24 14 25 13 36 38 3 28 43 35 20 50 26 9 41 27 8 23 16 34 15 12 33 19 47 11 30 37 22 39 18 21 5 42 6 29 49 31 2 

Inst_Index:1826 	 City_Num:50 	 Concorde:5.673554 	 MCTS:5.673554 Improve:0.000000 	 Time:3.75 Seconds
Solution: 1 33 3 24 36 43 4 39 10 31 46 21 18 42 37 20 6 28 41 14 15 45 2 17 22 34 30 23 32 13 29 12 40 47 11 38 44 8 48 5 27 35 49 26 7 9 25 16 50 19 

Inst_Index:1827 	 City_Num:50 	 Concorde:5.490099 	 MCTS:5.490099 Improve:-0.000000 	 Time:3.76 Seconds
Solution: 1 11 2 17 29 48 7 39 5 13 26 21 9 25 50 14 40 32 37 30 22 41 6 27 23 10 8 47 19 33 3 45 44 18 43 4 20 16 42 46 12 31 24 35 49 15 38 36 28 34 

Inst_Index:1828 	 City_Num:50 	 Concorde:5.599676 	 MCTS:5.599676 Improve:-0.000000 	 Time:3.75 Seconds
Solution: 1 42 35 25 27 32 33 17 4 34 38 13 46 14 21 44 18 2 5 30 7 36 50 20 40 3 28 43 22 15 39 26 11 41 29 48 47 12 31 49 16 8 9 23 19 37 45 6 24 10 

Inst_Index:1829 	 City_Num:50 	 Concorde:5.620151 	 MCTS:5.619939 Improve:0.000213 	 Time:3.76 Seconds
Solution: 1 14 27 3 2 47 32 48 9 50 21 43 35 23 24 29 38 40 15 5 37 33 4 46 25 22 30 6 26 45 8 36 11 13 41 17 39 16 28 49 31 18 19 10 42 7 12 20 44 34 

Inst_Index:1830 	 City_Num:50 	 Concorde:5.688183 	 MCTS:5.687897 Improve:0.000286 	 Time:3.76 Seconds
Solution: 1 33 18 9 38 35 42 24 21 34 15 20 16 41 10 7 17 39 37 6 45 19 25 29 43 14 11 13 44 26 50 28 8 40 31 4 46 36 12 2 22 30 5 48 32 47 27 49 23 3 

Inst_Index:1831 	 City_Num:50 	 Concorde:5.560586 	 MCTS:5.556584 Improve:0.004002 	 Time:3.77 Seconds
Solution: 1 20 10 40 2 33 44 14 47 23 19 48 4 46 38 7 21 3 49 30 6 29 24 34 12 43 35 18 17 42 27 41 5 22 15 37 11 31 26 39 32 13 25 9 36 28 45 16 8 50 

Inst_Index:1832 	 City_Num:50 	 Concorde:5.451738 	 MCTS:5.451738 Improve:-0.000000 	 Time:3.76 Seconds
Solution: 1 11 42 48 18 45 4 29 21 41 40 27 9 43 49 17 8 22 47 5 32 46 31 23 35 33 10 14 34 6 39 44 26 19 3 16 50 7 20 13 30 28 37 12 15 36 38 25 24 2 

Inst_Index:1833 	 City_Num:50 	 Concorde:5.580415 	 MCTS:5.576744 Improve:0.003671 	 Time:3.77 Seconds
Solution: 1 25 6 49 40 2 46 13 24 33 21 27 3 9 37 10 26 32 50 11 28 34 20 30 29 18 48 43 14 38 45 4 5 41 23 42 22 8 12 39 19 15 47 35 7 17 36 44 31 16 

Inst_Index:1834 	 City_Num:50 	 Concorde:5.533489 	 MCTS:5.533489 Improve:-0.000000 	 Time:3.75 Seconds
Solution: 1 43 41 29 7 39 21 48 50 9 8 40 24 15 17 19 5 11 47 37 26 4 2 3 16 14 28 10 12 46 49 25 18 45 35 34 36 38 33 42 32 44 13 20 6 23 22 30 27 31 

Inst_Index:1835 	 City_Num:50 	 Concorde:5.774993 	 MCTS:5.774993 Improve:-0.000000 	 Time:3.75 Seconds
Solution: 1 44 39 20 42 16 7 34 28 48 10 35 13 49 12 6 37 22 45 24 46 25 38 27 4 31 32 41 23 33 9 3 26 30 47 8 18 50 2 29 5 14 43 17 11 36 15 21 19 40 

Inst_Index:1836 	 City_Num:50 	 Concorde:5.860236 	 MCTS:5.860236 Improve:-0.000000 	 Time:3.76 Seconds
Solution: 1 43 30 17 4 12 36 33 16 18 5 39 34 15 2 11 48 46 37 8 27 14 6 19 31 45 13 42 7 9 50 38 40 29 28 35 44 41 21 10 26 3 25 47 49 23 32 20 22 24 

Inst_Index:1837 	 City_Num:50 	 Concorde:6.068152 	 MCTS:6.068152 Improve:-0.000000 	 Time:3.76 Seconds
Solution: 1 13 35 15 7 8 43 26 17 49 31 9 2 11 41 38 30 14 29 34 36 19 45 4 46 33 24 12 39 22 40 20 18 28 21 50 25 16 10 37 42 44 47 27 5 48 32 23 6 3 

Inst_Index:1838 	 City_Num:50 	 Concorde:5.340661 	 MCTS:5.340661 Improve:-0.000000 	 Time:3.76 Seconds
Solution: 1 13 50 39 44 2 31 35 45 21 12 43 33 4 36 19 32 9 40 20 15 30 17 34 27 5 41 29 16 22 25 26 10 48 6 47 3 38 8 49 42 11 46 23 37 24 7 18 14 28 

Inst_Index:1839 	 City_Num:50 	 Concorde:5.715640 	 MCTS:5.715640 Improve:0.000000 	 Time:3.77 Seconds
Solution: 1 24 34 19 27 49 50 7 15 47 20 46 40 6 30 38 9 11 37 39 28 22 31 13 18 12 16 42 45 4 14 2 33 26 35 3 32 43 41 21 25 8 10 36 23 17 5 29 44 48 

Inst_Index:1840 	 City_Num:50 	 Concorde:5.708116 	 MCTS:5.708116 Improve:0.000000 	 Time:3.77 Seconds
Solution: 1 8 30 20 15 11 22 5 9 39 48 28 14 50 31 42 36 6 19 3 29 41 47 10 7 18 26 49 2 17 32 13 21 4 43 40 27 33 35 16 38 24 34 46 23 25 37 44 12 45 

Inst_Index:1841 	 City_Num:50 	 Concorde:5.475644 	 MCTS:5.475644 Improve:0.000000 	 Time:3.77 Seconds
Solution: 1 48 20 10 7 31 2 14 36 33 29 9 49 45 4 30 34 44 28 27 16 38 12 17 18 6 43 46 19 42 40 35 26 25 23 41 15 32 37 24 50 22 5 39 13 3 47 21 8 11 

Inst_Index:1842 	 City_Num:50 	 Concorde:5.893272 	 MCTS:5.893272 Improve:0.000000 	 Time:3.75 Seconds
Solution: 1 43 9 28 29 25 49 31 22 30 3 33 7 32 17 39 8 5 20 24 48 21 37 16 4 38 35 26 45 18 2 10 12 40 14 44 6 46 47 23 13 11 19 36 27 42 34 41 15 50 

Inst_Index:1843 	 City_Num:50 	 Concorde:6.085228 	 MCTS:6.085228 Improve:-0.000000 	 Time:3.76 Seconds
Solution: 1 18 19 35 5 41 2 15 49 42 46 47 34 32 30 39 25 14 16 13 11 37 36 33 29 22 17 44 28 45 10 31 26 43 50 38 7 21 6 40 24 48 23 9 12 3 27 20 8 4 

Inst_Index:1844 	 City_Num:50 	 Concorde:5.564972 	 MCTS:5.564972 Improve:-0.000000 	 Time:3.77 Seconds
Solution: 1 5 29 41 44 18 45 48 50 22 30 8 34 49 6 17 11 21 14 31 46 32 7 4 10 36 38 16 26 35 13 3 47 28 20 39 2 40 25 43 24 9 27 19 23 12 37 33 15 42 

Inst_Index:1845 	 City_Num:50 	 Concorde:5.989563 	 MCTS:5.989563 Improve:-0.000000 	 Time:3.77 Seconds
Solution: 1 50 28 33 6 2 32 42 29 12 35 18 30 47 34 24 25 8 17 45 44 5 15 23 48 37 13 46 3 27 38 4 16 10 22 21 49 26 14 43 36 39 19 20 11 40 9 7 31 41 

Inst_Index:1846 	 City_Num:50 	 Concorde:5.056474 	 MCTS:5.056474 Improve:-0.000000 	 Time:3.76 Seconds
Solution: 1 19 8 30 3 20 11 37 26 41 15 42 17 48 44 45 23 5 21 10 39 9 28 22 31 12 47 25 38 7 4 34 40 27 29 33 46 32 6 2 24 36 50 16 43 18 35 14 49 13 

Inst_Index:1847 	 City_Num:50 	 Concorde:5.311492 	 MCTS:5.309843 Improve:0.001649 	 Time:3.76 Seconds
Solution: 1 30 15 5 41 49 2 35 50 29 17 46 48 18 25 23 40 21 45 31 19 37 47 38 42 24 34 9 10 16 43 39 22 32 13 12 7 6 20 4 3 14 44 11 36 33 26 8 27 28 

Inst_Index:1848 	 City_Num:50 	 Concorde:5.919675 	 MCTS:5.919675 Improve:-0.000000 	 Time:3.75 Seconds
Solution: 1 3 23 15 27 4 36 6 12 5 50 8 35 43 10 22 28 21 49 24 20 11 2 48 32 46 25 37 44 31 41 30 38 34 7 14 40 9 19 17 18 16 26 45 47 29 13 39 33 42 

Inst_Index:1849 	 City_Num:50 	 Concorde:5.767845 	 MCTS:5.767845 Improve:0.000000 	 Time:3.76 Seconds
Solution: 1 43 26 15 4 49 24 23 50 5 40 12 31 45 9 38 13 27 30 39 20 42 25 36 41 21 47 33 7 34 46 8 10 29 28 2 14 44 32 37 11 35 17 19 48 22 6 3 18 16 

Inst_Index:1850 	 City_Num:50 	 Concorde:5.807349 	 MCTS:5.807121 Improve:0.000228 	 Time:3.76 Seconds
Solution: 1 18 24 12 15 33 17 9 41 21 14 20 27 47 13 35 4 44 38 39 8 26 23 6 30 48 16 28 32 50 37 43 3 11 10 29 49 34 46 19 36 25 2 42 45 40 5 7 31 22 

Inst_Index:1851 	 City_Num:50 	 Concorde:5.407591 	 MCTS:5.407591 Improve:0.000000 	 Time:3.76 Seconds
Solution: 1 10 7 25 11 9 12 49 28 36 13 48 47 44 21 30 46 33 8 26 23 50 20 43 42 34 3 32 39 14 22 41 29 6 27 4 38 17 35 5 16 2 31 24 15 19 37 18 40 45 

Inst_Index:1852 	 City_Num:50 	 Concorde:5.558475 	 MCTS:5.558475 Improve:-0.000000 	 Time:3.75 Seconds
Solution: 1 48 27 44 6 11 7 34 25 19 35 15 8 2 21 30 37 18 16 23 47 41 46 12 14 38 13 3 45 39 24 4 33 40 31 43 49 17 22 5 9 20 28 29 32 10 26 50 42 36 

Inst_Index:1853 	 City_Num:50 	 Concorde:5.040312 	 MCTS:5.037409 Improve:0.002902 	 Time:3.77 Seconds
Solution: 1 14 38 19 45 10 49 22 18 43 20 17 37 47 12 50 21 36 25 42 27 24 9 30 44 16 3 6 33 26 40 8 11 2 28 46 5 35 13 41 31 23 34 48 32 29 4 15 39 7 

Inst_Index:1854 	 City_Num:50 	 Concorde:5.887029 	 MCTS:5.887029 Improve:-0.000000 	 Time:3.77 Seconds
Solution: 1 9 39 23 46 36 14 12 48 11 26 45 7 50 33 27 16 44 40 29 3 38 6 25 13 20 42 35 17 18 31 19 28 8 15 37 30 49 41 22 21 32 24 47 5 2 4 10 43 34 

Inst_Index:1855 	 City_Num:50 	 Concorde:5.806530 	 MCTS:5.801269 Improve:0.005260 	 Time:3.76 Seconds
Solution: 1 15 36 39 18 5 35 48 19 21 17 47 27 34 14 8 42 43 40 16 50 46 32 13 44 10 20 9 12 11 30 33 41 38 49 2 37 24 45 23 22 26 7 28 6 3 31 25 29 4 

Inst_Index:1856 	 City_Num:50 	 Concorde:5.589314 	 MCTS:5.589314 Improve:0.000000 	 Time:3.77 Seconds
Solution: 1 23 16 39 18 46 7 47 37 14 6 22 33 13 25 3 19 2 44 43 48 26 28 10 40 15 21 9 29 50 27 4 45 20 42 5 36 35 17 8 30 31 11 24 12 32 49 34 38 41 

Inst_Index:1857 	 City_Num:50 	 Concorde:5.591122 	 MCTS:5.591122 Improve:0.000000 	 Time:3.78 Seconds
Solution: 1 19 43 45 12 32 18 6 20 44 40 33 22 9 16 31 5 50 49 7 38 23 4 15 28 30 25 41 21 24 17 37 29 8 36 3 48 10 2 26 42 13 47 39 14 27 34 11 35 46 

Inst_Index:1858 	 City_Num:50 	 Concorde:5.675382 	 MCTS:5.675382 Improve:0.000000 	 Time:3.75 Seconds
Solution: 1 4 36 13 48 11 9 37 25 2 43 39 19 15 17 31 49 41 21 3 42 18 6 47 26 10 44 16 27 22 24 32 5 30 38 7 29 8 23 20 46 35 50 12 40 28 33 45 34 14 

Inst_Index:1859 	 City_Num:50 	 Concorde:6.030439 	 MCTS:6.029854 Improve:0.000584 	 Time:3.75 Seconds
Solution: 1 24 22 15 43 2 29 47 39 7 49 36 50 16 21 45 27 30 48 13 10 31 28 18 19 33 8 3 26 12 41 5 37 4 23 34 9 40 6 17 38 46 25 35 14 42 11 32 20 44 

Inst_Index:1860 	 City_Num:50 	 Concorde:5.842658 	 MCTS:5.842658 Improve:0.000000 	 Time:3.77 Seconds
Solution: 1 8 27 43 23 17 9 30 20 33 32 6 28 10 25 3 36 21 41 22 13 2 35 34 47 29 38 40 49 16 50 11 7 14 4 26 18 39 42 48 31 15 44 19 5 24 12 45 37 46 

Inst_Index:1861 	 City_Num:50 	 Concorde:5.279500 	 MCTS:5.276167 Improve:0.003333 	 Time:3.76 Seconds
Solution: 1 5 8 38 13 31 19 2 26 47 12 39 16 33 35 42 40 45 23 7 10 37 44 3 25 36 24 14 21 4 30 9 41 18 48 43 28 46 17 6 27 20 15 11 22 29 50 32 49 34 

Inst_Index:1862 	 City_Num:50 	 Concorde:5.852746 	 MCTS:5.851403 Improve:0.001343 	 Time:3.75 Seconds
Solution: 1 46 38 9 14 11 31 15 22 20 29 10 40 26 47 34 32 3 6 25 8 16 17 42 50 21 5 18 41 13 27 19 24 4 23 48 33 35 28 30 45 2 7 44 36 43 39 12 49 37 

Inst_Index:1863 	 City_Num:50 	 Concorde:5.743889 	 MCTS:5.743574 Improve:0.000314 	 Time:3.77 Seconds
Solution: 1 24 42 26 10 3 35 21 49 18 22 6 25 43 4 39 44 23 20 17 28 47 14 11 19 12 32 31 48 27 37 46 45 30 5 7 38 15 9 41 36 2 8 33 50 40 16 34 29 13 

Inst_Index:1864 	 City_Num:50 	 Concorde:5.930860 	 MCTS:5.930860 Improve:-0.000000 	 Time:3.76 Seconds
Solution: 1 47 26 43 9 11 38 44 16 36 15 13 49 5 29 32 45 46 18 41 23 25 48 14 33 2 21 42 6 19 35 34 4 28 24 12 22 30 10 8 37 7 17 40 3 50 20 27 31 39 

Inst_Index:1865 	 City_Num:50 	 Concorde:5.951556 	 MCTS:5.949989 Improve:0.001567 	 Time:3.76 Seconds
Solution: 1 4 5 26 31 21 49 33 17 25 12 9 29 14 2 43 30 10 41 23 37 40 15 45 8 35 22 36 11 46 47 24 18 48 44 32 39 16 27 13 7 42 50 34 20 3 38 6 19 28 

Inst_Index:1866 	 City_Num:50 	 Concorde:5.681658 	 MCTS:5.681658 Improve:0.000000 	 Time:3.78 Seconds
Solution: 1 9 48 26 24 5 27 17 19 6 21 34 22 2 37 45 47 12 49 44 16 25 13 39 14 46 15 33 20 43 42 50 30 29 40 7 28 41 23 32 3 8 10 35 4 38 18 36 11 31 

Inst_Index:1867 	 City_Num:50 	 Concorde:5.549310 	 MCTS:5.547577 Improve:0.001733 	 Time:3.76 Seconds
Solution: 1 35 22 50 25 30 39 23 24 40 43 37 31 7 42 27 21 13 33 28 48 3 36 45 9 17 6 15 2 18 44 8 41 12 26 14 11 4 46 38 19 10 29 16 5 20 47 49 32 34 

Inst_Index:1868 	 City_Num:50 	 Concorde:5.988695 	 MCTS:5.988695 Improve:-0.000000 	 Time:3.75 Seconds
Solution: 1 26 3 40 13 24 4 34 36 14 2 49 5 15 32 41 38 35 11 29 39 12 16 7 46 44 42 43 6 45 31 17 22 50 25 19 21 8 9 30 28 18 20 27 47 33 37 48 23 10 

Inst_Index:1869 	 City_Num:50 	 Concorde:5.535738 	 MCTS:5.535738 Improve:-0.000000 	 Time:3.76 Seconds
Solution: 1 22 25 46 14 24 33 37 40 32 12 43 19 16 7 26 29 18 45 13 47 50 31 5 6 2 30 11 9 3 23 34 41 10 20 8 17 21 36 42 38 4 27 15 39 49 48 35 28 44 

Inst_Index:1870 	 City_Num:50 	 Concorde:6.080640 	 MCTS:6.080640 Improve:-0.000000 	 Time:3.77 Seconds
Solution: 1 6 39 40 43 33 46 11 22 42 15 19 36 7 35 9 37 16 48 3 13 25 26 41 18 49 17 38 5 4 20 34 30 10 12 28 45 44 50 47 29 8 24 21 32 2 31 27 14 23 

Inst_Index:1871 	 City_Num:50 	 Concorde:5.797057 	 MCTS:5.797057 Improve:0.000000 	 Time:3.75 Seconds
Solution: 1 20 37 30 18 26 35 5 50 42 39 16 24 29 12 14 45 46 2 31 32 49 36 28 9 3 34 48 43 11 22 17 7 38 41 13 27 15 4 47 23 40 44 19 10 8 25 6 21 33 

Inst_Index:1872 	 City_Num:50 	 Concorde:5.841270 	 MCTS:5.841270 Improve:0.000000 	 Time:3.75 Seconds
Solution: 1 26 32 18 37 10 7 21 22 5 25 36 12 47 38 29 50 35 15 4 46 27 16 8 3 41 23 43 2 24 19 33 28 44 31 20 34 45 17 6 42 13 49 40 30 14 48 39 11 9 

Inst_Index:1873 	 City_Num:50 	 Concorde:5.170861 	 MCTS:5.170861 Improve:0.000000 	 Time:3.76 Seconds
Solution: 1 42 20 4 33 7 25 8 45 6 24 13 34 16 2 19 26 10 11 28 27 9 15 23 22 46 40 48 21 43 29 31 18 41 39 36 44 3 12 32 14 35 47 17 37 38 30 49 50 5 

Inst_Index:1874 	 City_Num:50 	 Concorde:5.427866 	 MCTS:5.427361 Improve:0.000504 	 Time:3.77 Seconds
Solution: 1 21 25 41 28 12 40 7 35 29 33 42 38 20 2 17 5 46 8 39 49 24 10 48 32 11 50 43 16 45 22 3 14 13 30 37 9 15 36 19 47 6 34 26 27 4 44 23 18 31 

Inst_Index:1875 	 City_Num:50 	 Concorde:5.427317 	 MCTS:5.426914 Improve:0.000403 	 Time:3.75 Seconds
Solution: 1 26 12 22 23 8 14 4 32 18 10 42 7 50 49 3 36 5 41 28 44 43 16 15 48 9 21 38 24 13 30 17 39 27 45 33 20 2 40 11 47 35 37 29 46 19 25 34 6 31 

Inst_Index:1876 	 City_Num:50 	 Concorde:5.469710 	 MCTS:5.469710 Improve:0.000000 	 Time:3.75 Seconds
Solution: 1 31 23 33 18 49 30 7 5 2 27 42 21 3 38 15 11 9 19 25 34 48 39 13 50 14 28 6 47 17 32 12 37 26 29 45 40 43 24 41 8 22 4 46 44 36 35 16 10 20 

Inst_Index:1877 	 City_Num:50 	 Concorde:5.914379 	 MCTS:5.914379 Improve:0.000000 	 Time:3.75 Seconds
Solution: 1 46 38 34 43 3 20 4 16 13 17 11 42 22 47 15 29 6 14 10 26 31 8 37 28 45 49 50 40 19 33 18 2 44 24 9 25 48 21 23 27 7 5 32 30 36 41 35 12 39 

Inst_Index:1878 	 City_Num:50 	 Concorde:5.574736 	 MCTS:5.574736 Improve:-0.000000 	 Time:3.76 Seconds
Solution: 1 49 47 30 33 28 20 26 41 8 37 12 24 27 10 50 35 29 23 36 48 31 9 43 32 40 7 5 21 4 34 42 17 3 16 25 39 38 19 44 13 15 6 45 18 22 11 14 2 46 


Avg_Concorde_Distance: 5.681530 Avg_MCTS_Distance: 5.680157 Avg_Gap: -0.000242 Total_Time: 1178.00 Seconds 
 Beat_Best_Known_Times: 125 Match_Best_Known_Times: 188 Miss_Best_Known_Times: 0 
