Number_of_Instances_In_Current_Batch: 297

Inst_Index:9704 	 City_Num:50 	 Concorde:5.781348 	 MCTS:5.781348 Improve:-0.000000 	 Time:3.77 Seconds
Solution: 1 31 14 29 21 47 48 25 44 20 4 42 41 40 38 7 23 24 8 15 26 49 3 43 16 32 17 11 35 28 27 37 22 19 39 12 36 34 2 33 6 5 46 10 18 30 50 45 13 9 

Inst_Index:9705 	 City_Num:50 	 Concorde:5.209448 	 MCTS:5.209448 Improve:0.000000 	 Time:3.75 Seconds
Solution: 1 46 19 40 2 27 41 25 20 42 33 6 49 13 37 17 12 47 30 7 18 36 15 50 32 43 24 21 5 29 16 31 35 38 9 28 48 3 22 14 39 34 11 26 23 4 10 44 8 45 

Inst_Index:9706 	 City_Num:50 	 Concorde:5.730189 	 MCTS:5.730189 Improve:0.000000 	 Time:3.78 Seconds
Solution: 1 8 6 35 39 2 25 32 37 44 18 36 13 48 19 46 15 43 16 23 10 49 34 20 47 45 12 24 3 42 41 26 50 38 21 4 14 7 22 30 31 40 11 17 5 27 29 9 28 33 

Inst_Index:9707 	 City_Num:50 	 Concorde:5.679688 	 MCTS:5.679688 Improve:0.000000 	 Time:3.76 Seconds
Solution: 1 13 2 16 10 29 4 6 41 34 44 30 42 3 37 28 8 15 50 18 48 31 49 45 22 33 5 21 39 9 20 40 36 7 38 35 23 27 46 11 47 19 25 26 12 43 14 32 17 24 

Inst_Index:9708 	 City_Num:50 	 Concorde:5.638441 	 MCTS:5.638441 Improve:-0.000000 	 Time:3.76 Seconds
Solution: 1 9 3 6 48 45 34 20 36 11 24 15 14 17 44 40 28 42 41 19 30 18 31 47 16 21 43 23 35 26 25 38 49 10 8 32 27 39 2 29 4 12 22 5 7 46 50 13 37 33 

Inst_Index:9709 	 City_Num:50 	 Concorde:5.948967 	 MCTS:5.948967 Improve:0.000000 	 Time:3.75 Seconds
Solution: 1 42 28 40 27 16 21 49 30 33 7 19 4 39 17 36 32 22 37 2 38 45 44 24 48 50 18 6 31 35 14 5 3 43 29 20 25 8 15 23 26 34 11 10 47 46 41 12 13 9 

Inst_Index:9710 	 City_Num:50 	 Concorde:6.069969 	 MCTS:6.069969 Improve:-0.000000 	 Time:3.76 Seconds
Solution: 1 24 25 5 22 3 23 34 29 15 19 32 8 36 46 27 45 35 50 48 40 21 44 13 43 18 30 11 4 9 12 26 47 20 7 2 41 39 42 10 16 38 14 37 31 28 49 33 17 6 

Inst_Index:9711 	 City_Num:50 	 Concorde:5.996993 	 MCTS:5.996993 Improve:-0.000000 	 Time:3.78 Seconds
Solution: 1 31 25 37 36 32 19 2 13 8 34 14 45 30 42 6 23 46 22 11 5 43 24 44 18 26 15 17 27 50 39 47 10 4 33 16 38 29 35 20 9 48 49 12 3 40 41 7 21 28 

Inst_Index:9712 	 City_Num:50 	 Concorde:5.728909 	 MCTS:5.728909 Improve:0.000000 	 Time:3.76 Seconds
Solution: 1 33 37 19 24 45 36 15 20 23 14 2 42 44 29 26 35 41 48 32 17 21 40 43 46 13 6 47 38 5 9 49 16 22 11 25 30 18 8 12 31 10 34 28 4 27 39 3 7 50 

Inst_Index:9713 	 City_Num:50 	 Concorde:5.369880 	 MCTS:5.369880 Improve:-0.000000 	 Time:3.75 Seconds
Solution: 1 31 9 27 18 47 25 50 17 41 20 15 13 5 33 44 11 43 38 21 2 3 32 46 28 48 39 37 7 34 30 23 16 10 4 26 24 6 45 19 36 35 42 49 8 40 29 22 14 12 

Inst_Index:9714 	 City_Num:50 	 Concorde:5.796147 	 MCTS:5.796147 Improve:-0.000000 	 Time:3.75 Seconds
Solution: 1 47 20 14 24 4 49 48 10 39 15 5 2 17 34 23 43 26 32 41 50 7 35 44 3 28 40 31 27 46 45 25 21 13 22 19 36 37 11 38 16 29 33 12 30 18 8 9 42 6 

Inst_Index:9715 	 City_Num:50 	 Concorde:6.046529 	 MCTS:6.044639 Improve:0.001890 	 Time:3.76 Seconds
Solution: 1 16 29 45 14 21 43 41 10 37 40 38 30 24 11 5 22 15 27 4 18 33 28 36 13 44 49 42 12 46 3 9 26 7 19 34 39 47 25 23 32 6 35 17 20 48 31 50 8 2 

Inst_Index:9716 	 City_Num:50 	 Concorde:6.421653 	 MCTS:6.421653 Improve:0.000000 	 Time:3.77 Seconds
Solution: 1 8 25 28 26 36 34 19 32 43 9 47 49 40 16 10 38 44 3 15 24 20 27 30 48 4 33 7 13 39 5 21 23 18 14 35 11 29 37 12 41 22 45 50 6 46 31 42 2 17 

Inst_Index:9717 	 City_Num:50 	 Concorde:5.412771 	 MCTS:5.409599 Improve:0.003172 	 Time:3.76 Seconds
Solution: 1 16 25 4 19 26 46 8 49 14 10 27 6 47 13 17 23 33 7 43 37 40 32 29 35 30 21 41 3 22 42 9 48 45 50 39 15 11 34 12 18 20 24 38 2 36 44 5 28 31 

Inst_Index:9718 	 City_Num:50 	 Concorde:6.147605 	 MCTS:6.147605 Improve:0.000000 	 Time:3.75 Seconds
Solution: 1 48 12 28 32 43 36 16 47 34 39 17 11 19 35 33 41 25 22 5 9 18 7 40 14 42 6 26 23 2 10 31 15 44 21 29 24 37 3 45 49 38 4 13 20 27 30 46 8 50 

Inst_Index:9719 	 City_Num:50 	 Concorde:5.579473 	 MCTS:5.579076 Improve:0.000397 	 Time:3.76 Seconds
Solution: 1 28 21 44 4 15 16 6 3 34 7 26 12 25 17 49 30 46 13 42 39 32 18 27 36 23 45 9 48 5 10 29 14 50 22 43 31 11 37 24 38 19 40 35 20 41 33 8 2 47 

Inst_Index:9720 	 City_Num:50 	 Concorde:5.660553 	 MCTS:5.660553 Improve:-0.000000 	 Time:3.77 Seconds
Solution: 1 2 36 25 42 32 43 13 14 16 46 4 50 6 37 11 33 30 19 47 38 26 45 24 7 39 10 5 12 15 49 44 48 35 31 41 28 8 27 29 3 17 22 20 23 34 9 21 40 18 

Inst_Index:9721 	 City_Num:50 	 Concorde:5.773251 	 MCTS:5.773251 Improve:0.000000 	 Time:3.75 Seconds
Solution: 1 6 35 36 26 34 4 22 5 41 33 17 29 27 20 42 13 43 21 19 32 11 47 16 46 31 38 50 37 30 48 49 15 40 14 7 8 10 12 23 45 18 39 25 9 44 3 28 24 2 

Inst_Index:9722 	 City_Num:50 	 Concorde:5.933309 	 MCTS:5.932644 Improve:0.000666 	 Time:3.76 Seconds
Solution: 1 32 49 34 46 35 14 39 8 18 33 47 5 40 31 26 37 25 48 41 17 42 23 3 29 21 44 22 24 45 28 7 2 12 9 19 36 11 27 30 13 4 38 10 16 6 50 20 15 43 

Inst_Index:9723 	 City_Num:50 	 Concorde:5.395822 	 MCTS:5.395822 Improve:-0.000000 	 Time:3.76 Seconds
Solution: 1 42 28 45 16 25 13 26 23 22 46 27 40 39 7 10 18 41 11 17 32 6 49 30 38 44 36 3 9 4 21 29 19 24 2 31 37 50 15 35 47 14 33 5 8 20 48 43 12 34 

Inst_Index:9724 	 City_Num:50 	 Concorde:5.243803 	 MCTS:5.243803 Improve:0.000000 	 Time:3.75 Seconds
Solution: 1 32 44 19 49 40 47 26 11 14 18 7 33 5 6 46 12 22 37 23 29 4 48 15 28 24 45 50 30 41 35 34 36 20 17 10 2 31 21 38 43 9 16 8 39 27 25 42 3 13 

Inst_Index:9725 	 City_Num:50 	 Concorde:5.641882 	 MCTS:5.640046 Improve:0.001836 	 Time:3.76 Seconds
Solution: 1 4 7 25 34 18 37 24 48 20 32 38 33 6 49 22 12 9 13 36 45 27 8 15 10 30 3 39 40 50 14 29 26 17 43 2 19 47 46 16 44 11 35 21 42 41 28 31 5 23 

Inst_Index:9726 	 City_Num:50 	 Concorde:5.952035 	 MCTS:5.952035 Improve:0.000000 	 Time:3.76 Seconds
Solution: 1 26 47 11 49 8 4 48 34 46 43 41 30 45 33 13 38 16 18 36 5 25 21 19 10 32 35 50 44 17 22 28 23 2 24 42 9 3 12 40 14 7 15 6 29 39 20 31 27 37 

Inst_Index:9727 	 City_Num:50 	 Concorde:5.529422 	 MCTS:5.529422 Improve:0.000000 	 Time:3.75 Seconds
Solution: 1 29 37 27 50 17 19 2 13 8 9 3 33 25 41 30 39 20 38 4 48 23 15 31 44 32 47 7 18 12 36 16 26 42 5 6 40 10 45 22 28 11 43 24 46 21 34 35 14 49 

Inst_Index:9728 	 City_Num:50 	 Concorde:5.425571 	 MCTS:5.425571 Improve:0.000000 	 Time:3.77 Seconds
Solution: 1 15 6 27 42 36 9 50 32 22 23 43 40 28 38 46 39 16 4 12 11 48 41 21 20 13 44 30 26 33 2 18 3 17 7 14 5 49 25 10 8 35 19 37 31 29 47 34 24 45 

Inst_Index:9729 	 City_Num:50 	 Concorde:5.615383 	 MCTS:5.611935 Improve:0.003448 	 Time:3.76 Seconds
Solution: 1 31 43 27 24 22 2 12 25 9 46 10 45 49 41 37 26 32 33 14 8 30 36 19 48 21 5 16 17 4 35 15 13 50 18 38 40 47 23 28 11 39 7 6 44 42 20 34 29 3 

Inst_Index:9730 	 City_Num:50 	 Concorde:5.613921 	 MCTS:5.612134 Improve:0.001787 	 Time:3.75 Seconds
Solution: 1 15 22 21 19 4 45 5 38 2 27 7 14 23 10 28 37 16 40 46 18 8 44 41 24 17 20 43 29 36 13 42 31 6 9 50 12 48 11 47 39 35 32 26 30 34 25 49 3 33 

Inst_Index:9731 	 City_Num:50 	 Concorde:5.968865 	 MCTS:5.968865 Improve:0.000000 	 Time:3.76 Seconds
Solution: 1 23 50 11 43 49 29 46 27 28 26 17 48 34 40 33 37 24 12 10 14 39 4 36 8 18 45 9 44 47 30 2 21 5 19 41 42 31 13 6 3 22 16 32 38 15 35 20 25 7 

Inst_Index:9732 	 City_Num:50 	 Concorde:6.068167 	 MCTS:6.068167 Improve:0.000000 	 Time:3.77 Seconds
Solution: 1 43 8 27 25 11 10 13 29 31 33 9 15 30 22 46 42 16 12 34 2 40 4 39 44 49 5 24 32 19 35 6 47 3 38 36 17 18 21 14 20 7 50 41 37 45 26 28 48 23 

Inst_Index:9733 	 City_Num:50 	 Concorde:6.061177 	 MCTS:6.060620 Improve:0.000556 	 Time:3.76 Seconds
Solution: 1 25 35 20 46 8 18 32 21 41 39 31 48 34 9 28 4 6 2 7 37 14 24 5 11 50 17 29 22 30 13 38 40 19 42 44 27 49 47 3 43 23 26 15 12 10 33 36 45 16 

Inst_Index:9734 	 City_Num:50 	 Concorde:5.600419 	 MCTS:5.593551 Improve:0.006868 	 Time:3.75 Seconds
Solution: 1 42 25 13 22 11 48 20 33 10 5 29 43 16 45 49 50 21 44 3 7 15 19 31 36 46 47 39 38 28 37 34 17 12 18 8 40 2 4 27 35 14 6 23 41 26 30 32 24 9 

Inst_Index:9735 	 City_Num:50 	 Concorde:5.843530 	 MCTS:5.843530 Improve:0.000000 	 Time:3.76 Seconds
Solution: 1 17 36 22 50 11 30 7 38 33 44 42 3 4 15 21 26 49 20 25 45 24 13 6 8 9 5 31 32 37 34 10 35 40 12 14 16 28 18 48 39 41 2 23 19 29 47 27 46 43 

Inst_Index:9736 	 City_Num:50 	 Concorde:5.339982 	 MCTS:5.338487 Improve:0.001496 	 Time:3.75 Seconds
Solution: 1 32 29 40 44 14 13 42 6 43 18 26 34 7 50 21 23 47 38 25 3 9 4 27 24 15 8 48 30 11 2 37 49 33 41 28 16 46 20 19 39 5 36 31 17 45 35 10 22 12 

Inst_Index:9737 	 City_Num:50 	 Concorde:5.779526 	 MCTS:5.767884 Improve:0.011642 	 Time:3.76 Seconds
Solution: 1 18 4 12 27 7 5 13 23 33 8 36 10 43 31 20 3 29 46 2 15 32 47 38 50 11 42 22 16 9 41 17 44 34 28 21 25 48 45 24 37 26 19 6 35 39 49 40 14 30 

Inst_Index:9738 	 City_Num:50 	 Concorde:5.539075 	 MCTS:5.539075 Improve:0.000000 	 Time:3.76 Seconds
Solution: 1 35 29 4 34 40 9 24 42 41 10 49 19 7 33 44 17 2 39 14 11 27 20 26 37 23 3 36 48 47 28 8 15 13 18 21 25 50 43 32 46 30 6 12 45 38 22 31 16 5 

Inst_Index:9739 	 City_Num:50 	 Concorde:6.222218 	 MCTS:6.214995 Improve:0.007222 	 Time:3.76 Seconds
Solution: 1 3 5 36 32 31 2 50 8 12 9 14 19 10 33 44 48 25 26 16 42 18 22 7 30 13 29 45 21 23 37 6 38 49 46 41 15 17 40 27 28 47 20 39 11 35 24 4 34 43 

Inst_Index:9740 	 City_Num:50 	 Concorde:5.711799 	 MCTS:5.711643 Improve:0.000156 	 Time:3.75 Seconds
Solution: 1 19 27 29 18 40 24 37 8 50 25 9 23 16 47 31 11 46 15 7 20 2 4 38 17 39 41 13 3 5 14 49 45 21 42 12 6 33 43 28 10 48 44 26 22 36 34 32 35 30 

Inst_Index:9741 	 City_Num:50 	 Concorde:5.953360 	 MCTS:5.953360 Improve:0.000000 	 Time:3.76 Seconds
Solution: 1 4 5 31 49 24 34 25 29 22 50 39 27 48 14 32 38 17 46 10 11 12 9 35 7 45 36 33 47 21 15 28 20 13 8 44 23 40 26 42 41 6 16 37 3 2 18 19 30 43 

Inst_Index:9742 	 City_Num:50 	 Concorde:5.757570 	 MCTS:5.757570 Improve:0.000000 	 Time:3.76 Seconds
Solution: 1 8 29 23 28 15 26 42 2 27 11 6 16 34 24 25 31 21 32 4 44 17 45 50 38 22 20 46 14 47 41 9 10 18 37 48 12 19 33 49 30 3 7 36 35 13 43 5 40 39 

Inst_Index:9743 	 City_Num:50 	 Concorde:5.552762 	 MCTS:5.552762 Improve:-0.000000 	 Time:3.77 Seconds
Solution: 1 34 39 47 17 33 30 22 11 46 27 42 24 15 28 50 5 12 2 40 3 37 32 21 38 7 20 45 48 10 35 36 44 25 9 43 49 8 29 18 6 4 26 31 14 23 16 41 13 19 

Inst_Index:9744 	 City_Num:50 	 Concorde:5.436830 	 MCTS:5.436830 Improve:-0.000000 	 Time:3.76 Seconds
Solution: 1 18 26 28 4 17 29 3 38 35 36 22 37 23 21 45 31 34 5 46 8 49 27 30 15 6 9 11 32 7 44 43 19 13 47 50 10 33 25 20 41 14 42 48 40 39 24 2 16 12 

Inst_Index:9745 	 City_Num:50 	 Concorde:5.232160 	 MCTS:5.232160 Improve:-0.000000 	 Time:3.76 Seconds
Solution: 1 39 43 8 25 37 4 47 14 18 20 9 19 24 46 44 6 40 7 13 26 22 12 36 3 31 29 2 33 48 49 16 35 42 38 15 32 17 45 27 28 50 23 30 11 34 10 41 21 5 

Inst_Index:9746 	 City_Num:50 	 Concorde:5.675834 	 MCTS:5.670947 Improve:0.004886 	 Time:3.77 Seconds
Solution: 1 19 26 45 9 34 47 23 5 43 6 44 32 2 15 11 38 29 46 3 16 22 42 36 12 21 31 20 25 10 7 18 41 48 4 24 13 27 35 40 30 17 28 37 8 14 33 49 50 39 

Inst_Index:9747 	 City_Num:50 	 Concorde:5.846224 	 MCTS:5.846224 Improve:0.000000 	 Time:3.77 Seconds
Solution: 1 22 26 42 23 33 16 41 46 28 44 35 18 27 8 3 29 48 5 6 12 4 20 15 40 39 30 9 2 11 21 49 50 13 24 17 43 47 14 31 34 38 32 10 36 37 19 25 7 45 

Inst_Index:9748 	 City_Num:50 	 Concorde:6.037869 	 MCTS:6.037869 Improve:-0.000000 	 Time:3.78 Seconds
Solution: 1 23 9 24 33 50 40 27 19 20 21 29 43 30 47 3 16 38 6 7 15 17 31 2 5 32 34 18 12 37 14 46 45 4 36 49 41 11 42 13 25 48 10 28 39 26 44 8 35 22 

Inst_Index:9749 	 City_Num:50 	 Concorde:5.823949 	 MCTS:5.823043 Improve:0.000906 	 Time:3.76 Seconds
Solution: 1 37 40 44 30 12 39 35 3 23 24 48 32 33 8 49 19 26 6 14 18 22 4 38 16 15 45 50 7 31 28 46 9 2 20 47 36 27 34 5 17 25 21 10 11 13 29 42 41 43 

Inst_Index:9750 	 City_Num:50 	 Concorde:5.682105 	 MCTS:5.682105 Improve:0.000000 	 Time:3.75 Seconds
Solution: 1 27 46 32 23 15 50 11 5 31 43 2 48 37 25 33 10 36 8 47 17 18 4 28 12 21 20 44 3 45 38 13 6 41 40 34 16 7 49 30 24 14 39 9 22 29 26 42 19 35 

Inst_Index:9751 	 City_Num:50 	 Concorde:5.591148 	 MCTS:5.590003 Improve:0.001145 	 Time:3.75 Seconds
Solution: 1 49 14 25 27 11 15 20 50 31 40 26 19 18 41 45 39 13 22 42 35 46 33 9 7 43 3 38 2 10 24 47 37 34 29 44 21 5 17 8 12 32 23 4 36 30 48 6 28 16 

Inst_Index:9752 	 City_Num:50 	 Concorde:5.644518 	 MCTS:5.644518 Improve:-0.000000 	 Time:3.75 Seconds
Solution: 1 34 17 33 3 38 43 50 22 48 14 13 15 9 16 41 42 25 30 26 31 29 49 21 40 7 28 35 20 39 23 47 44 2 36 8 11 24 18 10 19 4 12 5 37 32 6 27 45 46 

Inst_Index:9753 	 City_Num:50 	 Concorde:5.721671 	 MCTS:5.721671 Improve:0.000000 	 Time:3.76 Seconds
Solution: 1 19 36 37 31 10 29 33 30 35 5 27 9 49 17 38 25 44 13 11 22 32 47 46 2 26 15 20 48 39 34 16 40 23 6 14 43 18 50 21 7 3 42 41 28 4 24 8 12 45 

Inst_Index:9754 	 City_Num:50 	 Concorde:5.613637 	 MCTS:5.610362 Improve:0.003275 	 Time:3.76 Seconds
Solution: 1 44 23 29 31 28 13 10 47 25 9 43 45 30 36 42 35 18 11 4 40 2 37 16 33 26 32 34 7 38 6 50 49 46 24 15 3 48 14 20 22 39 12 41 21 19 8 27 17 5 

Inst_Index:9755 	 City_Num:50 	 Concorde:5.499326 	 MCTS:5.498354 Improve:0.000972 	 Time:3.75 Seconds
Solution: 1 3 30 21 39 42 49 26 31 14 32 17 35 5 40 24 38 6 8 23 44 13 47 18 20 43 9 4 33 48 22 34 7 29 46 19 36 50 37 28 41 12 11 16 15 25 45 27 2 10 

Inst_Index:9756 	 City_Num:50 	 Concorde:5.829456 	 MCTS:5.828831 Improve:0.000625 	 Time:3.75 Seconds
Solution: 1 48 19 39 22 8 3 25 29 27 21 46 34 20 18 32 24 38 42 12 49 6 44 10 11 7 15 37 14 41 47 2 13 30 43 26 40 4 9 35 17 16 28 5 45 33 23 31 50 36 

Inst_Index:9757 	 City_Num:50 	 Concorde:5.288085 	 MCTS:5.284896 Improve:0.003189 	 Time:3.76 Seconds
Solution: 1 45 10 26 41 28 43 15 31 29 47 5 16 4 24 37 38 44 30 11 25 40 9 34 3 33 50 42 6 2 49 48 22 7 20 8 35 18 23 39 21 17 32 36 14 27 46 12 19 13 

Inst_Index:9758 	 City_Num:50 	 Concorde:5.535395 	 MCTS:5.535395 Improve:-0.000000 	 Time:3.76 Seconds
Solution: 1 24 8 22 36 19 9 39 29 45 32 11 6 38 18 48 26 42 43 41 17 21 20 23 50 12 30 49 5 15 31 16 25 47 4 44 28 13 27 35 40 34 14 33 3 7 10 2 46 37 

Inst_Index:9759 	 City_Num:50 	 Concorde:5.684584 	 MCTS:5.677569 Improve:0.007015 	 Time:3.78 Seconds
Solution: 1 24 43 5 20 10 26 6 16 48 33 27 8 4 21 32 40 37 35 44 23 13 36 22 47 30 2 19 46 39 17 7 38 9 12 31 28 15 42 11 29 25 3 49 50 18 41 14 45 34 

Inst_Index:9760 	 City_Num:50 	 Concorde:5.402899 	 MCTS:5.402899 Improve:-0.000000 	 Time:3.76 Seconds
Solution: 1 32 40 43 2 34 21 5 50 31 25 29 42 22 8 28 13 46 15 23 14 12 10 33 7 26 44 39 6 17 27 45 36 38 48 41 20 37 24 4 35 49 9 11 30 19 3 16 18 47 

Inst_Index:9761 	 City_Num:50 	 Concorde:6.022814 	 MCTS:6.022814 Improve:-0.000000 	 Time:3.75 Seconds
Solution: 1 49 27 42 31 9 25 12 18 14 19 36 2 40 44 8 10 41 37 17 33 7 43 20 15 39 26 3 50 46 29 34 48 4 16 38 21 6 32 47 28 22 5 24 11 35 13 23 30 45 

Inst_Index:9762 	 City_Num:50 	 Concorde:5.629119 	 MCTS:5.629119 Improve:-0.000000 	 Time:3.77 Seconds
Solution: 1 42 43 6 14 44 2 40 32 36 30 41 47 17 23 28 16 12 18 48 10 37 26 46 15 8 19 31 38 27 34 7 13 49 33 45 5 9 3 20 29 39 4 21 24 22 50 25 35 11 

Inst_Index:9763 	 City_Num:50 	 Concorde:5.298463 	 MCTS:5.298463 Improve:0.000000 	 Time:3.76 Seconds
Solution: 1 20 10 9 42 30 22 4 43 48 27 44 33 45 29 7 12 40 25 18 41 16 21 32 24 38 6 3 2 46 5 31 19 50 26 11 23 34 8 36 28 14 35 39 17 13 49 47 37 15 

Inst_Index:9764 	 City_Num:50 	 Concorde:5.699074 	 MCTS:5.699074 Improve:0.000000 	 Time:3.76 Seconds
Solution: 1 41 22 5 23 49 47 25 7 14 45 16 50 36 18 30 27 4 11 42 46 44 29 8 9 21 3 12 43 20 40 17 34 33 48 38 37 39 35 6 2 13 26 10 15 28 32 31 24 19 

Inst_Index:9765 	 City_Num:50 	 Concorde:5.894613 	 MCTS:5.894613 Improve:-0.000000 	 Time:3.76 Seconds
Solution: 1 30 49 33 42 22 12 13 5 25 37 6 34 28 31 32 2 14 18 11 21 39 46 3 20 38 36 24 48 7 41 16 47 15 9 40 50 26 23 43 10 29 27 17 8 44 35 19 4 45 

Inst_Index:9766 	 City_Num:50 	 Concorde:5.748134 	 MCTS:5.748134 Improve:-0.000000 	 Time:3.76 Seconds
Solution: 1 23 35 11 16 41 30 10 9 47 40 43 37 38 32 39 20 27 14 4 15 33 5 18 46 19 44 45 7 42 3 21 8 49 13 31 34 24 25 6 50 48 22 17 12 2 26 36 28 29 

Inst_Index:9767 	 City_Num:50 	 Concorde:5.884226 	 MCTS:5.881383 Improve:0.002844 	 Time:3.76 Seconds
Solution: 1 17 37 21 14 18 5 35 28 49 11 48 26 33 29 12 46 9 31 24 30 38 41 43 50 34 8 25 42 20 19 27 44 7 36 23 3 10 39 6 13 22 2 45 40 32 16 4 15 47 

Inst_Index:9768 	 City_Num:50 	 Concorde:5.410294 	 MCTS:5.410294 Improve:0.000000 	 Time:3.77 Seconds
Solution: 1 8 21 30 24 17 19 27 18 38 26 44 23 35 37 25 32 45 15 6 34 4 7 36 13 50 10 40 16 47 33 14 22 9 41 39 12 28 48 46 31 2 43 20 42 3 11 5 49 29 

Inst_Index:9769 	 City_Num:50 	 Concorde:5.613273 	 MCTS:5.605567 Improve:0.007706 	 Time:3.76 Seconds
Solution: 1 17 12 48 32 45 35 34 16 49 44 4 13 11 38 10 23 20 2 31 21 19 47 14 36 24 29 43 50 5 42 7 46 22 26 41 30 33 8 15 3 28 18 37 6 39 27 40 9 25 

Inst_Index:9770 	 City_Num:50 	 Concorde:5.500869 	 MCTS:5.500869 Improve:-0.000000 	 Time:3.78 Seconds
Solution: 1 39 15 27 24 21 18 20 17 8 4 32 46 35 11 43 9 6 14 47 49 12 28 48 44 22 25 2 42 13 10 23 34 38 7 30 50 26 33 45 16 5 40 19 29 37 3 31 41 36 

Inst_Index:9771 	 City_Num:50 	 Concorde:5.685282 	 MCTS:5.685282 Improve:-0.000000 	 Time:3.76 Seconds
Solution: 1 22 25 9 7 15 14 36 47 13 27 40 48 12 43 46 45 16 26 4 28 34 39 24 42 23 3 37 41 10 21 38 44 32 2 6 8 30 35 50 18 29 31 20 49 11 33 5 17 19 

Inst_Index:9772 	 City_Num:50 	 Concorde:5.207933 	 MCTS:5.207933 Improve:0.000000 	 Time:3.76 Seconds
Solution: 1 32 46 10 28 11 6 3 41 50 37 20 39 40 15 47 36 12 34 43 5 7 29 23 26 21 9 2 42 31 38 33 22 27 49 35 17 18 44 13 14 30 24 45 48 16 25 4 19 8 

Inst_Index:9773 	 City_Num:50 	 Concorde:5.980869 	 MCTS:5.980869 Improve:0.000000 	 Time:3.75 Seconds
Solution: 1 21 18 8 30 24 45 49 41 2 6 22 34 13 7 28 35 25 40 5 47 3 33 36 12 32 29 11 14 15 44 9 23 43 39 27 37 26 19 31 17 42 10 16 50 46 4 38 20 48 

Inst_Index:9774 	 City_Num:50 	 Concorde:5.357117 	 MCTS:5.357117 Improve:0.000000 	 Time:3.76 Seconds
Solution: 1 41 14 46 43 18 13 16 20 47 25 22 44 6 2 38 28 45 15 23 49 7 9 10 17 35 24 21 29 12 37 42 27 31 40 3 4 5 36 19 33 32 50 30 26 48 8 39 34 11 

Inst_Index:9775 	 City_Num:50 	 Concorde:5.749863 	 MCTS:5.747707 Improve:0.002156 	 Time:3.76 Seconds
Solution: 1 5 42 31 47 22 25 29 35 2 38 15 9 14 6 3 8 27 40 46 19 26 30 13 18 48 36 49 34 37 4 20 10 21 41 44 28 7 16 43 12 50 33 17 11 24 45 39 32 23 

Inst_Index:9776 	 City_Num:50 	 Concorde:5.336589 	 MCTS:5.336589 Improve:-0.000000 	 Time:3.77 Seconds
Solution: 1 23 15 47 17 5 50 18 46 14 30 9 39 6 12 49 2 21 38 16 34 27 36 4 26 29 20 7 10 31 45 48 22 11 32 3 33 19 35 28 43 41 42 40 37 25 8 13 24 44 

Inst_Index:9777 	 City_Num:50 	 Concorde:4.930108 	 MCTS:4.930108 Improve:-0.000000 	 Time:3.76 Seconds
Solution: 1 17 36 5 35 10 31 27 44 2 33 9 13 37 15 46 39 11 3 50 32 7 12 4 30 8 29 23 24 41 21 49 20 22 43 42 6 26 40 47 14 19 48 18 25 34 45 38 28 16 

Inst_Index:9778 	 City_Num:50 	 Concorde:5.530970 	 MCTS:5.530970 Improve:0.000000 	 Time:3.75 Seconds
Solution: 1 38 7 30 18 41 45 44 47 9 13 15 27 22 3 33 48 39 29 37 42 12 28 23 49 36 16 6 2 35 5 31 50 21 8 40 25 14 26 46 10 11 19 32 43 17 4 20 24 34 

Inst_Index:9779 	 City_Num:50 	 Concorde:5.590851 	 MCTS:5.590851 Improve:0.000000 	 Time:3.76 Seconds
Solution: 1 31 19 17 4 50 9 29 20 37 49 2 26 39 16 23 35 10 7 18 44 28 22 32 25 21 3 36 5 24 6 38 43 47 15 45 27 13 14 48 46 40 34 12 8 33 30 11 42 41 

Inst_Index:9780 	 City_Num:50 	 Concorde:5.510493 	 MCTS:5.506538 Improve:0.003955 	 Time:3.76 Seconds
Solution: 1 44 2 15 36 38 19 4 35 42 6 50 40 8 24 26 20 3 39 29 45 12 7 13 23 28 10 21 41 11 14 31 32 37 16 27 34 9 48 33 47 49 25 46 5 18 30 22 43 17 

Inst_Index:9781 	 City_Num:50 	 Concorde:5.287356 	 MCTS:5.287356 Improve:0.000000 	 Time:3.76 Seconds
Solution: 1 47 23 48 10 12 18 13 31 40 34 35 25 42 50 30 29 5 6 16 38 24 39 33 17 4 46 28 11 27 44 14 32 45 22 41 8 15 9 43 21 2 26 20 49 36 19 7 37 3 

Inst_Index:9782 	 City_Num:50 	 Concorde:5.566786 	 MCTS:5.566786 Improve:-0.000000 	 Time:3.76 Seconds
Solution: 1 14 44 16 19 15 22 24 31 2 11 23 4 7 50 34 3 48 25 12 33 38 32 43 10 36 8 35 17 45 49 18 29 6 30 9 37 41 5 28 27 46 21 26 39 13 42 20 47 40 

Inst_Index:9783 	 City_Num:50 	 Concorde:5.556038 	 MCTS:5.556038 Improve:0.000000 	 Time:3.76 Seconds
Solution: 1 45 20 3 10 39 16 5 43 40 44 6 26 50 18 23 32 2 38 24 17 37 9 7 4 15 25 29 8 42 12 27 22 47 49 48 14 28 36 34 33 31 30 21 35 19 11 41 13 46 

Inst_Index:9784 	 City_Num:50 	 Concorde:5.205507 	 MCTS:5.205507 Improve:0.000000 	 Time:3.76 Seconds
Solution: 1 44 17 39 40 30 33 9 47 45 16 29 25 12 7 34 5 28 3 14 6 49 8 35 48 26 27 42 21 31 13 19 10 2 15 43 4 38 36 41 20 37 11 24 22 50 46 23 32 18 

Inst_Index:9785 	 City_Num:50 	 Concorde:5.585482 	 MCTS:5.585482 Improve:0.000000 	 Time:3.77 Seconds
Solution: 1 24 25 43 46 21 30 47 12 11 6 31 26 41 34 29 36 15 17 5 2 37 48 14 13 23 28 49 27 35 3 4 18 50 10 32 19 16 39 8 42 20 38 22 9 33 7 44 40 45 

Inst_Index:9786 	 City_Num:50 	 Concorde:5.757148 	 MCTS:5.757148 Improve:0.000000 	 Time:3.76 Seconds
Solution: 1 10 17 34 25 5 13 46 7 50 29 43 36 11 31 39 19 32 41 21 6 20 40 4 27 28 15 8 48 9 30 12 23 14 45 33 35 49 16 2 37 42 44 47 22 38 18 26 3 24 

Inst_Index:9787 	 City_Num:50 	 Concorde:5.411619 	 MCTS:5.411619 Improve:0.000000 	 Time:3.77 Seconds
Solution: 1 25 33 9 2 19 17 8 42 41 38 45 35 20 39 6 48 12 16 14 31 24 29 11 46 30 21 28 40 49 10 43 32 18 44 22 50 26 5 13 34 47 36 3 15 4 37 23 7 27 

Inst_Index:9788 	 City_Num:50 	 Concorde:5.521391 	 MCTS:5.515231 Improve:0.006160 	 Time:3.75 Seconds
Solution: 1 14 34 18 37 4 40 2 33 6 45 31 11 47 26 9 28 48 19 16 5 30 42 21 17 22 12 41 27 25 46 35 3 20 7 23 13 29 49 15 32 43 8 36 38 10 39 50 44 24 

Inst_Index:9789 	 City_Num:50 	 Concorde:5.891716 	 MCTS:5.891716 Improve:0.000000 	 Time:3.76 Seconds
Solution: 1 45 3 5 23 38 31 9 8 11 17 13 39 24 6 22 10 29 36 12 21 27 30 44 14 4 26 37 43 40 18 16 7 2 25 15 34 35 33 41 48 20 19 47 46 50 28 32 49 42 

Inst_Index:9790 	 City_Num:50 	 Concorde:5.225522 	 MCTS:5.220539 Improve:0.004984 	 Time:3.75 Seconds
Solution: 1 6 39 8 9 11 14 13 10 19 18 28 45 30 32 21 17 37 27 42 36 33 16 34 26 47 15 40 22 43 5 46 3 25 44 49 2 29 31 12 48 20 24 23 4 50 41 35 7 38 

Inst_Index:9791 	 City_Num:50 	 Concorde:5.393553 	 MCTS:5.393553 Improve:-0.000000 	 Time:3.75 Seconds
Solution: 1 20 33 4 2 15 46 13 12 7 22 19 48 50 16 28 49 45 35 36 38 39 21 40 23 8 9 43 24 18 3 17 44 14 34 11 31 27 42 26 10 37 25 6 29 41 5 47 32 30 

Inst_Index:9792 	 City_Num:50 	 Concorde:5.844752 	 MCTS:5.844752 Improve:0.000000 	 Time:3.76 Seconds
Solution: 1 30 8 46 22 36 34 31 6 7 2 5 14 10 28 32 41 9 16 38 23 26 12 44 27 3 50 29 40 24 15 48 19 43 33 17 25 42 45 39 49 18 35 4 20 21 11 47 13 37 

Inst_Index:9793 	 City_Num:50 	 Concorde:5.523599 	 MCTS:5.523599 Improve:-0.000000 	 Time:3.76 Seconds
Solution: 1 3 38 20 49 41 9 16 27 23 30 14 4 13 5 43 7 35 37 32 42 50 21 36 33 31 10 28 17 47 40 39 26 6 25 22 46 12 29 48 44 11 19 18 45 2 15 24 34 8 

Inst_Index:9794 	 City_Num:50 	 Concorde:5.796448 	 MCTS:5.781619 Improve:0.014829 	 Time:3.77 Seconds
Solution: 1 12 29 32 39 41 6 8 31 34 50 47 30 10 48 44 36 49 27 16 17 5 37 42 19 38 22 7 24 9 15 23 2 20 18 28 13 43 35 46 45 21 33 3 14 26 11 40 4 25 

Inst_Index:9795 	 City_Num:50 	 Concorde:5.957754 	 MCTS:5.957754 Improve:0.000000 	 Time:3.77 Seconds
Solution: 1 38 19 37 7 12 16 26 44 32 22 14 46 42 24 31 20 35 33 17 28 10 8 41 48 5 27 50 11 25 3 49 39 13 40 2 43 34 23 9 6 29 18 21 30 36 45 4 15 47 

Inst_Index:9796 	 City_Num:50 	 Concorde:5.376632 	 MCTS:5.375037 Improve:0.001595 	 Time:3.76 Seconds
Solution: 1 38 45 49 37 11 7 42 29 40 30 43 13 46 6 10 20 47 9 48 33 4 14 32 15 3 34 24 23 2 19 22 12 36 16 18 27 50 35 17 25 31 5 21 41 44 8 39 28 26 

Inst_Index:9797 	 City_Num:50 	 Concorde:5.610820 	 MCTS:5.610820 Improve:0.000000 	 Time:3.75 Seconds
Solution: 1 31 43 22 19 26 41 5 27 8 50 15 46 17 36 48 18 38 7 12 14 34 2 25 35 11 32 28 37 45 47 9 44 29 23 4 20 13 21 39 42 24 10 49 30 40 3 16 33 6 

Inst_Index:9798 	 City_Num:50 	 Concorde:5.633286 	 MCTS:5.633286 Improve:0.000000 	 Time:3.76 Seconds
Solution: 1 3 5 50 37 22 15 30 49 26 32 10 14 21 33 40 2 19 29 34 36 31 41 48 8 28 47 4 24 38 20 43 27 16 18 44 39 13 7 9 42 17 12 46 45 6 25 35 23 11 

Inst_Index:9799 	 City_Num:50 	 Concorde:5.337764 	 MCTS:5.337764 Improve:0.000000 	 Time:3.77 Seconds
Solution: 1 34 13 36 20 27 32 24 31 37 48 45 30 6 33 39 38 28 2 44 49 47 41 42 46 29 8 35 18 16 50 10 4 11 7 25 9 21 19 12 22 43 26 40 17 23 15 14 5 3 

Inst_Index:9800 	 City_Num:50 	 Concorde:5.685766 	 MCTS:5.685766 Improve:-0.000000 	 Time:3.76 Seconds
Solution: 1 3 24 36 17 28 30 11 32 20 33 50 18 21 37 4 16 7 2 27 12 8 14 26 22 15 13 5 19 31 47 42 10 25 43 48 35 40 39 44 29 6 23 46 34 49 9 45 41 38 

Inst_Index:9801 	 City_Num:50 	 Concorde:5.620839 	 MCTS:5.620839 Improve:0.000000 	 Time:3.77 Seconds
Solution: 1 43 16 22 37 27 7 33 19 46 29 50 13 47 21 31 9 40 8 36 4 11 3 20 12 14 26 34 38 24 41 23 28 2 48 18 45 5 10 49 35 6 25 17 44 32 15 39 42 30 

Inst_Index:9802 	 City_Num:50 	 Concorde:5.611019 	 MCTS:5.611019 Improve:-0.000000 	 Time:3.76 Seconds
Solution: 1 33 37 24 30 25 38 21 17 28 32 15 29 12 35 48 34 47 36 8 26 14 39 50 44 5 7 41 42 22 27 16 18 31 20 40 4 3 43 45 19 49 9 2 46 6 11 13 23 10 

Inst_Index:9803 	 City_Num:50 	 Concorde:5.877006 	 MCTS:5.877006 Improve:0.000000 	 Time:3.75 Seconds
Solution: 1 18 43 42 25 2 48 37 3 19 22 44 34 36 20 6 32 9 47 29 12 38 10 39 16 4 33 45 28 15 40 21 49 26 14 24 30 50 17 46 13 41 11 5 7 27 35 8 31 23 

Inst_Index:9804 	 City_Num:50 	 Concorde:5.740690 	 MCTS:5.740690 Improve:0.000000 	 Time:3.75 Seconds
Solution: 1 35 14 13 21 6 45 19 50 46 3 5 4 7 41 9 20 28 48 43 12 49 42 44 16 15 39 10 11 29 40 38 23 17 22 36 37 47 18 24 34 31 2 33 8 30 32 26 27 25 

Inst_Index:9805 	 City_Num:50 	 Concorde:5.627403 	 MCTS:5.622191 Improve:0.005212 	 Time:3.76 Seconds
Solution: 1 8 31 24 18 41 49 22 43 42 50 14 2 32 40 36 10 33 35 27 23 38 21 28 34 46 15 5 19 7 25 39 44 47 6 13 45 11 20 48 26 4 16 3 9 29 12 30 37 17 

Inst_Index:9806 	 City_Num:50 	 Concorde:5.500133 	 MCTS:5.500133 Improve:0.000000 	 Time:3.76 Seconds
Solution: 1 30 17 37 5 20 41 18 7 16 32 14 19 34 40 27 38 44 24 4 21 47 10 15 35 23 29 22 45 2 42 25 48 12 46 33 3 43 26 9 49 39 31 50 6 13 8 36 28 11 

Inst_Index:9807 	 City_Num:50 	 Concorde:5.357818 	 MCTS:5.357818 Improve:0.000000 	 Time:3.76 Seconds
Solution: 1 37 7 6 12 19 44 33 2 41 48 17 9 42 13 50 24 14 8 40 18 11 47 5 4 25 29 28 34 46 35 39 10 16 20 15 31 27 21 22 36 30 49 23 3 38 43 26 32 45 

Inst_Index:9808 	 City_Num:50 	 Concorde:5.556188 	 MCTS:5.556188 Improve:-0.000000 	 Time:3.76 Seconds
Solution: 1 28 20 10 16 27 38 12 18 44 21 17 15 29 31 34 3 50 48 45 33 4 32 11 8 46 47 23 24 30 40 36 43 25 9 39 13 26 7 49 6 42 14 41 37 2 19 35 5 22 

Inst_Index:9809 	 City_Num:50 	 Concorde:5.853961 	 MCTS:5.853961 Improve:0.000000 	 Time:3.76 Seconds
Solution: 1 19 35 39 44 47 33 22 4 11 5 3 6 45 24 43 17 34 15 50 23 20 18 30 27 13 21 40 8 14 10 28 46 26 36 9 25 12 31 32 7 16 38 29 2 37 42 49 41 48 

Inst_Index:9810 	 City_Num:50 	 Concorde:5.608707 	 MCTS:5.602564 Improve:0.006144 	 Time:3.78 Seconds
Solution: 1 16 49 44 39 5 31 33 32 17 19 23 18 7 46 40 13 22 8 37 2 41 11 50 30 35 42 25 48 45 43 9 24 47 38 10 21 15 28 27 36 3 29 26 20 14 4 6 12 34 

Inst_Index:9811 	 City_Num:50 	 Concorde:5.821997 	 MCTS:5.820964 Improve:0.001033 	 Time:3.77 Seconds
Solution: 1 22 42 20 16 43 17 7 48 25 41 6 44 39 31 28 38 36 26 30 10 45 5 8 29 47 23 37 50 13 35 46 21 18 15 3 40 34 32 4 11 14 9 33 24 19 27 12 2 49 

Inst_Index:9812 	 City_Num:50 	 Concorde:5.627190 	 MCTS:5.623681 Improve:0.003510 	 Time:3.77 Seconds
Solution: 1 27 11 41 37 6 21 16 28 22 49 17 45 30 26 46 20 34 10 40 47 7 9 31 39 3 14 4 13 5 2 8 38 43 50 42 36 32 25 23 29 19 15 12 18 33 44 35 24 48 

Inst_Index:9813 	 City_Num:50 	 Concorde:5.548249 	 MCTS:5.548249 Improve:-0.000000 	 Time:3.77 Seconds
Solution: 1 41 30 33 24 13 39 22 44 18 40 50 6 14 2 29 43 47 28 49 32 48 46 12 4 19 5 15 45 23 34 26 25 9 37 31 35 27 3 36 8 11 38 7 10 20 16 42 21 17 

Inst_Index:9814 	 City_Num:50 	 Concorde:5.893639 	 MCTS:5.893639 Improve:-0.000000 	 Time:3.77 Seconds
Solution: 1 41 17 11 35 30 3 40 43 42 22 18 44 19 13 2 34 46 32 4 21 6 20 48 47 25 8 45 23 29 27 24 50 36 28 5 38 31 12 16 49 39 9 14 7 26 37 33 10 15 

Inst_Index:9815 	 City_Num:50 	 Concorde:5.654707 	 MCTS:5.648520 Improve:0.006187 	 Time:3.76 Seconds
Solution: 1 27 47 3 33 22 37 50 29 41 23 44 16 31 38 8 9 17 26 14 4 32 43 40 20 48 49 13 18 42 21 35 12 10 19 24 6 15 46 45 34 39 11 5 28 30 7 2 25 36 

Inst_Index:9816 	 City_Num:50 	 Concorde:5.437233 	 MCTS:5.437233 Improve:0.000000 	 Time:3.76 Seconds
Solution: 1 11 43 42 32 36 14 16 37 23 19 8 15 34 20 21 33 7 38 18 2 3 26 49 4 40 28 17 50 5 48 45 35 44 12 25 9 30 31 24 13 10 47 29 27 6 46 41 39 22 

Inst_Index:9817 	 City_Num:50 	 Concorde:5.495957 	 MCTS:5.495957 Improve:-0.000000 	 Time:3.75 Seconds
Solution: 1 47 28 17 38 8 22 36 13 26 39 46 10 34 9 41 18 45 42 7 20 32 43 27 30 44 40 31 16 35 19 24 2 33 12 14 37 11 4 21 5 6 25 15 48 29 3 49 50 23 

Inst_Index:9818 	 City_Num:50 	 Concorde:5.992847 	 MCTS:5.992847 Improve:0.000000 	 Time:3.76 Seconds
Solution: 1 13 6 23 43 27 34 46 21 48 35 9 10 40 26 36 33 42 45 37 17 38 22 28 16 2 44 47 29 49 20 15 41 4 25 14 7 8 50 19 31 5 32 11 12 3 39 30 24 18 

Inst_Index:9819 	 City_Num:50 	 Concorde:5.473999 	 MCTS:5.471247 Improve:0.002752 	 Time:3.76 Seconds
Solution: 1 26 38 15 13 31 49 23 45 25 28 3 41 36 9 37 19 21 22 17 4 46 39 33 12 47 20 8 40 50 11 6 16 27 5 18 34 35 44 7 29 10 14 42 24 43 30 2 32 48 

Inst_Index:9820 	 City_Num:50 	 Concorde:5.650610 	 MCTS:5.650610 Improve:0.000000 	 Time:3.77 Seconds
Solution: 1 31 48 30 17 36 28 21 5 43 4 14 7 10 6 2 26 15 39 34 13 19 23 27 41 38 33 25 46 44 42 37 40 50 49 9 29 12 20 11 35 45 32 47 8 22 24 16 3 18 

Inst_Index:9821 	 City_Num:50 	 Concorde:5.976392 	 MCTS:5.976392 Improve:-0.000000 	 Time:3.76 Seconds
Solution: 1 41 43 10 21 6 29 47 4 48 25 16 3 11 39 14 42 9 30 23 15 36 8 38 28 7 5 31 24 34 22 2 37 45 46 35 18 20 26 33 13 49 32 19 27 50 12 17 44 40 

Inst_Index:9822 	 City_Num:50 	 Concorde:6.050502 	 MCTS:6.048404 Improve:0.002098 	 Time:3.75 Seconds
Solution: 1 5 32 41 25 50 8 28 24 27 42 3 22 34 31 39 10 49 46 43 15 29 21 36 48 11 44 26 7 33 17 6 19 30 9 47 23 16 13 40 18 45 35 12 4 38 37 20 14 2 

Inst_Index:9823 	 City_Num:50 	 Concorde:5.800111 	 MCTS:5.797070 Improve:0.003041 	 Time:3.75 Seconds
Solution: 1 23 6 3 39 9 34 7 24 33 30 12 31 11 28 32 36 5 8 25 18 44 10 14 2 38 46 41 37 22 19 49 27 50 43 47 16 42 45 21 4 48 20 26 35 13 29 40 15 17 

Inst_Index:9824 	 City_Num:50 	 Concorde:5.808442 	 MCTS:5.808442 Improve:-0.000000 	 Time:3.75 Seconds
Solution: 1 18 15 49 19 32 46 29 17 37 16 30 9 25 7 8 23 42 45 38 11 2 48 22 41 43 31 12 34 4 27 13 5 14 10 20 26 39 50 21 36 3 33 28 47 40 24 6 44 35 

Inst_Index:9825 	 City_Num:50 	 Concorde:5.993650 	 MCTS:5.993341 Improve:0.000310 	 Time:3.76 Seconds
Solution: 1 10 46 9 7 50 28 47 4 42 30 6 12 21 15 38 16 48 22 18 37 40 13 5 35 26 17 19 33 25 43 41 2 27 39 49 24 32 29 36 14 23 8 11 44 3 45 34 20 31 

Inst_Index:9826 	 City_Num:50 	 Concorde:5.597279 	 MCTS:5.596934 Improve:0.000345 	 Time:3.76 Seconds
Solution: 1 42 4 8 28 49 40 44 26 13 12 11 15 24 29 48 16 37 20 36 3 14 7 31 2 25 22 18 27 23 50 19 34 41 32 33 38 6 30 35 46 45 5 10 9 21 17 43 39 47 

Inst_Index:9827 	 City_Num:50 	 Concorde:5.541117 	 MCTS:5.541117 Improve:0.000000 	 Time:3.76 Seconds
Solution: 1 7 28 8 5 14 21 19 22 23 13 35 2 24 32 18 11 50 31 48 44 26 9 10 36 40 33 3 6 15 45 34 20 41 49 42 30 17 16 47 38 46 25 29 4 27 39 37 43 12 

Inst_Index:9828 	 City_Num:50 	 Concorde:6.046095 	 MCTS:6.046095 Improve:0.000000 	 Time:3.75 Seconds
Solution: 1 41 42 25 44 5 15 6 31 49 3 8 9 36 10 21 39 27 11 13 23 33 29 48 20 28 2 17 34 18 40 32 38 26 46 24 47 16 45 12 37 35 22 4 50 43 30 7 19 14 

Inst_Index:9829 	 City_Num:50 	 Concorde:6.060481 	 MCTS:6.060068 Improve:0.000413 	 Time:3.76 Seconds
Solution: 1 12 22 32 17 24 44 23 2 36 43 10 20 39 42 21 37 11 41 18 5 9 15 35 7 40 3 47 13 50 19 4 31 26 33 28 14 48 30 49 29 8 46 16 25 6 38 27 34 45 

Inst_Index:9830 	 City_Num:50 	 Concorde:5.540392 	 MCTS:5.539164 Improve:0.001229 	 Time:3.75 Seconds
Solution: 1 19 20 17 28 46 4 11 10 6 30 33 12 35 7 26 40 41 44 39 2 21 9 50 25 31 22 49 14 38 23 43 29 8 27 37 34 16 48 42 3 13 15 36 18 47 32 5 24 45 

Inst_Index:9831 	 City_Num:50 	 Concorde:5.679737 	 MCTS:5.679737 Improve:0.000000 	 Time:3.75 Seconds
Solution: 1 28 38 5 22 40 16 19 45 11 42 37 32 23 48 6 18 17 30 47 46 14 21 27 39 49 41 36 8 34 26 31 25 44 50 7 13 33 4 35 20 10 12 9 43 15 29 24 3 2 

Inst_Index:9832 	 City_Num:50 	 Concorde:5.640580 	 MCTS:5.632757 Improve:0.007823 	 Time:3.76 Seconds
Solution: 1 2 6 41 17 29 5 45 46 19 47 18 7 31 36 13 9 10 14 37 50 42 35 3 40 8 22 25 48 15 34 38 11 16 30 33 12 49 21 44 43 23 39 20 32 27 4 26 24 28 

Inst_Index:9833 	 City_Num:50 	 Concorde:5.541070 	 MCTS:5.541070 Improve:-0.000000 	 Time:3.75 Seconds
Solution: 1 31 42 19 15 27 26 40 17 37 35 21 11 36 29 44 12 30 9 10 39 13 41 33 43 18 32 20 2 48 38 23 28 25 22 47 14 24 6 8 50 7 45 16 49 5 4 3 34 46 

Inst_Index:9834 	 City_Num:50 	 Concorde:6.161003 	 MCTS:6.152323 Improve:0.008680 	 Time:3.75 Seconds
Solution: 1 9 11 16 50 8 29 4 19 33 37 35 34 25 24 47 18 5 14 7 10 48 21 30 31 13 17 23 45 38 39 46 36 44 27 32 6 26 28 42 15 43 41 40 3 49 20 12 22 2 

Inst_Index:9835 	 City_Num:50 	 Concorde:6.235229 	 MCTS:6.235229 Improve:-0.000000 	 Time:3.77 Seconds
Solution: 1 20 27 32 44 8 4 39 47 38 6 5 40 46 13 11 37 18 45 2 28 43 16 34 29 23 26 12 19 17 9 41 30 42 31 35 7 15 36 33 24 22 25 49 14 10 50 3 21 48 

Inst_Index:9836 	 City_Num:50 	 Concorde:5.700859 	 MCTS:5.700859 Improve:0.000000 	 Time:3.76 Seconds
Solution: 1 10 19 3 36 46 48 26 33 6 47 12 39 16 14 2 45 43 37 35 25 11 50 8 41 49 34 5 31 29 23 9 42 15 13 27 21 28 20 22 18 32 7 24 44 17 38 4 30 40 

Inst_Index:9837 	 City_Num:50 	 Concorde:5.299123 	 MCTS:5.298384 Improve:0.000738 	 Time:3.75 Seconds
Solution: 1 24 11 48 41 35 33 36 3 22 42 6 39 4 14 21 17 20 2 40 13 45 32 27 49 34 9 26 10 37 46 18 38 23 5 25 31 8 7 15 16 44 50 47 29 19 30 43 12 28 

Inst_Index:9838 	 City_Num:50 	 Concorde:5.465595 	 MCTS:5.465595 Improve:0.000000 	 Time:3.75 Seconds
Solution: 1 21 36 20 24 46 47 15 30 16 3 4 29 39 8 45 11 7 2 38 33 19 49 17 25 41 18 42 9 23 32 12 10 48 31 43 27 5 37 22 6 14 35 13 44 26 34 40 28 50 

Inst_Index:9839 	 City_Num:50 	 Concorde:6.075161 	 MCTS:6.075161 Improve:-0.000000 	 Time:3.76 Seconds
Solution: 1 23 33 2 40 5 14 15 35 38 36 20 34 19 50 12 49 37 7 28 9 4 13 48 8 42 3 11 25 26 45 47 27 43 24 31 29 16 46 21 32 39 17 44 6 30 10 18 22 41 

Inst_Index:9840 	 City_Num:50 	 Concorde:5.470399 	 MCTS:5.470399 Improve:-0.000000 	 Time:3.76 Seconds
Solution: 1 19 37 24 34 50 9 32 45 40 18 27 48 42 2 47 14 28 22 7 16 46 26 10 41 31 6 8 23 11 35 39 44 20 17 49 21 36 43 29 5 3 33 25 30 12 15 13 4 38 

Inst_Index:9841 	 City_Num:50 	 Concorde:6.008426 	 MCTS:6.006910 Improve:0.001516 	 Time:3.76 Seconds
Solution: 1 34 14 20 19 29 8 31 43 40 32 9 46 44 48 6 41 33 38 3 28 47 30 4 18 25 50 23 35 10 39 11 26 37 21 17 22 49 45 15 13 7 24 36 16 27 12 2 5 42 

Inst_Index:9842 	 City_Num:50 	 Concorde:5.810066 	 MCTS:5.810066 Improve:0.000000 	 Time:3.76 Seconds
Solution: 1 8 22 3 47 40 19 2 34 37 44 15 49 12 25 29 5 30 31 10 48 41 38 13 9 6 20 28 45 43 23 11 36 4 33 7 32 27 26 18 21 39 17 24 46 14 16 50 42 35 

Inst_Index:9843 	 City_Num:50 	 Concorde:5.607084 	 MCTS:5.605810 Improve:0.001274 	 Time:3.75 Seconds
Solution: 1 35 43 25 38 7 24 40 46 10 14 32 37 42 4 44 27 48 39 21 11 12 20 5 16 19 15 33 2 3 26 36 6 9 41 18 31 8 50 22 28 30 34 13 49 23 29 47 17 45 

Inst_Index:9844 	 City_Num:50 	 Concorde:5.310100 	 MCTS:5.310100 Improve:-0.000000 	 Time:3.76 Seconds
Solution: 1 35 46 9 7 32 18 11 43 29 42 36 41 15 5 6 8 21 50 20 47 31 44 10 17 3 38 48 34 39 22 4 27 49 16 25 30 26 23 13 12 45 40 33 2 14 24 19 28 37 

Inst_Index:9845 	 City_Num:50 	 Concorde:5.687531 	 MCTS:5.684403 Improve:0.003128 	 Time:3.76 Seconds
Solution: 1 8 16 24 19 46 45 44 32 27 29 6 12 11 14 48 33 37 50 39 3 15 38 18 41 30 26 25 5 47 36 17 20 28 34 13 4 49 40 2 23 35 10 43 9 22 31 42 7 21 

Inst_Index:9846 	 City_Num:50 	 Concorde:5.939173 	 MCTS:5.939069 Improve:0.000104 	 Time:3.76 Seconds
Solution: 1 42 50 23 38 32 9 15 48 4 6 24 11 17 5 16 20 49 36 10 40 12 31 3 13 27 33 39 47 41 7 8 46 35 26 34 37 25 28 2 44 30 45 22 29 19 14 21 43 18 

Inst_Index:9847 	 City_Num:50 	 Concorde:5.723020 	 MCTS:5.712794 Improve:0.010226 	 Time:3.76 Seconds
Solution: 1 12 46 7 40 43 14 30 10 2 27 25 9 11 33 23 49 26 50 35 41 44 17 21 32 8 31 48 20 5 22 47 37 4 29 45 34 42 18 28 38 3 39 36 15 19 24 6 13 16 

Inst_Index:9848 	 City_Num:50 	 Concorde:5.781344 	 MCTS:5.781344 Improve:0.000000 	 Time:3.77 Seconds
Solution: 1 42 33 9 26 47 25 10 21 17 41 3 22 39 24 40 46 13 18 19 8 11 20 32 7 16 45 30 27 36 23 31 14 4 50 49 34 44 43 37 35 2 12 38 29 15 5 28 6 48 

Inst_Index:9849 	 City_Num:50 	 Concorde:5.569221 	 MCTS:5.569221 Improve:-0.000000 	 Time:3.75 Seconds
Solution: 1 47 11 13 35 33 10 23 30 49 39 41 14 31 24 38 50 5 46 7 4 9 2 29 48 44 36 27 18 21 6 26 45 12 8 32 28 25 15 20 19 22 16 3 43 17 37 34 42 40 

Inst_Index:9850 	 City_Num:50 	 Concorde:5.420410 	 MCTS:5.419805 Improve:0.000604 	 Time:3.76 Seconds
Solution: 1 36 19 18 16 21 17 28 14 32 13 11 34 30 33 27 35 10 44 41 45 40 25 7 4 15 24 6 12 39 38 29 5 22 26 50 9 3 48 31 37 42 43 23 8 49 47 46 20 2 

Inst_Index:9851 	 City_Num:50 	 Concorde:5.617082 	 MCTS:5.617082 Improve:0.000000 	 Time:3.75 Seconds
Solution: 1 26 12 34 6 23 13 10 16 46 3 4 42 36 9 28 27 19 44 20 29 38 37 14 33 25 5 18 22 11 2 49 39 41 8 47 30 40 17 7 45 32 31 35 21 15 48 43 24 50 

Inst_Index:9852 	 City_Num:50 	 Concorde:5.099494 	 MCTS:5.099494 Improve:-0.000000 	 Time:3.77 Seconds
Solution: 1 8 44 39 16 31 14 18 26 24 17 5 35 25 47 27 12 13 48 45 40 33 9 37 42 32 19 43 49 20 7 15 29 3 50 6 22 34 11 28 38 21 10 2 36 41 46 30 23 4 

Inst_Index:9853 	 City_Num:50 	 Concorde:5.472341 	 MCTS:5.468733 Improve:0.003609 	 Time:3.76 Seconds
Solution: 1 15 14 11 13 10 8 38 29 5 39 36 37 6 30 7 32 31 18 40 46 50 24 23 42 4 45 25 21 22 43 49 20 28 2 47 16 17 19 48 41 44 27 33 26 35 34 9 3 12 

Inst_Index:9854 	 City_Num:50 	 Concorde:5.625348 	 MCTS:5.625348 Improve:0.000000 	 Time:3.76 Seconds
Solution: 1 21 2 46 44 20 26 45 8 22 17 27 6 40 50 9 47 11 5 4 23 32 7 15 13 14 3 48 37 36 43 18 49 31 35 28 41 34 33 30 12 39 10 38 25 29 24 19 42 16 

Inst_Index:9855 	 City_Num:50 	 Concorde:5.730998 	 MCTS:5.727983 Improve:0.003015 	 Time:3.77 Seconds
Solution: 1 27 30 2 24 21 48 5 40 26 13 36 35 7 8 33 22 11 12 50 17 49 20 14 31 28 4 42 34 47 10 39 38 45 29 3 37 41 15 44 43 25 16 32 23 6 19 9 18 46 

Inst_Index:9856 	 City_Num:50 	 Concorde:5.279225 	 MCTS:5.276617 Improve:0.002608 	 Time:3.76 Seconds
Solution: 1 36 10 45 24 6 40 3 23 34 11 41 21 32 30 27 14 37 16 46 47 18 29 48 38 44 15 39 26 25 49 19 12 33 50 20 5 22 28 31 7 42 2 4 13 17 8 9 43 35 

Inst_Index:9857 	 City_Num:50 	 Concorde:5.363054 	 MCTS:5.359726 Improve:0.003328 	 Time:3.76 Seconds
Solution: 1 36 19 3 29 50 11 26 13 9 39 10 12 31 20 47 23 18 43 30 14 42 6 41 7 49 22 15 16 28 48 35 17 33 21 8 46 45 37 27 40 38 2 34 5 32 25 4 24 44 

Inst_Index:9858 	 City_Num:50 	 Concorde:5.644440 	 MCTS:5.644440 Improve:-0.000000 	 Time:3.75 Seconds
Solution: 1 48 30 35 22 15 9 32 44 23 6 21 17 13 46 14 3 20 24 33 12 8 47 26 27 34 7 31 40 49 29 43 2 28 38 16 39 45 25 50 18 41 36 42 4 11 5 37 10 19 

Inst_Index:9859 	 City_Num:50 	 Concorde:5.529076 	 MCTS:5.525851 Improve:0.003224 	 Time:3.75 Seconds
Solution: 1 26 13 2 28 48 11 32 44 14 17 40 3 37 31 20 25 39 46 7 50 16 38 35 42 18 9 36 24 22 23 27 29 47 5 10 43 19 45 41 4 30 33 49 34 6 12 21 15 8 

Inst_Index:9860 	 City_Num:50 	 Concorde:5.630255 	 MCTS:5.630255 Improve:0.000000 	 Time:3.78 Seconds
Solution: 1 39 33 8 46 35 31 23 28 45 49 26 14 30 36 24 22 2 19 4 50 29 13 11 9 34 18 15 12 25 47 37 44 6 17 48 3 20 16 38 7 5 42 32 41 21 40 10 43 27 

Inst_Index:9861 	 City_Num:50 	 Concorde:5.612159 	 MCTS:5.612159 Improve:0.000000 	 Time:3.77 Seconds
Solution: 1 5 25 24 28 6 45 39 46 18 41 36 26 10 20 43 35 23 27 47 15 13 2 44 4 33 37 42 38 31 34 48 11 40 8 17 21 14 29 12 3 7 22 49 30 9 32 16 50 19 

Inst_Index:9862 	 City_Num:50 	 Concorde:5.415995 	 MCTS:5.415995 Improve:0.000000 	 Time:3.75 Seconds
Solution: 1 35 5 4 8 36 43 24 28 2 40 19 30 15 34 39 18 13 7 23 31 37 10 9 21 22 12 27 11 48 26 38 29 50 46 14 25 16 42 6 41 49 32 3 33 45 44 47 17 20 

Inst_Index:9863 	 City_Num:50 	 Concorde:6.099318 	 MCTS:6.099318 Improve:0.000000 	 Time:3.77 Seconds
Solution: 1 40 11 48 10 36 32 21 12 2 5 8 23 29 18 19 26 16 27 17 22 28 33 49 15 50 20 9 4 7 14 34 35 45 24 39 37 44 38 46 42 43 13 41 25 6 30 3 47 31 

Inst_Index:9864 	 City_Num:50 	 Concorde:5.583083 	 MCTS:5.569082 Improve:0.014001 	 Time:3.76 Seconds
Solution: 1 14 35 18 37 26 16 13 12 19 24 42 10 36 43 50 8 20 49 4 9 3 2 45 47 29 34 30 17 28 40 39 33 23 25 22 32 46 27 48 5 7 15 31 44 11 38 21 41 6 

Inst_Index:9865 	 City_Num:50 	 Concorde:5.564583 	 MCTS:5.558262 Improve:0.006321 	 Time:3.77 Seconds
Solution: 1 2 18 5 23 30 8 36 44 50 40 48 20 10 11 3 46 35 33 19 29 43 39 15 25 26 14 34 24 45 31 41 32 42 49 47 13 21 7 6 22 28 9 16 17 12 4 37 27 38 

Inst_Index:9866 	 City_Num:50 	 Concorde:5.495669 	 MCTS:5.494563 Improve:0.001105 	 Time:3.77 Seconds
Solution: 1 29 32 35 41 20 24 6 30 4 28 23 31 16 10 21 12 13 8 14 37 43 11 34 27 22 44 46 38 3 47 26 48 19 7 49 15 17 36 25 33 40 39 50 5 45 42 2 9 18 

Inst_Index:9867 	 City_Num:50 	 Concorde:5.871472 	 MCTS:5.871472 Improve:-0.000000 	 Time:3.76 Seconds
Solution: 1 15 18 13 9 33 30 32 43 22 10 37 34 45 39 7 31 49 46 5 23 50 2 24 8 28 14 11 25 44 48 26 41 4 3 20 17 38 12 35 40 19 27 42 36 6 47 16 29 21 

Inst_Index:9868 	 City_Num:50 	 Concorde:6.038432 	 MCTS:6.037620 Improve:0.000812 	 Time:3.75 Seconds
Solution: 1 44 39 6 36 18 38 37 35 40 31 46 23 29 27 47 17 30 26 34 15 24 8 25 5 7 33 3 9 32 2 21 41 50 45 49 14 12 11 19 22 10 16 28 20 42 43 48 13 4 

Inst_Index:9869 	 City_Num:50 	 Concorde:5.562694 	 MCTS:5.558746 Improve:0.003948 	 Time:3.76 Seconds
Solution: 1 34 30 37 9 28 4 5 49 36 40 11 6 12 16 29 24 25 39 15 20 44 48 18 13 31 42 3 46 19 50 17 27 35 22 32 43 33 7 38 26 47 45 10 8 21 41 14 2 23 

Inst_Index:9870 	 City_Num:50 	 Concorde:5.878306 	 MCTS:5.878306 Improve:0.000000 	 Time:3.76 Seconds
Solution: 1 20 7 33 47 48 23 46 44 13 17 21 50 15 29 28 8 10 9 6 14 41 22 24 26 45 11 39 12 38 43 49 31 2 30 16 18 36 42 4 37 25 3 5 19 34 32 40 27 35 

Inst_Index:9871 	 City_Num:50 	 Concorde:5.844242 	 MCTS:5.840685 Improve:0.003557 	 Time:3.75 Seconds
Solution: 1 4 6 10 42 33 21 40 13 15 23 14 29 39 5 48 37 44 28 19 9 12 47 45 22 31 41 11 2 26 50 35 30 3 49 8 18 24 32 38 43 46 20 25 7 36 27 17 16 34 

Inst_Index:9872 	 City_Num:50 	 Concorde:6.383329 	 MCTS:6.383329 Improve:-0.000000 	 Time:3.77 Seconds
Solution: 1 39 45 6 30 8 2 11 20 24 48 14 4 29 26 19 17 9 36 35 47 5 12 18 27 3 44 25 28 49 38 50 32 40 15 34 16 46 10 37 23 43 22 13 42 7 31 21 33 41 

Inst_Index:9873 	 City_Num:50 	 Concorde:5.696634 	 MCTS:5.696634 Improve:-0.000000 	 Time:3.76 Seconds
Solution: 1 7 10 46 8 2 38 3 33 30 11 43 22 21 34 28 35 39 25 50 48 6 14 37 42 41 44 49 18 16 47 36 17 26 29 20 15 24 13 12 32 31 27 5 23 9 40 19 4 45 

Inst_Index:9874 	 City_Num:50 	 Concorde:5.740196 	 MCTS:5.740196 Improve:-0.000000 	 Time:3.76 Seconds
Solution: 1 41 21 17 35 28 9 15 24 36 11 27 40 31 6 49 45 22 37 10 8 14 34 33 46 19 4 29 25 47 7 16 23 20 50 5 38 48 18 26 32 43 13 39 42 44 30 12 2 3 

Inst_Index:9875 	 City_Num:50 	 Concorde:5.991650 	 MCTS:5.991650 Improve:0.000000 	 Time:3.75 Seconds
Solution: 1 17 7 5 15 28 2 38 50 26 14 40 4 43 49 18 16 24 42 35 8 9 32 6 19 22 46 45 37 31 41 30 48 39 36 10 25 34 20 23 47 33 44 27 3 21 12 11 29 13 

Inst_Index:9876 	 City_Num:50 	 Concorde:6.098109 	 MCTS:6.098109 Improve:0.000000 	 Time:3.76 Seconds
Solution: 1 15 26 31 50 10 20 12 41 3 19 11 9 33 46 13 23 21 16 4 39 6 42 45 47 2 49 18 14 25 8 29 32 48 35 7 40 43 24 36 44 28 22 27 17 38 5 37 34 30 

Inst_Index:9877 	 City_Num:50 	 Concorde:5.622886 	 MCTS:5.621974 Improve:0.000912 	 Time:3.75 Seconds
Solution: 1 13 21 25 26 15 47 18 4 30 8 38 12 10 22 5 29 34 45 36 44 24 2 23 7 42 9 37 27 43 16 31 14 32 35 48 33 49 28 6 17 50 39 20 19 46 41 40 3 11 

Inst_Index:9878 	 City_Num:50 	 Concorde:5.980837 	 MCTS:5.980837 Improve:0.000000 	 Time:3.75 Seconds
Solution: 1 14 10 43 49 32 17 47 3 4 44 33 18 29 24 46 42 11 27 37 41 20 2 21 31 8 50 5 22 6 40 23 35 48 36 25 34 28 45 26 30 39 38 7 19 15 9 12 16 13 

Inst_Index:9879 	 City_Num:50 	 Concorde:5.258149 	 MCTS:5.258149 Improve:0.000000 	 Time:3.75 Seconds
Solution: 1 27 33 14 44 17 8 20 10 48 37 45 43 34 35 2 28 29 16 21 22 19 49 30 40 39 25 24 42 7 26 18 23 9 50 6 47 46 31 38 36 13 5 11 41 15 32 12 3 4 

Inst_Index:9880 	 City_Num:50 	 Concorde:5.652996 	 MCTS:5.652153 Improve:0.000843 	 Time:3.77 Seconds
Solution: 1 44 29 16 14 3 50 27 34 15 42 33 48 8 19 26 10 30 23 6 47 4 35 9 45 46 17 25 41 39 31 36 43 20 2 18 12 38 22 24 37 40 13 5 49 21 11 32 7 28 

Inst_Index:9881 	 City_Num:50 	 Concorde:5.785787 	 MCTS:5.785787 Improve:0.000000 	 Time:3.76 Seconds
Solution: 1 4 17 45 32 26 35 48 31 36 30 28 49 18 13 11 9 24 21 44 37 47 8 25 10 2 33 12 34 27 19 15 23 46 43 7 6 5 42 41 29 38 50 20 40 14 3 22 39 16 

Inst_Index:9882 	 City_Num:50 	 Concorde:5.786695 	 MCTS:5.786695 Improve:0.000000 	 Time:3.76 Seconds
Solution: 1 3 25 20 5 6 28 35 26 10 16 46 29 7 36 44 34 37 40 32 13 47 18 24 42 12 27 19 21 15 39 41 33 38 31 45 23 2 8 49 17 14 30 9 22 50 43 48 11 4 

Inst_Index:9883 	 City_Num:50 	 Concorde:5.370894 	 MCTS:5.369676 Improve:0.001218 	 Time:3.77 Seconds
Solution: 1 19 7 25 47 28 45 35 34 2 6 16 21 48 29 32 38 18 36 27 14 30 37 8 42 40 49 39 41 24 43 3 11 5 17 26 9 50 13 33 20 4 10 46 22 23 15 31 44 12 

Inst_Index:9884 	 City_Num:50 	 Concorde:5.800977 	 MCTS:5.800977 Improve:0.000000 	 Time:3.76 Seconds
Solution: 1 32 12 34 22 39 25 9 47 6 26 4 30 14 49 23 16 46 19 18 13 38 27 24 44 29 33 11 35 8 50 36 17 42 31 45 28 37 41 7 40 2 5 21 15 3 20 10 48 43 

Inst_Index:9885 	 City_Num:50 	 Concorde:6.140851 	 MCTS:6.140851 Improve:-0.000000 	 Time:3.77 Seconds
Solution: 1 47 8 26 10 50 9 38 16 20 2 17 41 3 34 11 12 25 28 27 31 29 24 19 13 45 30 7 36 4 15 32 44 43 21 48 39 40 46 37 5 49 23 42 14 6 33 22 35 18 

Inst_Index:9886 	 City_Num:50 	 Concorde:5.559683 	 MCTS:5.559683 Improve:0.000000 	 Time:3.77 Seconds
Solution: 1 21 23 50 9 28 18 12 3 26 41 8 31 30 36 6 14 7 33 46 11 25 16 29 35 5 40 37 43 45 19 20 27 2 39 10 24 49 38 42 44 32 13 48 4 17 34 15 47 22 

Inst_Index:9887 	 City_Num:50 	 Concorde:4.996669 	 MCTS:4.996669 Improve:-0.000000 	 Time:3.75 Seconds
Solution: 1 18 38 26 36 3 20 22 39 33 32 23 19 40 43 50 45 49 29 37 4 28 14 13 17 24 35 27 34 12 25 30 31 6 46 7 10 8 9 5 16 47 2 11 44 42 15 21 41 48 

Inst_Index:9888 	 City_Num:50 	 Concorde:5.788631 	 MCTS:5.788547 Improve:0.000084 	 Time:3.76 Seconds
Solution: 1 6 2 23 41 26 8 43 5 31 25 4 32 22 42 46 17 18 11 36 44 48 50 19 21 35 38 10 27 30 16 29 24 40 28 37 7 45 9 15 49 34 20 12 47 33 39 3 14 13 

Inst_Index:9889 	 City_Num:50 	 Concorde:6.007378 	 MCTS:6.004241 Improve:0.003136 	 Time:3.77 Seconds
Solution: 1 20 6 24 4 33 40 3 34 49 13 44 18 41 36 30 17 39 9 43 15 38 27 48 19 22 8 42 14 11 32 21 37 50 2 45 35 26 23 28 16 10 31 5 7 46 47 25 29 12 

Inst_Index:9890 	 City_Num:50 	 Concorde:5.516187 	 MCTS:5.516187 Improve:0.000000 	 Time:3.76 Seconds
Solution: 1 28 48 35 27 45 9 36 20 40 34 6 39 37 23 38 47 46 13 10 50 43 42 24 19 41 7 8 32 15 5 21 2 25 29 22 11 31 17 4 3 30 16 14 44 49 12 26 33 18 

Inst_Index:9891 	 City_Num:50 	 Concorde:5.768886 	 MCTS:5.768886 Improve:-0.000000 	 Time:3.76 Seconds
Solution: 1 3 6 25 20 42 12 41 48 8 23 33 13 28 32 35 30 4 26 29 34 31 5 10 38 19 7 50 11 18 39 46 22 37 14 44 17 9 47 16 40 24 43 21 49 15 27 36 2 45 

Inst_Index:9892 	 City_Num:50 	 Concorde:5.457356 	 MCTS:5.457356 Improve:-0.000000 	 Time:3.76 Seconds
Solution: 1 46 41 21 35 24 27 39 50 33 29 22 11 25 28 17 20 43 9 48 42 49 7 3 34 15 44 8 2 12 31 14 23 40 18 5 10 38 6 16 37 13 4 36 32 26 45 30 19 47 

Inst_Index:9893 	 City_Num:50 	 Concorde:5.766590 	 MCTS:5.759840 Improve:0.006751 	 Time:3.75 Seconds
Solution: 1 2 24 27 43 12 22 13 31 39 20 25 38 44 6 5 48 49 23 28 36 40 33 17 11 10 15 30 29 41 14 7 21 46 50 8 47 45 3 4 16 34 26 37 35 9 32 19 18 42 

Inst_Index:9894 	 City_Num:50 	 Concorde:5.775215 	 MCTS:5.775215 Improve:-0.000000 	 Time:3.76 Seconds
Solution: 1 6 19 30 32 24 47 40 21 46 14 28 8 5 39 26 23 2 3 35 27 15 20 10 33 11 9 37 41 17 38 34 48 25 50 16 31 7 22 43 18 45 4 29 36 13 42 44 12 49 

Inst_Index:9895 	 City_Num:50 	 Concorde:5.160102 	 MCTS:5.155249 Improve:0.004852 	 Time:3.77 Seconds
Solution: 1 15 17 18 44 43 23 24 50 34 20 42 32 45 28 8 48 40 36 11 25 5 16 39 41 19 4 2 38 6 13 21 37 22 47 10 27 12 31 29 26 30 9 7 33 3 46 35 49 14 

Inst_Index:9896 	 City_Num:50 	 Concorde:5.608109 	 MCTS:5.608109 Improve:-0.000000 	 Time:3.75 Seconds
Solution: 1 18 31 11 8 33 39 32 15 24 16 4 26 35 10 13 42 41 9 34 37 22 43 7 47 17 29 50 19 49 3 12 36 40 21 23 46 44 20 5 2 38 45 25 48 14 27 28 30 6 

Inst_Index:9897 	 City_Num:50 	 Concorde:5.618897 	 MCTS:5.618897 Improve:0.000000 	 Time:3.77 Seconds
Solution: 1 2 38 28 20 23 10 3 17 46 16 6 14 15 9 5 43 49 40 42 22 33 24 44 13 37 45 12 34 48 11 7 26 4 21 25 35 19 30 32 39 8 27 29 36 18 50 47 41 31 

Inst_Index:9898 	 City_Num:50 	 Concorde:4.840702 	 MCTS:4.838944 Improve:0.001758 	 Time:3.75 Seconds
Solution: 1 12 43 6 18 7 9 13 41 48 20 45 46 33 37 4 3 49 24 31 17 28 34 14 26 32 38 35 42 16 44 40 39 19 10 27 15 30 8 21 29 22 47 2 23 50 25 5 36 11 

Inst_Index:9899 	 City_Num:50 	 Concorde:5.992636 	 MCTS:5.992636 Improve:-0.000000 	 Time:3.75 Seconds
Solution: 1 37 32 31 40 10 4 46 24 23 25 27 22 18 2 43 49 42 21 36 16 6 7 47 11 9 5 38 29 50 48 3 26 12 33 14 30 20 45 39 44 41 28 19 35 15 17 13 8 34 

Inst_Index:9900 	 City_Num:50 	 Concorde:5.493970 	 MCTS:5.493970 Improve:-0.000000 	 Time:3.75 Seconds
Solution: 1 20 28 45 46 34 44 7 16 35 11 29 36 24 32 25 17 5 47 6 43 4 38 31 8 50 37 23 9 19 30 10 14 42 48 3 27 2 13 15 39 41 21 22 33 40 12 49 18 26 

Inst_Index:9901 	 City_Num:50 	 Concorde:6.182095 	 MCTS:6.180162 Improve:0.001933 	 Time:3.75 Seconds
Solution: 1 30 14 25 33 36 17 7 41 18 34 40 44 21 27 9 39 15 38 23 5 42 20 22 4 16 32 26 19 48 11 24 2 13 29 50 35 49 47 6 28 8 12 46 31 45 43 3 37 10 

Inst_Index:9902 	 City_Num:50 	 Concorde:5.964321 	 MCTS:5.964321 Improve:0.000000 	 Time:3.75 Seconds
Solution: 1 47 5 16 36 32 24 49 45 39 12 17 34 41 48 30 7 19 50 2 4 29 42 15 43 10 22 46 3 26 27 18 37 35 44 25 6 11 40 13 31 28 38 33 14 8 23 21 9 20 

Inst_Index:9903 	 City_Num:50 	 Concorde:5.794347 	 MCTS:5.794347 Improve:-0.000000 	 Time:3.77 Seconds
Solution: 1 3 31 48 11 5 9 8 20 16 18 25 29 46 4 13 35 23 12 17 37 41 15 33 26 49 2 30 44 50 45 47 43 32 22 40 39 7 21 24 27 36 14 6 10 38 34 19 28 42 

Inst_Index:9904 	 City_Num:50 	 Concorde:5.824511 	 MCTS:5.822659 Improve:0.001852 	 Time:3.77 Seconds
Solution: 1 8 11 9 34 35 20 44 32 14 21 22 16 48 37 36 3 17 12 45 7 15 4 18 28 33 23 13 19 2 25 38 31 46 40 27 47 39 41 50 5 6 49 42 30 29 24 10 26 43 

Inst_Index:9905 	 City_Num:50 	 Concorde:5.670723 	 MCTS:5.670723 Improve:0.000000 	 Time:3.76 Seconds
Solution: 1 33 37 12 10 34 25 11 40 42 21 35 43 38 41 27 31 19 22 50 48 13 6 45 5 2 29 44 49 4 24 17 7 26 8 16 32 47 23 9 14 18 20 30 46 3 39 36 28 15 

Inst_Index:9906 	 City_Num:50 	 Concorde:5.924448 	 MCTS:5.924448 Improve:0.000000 	 Time:3.77 Seconds
Solution: 1 34 26 8 14 2 16 18 40 46 3 49 42 31 47 30 32 11 20 39 25 6 19 28 10 50 48 27 23 43 33 5 35 9 44 21 41 38 12 45 22 36 15 17 4 37 7 13 24 29 

Inst_Index:9907 	 City_Num:50 	 Concorde:6.042205 	 MCTS:6.042205 Improve:0.000000 	 Time:3.76 Seconds
Solution: 1 3 48 47 20 25 44 14 12 5 17 16 31 11 30 18 32 19 21 6 28 34 8 43 26 50 15 24 13 9 23 27 38 10 33 37 40 42 36 29 41 49 46 39 22 7 2 45 35 4 

Inst_Index:9908 	 City_Num:50 	 Concorde:5.725204 	 MCTS:5.725204 Improve:-0.000000 	 Time:3.77 Seconds
Solution: 1 40 24 15 36 47 6 20 2 11 43 21 28 42 25 17 16 35 37 13 23 26 22 31 4 10 49 38 46 5 18 41 32 45 12 7 8 29 9 19 39 33 48 27 34 30 14 50 44 3 

Inst_Index:9909 	 City_Num:50 	 Concorde:5.295983 	 MCTS:5.294849 Improve:0.001135 	 Time:3.75 Seconds
Solution: 1 45 11 21 48 23 15 22 19 50 43 33 39 46 31 41 27 26 5 9 44 6 14 49 25 13 7 30 10 34 17 47 12 29 18 28 38 37 36 24 3 8 32 35 40 4 20 16 42 2 

Inst_Index:9910 	 City_Num:50 	 Concorde:5.279246 	 MCTS:5.276999 Improve:0.002247 	 Time:3.78 Seconds
Solution: 1 48 31 45 16 28 30 23 22 7 21 13 9 41 15 25 44 19 46 26 12 43 34 5 4 39 35 6 2 27 11 49 10 36 40 47 37 3 29 33 38 24 8 14 42 18 20 32 50 17 

Inst_Index:9911 	 City_Num:50 	 Concorde:5.738796 	 MCTS:5.735089 Improve:0.003707 	 Time:3.77 Seconds
Solution: 1 48 5 36 13 28 19 42 8 43 44 9 29 26 49 37 21 25 27 22 23 34 31 39 32 12 3 24 15 38 45 40 20 46 16 50 30 41 14 47 18 33 17 11 7 4 6 2 35 10 

Inst_Index:9912 	 City_Num:50 	 Concorde:5.564923 	 MCTS:5.563030 Improve:0.001893 	 Time:3.75 Seconds
Solution: 1 18 44 49 29 22 21 4 32 15 41 31 46 33 3 11 30 2 13 26 23 10 6 48 9 24 50 16 5 43 25 17 28 7 8 45 19 47 20 14 37 36 38 39 42 40 35 27 12 34 

Inst_Index:9913 	 City_Num:50 	 Concorde:5.959486 	 MCTS:5.959486 Improve:0.000000 	 Time:3.75 Seconds
Solution: 1 18 12 49 24 26 40 39 48 20 38 2 5 11 50 43 28 17 8 35 32 4 22 37 7 25 10 9 46 6 42 34 3 41 33 29 27 14 13 23 19 15 47 45 30 21 16 31 44 36 

Inst_Index:9914 	 City_Num:50 	 Concorde:5.663975 	 MCTS:5.660499 Improve:0.003476 	 Time:3.76 Seconds
Solution: 1 27 21 39 45 46 30 17 18 33 31 42 14 36 11 38 26 12 2 43 8 29 9 6 28 15 44 32 4 16 25 49 19 22 47 23 3 48 24 7 20 5 10 34 41 50 35 37 13 40 

Inst_Index:9915 	 City_Num:50 	 Concorde:5.605967 	 MCTS:5.605967 Improve:-0.000000 	 Time:3.75 Seconds
Solution: 1 44 45 22 48 5 3 27 40 12 23 42 19 15 33 17 46 39 9 26 6 30 20 2 47 24 32 34 43 50 41 18 29 37 11 38 7 36 28 13 25 31 4 16 21 10 8 35 49 14 

Inst_Index:9916 	 City_Num:50 	 Concorde:5.336410 	 MCTS:5.336410 Improve:0.000000 	 Time:3.75 Seconds
Solution: 1 50 41 40 36 39 25 8 47 19 23 17 32 13 30 20 12 45 10 22 44 49 15 33 11 16 43 42 5 35 27 48 24 29 46 28 18 38 9 3 31 2 21 26 4 6 34 14 37 7 

Inst_Index:9917 	 City_Num:50 	 Concorde:5.671121 	 MCTS:5.671121 Improve:0.000000 	 Time:3.77 Seconds
Solution: 1 10 37 18 29 13 20 24 28 45 36 41 50 14 15 23 47 19 8 4 16 17 42 27 22 48 35 31 7 39 12 21 6 43 25 49 2 3 9 33 5 30 46 34 32 38 40 26 11 44 

Inst_Index:9918 	 City_Num:50 	 Concorde:5.812129 	 MCTS:5.812129 Improve:0.000000 	 Time:3.76 Seconds
Solution: 1 31 24 9 50 41 26 33 39 37 49 4 30 28 6 42 15 22 27 21 32 44 18 17 45 48 3 20 40 46 38 2 35 14 5 23 36 19 8 43 47 10 11 7 25 34 13 12 29 16 

Inst_Index:9919 	 City_Num:50 	 Concorde:6.110474 	 MCTS:6.110474 Improve:0.000000 	 Time:3.76 Seconds
Solution: 1 30 17 31 5 42 44 11 22 24 39 46 50 9 36 8 10 47 49 27 21 48 40 35 13 34 2 28 19 14 6 33 4 7 37 23 29 32 18 16 45 15 41 3 12 26 43 25 38 20 

Inst_Index:9920 	 City_Num:50 	 Concorde:5.780501 	 MCTS:5.780501 Improve:0.000000 	 Time:3.76 Seconds
Solution: 1 15 36 11 14 38 30 7 48 13 18 50 25 21 35 26 47 40 39 19 28 16 6 17 42 12 3 31 4 29 5 34 44 9 23 27 2 22 32 33 10 49 37 41 46 24 45 20 43 8 

Inst_Index:9921 	 City_Num:50 	 Concorde:6.217847 	 MCTS:6.217847 Improve:0.000000 	 Time:3.76 Seconds
Solution: 1 13 44 40 29 19 23 42 28 14 18 25 45 17 35 24 2 39 11 27 48 5 4 38 30 15 21 16 20 41 46 10 8 49 12 22 3 50 32 47 33 6 26 7 34 9 43 31 37 36 

Inst_Index:9922 	 City_Num:50 	 Concorde:5.452934 	 MCTS:5.452934 Improve:-0.000000 	 Time:3.76 Seconds
Solution: 1 30 20 26 49 8 5 3 50 29 35 39 27 45 37 43 25 24 40 46 36 48 6 16 9 17 23 34 42 28 33 44 2 38 31 15 22 14 4 13 7 47 19 32 41 18 12 10 11 21 

Inst_Index:9923 	 City_Num:50 	 Concorde:5.519671 	 MCTS:5.519671 Improve:0.000000 	 Time:3.75 Seconds
Solution: 1 19 11 2 49 34 24 33 44 26 41 30 43 31 22 29 17 12 32 46 42 4 20 5 28 9 23 16 45 7 27 10 25 38 13 15 40 36 14 35 48 18 50 39 21 3 47 8 37 6 

Inst_Index:9924 	 City_Num:50 	 Concorde:5.855953 	 MCTS:5.855404 Improve:0.000549 	 Time:3.77 Seconds
Solution: 1 5 37 3 26 14 22 47 6 23 32 2 45 8 46 25 34 27 24 33 21 15 40 49 9 20 50 13 7 41 4 35 30 12 42 31 29 38 39 36 10 17 28 18 19 48 43 16 11 44 

Inst_Index:9925 	 City_Num:50 	 Concorde:5.314490 	 MCTS:5.314490 Improve:-0.000000 	 Time:3.75 Seconds
Solution: 1 32 28 10 47 11 17 41 37 14 26 6 36 4 23 39 30 27 42 7 16 46 48 33 15 45 8 24 19 50 13 31 22 43 49 2 35 20 5 25 29 9 3 44 12 18 38 34 21 40 

Inst_Index:9926 	 City_Num:50 	 Concorde:5.661720 	 MCTS:5.661720 Improve:0.000000 	 Time:3.77 Seconds
Solution: 1 42 21 19 36 9 24 7 50 3 31 2 48 39 10 6 32 20 12 37 41 25 26 34 15 49 5 22 23 45 18 11 16 8 13 44 29 46 33 40 4 35 38 28 17 14 43 47 27 30 

Inst_Index:9927 	 City_Num:50 	 Concorde:5.429895 	 MCTS:5.422756 Improve:0.007139 	 Time:3.76 Seconds
Solution: 1 31 13 19 35 38 25 18 49 10 40 50 33 17 32 9 41 12 6 47 16 45 21 42 14 48 22 8 26 23 3 39 20 46 29 11 36 27 5 34 37 44 2 4 15 28 7 24 30 43 

Inst_Index:9928 	 City_Num:50 	 Concorde:5.720964 	 MCTS:5.720964 Improve:0.000000 	 Time:3.76 Seconds
Solution: 1 33 31 44 19 14 16 21 12 4 28 38 30 35 24 10 5 32 13 43 49 22 2 8 27 46 48 15 29 26 18 34 6 39 7 50 11 37 23 45 9 42 20 36 3 41 17 40 25 47 

Inst_Index:9929 	 City_Num:50 	 Concorde:5.255021 	 MCTS:5.255021 Improve:0.000000 	 Time:3.76 Seconds
Solution: 1 45 24 15 35 23 36 21 34 9 3 12 41 11 27 32 22 37 43 7 25 31 17 33 20 40 13 19 14 8 29 42 47 30 38 10 5 39 50 28 44 16 18 26 4 46 6 48 2 49 

Inst_Index:9930 	 City_Num:50 	 Concorde:5.399262 	 MCTS:5.399262 Improve:0.000000 	 Time:3.78 Seconds
Solution: 1 35 5 38 33 26 32 41 10 21 15 31 45 17 16 13 14 50 48 39 43 40 19 18 34 47 36 2 23 28 6 7 30 37 4 25 44 11 3 20 22 46 27 42 9 8 12 29 49 24 

Inst_Index:9931 	 City_Num:50 	 Concorde:5.467812 	 MCTS:5.467812 Improve:-0.000000 	 Time:3.76 Seconds
Solution: 1 22 21 42 15 8 14 19 36 12 50 26 45 9 20 16 33 34 13 27 3 17 11 30 5 48 38 28 37 35 2 24 46 43 32 25 6 18 10 31 4 49 23 39 44 7 40 29 41 47 

Inst_Index:9932 	 City_Num:50 	 Concorde:5.727908 	 MCTS:5.727908 Improve:-0.000000 	 Time:3.76 Seconds
Solution: 1 22 13 50 28 4 2 44 9 33 10 23 20 17 16 32 8 30 21 3 37 47 29 7 11 45 19 46 26 41 39 42 36 49 24 43 34 25 5 38 27 14 15 31 48 12 6 35 40 18 

Inst_Index:9933 	 City_Num:50 	 Concorde:5.755667 	 MCTS:5.755667 Improve:0.000000 	 Time:3.77 Seconds
Solution: 1 38 6 24 42 45 10 22 12 26 43 21 32 15 17 30 41 9 14 8 7 39 27 4 44 34 19 20 5 16 29 3 31 23 35 48 36 46 40 33 11 47 25 18 13 37 2 49 50 28 

Inst_Index:9934 	 City_Num:50 	 Concorde:5.671144 	 MCTS:5.665934 Improve:0.005210 	 Time:3.75 Seconds
Solution: 1 4 24 7 41 40 45 27 19 46 38 26 21 37 23 35 30 34 39 18 16 28 8 50 36 12 42 11 31 25 15 20 2 13 49 44 14 47 22 10 6 5 43 48 17 3 32 33 29 9 

Inst_Index:9935 	 City_Num:50 	 Concorde:5.476833 	 MCTS:5.476833 Improve:-0.000000 	 Time:3.76 Seconds
Solution: 1 9 28 49 42 36 34 22 3 15 31 10 25 18 41 26 20 8 16 29 11 45 38 30 7 39 13 33 23 50 44 32 19 12 47 43 4 21 35 2 27 37 48 17 40 46 5 6 14 24 

Inst_Index:9936 	 City_Num:50 	 Concorde:5.604241 	 MCTS:5.604241 Improve:0.000000 	 Time:3.76 Seconds
Solution: 1 6 9 10 35 8 33 24 22 4 31 43 11 39 48 34 46 47 28 18 38 32 37 41 7 29 2 13 19 42 16 21 45 12 36 49 5 14 40 3 23 30 27 26 20 50 25 15 44 17 

Inst_Index:9937 	 City_Num:50 	 Concorde:5.539372 	 MCTS:5.539372 Improve:0.000000 	 Time:3.75 Seconds
Solution: 1 15 46 44 29 5 39 18 19 6 3 20 45 8 50 31 41 48 24 27 49 22 25 40 32 28 2 42 26 4 21 17 47 13 23 7 33 35 30 12 36 34 38 43 37 9 14 10 16 11 

Inst_Index:9938 	 City_Num:50 	 Concorde:5.632053 	 MCTS:5.632053 Improve:-0.000000 	 Time:3.76 Seconds
Solution: 1 28 11 35 5 10 19 12 38 36 14 34 48 41 30 17 9 16 24 22 8 13 23 31 37 15 29 26 27 18 4 47 40 3 39 45 49 43 6 33 42 46 20 50 7 32 44 25 2 21 

Inst_Index:9939 	 City_Num:50 	 Concorde:5.496347 	 MCTS:5.496347 Improve:0.000000 	 Time:3.76 Seconds
Solution: 1 42 47 16 22 25 23 19 10 32 3 24 30 12 18 45 4 5 2 31 27 43 34 38 15 17 40 21 28 35 37 9 29 26 49 41 39 11 48 8 7 36 50 46 33 6 20 13 14 44 

Inst_Index:9940 	 City_Num:50 	 Concorde:5.656030 	 MCTS:5.656030 Improve:-0.000000 	 Time:3.75 Seconds
Solution: 1 34 49 35 21 40 8 15 44 45 33 25 9 47 27 37 19 11 20 10 32 13 50 46 14 3 5 39 4 24 23 31 48 7 22 42 38 16 12 43 6 30 2 18 29 26 17 36 28 41 

Inst_Index:9941 	 City_Num:50 	 Concorde:5.174618 	 MCTS:5.172743 Improve:0.001875 	 Time:3.76 Seconds
Solution: 1 34 19 29 39 44 36 24 17 4 27 50 10 43 40 30 16 3 32 37 9 14 22 18 7 12 6 13 28 23 8 47 25 15 38 46 48 11 33 21 26 2 42 49 5 41 31 35 20 45 

Inst_Index:9942 	 City_Num:50 	 Concorde:5.868159 	 MCTS:5.868159 Improve:-0.000000 	 Time:3.76 Seconds
Solution: 1 17 25 50 21 41 34 28 6 33 42 3 30 23 19 13 2 32 36 49 4 5 10 31 47 39 45 48 11 22 14 8 12 26 7 29 43 18 20 27 35 44 15 40 24 46 16 38 37 9 

Inst_Index:9943 	 City_Num:50 	 Concorde:5.561698 	 MCTS:5.561698 Improve:-0.000000 	 Time:3.77 Seconds
Solution: 1 13 43 7 49 29 11 38 6 46 12 44 3 14 40 19 47 5 9 16 28 35 30 27 23 17 8 18 10 21 22 42 25 26 48 33 32 45 39 15 41 24 37 20 34 2 50 4 36 31 

Inst_Index:9944 	 City_Num:50 	 Concorde:5.598757 	 MCTS:5.598584 Improve:0.000173 	 Time:3.76 Seconds
Solution: 1 11 5 8 3 39 19 33 24 20 49 37 16 36 25 50 10 9 38 12 6 40 21 17 42 48 41 26 35 4 30 31 13 22 44 47 32 14 43 27 34 15 18 23 29 7 2 45 28 46 

Inst_Index:9945 	 City_Num:50 	 Concorde:5.523203 	 MCTS:5.523203 Improve:0.000000 	 Time:3.77 Seconds
Solution: 1 16 41 43 47 31 3 4 5 13 12 17 30 15 46 8 34 21 50 25 42 45 32 6 40 26 35 7 48 36 37 11 27 28 9 2 10 38 20 22 19 44 14 24 18 29 49 33 23 39 

Inst_Index:9946 	 City_Num:50 	 Concorde:5.527782 	 MCTS:5.527782 Improve:0.000000 	 Time:3.77 Seconds
Solution: 1 41 45 10 5 33 27 8 23 13 39 37 14 44 3 48 43 31 7 20 22 38 2 25 29 32 24 50 47 34 12 40 19 16 35 11 28 17 26 6 30 36 18 49 46 21 42 15 4 9 

Inst_Index:9947 	 City_Num:50 	 Concorde:5.547770 	 MCTS:5.547770 Improve:0.000000 	 Time:3.76 Seconds
Solution: 1 35 12 3 36 34 22 23 5 42 27 28 24 43 44 26 25 18 15 40 21 7 31 10 46 6 33 2 39 29 50 8 37 20 48 11 30 41 49 13 47 45 19 32 9 14 16 4 17 38 

Inst_Index:9948 	 City_Num:50 	 Concorde:5.492030 	 MCTS:5.492030 Improve:-0.000000 	 Time:3.75 Seconds
Solution: 1 7 14 21 36 39 30 32 11 8 12 41 48 19 33 27 24 4 23 47 6 16 50 38 45 49 5 35 3 25 22 31 28 17 46 20 42 43 34 29 13 9 37 40 26 15 10 2 18 44 

Inst_Index:9949 	 City_Num:50 	 Concorde:5.803042 	 MCTS:5.803042 Improve:-0.000000 	 Time:3.77 Seconds
Solution: 1 5 10 29 30 22 26 9 50 21 41 28 14 42 44 48 20 33 4 27 43 31 47 16 17 3 25 7 23 39 8 49 34 36 35 38 40 13 6 2 15 32 19 37 18 46 24 12 11 45 

Inst_Index:9950 	 City_Num:50 	 Concorde:5.720864 	 MCTS:5.720864 Improve:0.000000 	 Time:3.75 Seconds
Solution: 1 32 15 14 30 17 26 10 49 11 3 34 39 38 13 42 43 22 8 31 7 50 47 37 4 27 9 48 35 46 28 24 40 45 2 29 12 25 5 6 20 23 18 16 36 33 44 19 21 41 

Inst_Index:9951 	 City_Num:50 	 Concorde:5.345397 	 MCTS:5.344366 Improve:0.001030 	 Time:3.76 Seconds
Solution: 1 4 6 32 25 16 43 36 2 44 20 38 39 42 41 34 48 3 19 45 28 46 26 29 35 24 27 13 23 49 22 47 5 7 8 14 17 31 33 9 21 12 10 11 40 37 15 18 50 30 

Inst_Index:9952 	 City_Num:50 	 Concorde:6.167809 	 MCTS:6.167809 Improve:-0.000000 	 Time:3.76 Seconds
Solution: 1 35 42 10 34 14 33 37 26 3 15 8 17 40 11 41 9 30 49 38 18 7 36 27 5 20 28 21 6 16 4 22 29 45 47 39 46 32 50 25 19 44 31 12 24 43 23 13 48 2 

Inst_Index:9953 	 City_Num:50 	 Concorde:5.356221 	 MCTS:5.356221 Improve:-0.000000 	 Time:3.77 Seconds
Solution: 1 43 8 10 4 44 13 2 29 3 7 39 31 50 33 19 21 35 22 34 25 26 46 17 11 40 16 41 15 30 36 24 18 9 5 6 45 28 47 20 14 49 37 27 38 48 32 12 42 23 

Inst_Index:9954 	 City_Num:50 	 Concorde:5.932075 	 MCTS:5.926844 Improve:0.005231 	 Time:3.77 Seconds
Solution: 1 35 2 42 32 5 41 17 8 50 19 25 43 22 20 24 39 9 4 26 6 15 29 34 36 49 33 16 13 30 31 40 11 47 48 21 44 28 7 23 18 37 27 38 12 14 10 45 3 46 

Inst_Index:9955 	 City_Num:50 	 Concorde:6.262034 	 MCTS:6.262034 Improve:0.000000 	 Time:3.77 Seconds
Solution: 1 11 4 32 13 16 43 31 44 47 27 28 5 3 26 33 18 6 22 14 29 30 24 42 19 34 21 2 50 49 17 37 7 39 20 15 46 8 36 10 23 35 25 45 9 40 48 41 38 12 

Inst_Index:9956 	 City_Num:50 	 Concorde:5.640378 	 MCTS:5.636418 Improve:0.003960 	 Time:3.77 Seconds
Solution: 1 14 23 9 40 34 33 7 46 44 6 29 15 45 50 18 47 8 49 12 20 3 16 4 36 5 42 30 13 19 35 25 39 28 38 48 11 10 41 24 2 43 17 32 27 37 31 22 26 21 

Inst_Index:9957 	 City_Num:50 	 Concorde:5.718431 	 MCTS:5.718431 Improve:0.000000 	 Time:3.75 Seconds
Solution: 1 44 14 43 28 41 13 46 4 6 8 48 38 11 31 24 7 16 45 12 49 9 39 40 20 5 27 17 34 18 15 37 21 35 2 42 22 29 36 23 3 33 25 30 26 32 50 47 19 10 

Inst_Index:9958 	 City_Num:50 	 Concorde:5.561650 	 MCTS:5.561650 Improve:0.000000 	 Time:3.76 Seconds
Solution: 1 24 12 45 3 13 22 4 42 19 33 6 23 37 17 5 9 46 40 25 44 8 34 16 14 41 32 30 28 18 7 38 15 47 20 50 43 49 26 21 31 35 11 39 36 29 10 48 27 2 

Inst_Index:9959 	 City_Num:50 	 Concorde:6.046518 	 MCTS:6.036536 Improve:0.009981 	 Time:3.76 Seconds
Solution: 1 45 29 3 34 23 32 25 20 13 38 22 11 26 9 35 21 33 17 42 40 48 18 36 15 41 30 7 50 16 28 6 14 2 19 10 24 12 46 31 4 27 49 39 37 8 5 43 44 47 

Inst_Index:9960 	 City_Num:50 	 Concorde:5.551934 	 MCTS:5.551934 Improve:0.000000 	 Time:3.76 Seconds
Solution: 1 41 36 34 43 48 10 32 44 29 13 9 37 21 50 45 22 33 26 40 27 4 47 15 5 2 17 3 28 31 46 16 42 6 19 23 14 7 39 12 35 30 49 18 24 11 8 25 20 38 

Inst_Index:9961 	 City_Num:50 	 Concorde:5.345014 	 MCTS:5.345014 Improve:0.000000 	 Time:3.76 Seconds
Solution: 1 19 42 29 41 8 28 31 48 43 3 18 2 37 16 22 23 26 49 33 12 7 10 21 20 17 46 5 25 13 15 9 14 6 35 27 11 36 45 39 47 30 44 38 40 32 50 4 34 24 

Inst_Index:9962 	 City_Num:50 	 Concorde:6.086785 	 MCTS:6.086785 Improve:0.000000 	 Time:3.77 Seconds
Solution: 1 40 47 39 32 3 50 38 8 31 16 18 19 28 14 22 33 36 13 6 27 7 5 15 37 2 41 10 11 45 21 20 12 24 44 49 26 4 25 9 46 29 23 34 35 48 17 42 43 30 

Inst_Index:9963 	 City_Num:50 	 Concorde:5.830114 	 MCTS:5.830114 Improve:0.000000 	 Time:3.76 Seconds
Solution: 1 12 7 32 16 45 33 34 23 46 10 36 44 21 27 19 29 31 24 26 18 47 39 42 3 13 30 2 35 49 6 9 28 15 48 22 5 40 11 14 50 25 20 17 4 37 41 38 8 43 

Inst_Index:9964 	 City_Num:50 	 Concorde:5.878287 	 MCTS:5.878287 Improve:0.000000 	 Time:3.76 Seconds
Solution: 1 16 29 40 25 26 42 35 9 20 33 7 2 19 46 6 4 48 21 18 17 45 28 14 32 15 50 34 39 31 36 27 11 8 10 5 44 23 3 41 22 30 12 43 37 24 49 38 13 47 

Inst_Index:9965 	 City_Num:50 	 Concorde:5.829709 	 MCTS:5.829709 Improve:0.000000 	 Time:3.78 Seconds
Solution: 1 9 46 23 48 32 18 20 16 15 28 8 37 25 42 45 13 17 2 34 29 4 43 19 40 3 21 49 11 14 24 6 12 31 7 38 44 50 22 47 41 36 5 30 39 26 27 33 35 10 

Inst_Index:9966 	 City_Num:50 	 Concorde:5.939054 	 MCTS:5.939054 Improve:-0.000000 	 Time:3.76 Seconds
Solution: 1 50 13 11 27 18 10 37 24 26 30 16 40 29 21 5 6 34 28 42 32 33 46 31 38 20 14 48 39 7 2 22 44 3 41 47 15 12 43 36 8 25 9 49 17 45 4 35 23 19 

Inst_Index:9967 	 City_Num:50 	 Concorde:6.021251 	 MCTS:6.018851 Improve:0.002399 	 Time:3.75 Seconds
Solution: 1 20 12 34 45 36 41 40 8 5 39 16 17 42 3 24 22 18 29 49 25 13 21 32 50 44 43 48 33 23 37 2 27 28 47 7 31 14 26 46 4 35 30 19 15 11 9 10 6 38 

Inst_Index:9968 	 City_Num:50 	 Concorde:5.454133 	 MCTS:5.454133 Improve:0.000000 	 Time:3.76 Seconds
Solution: 1 10 26 45 40 21 39 35 20 33 37 32 17 3 50 41 7 4 36 28 25 15 16 31 49 29 24 27 13 46 47 48 23 22 18 34 9 8 30 14 42 19 44 2 5 43 12 11 38 6 

Inst_Index:9969 	 City_Num:50 	 Concorde:5.816081 	 MCTS:5.816081 Improve:0.000000 	 Time:3.75 Seconds
Solution: 1 7 25 35 27 2 37 24 10 39 22 17 40 16 38 26 50 11 42 49 13 29 12 28 6 48 8 31 30 14 5 3 20 34 33 32 46 41 44 23 4 9 19 43 21 36 18 45 47 15 

Inst_Index:9970 	 City_Num:50 	 Concorde:5.899878 	 MCTS:5.896107 Improve:0.003771 	 Time:3.77 Seconds
Solution: 1 26 44 21 22 3 27 14 31 7 46 23 28 43 4 45 29 11 42 35 2 18 5 32 15 13 24 33 12 9 38 17 6 8 20 50 19 49 39 34 40 10 30 25 47 37 41 48 36 16 

Inst_Index:9971 	 City_Num:50 	 Concorde:5.821633 	 MCTS:5.818378 Improve:0.003256 	 Time:3.76 Seconds
Solution: 1 46 31 48 3 47 14 28 41 32 7 22 43 26 29 20 50 30 11 33 4 35 5 21 13 23 18 34 8 38 9 37 49 10 25 39 2 24 44 12 42 16 40 6 17 36 15 45 27 19 

Inst_Index:9972 	 City_Num:50 	 Concorde:5.887667 	 MCTS:5.881931 Improve:0.005736 	 Time:3.76 Seconds
Solution: 1 22 24 34 18 3 15 35 36 45 13 37 5 31 48 7 33 4 14 46 44 47 39 21 11 2 26 17 23 49 50 43 38 12 19 20 27 16 29 41 6 32 9 10 30 42 40 28 25 8 

Inst_Index:9973 	 City_Num:50 	 Concorde:6.114131 	 MCTS:6.114131 Improve:0.000000 	 Time:3.76 Seconds
Solution: 1 37 41 2 39 44 42 38 14 7 47 21 15 49 40 10 34 18 6 25 19 32 22 13 43 46 9 50 5 20 8 30 16 45 26 35 27 28 3 4 29 17 36 11 23 48 33 24 31 12 

Inst_Index:9974 	 City_Num:50 	 Concorde:5.479691 	 MCTS:5.478879 Improve:0.000812 	 Time:3.75 Seconds
Solution: 1 28 13 42 30 37 50 10 43 34 18 25 44 8 23 49 39 26 38 6 36 35 16 4 21 45 48 29 3 12 22 17 32 7 47 40 41 2 31 27 9 11 19 33 5 20 14 24 15 46 

Inst_Index:9975 	 City_Num:50 	 Concorde:5.685233 	 MCTS:5.674978 Improve:0.010255 	 Time:3.76 Seconds
Solution: 1 44 19 29 15 34 37 18 5 47 50 16 12 40 3 41 45 31 7 33 9 4 36 38 26 13 17 48 25 30 20 46 39 43 21 24 42 35 49 6 10 2 32 23 22 28 14 27 8 11 

Inst_Index:9976 	 City_Num:50 	 Concorde:5.689188 	 MCTS:5.689188 Improve:0.000000 	 Time:3.76 Seconds
Solution: 1 9 37 17 50 10 16 6 25 32 39 22 40 30 5 44 48 2 7 46 19 41 45 21 15 12 3 35 27 8 28 13 23 42 11 36 20 14 24 29 38 49 26 43 4 47 18 31 33 34 

Inst_Index:9977 	 City_Num:50 	 Concorde:5.878567 	 MCTS:5.878567 Improve:-0.000000 	 Time:3.76 Seconds
Solution: 1 35 47 27 13 17 32 26 4 38 9 23 36 41 33 46 31 14 50 40 15 2 29 25 5 24 37 10 43 16 11 19 8 28 44 45 18 3 30 6 12 42 39 49 20 7 21 48 34 22 

Inst_Index:9978 	 City_Num:50 	 Concorde:5.666022 	 MCTS:5.662463 Improve:0.003559 	 Time:3.76 Seconds
Solution: 1 18 27 22 50 40 41 37 8 6 15 47 10 14 35 42 32 33 31 45 46 17 23 25 3 2 24 28 29 26 9 7 12 16 21 49 19 36 39 20 11 4 48 5 38 43 13 44 30 34 

Inst_Index:9979 	 City_Num:50 	 Concorde:6.095154 	 MCTS:6.095154 Improve:0.000000 	 Time:3.76 Seconds
Solution: 1 19 14 25 11 13 22 39 33 43 5 17 45 49 46 44 40 20 42 35 30 24 26 16 23 9 6 41 18 37 27 21 2 10 50 28 36 8 32 7 31 38 34 15 29 4 12 47 48 3 

Inst_Index:9980 	 City_Num:50 	 Concorde:5.548546 	 MCTS:5.548305 Improve:0.000241 	 Time:3.77 Seconds
Solution: 1 19 44 40 31 14 8 27 12 20 21 16 24 28 38 3 43 41 47 22 4 42 13 5 17 26 25 10 9 30 48 2 6 45 23 49 32 18 39 50 7 37 33 36 34 35 11 15 46 29 

Inst_Index:9981 	 City_Num:50 	 Concorde:5.650948 	 MCTS:5.650414 Improve:0.000534 	 Time:3.76 Seconds
Solution: 1 29 8 3 11 26 27 43 45 6 5 40 14 18 9 36 49 48 38 7 30 37 13 32 23 39 19 34 12 28 50 2 31 41 21 33 16 15 20 25 4 35 42 44 47 24 46 22 10 17 

Inst_Index:9982 	 City_Num:50 	 Concorde:5.544744 	 MCTS:5.544744 Improve:0.000000 	 Time:3.76 Seconds
Solution: 1 4 49 32 2 20 31 12 37 35 3 47 42 39 11 46 40 41 28 17 8 6 25 23 29 34 21 16 50 43 30 22 48 19 13 38 27 15 14 26 45 18 44 10 33 24 5 36 9 7 

Inst_Index:9983 	 City_Num:50 	 Concorde:5.554605 	 MCTS:5.554482 Improve:0.000123 	 Time:3.75 Seconds
Solution: 1 15 45 36 21 29 40 34 24 46 39 11 10 23 47 49 50 6 5 16 30 22 18 48 9 8 37 27 32 41 35 38 17 19 14 42 2 13 43 3 20 4 28 44 12 25 7 31 26 33 

Inst_Index:9984 	 City_Num:50 	 Concorde:5.716011 	 MCTS:5.714968 Improve:0.001043 	 Time:3.75 Seconds
Solution: 1 45 24 6 27 48 9 34 10 36 7 23 28 40 39 25 12 11 5 47 14 2 19 13 18 32 31 33 37 4 16 46 22 44 38 21 49 50 17 43 15 29 42 20 30 41 26 35 3 8 

Inst_Index:9985 	 City_Num:50 	 Concorde:5.724150 	 MCTS:5.717303 Improve:0.006848 	 Time:3.75 Seconds
Solution: 1 41 3 43 32 13 23 21 39 38 35 11 48 42 33 12 50 30 24 17 9 44 25 37 18 6 34 45 4 15 46 36 47 27 40 7 29 31 14 10 16 20 49 19 22 2 8 26 5 28 

Inst_Index:9986 	 City_Num:50 	 Concorde:5.529848 	 MCTS:5.528421 Improve:0.001427 	 Time:3.76 Seconds
Solution: 1 44 50 8 41 20 39 3 28 10 47 4 26 42 48 7 19 18 35 29 45 24 9 34 32 31 40 17 15 14 11 23 43 5 36 27 25 21 12 6 22 49 16 33 13 38 30 37 46 2 

Inst_Index:9987 	 City_Num:50 	 Concorde:5.627316 	 MCTS:5.626315 Improve:0.001001 	 Time:3.76 Seconds
Solution: 1 15 24 46 10 6 39 20 13 18 4 9 22 50 34 7 8 36 3 47 43 42 41 45 26 11 25 17 12 31 30 33 35 28 37 44 14 2 48 5 32 19 38 27 40 23 29 49 16 21 

Inst_Index:9988 	 City_Num:50 	 Concorde:5.691041 	 MCTS:5.691041 Improve:0.000000 	 Time:3.77 Seconds
Solution: 1 11 7 40 16 25 12 46 17 44 39 22 24 47 9 34 8 30 50 36 42 21 6 48 4 31 26 2 38 35 29 18 5 45 23 32 27 19 41 14 10 13 43 28 20 3 49 37 15 33 

Inst_Index:9989 	 City_Num:50 	 Concorde:5.788597 	 MCTS:5.788597 Improve:0.000000 	 Time:3.76 Seconds
Solution: 1 4 19 24 40 35 7 3 42 44 32 39 30 5 37 29 6 21 11 9 10 22 20 36 43 13 15 31 16 17 33 38 34 50 23 12 8 45 47 41 48 27 46 49 2 18 28 14 25 26 

Inst_Index:9990 	 City_Num:50 	 Concorde:5.725977 	 MCTS:5.725977 Improve:-0.000000 	 Time:3.78 Seconds
Solution: 1 32 47 25 3 4 33 19 7 27 42 40 41 31 43 9 18 39 34 24 38 5 8 20 28 14 49 44 22 12 46 26 37 30 48 29 35 10 36 45 16 23 13 6 17 15 50 11 2 21 

Inst_Index:9991 	 City_Num:50 	 Concorde:5.842325 	 MCTS:5.840276 Improve:0.002049 	 Time:3.77 Seconds
Solution: 1 24 45 35 22 13 46 11 3 48 29 4 32 12 37 27 6 23 31 14 33 16 5 36 2 49 28 43 19 18 40 39 42 9 41 38 17 25 10 8 50 15 26 44 47 7 30 20 34 21 

Inst_Index:9992 	 City_Num:50 	 Concorde:5.574132 	 MCTS:5.574132 Improve:0.000000 	 Time:3.77 Seconds
Solution: 1 39 2 28 50 38 31 41 37 22 21 32 46 8 23 36 25 24 48 47 35 43 3 20 18 30 34 33 5 26 44 42 13 6 40 4 9 17 14 16 7 15 45 10 27 19 11 12 49 29 

Inst_Index:9993 	 City_Num:50 	 Concorde:5.862859 	 MCTS:5.862552 Improve:0.000307 	 Time:3.75 Seconds
Solution: 1 5 15 10 12 25 48 32 27 41 26 47 19 42 49 39 31 50 3 17 37 43 6 24 22 18 33 45 16 28 21 2 4 23 7 8 9 34 38 14 46 40 11 20 36 44 35 29 30 13 

Inst_Index:9994 	 City_Num:50 	 Concorde:6.019336 	 MCTS:6.019336 Improve:0.000000 	 Time:3.76 Seconds
Solution: 1 38 16 12 42 33 3 26 48 6 44 5 50 22 29 25 37 4 23 7 11 14 43 21 8 49 28 31 2 27 45 18 9 46 34 17 41 35 36 19 20 13 24 39 32 10 30 40 47 15 

Inst_Index:9995 	 City_Num:50 	 Concorde:5.572125 	 MCTS:5.572125 Improve:0.000000 	 Time:3.75 Seconds
Solution: 1 23 37 26 4 48 43 25 10 47 18 17 13 50 34 5 20 21 35 3 40 45 42 8 49 7 39 6 11 15 12 41 24 31 44 36 2 19 30 14 16 33 22 29 9 38 32 46 28 27 

Inst_Index:9996 	 City_Num:50 	 Concorde:5.473893 	 MCTS:5.473893 Improve:0.000000 	 Time:3.77 Seconds
Solution: 1 28 15 20 19 41 18 37 12 26 50 35 3 39 4 21 42 40 24 38 8 30 47 34 17 22 13 5 25 32 9 16 6 14 10 27 33 7 46 29 49 48 36 44 43 23 11 31 45 2 

Inst_Index:9997 	 City_Num:50 	 Concorde:5.907380 	 MCTS:5.907380 Improve:-0.000000 	 Time:3.76 Seconds
Solution: 1 50 33 41 23 25 14 46 42 26 12 28 20 32 17 9 10 21 24 22 31 18 43 47 2 36 44 34 37 6 13 19 38 30 4 27 45 48 3 16 39 8 5 15 40 11 7 35 49 29 

Inst_Index:9998 	 City_Num:50 	 Concorde:5.662706 	 MCTS:5.662706 Improve:0.000000 	 Time:3.75 Seconds
Solution: 1 28 14 21 19 47 50 10 44 5 45 38 11 18 48 13 7 20 46 23 27 9 4 35 36 33 12 41 29 34 26 15 3 37 43 22 30 6 2 32 16 17 24 42 25 40 8 39 31 49 

Inst_Index:9999 	 City_Num:50 	 Concorde:5.955850 	 MCTS:5.955850 Improve:0.000000 	 Time:3.76 Seconds
Solution: 1 19 45 41 39 8 43 36 30 18 44 46 33 40 50 25 38 22 6 35 11 23 49 21 16 42 26 15 28 17 31 24 4 48 29 12 2 10 47 13 27 20 34 37 5 14 7 9 32 3 

Inst_Index:10000 	 City_Num:50 	 Concorde:5.240267 	 MCTS:5.240267 Improve:0.000000 	 Time:3.77 Seconds
Solution: 1 25 42 12 44 26 5 8 48 47 28 19 10 49 50 45 31 17 9 43 32 46 37 22 29 7 24 14 3 35 20 6 23 2 13 11 38 16 34 33 36 4 18 39 15 41 27 40 21 30 


Avg_Concorde_Distance: 5.676693 Avg_MCTS_Distance: 5.675569 Avg_Gap: -0.000198 Total_Time: 1117.94 Seconds 
 Beat_Best_Known_Times: 101 Match_Best_Known_Times: 196 Miss_Best_Known_Times: 0 
