Number_of_Instances_In_Current_Batch: 313

Inst_Index:2818 	 City_Num:50 	 Concorde:5.710699 	 MCTS:5.710699 Improve:-0.000000 	 Time:3.76 Seconds
Solution: 1 34 19 30 22 50 26 2 10 13 28 39 21 41 17 38 45 6 20 48 23 5 36 3 25 49 4 46 8 15 29 16 35 7 27 31 18 47 12 32 42 43 14 33 11 44 9 37 40 24 

Inst_Index:2819 	 City_Num:50 	 Concorde:5.197896 	 MCTS:5.197896 Improve:0.000000 	 Time:3.76 Seconds
Solution: 1 16 8 14 3 4 26 19 44 24 42 27 30 17 9 18 35 41 43 40 23 36 32 37 10 50 34 6 39 11 21 45 49 15 13 5 25 29 47 28 38 31 12 33 7 48 46 2 22 20 

Inst_Index:2820 	 City_Num:50 	 Concorde:5.837874 	 MCTS:5.837874 Improve:0.000000 	 Time:3.76 Seconds
Solution: 1 2 22 43 7 19 48 29 40 16 23 38 15 35 31 34 6 27 25 44 12 10 4 14 42 47 9 17 20 46 50 5 37 45 3 39 24 49 36 41 26 21 18 11 8 33 30 32 28 13 

Inst_Index:2821 	 City_Num:50 	 Concorde:5.323963 	 MCTS:5.323963 Improve:0.000000 	 Time:3.75 Seconds
Solution: 1 8 21 27 30 44 9 41 25 42 31 37 2 6 50 3 48 39 24 19 34 22 10 29 32 40 35 7 16 11 17 36 46 13 20 43 49 28 5 12 26 23 33 38 15 14 45 47 18 4 

Inst_Index:2822 	 City_Num:50 	 Concorde:5.440841 	 MCTS:5.440841 Improve:0.000000 	 Time:3.76 Seconds
Solution: 1 49 37 22 45 3 23 8 21 4 43 44 36 9 29 33 38 47 15 17 19 26 28 48 18 39 30 41 27 50 25 32 6 12 16 2 35 24 20 10 46 40 11 34 42 7 14 31 13 5 

Inst_Index:2823 	 City_Num:50 	 Concorde:5.591279 	 MCTS:5.591279 Improve:0.000000 	 Time:3.75 Seconds
Solution: 1 29 37 6 20 8 47 43 16 35 34 42 11 24 9 50 12 15 27 10 4 33 45 32 39 21 28 5 44 38 19 26 48 2 36 40 25 3 23 17 30 46 31 49 14 41 7 13 22 18 

Inst_Index:2824 	 City_Num:50 	 Concorde:5.917921 	 MCTS:5.917921 Improve:0.000000 	 Time:3.77 Seconds
Solution: 1 35 33 15 34 28 41 48 42 37 6 26 46 2 30 18 25 10 29 22 17 31 45 12 24 14 19 4 5 7 16 32 49 27 39 40 43 20 38 21 47 23 9 36 3 44 8 50 11 13 

Inst_Index:2825 	 City_Num:50 	 Concorde:5.603938 	 MCTS:5.598683 Improve:0.005255 	 Time:3.76 Seconds
Solution: 1 12 17 37 31 30 9 34 15 36 21 44 42 14 20 10 8 47 25 29 22 50 6 24 43 13 11 39 23 38 5 48 32 40 4 46 33 27 2 35 3 19 45 28 7 18 49 26 41 16 

Inst_Index:2826 	 City_Num:50 	 Concorde:5.952299 	 MCTS:5.952299 Improve:0.000000 	 Time:3.76 Seconds
Solution: 1 28 6 43 33 32 19 21 35 41 9 49 25 23 26 27 16 46 24 29 38 15 13 14 20 50 8 37 2 5 10 22 12 17 44 30 34 7 39 4 3 45 48 36 47 31 18 42 11 40 

Inst_Index:2827 	 City_Num:50 	 Concorde:5.887483 	 MCTS:5.877326 Improve:0.010157 	 Time:3.76 Seconds
Solution: 1 8 30 11 5 24 25 44 33 38 21 31 41 13 19 12 10 46 3 9 40 23 20 15 49 29 18 39 28 43 7 16 32 14 27 47 35 37 50 42 4 2 36 48 22 26 34 17 6 45 

Inst_Index:2828 	 City_Num:50 	 Concorde:5.887198 	 MCTS:5.887198 Improve:0.000000 	 Time:3.75 Seconds
Solution: 1 39 2 41 44 16 42 34 35 13 20 9 11 14 26 8 25 38 32 4 43 23 33 46 49 7 31 12 27 30 10 47 48 24 15 36 19 40 5 29 28 21 45 37 17 3 18 50 22 6 

Inst_Index:2829 	 City_Num:50 	 Concorde:6.049243 	 MCTS:6.048486 Improve:0.000757 	 Time:3.75 Seconds
Solution: 1 39 18 44 19 22 41 34 35 49 36 9 14 23 15 28 6 10 38 17 5 33 13 24 27 47 50 26 7 29 46 11 43 37 3 16 48 45 32 25 2 8 20 40 31 4 30 12 21 42 

Inst_Index:2830 	 City_Num:50 	 Concorde:5.536660 	 MCTS:5.536660 Improve:0.000000 	 Time:3.76 Seconds
Solution: 1 34 37 11 45 46 7 24 36 10 50 40 42 17 6 35 48 12 28 19 5 2 21 18 14 38 26 13 33 8 3 32 29 25 15 9 43 23 41 16 47 20 22 49 39 44 30 31 4 27 

Inst_Index:2831 	 City_Num:50 	 Concorde:6.091932 	 MCTS:6.091932 Improve:0.000000 	 Time:3.76 Seconds
Solution: 1 48 33 7 46 49 42 19 41 44 35 36 47 5 22 34 37 31 13 21 24 11 32 43 45 6 10 2 40 26 30 15 38 27 17 25 16 29 39 20 50 9 3 14 23 8 28 12 4 18 

Inst_Index:2832 	 City_Num:50 	 Concorde:5.292328 	 MCTS:5.289672 Improve:0.002657 	 Time:3.76 Seconds
Solution: 1 22 12 38 7 20 34 8 15 41 45 35 44 25 28 32 40 37 50 11 14 23 46 2 43 33 21 27 10 42 48 36 6 26 47 39 3 30 17 24 9 16 49 13 29 4 19 5 31 18 

Inst_Index:2833 	 City_Num:50 	 Concorde:5.811918 	 MCTS:5.809271 Improve:0.002648 	 Time:3.75 Seconds
Solution: 1 7 45 3 2 41 50 13 20 29 11 4 47 15 16 8 22 18 10 30 36 42 49 34 40 31 39 28 5 19 26 44 35 14 24 23 33 9 6 46 37 12 17 38 48 32 25 43 21 27 

Inst_Index:2834 	 City_Num:50 	 Concorde:5.640766 	 MCTS:5.635633 Improve:0.005134 	 Time:3.76 Seconds
Solution: 1 4 38 27 22 28 26 18 6 13 39 46 23 44 33 37 7 5 19 42 29 17 9 8 36 45 30 49 3 12 15 47 32 50 11 16 24 34 35 40 2 14 25 41 20 43 10 21 48 31 

Inst_Index:2835 	 City_Num:50 	 Concorde:5.156433 	 MCTS:5.156433 Improve:-0.000000 	 Time:3.77 Seconds
Solution: 1 10 26 23 50 28 40 43 15 16 18 19 6 32 33 49 48 2 36 47 11 34 13 3 9 20 22 5 42 30 29 39 12 35 21 27 17 7 24 46 45 38 8 25 31 14 37 4 44 41 

Inst_Index:2836 	 City_Num:50 	 Concorde:5.778907 	 MCTS:5.778907 Improve:-0.000000 	 Time:3.78 Seconds
Solution: 1 6 41 32 9 2 5 3 27 15 12 45 33 36 24 26 40 37 25 11 4 49 31 10 23 17 39 22 30 8 46 13 7 47 38 43 19 35 29 18 44 50 42 48 34 20 16 28 21 14 

Inst_Index:2837 	 City_Num:50 	 Concorde:6.104219 	 MCTS:6.104030 Improve:0.000189 	 Time:3.75 Seconds
Solution: 1 24 44 14 31 16 9 50 42 12 3 11 36 26 18 39 17 5 10 33 41 7 32 21 8 27 48 20 47 45 6 28 23 40 25 30 19 49 2 46 43 37 15 34 4 38 35 13 22 29 

Inst_Index:2838 	 City_Num:50 	 Concorde:5.464047 	 MCTS:5.463596 Improve:0.000452 	 Time:3.76 Seconds
Solution: 1 31 35 7 37 11 14 25 2 12 44 36 17 6 30 16 28 19 50 38 8 46 4 45 22 42 3 18 21 23 40 41 47 29 20 26 13 27 32 9 15 43 34 48 49 24 10 39 33 5 

Inst_Index:2839 	 City_Num:50 	 Concorde:5.939614 	 MCTS:5.938842 Improve:0.000773 	 Time:3.75 Seconds
Solution: 1 8 27 20 47 26 7 36 22 45 19 35 39 30 31 28 38 23 10 41 15 11 12 33 13 21 37 4 14 49 43 6 32 17 34 3 48 5 42 9 44 50 18 46 40 29 25 16 24 2 

Inst_Index:2840 	 City_Num:50 	 Concorde:5.580592 	 MCTS:5.572637 Improve:0.007955 	 Time:3.76 Seconds
Solution: 1 19 44 33 16 13 35 15 42 34 21 23 8 48 4 17 9 36 10 11 22 32 18 14 27 20 47 46 38 2 6 7 28 45 50 12 31 29 3 41 49 30 24 26 25 5 39 43 40 37 

Inst_Index:2841 	 City_Num:50 	 Concorde:5.330606 	 MCTS:5.330606 Improve:-0.000000 	 Time:3.75 Seconds
Solution: 1 45 23 41 31 40 30 28 18 24 13 26 7 12 20 38 17 2 10 22 4 29 35 50 6 19 49 16 48 3 11 27 46 47 37 44 34 42 21 9 8 5 15 14 36 32 39 25 33 43 

Inst_Index:2842 	 City_Num:50 	 Concorde:6.024137 	 MCTS:6.019336 Improve:0.004800 	 Time:3.75 Seconds
Solution: 1 41 6 30 9 45 5 16 28 40 29 14 39 48 19 7 43 27 13 4 49 15 10 46 38 33 36 47 24 21 2 20 42 37 17 12 18 50 22 8 26 23 35 32 11 34 31 44 25 3 

Inst_Index:2843 	 City_Num:50 	 Concorde:5.624501 	 MCTS:5.624501 Improve:0.000000 	 Time:3.76 Seconds
Solution: 1 15 3 31 42 18 2 41 33 47 45 26 11 44 6 24 23 40 8 10 14 20 46 30 32 34 22 13 35 43 28 17 25 16 27 4 48 36 12 19 37 39 7 5 49 38 9 21 29 50 

Inst_Index:2844 	 City_Num:50 	 Concorde:5.968317 	 MCTS:5.968317 Improve:-0.000000 	 Time:3.76 Seconds
Solution: 1 12 27 50 38 30 11 6 32 43 14 42 29 5 8 24 46 26 2 28 4 21 39 9 49 36 44 22 13 31 3 34 7 17 18 37 40 15 10 35 23 33 20 48 25 19 41 16 47 45 

Inst_Index:2845 	 City_Num:50 	 Concorde:5.738408 	 MCTS:5.738408 Improve:-0.000000 	 Time:3.75 Seconds
Solution: 1 31 8 4 35 37 18 15 48 12 41 10 29 21 25 45 49 13 32 9 3 11 50 19 38 33 43 47 17 26 42 6 30 39 24 16 46 7 40 34 14 5 28 36 20 2 44 23 27 22 

Inst_Index:2846 	 City_Num:50 	 Concorde:5.574035 	 MCTS:5.574035 Improve:0.000000 	 Time:3.76 Seconds
Solution: 1 28 49 10 36 14 7 29 19 26 34 40 20 15 33 30 2 12 6 48 46 17 45 4 42 23 11 35 32 37 13 24 44 39 3 50 41 21 43 38 31 16 25 18 22 47 27 5 9 8 

Inst_Index:2847 	 City_Num:50 	 Concorde:5.630776 	 MCTS:5.630776 Improve:0.000000 	 Time:3.77 Seconds
Solution: 1 46 39 13 24 10 26 37 8 4 20 47 42 44 48 9 41 21 31 11 35 50 6 5 7 2 27 40 22 38 19 14 25 18 28 45 17 12 34 16 30 3 33 49 36 32 23 15 29 43 

Inst_Index:2848 	 City_Num:50 	 Concorde:5.507662 	 MCTS:5.501098 Improve:0.006563 	 Time:3.75 Seconds
Solution: 1 18 2 49 37 42 19 32 31 16 35 21 28 27 14 22 9 11 23 45 33 43 5 20 24 17 30 36 44 40 47 15 29 10 34 38 13 8 48 12 4 46 39 6 25 3 41 50 26 7 

Inst_Index:2849 	 City_Num:50 	 Concorde:5.656270 	 MCTS:5.653065 Improve:0.003204 	 Time:3.75 Seconds
Solution: 1 15 24 36 20 43 3 2 16 33 31 11 17 44 37 5 26 9 21 47 25 32 10 35 13 42 50 38 48 7 29 46 49 40 6 45 8 41 23 30 14 18 4 39 22 28 27 34 12 19 

Inst_Index:2850 	 City_Num:50 	 Concorde:5.451376 	 MCTS:5.451376 Improve:0.000000 	 Time:3.76 Seconds
Solution: 1 22 27 10 13 48 16 30 37 42 17 38 14 44 11 3 31 50 32 28 19 18 25 47 23 29 4 5 36 8 41 21 46 33 43 45 12 35 15 20 39 24 49 9 7 40 34 2 26 6 

Inst_Index:2851 	 City_Num:50 	 Concorde:6.176906 	 MCTS:6.176906 Improve:-0.000000 	 Time:3.75 Seconds
Solution: 1 2 15 44 8 42 19 23 46 45 13 21 41 39 33 11 9 36 40 18 20 26 6 28 49 10 16 35 37 17 14 27 38 43 32 22 5 31 47 50 7 3 30 48 25 34 29 4 12 24 

Inst_Index:2852 	 City_Num:50 	 Concorde:5.901045 	 MCTS:5.901045 Improve:-0.000000 	 Time:3.76 Seconds
Solution: 1 47 5 13 33 35 31 22 11 30 29 42 43 21 19 12 16 44 41 40 9 3 6 39 25 2 28 15 10 36 26 23 45 48 27 17 8 50 34 32 24 7 20 38 49 37 18 4 46 14 

Inst_Index:2853 	 City_Num:50 	 Concorde:5.397826 	 MCTS:5.396547 Improve:0.001279 	 Time:3.76 Seconds
Solution: 1 8 23 35 37 19 50 31 2 33 47 7 5 27 6 12 4 24 16 15 43 11 44 10 46 39 17 41 28 45 18 14 25 29 26 20 36 40 30 3 22 34 21 9 49 42 48 38 13 32 

Inst_Index:2854 	 City_Num:50 	 Concorde:6.058072 	 MCTS:6.058072 Improve:0.000000 	 Time:3.75 Seconds
Solution: 1 11 25 44 47 30 13 38 36 14 20 12 46 8 41 3 15 22 9 33 29 4 43 2 17 19 27 45 31 5 37 50 24 28 42 39 32 34 26 18 10 21 35 48 40 49 7 23 6 16 

Inst_Index:2855 	 City_Num:50 	 Concorde:5.405894 	 MCTS:5.402655 Improve:0.003239 	 Time:3.76 Seconds
Solution: 1 13 44 25 11 31 47 28 20 23 6 2 17 8 42 30 40 27 29 19 45 4 18 39 7 5 10 16 14 43 34 26 37 32 24 3 50 46 49 35 22 12 33 48 36 38 15 41 21 9 

Inst_Index:2856 	 City_Num:50 	 Concorde:5.517757 	 MCTS:5.517688 Improve:0.000069 	 Time:3.77 Seconds
Solution: 1 2 13 5 17 21 25 39 26 16 6 46 24 36 28 44 33 20 18 38 10 14 22 7 29 27 30 47 40 48 43 34 19 31 35 15 45 23 8 3 42 37 12 32 9 41 50 49 11 4 

Inst_Index:2857 	 City_Num:50 	 Concorde:5.382095 	 MCTS:5.382095 Improve:-0.000000 	 Time:3.76 Seconds
Solution: 1 44 33 22 15 35 23 34 40 39 19 24 14 38 31 5 21 8 10 4 48 25 43 26 36 41 28 30 9 37 7 42 27 2 6 32 11 12 16 3 13 46 17 20 50 29 47 49 18 45 

Inst_Index:2858 	 City_Num:50 	 Concorde:5.525132 	 MCTS:5.525132 Improve:-0.000000 	 Time:3.75 Seconds
Solution: 1 47 21 17 42 50 35 41 38 20 29 23 24 43 34 48 33 15 39 45 3 44 9 11 19 13 6 10 32 31 14 4 18 16 12 26 2 37 5 7 28 49 22 8 36 30 46 40 27 25 

Inst_Index:2859 	 City_Num:50 	 Concorde:5.687770 	 MCTS:5.687770 Improve:0.000000 	 Time:3.77 Seconds
Solution: 1 37 13 4 2 16 41 11 10 39 31 25 7 23 33 35 49 21 15 3 46 17 40 28 6 5 32 14 12 48 20 47 24 38 22 36 30 27 42 43 8 18 44 50 9 29 26 34 45 19 

Inst_Index:2860 	 City_Num:50 	 Concorde:5.575604 	 MCTS:5.575604 Improve:-0.000000 	 Time:3.76 Seconds
Solution: 1 22 42 30 5 50 38 43 2 33 11 24 45 28 40 17 10 14 16 47 32 20 9 23 15 19 13 21 4 41 37 6 44 12 31 49 34 48 46 36 35 7 29 8 26 27 3 18 25 39 

Inst_Index:2861 	 City_Num:50 	 Concorde:5.523088 	 MCTS:5.523088 Improve:0.000000 	 Time:3.76 Seconds
Solution: 1 46 42 6 47 13 33 43 11 28 17 39 14 4 49 32 29 15 7 5 36 21 8 24 45 22 34 35 12 30 41 16 31 19 25 23 3 44 37 18 38 48 27 9 40 50 10 26 2 20 

Inst_Index:2862 	 City_Num:50 	 Concorde:5.733351 	 MCTS:5.732185 Improve:0.001166 	 Time:3.75 Seconds
Solution: 1 9 35 38 40 44 26 23 49 48 11 50 43 2 7 34 20 33 27 37 13 36 39 18 31 47 14 24 16 29 6 30 42 32 10 45 19 15 17 3 25 41 28 5 8 12 22 21 4 46 

Inst_Index:2863 	 City_Num:50 	 Concorde:5.932412 	 MCTS:5.932412 Improve:0.000000 	 Time:3.76 Seconds
Solution: 1 18 23 42 39 8 49 22 41 37 46 9 10 33 27 29 19 30 24 50 12 28 2 6 25 7 15 13 36 11 45 14 5 38 40 47 17 21 4 3 32 43 34 35 26 20 44 16 48 31 

Inst_Index:2864 	 City_Num:50 	 Concorde:5.576921 	 MCTS:5.576921 Improve:0.000000 	 Time:3.76 Seconds
Solution: 1 26 34 36 47 10 18 13 7 2 8 48 45 30 14 40 33 32 11 19 31 20 6 43 49 23 41 21 12 39 5 16 4 15 3 22 37 24 44 25 28 50 46 17 27 29 9 35 38 42 

Inst_Index:2865 	 City_Num:50 	 Concorde:5.960863 	 MCTS:5.959639 Improve:0.001225 	 Time:3.77 Seconds
Solution: 1 43 42 12 7 6 23 34 36 9 44 46 13 28 24 26 17 41 30 3 48 15 37 29 45 33 5 25 21 38 32 27 47 8 39 49 19 4 2 35 50 20 18 40 10 31 14 22 11 16 

Inst_Index:2866 	 City_Num:50 	 Concorde:5.582602 	 MCTS:5.578863 Improve:0.003739 	 Time:3.76 Seconds
Solution: 1 3 31 24 17 37 42 5 8 22 48 39 14 9 4 11 23 13 36 20 35 7 49 27 44 43 34 29 38 46 50 12 16 6 28 41 2 21 15 30 33 45 47 25 10 26 32 40 18 19 

Inst_Index:2867 	 City_Num:50 	 Concorde:5.614750 	 MCTS:5.611428 Improve:0.003322 	 Time:3.76 Seconds
Solution: 1 44 12 20 19 18 2 25 46 10 14 32 47 33 30 7 42 34 24 17 11 3 21 43 38 26 22 13 27 31 39 23 4 48 28 29 37 16 49 35 36 15 40 5 9 50 45 6 41 8 

Inst_Index:2868 	 City_Num:50 	 Concorde:6.052238 	 MCTS:6.037509 Improve:0.014729 	 Time:3.75 Seconds
Solution: 1 26 41 24 46 17 50 6 4 42 35 25 12 33 48 18 3 45 38 14 21 15 28 43 44 16 27 32 47 9 10 30 23 20 31 8 11 22 39 13 37 5 34 2 29 36 49 19 7 40 

Inst_Index:2869 	 City_Num:50 	 Concorde:5.800819 	 MCTS:5.800819 Improve:-0.000000 	 Time:3.75 Seconds
Solution: 1 15 11 8 44 41 39 5 2 4 22 28 36 38 37 30 13 3 47 7 21 18 42 17 9 25 24 19 48 40 26 32 29 50 10 35 20 49 27 31 14 16 12 33 6 45 23 43 34 46 

Inst_Index:2870 	 City_Num:50 	 Concorde:5.389590 	 MCTS:5.389590 Improve:0.000000 	 Time:3.77 Seconds
Solution: 1 26 10 4 43 21 47 15 11 16 5 25 39 37 13 30 42 46 19 8 34 12 44 2 35 22 18 9 40 17 41 3 27 36 20 31 24 45 28 14 29 32 6 33 48 38 50 49 23 7 

Inst_Index:2871 	 City_Num:50 	 Concorde:5.918671 	 MCTS:5.916750 Improve:0.001921 	 Time:3.76 Seconds
Solution: 1 2 42 26 23 17 16 44 32 37 10 14 3 34 15 46 12 27 36 22 41 20 28 6 40 7 39 35 21 13 19 30 33 8 29 25 9 45 4 18 38 31 50 48 49 47 5 24 11 43 

Inst_Index:2872 	 City_Num:50 	 Concorde:5.618329 	 MCTS:5.618329 Improve:0.000000 	 Time:3.75 Seconds
Solution: 1 7 46 14 13 31 34 15 38 5 21 26 9 48 42 11 17 35 8 44 12 4 22 30 6 24 2 37 43 27 49 10 33 16 28 47 32 20 40 19 29 39 41 3 36 18 50 23 25 45 

Inst_Index:2873 	 City_Num:50 	 Concorde:5.713222 	 MCTS:5.712015 Improve:0.001207 	 Time:3.76 Seconds
Solution: 1 38 39 8 22 11 45 24 16 49 7 31 26 6 29 44 13 15 41 34 42 33 35 48 27 40 4 3 43 14 25 10 2 17 46 18 19 21 20 32 12 9 28 37 50 5 36 23 47 30 

Inst_Index:2874 	 City_Num:50 	 Concorde:6.018671 	 MCTS:6.016413 Improve:0.002258 	 Time:3.76 Seconds
Solution: 1 20 49 6 34 48 22 42 28 45 14 19 44 40 18 43 4 33 8 50 17 27 47 9 13 38 26 15 41 21 29 3 37 39 23 24 10 30 16 32 36 35 11 2 46 31 12 25 5 7 

Inst_Index:2875 	 City_Num:50 	 Concorde:5.706523 	 MCTS:5.702898 Improve:0.003625 	 Time:3.76 Seconds
Solution: 1 23 45 12 14 43 21 5 20 32 38 29 16 30 2 42 15 48 44 9 34 7 41 39 40 22 18 17 4 46 50 6 28 27 26 10 47 36 33 37 11 13 25 19 35 24 8 49 31 3 

Inst_Index:2876 	 City_Num:50 	 Concorde:5.851439 	 MCTS:5.851439 Improve:0.000000 	 Time:3.77 Seconds
Solution: 1 2 45 5 35 22 8 27 3 49 7 38 10 32 43 39 18 12 41 40 30 11 29 47 31 16 13 36 14 25 24 37 19 9 20 42 33 21 28 48 17 23 50 26 44 46 6 4 34 15 

Inst_Index:2877 	 City_Num:50 	 Concorde:5.738993 	 MCTS:5.736058 Improve:0.002935 	 Time:3.76 Seconds
Solution: 1 17 31 24 12 49 18 32 50 27 48 20 26 42 33 21 10 44 22 45 5 7 39 3 6 14 35 4 36 46 41 8 40 43 37 34 25 11 13 30 23 15 38 29 9 47 16 2 19 28 

Inst_Index:2878 	 City_Num:50 	 Concorde:5.393686 	 MCTS:5.389233 Improve:0.004453 	 Time:3.76 Seconds
Solution: 1 25 21 5 28 42 37 38 33 26 48 13 39 46 35 12 17 22 7 14 49 29 36 45 18 34 19 20 30 24 2 6 10 4 11 47 44 50 27 41 31 23 8 15 16 3 43 9 32 40 

Inst_Index:2879 	 City_Num:50 	 Concorde:5.414407 	 MCTS:5.412844 Improve:0.001563 	 Time:3.75 Seconds
Solution: 1 44 24 2 16 8 6 36 5 18 46 22 11 19 9 21 35 20 3 38 14 50 47 27 26 33 12 25 13 32 29 34 7 40 43 48 4 23 10 45 37 28 31 41 49 30 42 17 15 39 

Inst_Index:2880 	 City_Num:50 	 Concorde:5.981316 	 MCTS:5.981316 Improve:-0.000000 	 Time:3.76 Seconds
Solution: 1 42 2 43 49 16 41 10 13 22 15 3 9 45 14 50 20 5 33 30 39 7 21 27 6 34 17 18 28 25 44 40 4 37 11 23 19 47 48 24 26 38 32 8 35 29 12 46 31 36 

Inst_Index:2881 	 City_Num:50 	 Concorde:5.166800 	 MCTS:5.165358 Improve:0.001442 	 Time:3.76 Seconds
Solution: 1 27 29 41 35 30 34 44 18 24 19 11 26 17 39 14 36 40 2 25 37 28 23 45 49 48 46 47 50 43 20 13 33 3 5 12 6 38 16 10 7 42 4 22 32 31 15 9 8 21 

Inst_Index:2882 	 City_Num:50 	 Concorde:5.550908 	 MCTS:5.550908 Improve:0.000000 	 Time:3.76 Seconds
Solution: 1 21 38 45 49 6 50 27 42 29 12 10 24 35 43 19 3 31 17 4 11 32 14 23 13 28 9 44 40 26 37 30 18 41 20 16 39 5 33 36 7 46 25 22 48 15 47 34 2 8 

Inst_Index:2883 	 City_Num:50 	 Concorde:5.802497 	 MCTS:5.798559 Improve:0.003939 	 Time:3.75 Seconds
Solution: 1 32 27 34 12 17 48 47 35 45 2 3 11 7 49 46 14 36 15 8 13 6 37 18 50 40 38 39 19 44 26 42 9 20 31 33 4 30 22 10 29 43 24 28 16 25 41 5 23 21 

Inst_Index:2884 	 City_Num:50 	 Concorde:5.818090 	 MCTS:5.818090 Improve:-0.000000 	 Time:3.76 Seconds
Solution: 1 4 20 5 11 10 33 49 6 24 31 35 9 26 28 25 18 17 19 21 43 13 22 37 12 40 50 38 29 47 41 44 39 36 14 34 8 30 2 7 45 16 42 27 3 23 15 48 46 32 

Inst_Index:2885 	 City_Num:50 	 Concorde:5.310570 	 MCTS:5.310570 Improve:-0.000000 	 Time:3.76 Seconds
Solution: 1 38 6 4 43 14 13 19 11 12 42 50 36 9 22 39 8 23 18 47 44 28 10 33 30 37 31 41 26 5 3 17 32 2 48 46 25 21 40 29 16 20 45 49 34 35 24 7 15 27 

Inst_Index:2886 	 City_Num:50 	 Concorde:6.035799 	 MCTS:6.034798 Improve:0.001002 	 Time:3.77 Seconds
Solution: 1 49 32 47 7 44 13 23 5 15 33 36 20 34 26 50 39 29 31 42 46 17 6 16 38 12 30 18 4 28 41 45 27 2 9 22 10 35 14 21 3 24 48 11 37 25 19 43 40 8 

Inst_Index:2887 	 City_Num:50 	 Concorde:5.722759 	 MCTS:5.722759 Improve:0.000000 	 Time:3.77 Seconds
Solution: 1 29 38 14 46 5 18 17 21 2 20 15 10 8 26 19 42 35 34 30 9 37 33 49 24 36 39 4 13 3 43 28 25 16 32 27 41 31 50 45 6 7 48 11 22 44 12 47 40 23 

Inst_Index:2888 	 City_Num:50 	 Concorde:5.778352 	 MCTS:5.778291 Improve:0.000061 	 Time:3.76 Seconds
Solution: 1 14 38 36 6 22 46 33 42 28 5 34 26 8 35 48 24 39 9 43 30 41 7 45 3 32 20 29 47 21 49 50 44 25 31 19 15 17 10 11 2 18 23 27 4 16 37 40 13 12 

Inst_Index:2889 	 City_Num:50 	 Concorde:5.218508 	 MCTS:5.218508 Improve:0.000000 	 Time:3.75 Seconds
Solution: 1 25 13 23 18 2 24 6 11 39 5 43 21 50 42 38 37 48 46 14 33 28 27 12 3 34 45 19 9 47 30 49 15 17 20 4 41 40 22 31 10 26 36 7 32 29 35 44 8 16 

Inst_Index:2890 	 City_Num:50 	 Concorde:5.440164 	 MCTS:5.440164 Improve:-0.000000 	 Time:3.77 Seconds
Solution: 1 9 7 8 18 12 34 31 19 46 41 33 28 48 16 39 5 2 37 21 25 11 22 38 47 27 45 14 15 17 10 13 49 32 40 23 20 44 29 24 30 50 36 35 4 42 43 26 3 6 

Inst_Index:2891 	 City_Num:50 	 Concorde:5.425665 	 MCTS:5.420765 Improve:0.004900 	 Time:3.76 Seconds
Solution: 1 4 25 16 12 40 28 10 33 13 48 23 49 37 39 45 21 14 9 50 32 41 43 36 19 46 3 27 6 11 17 47 30 38 42 31 2 26 7 24 15 34 5 18 44 29 22 35 8 20 

Inst_Index:2892 	 City_Num:50 	 Concorde:5.787330 	 MCTS:5.776977 Improve:0.010353 	 Time:3.77 Seconds
Solution: 1 23 19 2 27 44 16 35 12 42 15 49 29 4 40 34 21 28 33 39 43 37 30 14 32 13 26 38 50 41 22 48 17 11 7 18 8 25 36 10 20 3 47 5 46 45 6 24 31 9 

Inst_Index:2893 	 City_Num:50 	 Concorde:6.042046 	 MCTS:6.042046 Improve:-0.000000 	 Time:3.76 Seconds
Solution: 1 23 35 30 10 25 39 15 43 42 40 32 21 34 37 20 14 48 16 46 19 3 13 9 26 50 8 22 5 38 45 41 7 4 29 17 47 11 33 49 36 2 6 18 44 12 31 28 24 27 

Inst_Index:2894 	 City_Num:50 	 Concorde:5.204320 	 MCTS:5.198233 Improve:0.006087 	 Time:3.75 Seconds
Solution: 1 33 39 7 13 15 22 25 9 11 42 3 6 31 34 28 17 35 43 14 48 50 16 32 26 18 23 45 21 19 27 46 29 5 36 8 2 20 30 37 10 38 47 40 44 4 49 12 41 24 

Inst_Index:2895 	 City_Num:50 	 Concorde:5.594553 	 MCTS:5.592153 Improve:0.002400 	 Time:3.79 Seconds
Solution: 1 28 34 7 6 39 18 31 35 36 27 22 45 42 44 21 20 33 11 12 4 19 17 29 8 48 26 47 40 30 37 14 38 50 5 32 25 16 3 10 9 15 49 13 43 46 2 23 41 24 

Inst_Index:2896 	 City_Num:50 	 Concorde:5.676371 	 MCTS:5.674586 Improve:0.001785 	 Time:3.75 Seconds
Solution: 1 27 16 31 14 44 43 26 17 25 13 37 20 33 46 47 22 19 38 2 42 39 11 50 3 48 41 18 15 8 45 12 29 6 21 4 5 7 34 32 23 36 49 28 35 30 10 40 9 24 

Inst_Index:2897 	 City_Num:50 	 Concorde:5.798830 	 MCTS:5.797317 Improve:0.001513 	 Time:3.78 Seconds
Solution: 1 33 26 13 39 22 30 3 49 28 5 40 15 2 12 29 18 9 38 50 34 27 47 36 11 7 6 8 37 4 32 25 41 43 14 42 21 17 35 10 45 16 20 24 46 23 19 48 44 31 

Inst_Index:2898 	 City_Num:50 	 Concorde:5.945560 	 MCTS:5.945560 Improve:0.000000 	 Time:3.76 Seconds
Solution: 1 3 12 29 47 16 41 36 10 39 42 27 35 26 2 24 21 33 43 18 22 13 25 11 31 4 50 19 20 37 40 5 28 7 9 15 6 23 44 49 30 17 48 32 46 14 8 38 45 34 

Inst_Index:2899 	 City_Num:50 	 Concorde:5.634859 	 MCTS:5.627252 Improve:0.007607 	 Time:3.77 Seconds
Solution: 1 36 44 38 10 33 32 39 18 41 29 21 26 47 4 48 24 17 50 12 5 28 27 3 8 14 30 20 35 34 15 43 40 45 31 22 9 2 42 6 19 13 49 23 46 7 16 11 37 25 

Inst_Index:2900 	 City_Num:50 	 Concorde:5.883687 	 MCTS:5.883687 Improve:-0.000000 	 Time:3.76 Seconds
Solution: 1 19 43 26 13 24 15 12 23 2 35 29 14 5 31 37 32 27 21 6 47 10 34 42 17 11 30 28 45 25 8 39 48 22 38 41 20 16 9 44 7 3 18 46 49 4 50 36 40 33 

Inst_Index:2901 	 City_Num:50 	 Concorde:5.961486 	 MCTS:5.961486 Improve:-0.000000 	 Time:3.76 Seconds
Solution: 1 6 30 34 23 11 50 12 18 31 5 17 21 42 8 14 13 7 41 10 35 24 4 49 38 16 25 19 33 43 47 26 9 45 3 40 15 22 39 48 2 28 29 36 20 46 27 44 32 37 

Inst_Index:2902 	 City_Num:50 	 Concorde:6.133745 	 MCTS:6.133745 Improve:0.000000 	 Time:3.76 Seconds
Solution: 1 12 25 46 13 6 3 49 34 23 29 2 32 36 33 20 17 14 18 5 19 26 31 15 45 10 21 42 11 40 43 35 22 28 38 9 44 30 4 47 27 8 41 16 48 7 37 50 24 39 

Inst_Index:2903 	 City_Num:50 	 Concorde:5.521681 	 MCTS:5.518713 Improve:0.002968 	 Time:3.76 Seconds
Solution: 1 23 17 11 18 36 45 42 44 4 10 35 50 43 47 49 31 32 22 8 46 37 25 6 24 7 41 14 27 2 19 48 29 21 20 30 38 40 12 13 28 16 5 39 26 3 15 9 34 33 

Inst_Index:2904 	 City_Num:50 	 Concorde:5.357119 	 MCTS:5.357119 Improve:0.000000 	 Time:3.76 Seconds
Solution: 1 14 38 7 22 27 23 35 34 47 12 29 5 4 37 9 45 18 15 42 31 2 46 36 25 39 8 32 3 19 21 44 48 49 17 41 6 20 26 24 33 11 50 13 43 10 40 28 30 16 

Inst_Index:2905 	 City_Num:50 	 Concorde:5.679569 	 MCTS:5.679569 Improve:0.000000 	 Time:3.75 Seconds
Solution: 1 13 20 38 8 21 37 27 19 42 48 16 31 30 44 7 2 5 28 12 50 45 24 26 49 18 36 25 23 9 32 46 17 6 41 29 3 40 39 33 15 11 43 14 35 34 10 4 47 22 

Inst_Index:2906 	 City_Num:50 	 Concorde:5.749224 	 MCTS:5.749224 Improve:-0.000000 	 Time:3.77 Seconds
Solution: 1 8 32 50 12 20 15 34 22 46 11 2 27 47 38 19 3 40 17 16 10 9 29 28 37 36 31 25 49 43 30 13 35 18 7 14 6 23 26 24 42 41 39 44 33 4 21 5 48 45 

Inst_Index:2907 	 City_Num:50 	 Concorde:5.601165 	 MCTS:5.601165 Improve:-0.000000 	 Time:3.75 Seconds
Solution: 1 3 21 10 27 12 36 41 38 16 22 23 33 11 34 28 14 45 50 9 17 43 7 19 31 13 24 47 44 30 35 42 40 15 37 46 49 18 26 20 25 2 4 39 29 32 6 5 48 8 

Inst_Index:2908 	 City_Num:50 	 Concorde:5.626876 	 MCTS:5.626876 Improve:0.000000 	 Time:3.75 Seconds
Solution: 1 16 41 11 9 39 48 13 33 4 20 3 49 8 15 14 45 36 43 7 18 29 23 38 50 12 44 30 10 6 27 22 47 26 35 5 17 24 21 40 46 19 31 25 28 2 42 37 32 34 

Inst_Index:2909 	 City_Num:50 	 Concorde:5.594367 	 MCTS:5.594367 Improve:0.000000 	 Time:3.75 Seconds
Solution: 1 4 35 29 32 37 33 39 30 45 28 18 48 6 3 12 46 9 42 20 40 43 31 14 24 36 27 16 7 2 25 15 22 26 47 11 19 17 13 41 50 5 49 8 21 10 44 38 23 34 

Inst_Index:2910 	 City_Num:50 	 Concorde:5.684604 	 MCTS:5.684424 Improve:0.000180 	 Time:3.76 Seconds
Solution: 1 31 40 45 26 48 43 18 17 21 33 46 38 41 3 28 10 23 39 6 19 22 25 35 16 11 49 36 27 29 50 24 15 32 37 4 47 7 8 20 5 2 44 14 12 13 9 34 30 42 

Inst_Index:2911 	 City_Num:50 	 Concorde:5.894409 	 MCTS:5.891633 Improve:0.002776 	 Time:3.77 Seconds
Solution: 1 19 7 30 32 39 44 38 10 26 45 3 29 35 42 8 12 49 27 47 50 31 25 21 40 5 28 16 17 14 43 11 23 37 20 34 6 4 18 46 15 9 13 36 33 2 22 48 41 24 

Inst_Index:2912 	 City_Num:50 	 Concorde:5.479488 	 MCTS:5.479488 Improve:0.000000 	 Time:3.77 Seconds
Solution: 1 35 29 27 2 8 25 28 15 19 20 12 33 22 30 39 50 21 16 24 10 41 13 36 9 46 11 34 3 31 40 44 32 6 14 17 26 38 4 49 43 5 7 47 37 48 45 18 42 23 

Inst_Index:2913 	 City_Num:50 	 Concorde:5.484675 	 MCTS:5.484675 Improve:0.000000 	 Time:3.75 Seconds
Solution: 1 25 5 38 18 11 49 36 22 30 43 28 8 46 20 31 26 17 42 50 48 24 2 47 16 37 45 29 44 35 13 14 34 27 39 19 4 32 6 21 9 15 7 10 41 40 33 23 12 3 

Inst_Index:2914 	 City_Num:50 	 Concorde:5.941188 	 MCTS:5.941188 Improve:-0.000000 	 Time:3.76 Seconds
Solution: 1 34 49 12 42 33 29 9 17 25 16 6 26 44 2 45 15 43 11 8 50 14 3 41 30 19 22 23 35 13 5 31 28 40 4 18 7 47 24 48 46 27 10 20 36 21 39 37 38 32 

Inst_Index:2915 	 City_Num:50 	 Concorde:5.830692 	 MCTS:5.830692 Improve:-0.000000 	 Time:3.76 Seconds
Solution: 1 27 25 11 13 44 22 46 4 32 3 19 28 45 39 41 50 15 21 30 18 36 49 12 48 37 6 34 2 9 24 23 40 7 14 47 33 43 35 17 26 5 20 38 10 8 31 29 42 16 

Inst_Index:2916 	 City_Num:50 	 Concorde:5.493714 	 MCTS:5.493714 Improve:-0.000000 	 Time:3.76 Seconds
Solution: 1 18 34 11 39 10 38 2 25 43 26 17 48 37 12 35 42 14 6 9 47 4 7 36 20 15 3 16 5 27 49 31 45 28 41 44 21 13 30 23 24 50 22 19 33 32 29 8 40 46 

Inst_Index:2917 	 City_Num:50 	 Concorde:5.496146 	 MCTS:5.496146 Improve:0.000000 	 Time:3.75 Seconds
Solution: 1 30 40 19 6 32 28 18 7 27 35 11 50 12 4 41 5 15 46 47 17 16 49 21 9 38 45 22 42 20 14 29 3 25 44 10 43 33 2 23 8 34 31 39 48 26 13 36 37 24 

Inst_Index:2918 	 City_Num:50 	 Concorde:5.664669 	 MCTS:5.664669 Improve:0.000000 	 Time:3.76 Seconds
Solution: 1 36 34 46 45 33 15 32 39 47 21 27 12 41 42 28 10 26 31 14 17 19 50 5 48 24 9 43 3 37 30 7 18 35 4 40 44 20 16 8 6 22 2 13 25 29 11 38 23 49 

Inst_Index:2919 	 City_Num:50 	 Concorde:5.725827 	 MCTS:5.725827 Improve:0.000000 	 Time:3.76 Seconds
Solution: 1 30 12 22 24 5 15 16 37 36 48 49 28 42 31 4 33 21 39 20 41 45 50 40 6 43 29 3 35 27 10 9 25 11 13 34 7 32 8 2 47 18 46 19 26 14 38 44 23 17 

Inst_Index:2920 	 City_Num:50 	 Concorde:5.858685 	 MCTS:5.858685 Improve:0.000000 	 Time:3.77 Seconds
Solution: 1 31 34 40 4 21 23 19 47 46 12 11 13 28 8 26 9 50 44 27 38 35 15 20 36 39 32 37 22 24 14 3 42 16 17 49 6 30 29 33 7 25 10 18 45 43 5 2 41 48 

Inst_Index:2921 	 City_Num:50 	 Concorde:5.578815 	 MCTS:5.578815 Improve:0.000000 	 Time:3.76 Seconds
Solution: 1 10 22 38 37 28 15 43 25 26 39 41 12 47 46 2 8 5 7 19 29 49 32 16 45 30 36 27 48 34 42 44 31 14 11 50 40 33 24 9 17 21 6 18 4 35 3 20 23 13 

Inst_Index:2922 	 City_Num:50 	 Concorde:5.590104 	 MCTS:5.590047 Improve:0.000058 	 Time:3.75 Seconds
Solution: 1 36 11 20 4 43 48 19 33 42 18 32 2 21 15 30 8 5 50 29 45 49 23 3 47 40 27 39 24 46 31 38 16 22 37 14 6 7 41 25 44 13 12 34 28 35 17 26 10 9 

Inst_Index:2923 	 City_Num:50 	 Concorde:5.830298 	 MCTS:5.823937 Improve:0.006361 	 Time:3.76 Seconds
Solution: 1 49 15 44 22 23 45 33 24 2 27 16 36 11 28 7 41 37 19 13 3 26 40 42 12 29 43 5 10 39 38 47 48 8 30 31 25 21 50 4 46 32 17 14 20 9 35 18 6 34 

Inst_Index:2924 	 City_Num:50 	 Concorde:5.612720 	 MCTS:5.612720 Improve:0.000000 	 Time:3.76 Seconds
Solution: 1 20 25 36 2 49 4 18 3 44 31 27 19 21 43 37 12 28 23 32 42 29 48 11 14 45 22 38 5 15 26 24 46 17 50 7 40 8 35 47 33 9 16 30 13 10 41 39 6 34 

Inst_Index:2925 	 City_Num:50 	 Concorde:5.880123 	 MCTS:5.880123 Improve:0.000000 	 Time:3.75 Seconds
Solution: 1 46 22 41 7 16 9 50 49 11 23 35 6 31 34 36 20 37 8 19 30 18 42 45 43 2 27 33 13 12 38 17 32 25 10 29 40 15 14 4 39 48 26 24 3 5 47 44 21 28 

Inst_Index:2926 	 City_Num:50 	 Concorde:6.035694 	 MCTS:6.035694 Improve:0.000000 	 Time:3.75 Seconds
Solution: 1 25 21 10 7 23 8 16 47 20 49 36 11 9 31 26 14 39 34 48 22 12 28 33 3 13 43 35 40 27 38 18 4 15 5 24 32 30 44 19 2 29 6 46 50 37 42 41 17 45 

Inst_Index:2927 	 City_Num:50 	 Concorde:5.893547 	 MCTS:5.893328 Improve:0.000219 	 Time:3.77 Seconds
Solution: 1 15 18 37 7 29 6 46 3 36 40 10 23 8 31 27 38 17 20 26 43 45 41 4 14 13 19 34 2 32 49 47 24 33 25 5 39 22 35 16 30 28 42 48 12 50 21 11 9 44 

Inst_Index:2928 	 City_Num:50 	 Concorde:5.642314 	 MCTS:5.642314 Improve:-0.000000 	 Time:3.75 Seconds
Solution: 1 12 15 4 43 23 46 17 20 9 18 32 14 13 38 39 7 5 24 29 8 3 49 19 27 48 30 22 40 6 25 21 2 16 44 31 41 10 45 33 47 50 42 34 26 35 28 11 36 37 

Inst_Index:2929 	 City_Num:50 	 Concorde:5.434180 	 MCTS:5.426622 Improve:0.007558 	 Time:3.75 Seconds
Solution: 1 20 21 37 49 17 40 24 7 29 6 28 30 32 35 23 14 26 22 44 33 16 3 4 34 46 48 2 19 10 38 39 9 45 41 12 15 47 42 31 36 18 43 25 8 5 13 11 50 27 

Inst_Index:2930 	 City_Num:50 	 Concorde:5.394009 	 MCTS:5.394009 Improve:0.000000 	 Time:3.75 Seconds
Solution: 1 5 3 37 18 23 16 12 30 24 41 36 7 6 20 9 31 21 28 50 32 11 14 38 2 33 39 29 15 34 27 26 40 13 19 17 46 25 49 35 43 45 48 44 8 10 42 4 22 47 

Inst_Index:2931 	 City_Num:50 	 Concorde:5.490277 	 MCTS:5.490277 Improve:0.000000 	 Time:3.75 Seconds
Solution: 1 9 20 49 40 46 33 6 23 24 48 44 21 26 2 10 13 14 22 17 15 47 5 8 27 31 34 29 36 4 16 39 43 42 7 3 19 41 45 18 35 32 12 25 38 28 50 30 11 37 

Inst_Index:2932 	 City_Num:50 	 Concorde:5.771703 	 MCTS:5.771703 Improve:0.000000 	 Time:3.75 Seconds
Solution: 1 6 8 31 12 15 2 24 44 26 5 25 50 38 47 43 27 4 48 39 17 16 20 10 3 28 46 22 30 42 34 40 9 19 11 37 23 41 35 49 21 18 29 33 32 36 14 7 45 13 

Inst_Index:2933 	 City_Num:50 	 Concorde:5.677764 	 MCTS:5.677764 Improve:0.000000 	 Time:3.75 Seconds
Solution: 1 10 26 34 35 3 39 5 8 19 30 21 27 31 33 48 32 7 13 17 14 36 18 6 20 46 11 9 45 41 50 44 23 24 37 49 28 22 40 2 29 47 16 15 25 4 43 12 38 42 

Inst_Index:2934 	 City_Num:50 	 Concorde:6.005534 	 MCTS:6.005534 Improve:0.000000 	 Time:3.76 Seconds
Solution: 1 15 14 36 2 32 39 20 46 26 22 11 33 30 6 12 18 10 44 40 50 41 5 28 9 49 38 34 37 24 7 4 43 8 47 42 17 23 25 29 13 19 48 27 45 31 16 3 35 21 

Inst_Index:2935 	 City_Num:50 	 Concorde:5.481309 	 MCTS:5.481309 Improve:-0.000000 	 Time:3.75 Seconds
Solution: 1 18 42 40 41 29 8 6 23 3 44 31 32 25 45 16 39 30 50 12 34 48 19 17 7 37 26 14 11 33 4 38 5 20 9 47 46 10 28 21 35 22 27 36 2 49 15 24 13 43 

Inst_Index:2936 	 City_Num:50 	 Concorde:5.816627 	 MCTS:5.816627 Improve:0.000000 	 Time:3.76 Seconds
Solution: 1 33 43 42 29 34 41 49 13 39 37 25 50 16 45 48 18 2 32 36 27 10 23 4 26 31 8 11 5 7 20 19 40 9 35 21 22 28 24 17 12 14 47 6 30 38 46 15 3 44 

Inst_Index:2937 	 City_Num:50 	 Concorde:5.691130 	 MCTS:5.691130 Improve:0.000000 	 Time:3.76 Seconds
Solution: 1 2 16 49 12 15 8 32 3 46 50 29 10 19 41 38 24 34 28 48 44 21 13 45 11 4 31 35 47 33 5 23 42 7 14 37 39 22 18 17 9 6 27 25 20 30 43 26 36 40 

Inst_Index:2938 	 City_Num:50 	 Concorde:5.685236 	 MCTS:5.685236 Improve:-0.000000 	 Time:3.76 Seconds
Solution: 1 6 24 22 34 30 27 35 45 8 38 3 4 12 17 41 19 13 47 46 28 25 20 29 42 5 23 44 7 50 32 2 33 40 16 11 37 39 49 48 43 18 36 26 9 21 14 31 10 15 

Inst_Index:2939 	 City_Num:50 	 Concorde:5.940581 	 MCTS:5.940581 Improve:0.000000 	 Time:3.76 Seconds
Solution: 1 40 19 28 32 50 11 18 44 47 49 22 38 12 31 9 36 46 10 23 20 48 2 27 26 37 30 6 13 15 14 8 43 35 21 34 42 33 24 29 45 4 3 25 41 16 5 7 39 17 

Inst_Index:2940 	 City_Num:50 	 Concorde:5.460660 	 MCTS:5.455619 Improve:0.005041 	 Time:3.76 Seconds
Solution: 1 49 16 37 19 43 13 26 6 38 45 41 40 17 39 8 2 11 33 4 28 24 47 36 18 48 34 46 44 31 5 50 30 42 21 29 32 12 35 10 3 23 14 9 27 20 15 7 25 22 

Inst_Index:2941 	 City_Num:50 	 Concorde:5.916854 	 MCTS:5.916854 Improve:0.000000 	 Time:3.77 Seconds
Solution: 1 46 39 20 13 16 34 31 6 27 48 19 17 43 2 15 45 32 29 24 4 38 28 8 3 23 9 26 47 33 12 41 14 7 42 37 11 40 21 22 35 49 44 30 18 10 36 5 50 25 

Inst_Index:2942 	 City_Num:50 	 Concorde:5.895531 	 MCTS:5.890526 Improve:0.005005 	 Time:3.76 Seconds
Solution: 1 46 34 26 50 37 29 10 18 49 12 7 33 35 24 17 8 47 43 31 40 22 48 19 11 2 20 28 15 16 30 23 32 38 6 21 9 44 45 3 5 39 4 25 27 13 41 14 36 42 

Inst_Index:2943 	 City_Num:50 	 Concorde:5.778202 	 MCTS:5.778202 Improve:-0.000000 	 Time:3.75 Seconds
Solution: 1 10 34 28 37 49 39 35 24 47 21 20 45 48 38 11 46 4 41 13 17 5 7 9 33 3 2 29 18 36 32 25 42 22 23 8 40 44 15 50 14 43 19 26 30 12 16 27 6 31 

Inst_Index:2944 	 City_Num:50 	 Concorde:5.802905 	 MCTS:5.802905 Improve:-0.000000 	 Time:3.75 Seconds
Solution: 1 10 31 39 22 15 48 43 45 20 41 14 38 12 4 21 8 35 18 37 30 13 23 29 17 6 5 47 27 26 42 11 49 9 36 7 34 19 40 2 33 25 16 32 3 46 24 44 28 50 

Inst_Index:2945 	 City_Num:50 	 Concorde:5.440003 	 MCTS:5.431198 Improve:0.008805 	 Time:3.76 Seconds
Solution: 1 40 47 16 33 34 18 35 4 24 31 49 28 44 20 37 3 10 26 23 19 32 22 29 45 14 6 12 38 30 5 9 39 2 50 27 13 15 25 17 48 8 7 46 42 41 11 21 43 36 

Inst_Index:2946 	 City_Num:50 	 Concorde:5.694613 	 MCTS:5.693785 Improve:0.000828 	 Time:3.76 Seconds
Solution: 1 37 16 20 14 32 2 29 44 24 40 28 42 31 48 18 50 26 17 3 7 38 22 46 6 41 23 21 45 49 8 11 34 12 10 30 25 5 35 13 39 27 19 4 33 43 36 47 9 15 

Inst_Index:2947 	 City_Num:50 	 Concorde:5.963582 	 MCTS:5.963421 Improve:0.000161 	 Time:3.76 Seconds
Solution: 1 36 30 15 8 22 40 16 25 26 13 48 27 37 49 21 50 32 7 38 28 19 11 20 6 33 24 45 5 46 12 4 42 47 2 9 17 39 43 3 10 31 23 41 14 18 34 29 35 44 

Inst_Index:2948 	 City_Num:50 	 Concorde:5.532076 	 MCTS:5.532076 Improve:0.000000 	 Time:3.76 Seconds
Solution: 1 21 18 13 7 6 44 8 30 5 27 24 19 17 40 42 22 41 12 49 23 48 28 36 3 46 15 34 43 14 45 2 4 50 35 16 9 26 20 37 29 38 33 32 47 11 10 31 25 39 

Inst_Index:2949 	 City_Num:50 	 Concorde:5.265667 	 MCTS:5.265667 Improve:-0.000000 	 Time:3.75 Seconds
Solution: 1 26 3 37 12 34 29 33 38 35 23 28 50 19 4 20 7 11 49 39 30 21 10 43 6 8 2 16 17 48 44 40 32 9 14 46 18 22 45 27 5 31 42 41 15 47 25 13 36 24 

Inst_Index:2950 	 City_Num:50 	 Concorde:5.910033 	 MCTS:5.909001 Improve:0.001032 	 Time:3.75 Seconds
Solution: 1 36 37 8 11 26 9 12 41 10 47 48 25 40 29 15 27 43 4 45 23 50 32 6 42 2 13 46 3 33 35 20 38 30 17 34 19 18 44 5 28 16 22 49 21 14 7 31 39 24 

Inst_Index:2951 	 City_Num:50 	 Concorde:5.588653 	 MCTS:5.588653 Improve:-0.000000 	 Time:3.77 Seconds
Solution: 1 40 13 2 46 37 35 20 6 8 23 14 43 36 17 5 21 30 22 24 29 9 28 41 7 39 31 15 48 47 49 34 38 19 45 42 50 4 32 11 3 44 25 18 12 10 33 16 27 26 

Inst_Index:2952 	 City_Num:50 	 Concorde:5.783410 	 MCTS:5.779939 Improve:0.003471 	 Time:3.76 Seconds
Solution: 1 38 3 49 45 20 9 7 16 12 2 41 34 44 14 27 18 19 40 10 8 25 17 33 50 6 43 29 15 26 11 36 23 5 32 37 28 42 24 48 30 4 47 22 13 21 39 46 31 35 

Inst_Index:2953 	 City_Num:50 	 Concorde:5.245972 	 MCTS:5.245972 Improve:-0.000000 	 Time:3.76 Seconds
Solution: 1 47 5 44 14 4 48 30 26 46 38 37 40 2 12 15 35 23 34 10 19 31 43 9 22 21 24 41 29 16 20 6 39 42 13 49 28 33 27 45 3 36 11 18 8 32 50 17 25 7 

Inst_Index:2954 	 City_Num:50 	 Concorde:6.199630 	 MCTS:6.199630 Improve:0.000000 	 Time:3.76 Seconds
Solution: 1 30 21 4 25 28 18 40 10 5 36 3 43 6 39 24 26 20 22 31 17 50 9 19 7 16 15 41 12 2 47 45 27 29 34 35 8 42 37 11 46 14 33 38 48 23 32 44 49 13 

Inst_Index:2955 	 City_Num:50 	 Concorde:5.496089 	 MCTS:5.496089 Improve:0.000000 	 Time:3.76 Seconds
Solution: 1 43 47 28 2 21 12 29 27 20 34 22 24 37 14 18 38 42 25 48 41 8 9 33 3 16 23 11 35 5 19 7 13 4 45 49 46 50 17 32 15 6 39 31 26 30 40 36 44 10 

Inst_Index:2956 	 City_Num:50 	 Concorde:5.993923 	 MCTS:5.987625 Improve:0.006298 	 Time:3.76 Seconds
Solution: 1 14 33 34 45 38 42 20 49 22 12 10 43 44 29 13 26 27 41 48 15 3 7 50 31 35 8 37 40 21 28 6 5 17 19 30 4 46 9 11 25 32 24 2 18 39 36 16 23 47 

Inst_Index:2957 	 City_Num:50 	 Concorde:5.763767 	 MCTS:5.758206 Improve:0.005561 	 Time:3.76 Seconds
Solution: 1 26 23 17 30 49 7 6 14 2 43 28 44 21 9 15 31 45 16 33 3 38 18 41 48 8 10 35 27 19 29 4 12 20 42 34 40 37 46 47 25 36 39 13 50 11 5 24 32 22 

Inst_Index:2958 	 City_Num:50 	 Concorde:5.733527 	 MCTS:5.733527 Improve:0.000000 	 Time:3.77 Seconds
Solution: 1 11 40 32 20 9 4 30 37 49 33 7 46 12 6 13 21 16 26 45 39 23 19 27 5 17 35 38 15 31 2 34 42 3 48 10 36 8 24 43 25 18 14 28 22 44 50 47 29 41 

Inst_Index:2959 	 City_Num:50 	 Concorde:5.493002 	 MCTS:5.493002 Improve:-0.000000 	 Time:3.76 Seconds
Solution: 1 12 34 23 13 15 37 44 42 29 21 7 27 9 17 33 43 3 46 16 2 49 20 25 40 50 38 11 41 26 47 5 48 28 35 19 39 6 30 24 32 10 8 45 36 22 31 4 14 18 

Inst_Index:2960 	 City_Num:50 	 Concorde:5.871205 	 MCTS:5.864751 Improve:0.006455 	 Time:3.78 Seconds
Solution: 1 7 5 28 29 12 25 38 21 3 46 48 20 27 9 40 41 47 43 31 42 37 39 34 15 35 2 10 30 11 36 44 50 16 45 19 26 22 23 32 8 13 6 14 17 4 49 33 18 24 

Inst_Index:2961 	 City_Num:50 	 Concorde:5.620934 	 MCTS:5.620934 Improve:0.000000 	 Time:3.76 Seconds
Solution: 1 49 5 36 4 41 19 17 9 27 20 40 10 12 33 13 14 26 47 16 29 15 38 30 34 37 39 18 22 28 42 21 3 46 23 48 7 31 45 2 24 50 44 8 32 25 11 35 43 6 

Inst_Index:2962 	 City_Num:50 	 Concorde:5.223016 	 MCTS:5.223016 Improve:0.000000 	 Time:3.77 Seconds
Solution: 1 17 7 28 49 40 36 11 31 14 34 46 29 27 4 13 42 2 35 19 32 43 50 10 25 44 47 39 48 15 9 33 20 6 41 3 18 37 21 8 30 5 12 26 16 22 23 24 38 45 

Inst_Index:2963 	 City_Num:50 	 Concorde:5.382651 	 MCTS:5.379841 Improve:0.002810 	 Time:3.77 Seconds
Solution: 1 28 33 15 48 29 34 8 9 23 20 46 25 37 40 13 44 12 35 17 2 42 50 4 10 11 6 19 32 26 3 7 27 5 39 18 49 36 22 30 14 16 24 41 21 47 45 38 43 31 

Inst_Index:2964 	 City_Num:50 	 Concorde:5.445021 	 MCTS:5.445021 Improve:-0.000000 	 Time:3.77 Seconds
Solution: 1 20 38 30 25 4 43 11 31 14 45 12 27 10 49 9 42 34 26 22 33 36 3 18 13 29 21 41 6 24 19 47 40 46 50 28 5 8 7 37 17 35 44 2 16 32 23 15 48 39 

Inst_Index:2965 	 City_Num:50 	 Concorde:5.445141 	 MCTS:5.445141 Improve:-0.000000 	 Time:3.75 Seconds
Solution: 1 29 11 4 27 36 14 43 5 40 35 49 22 31 7 46 9 15 45 3 21 33 48 12 2 10 16 47 13 26 6 50 32 39 37 28 42 25 30 20 18 8 23 34 44 17 41 38 24 19 

Inst_Index:2966 	 City_Num:50 	 Concorde:6.120409 	 MCTS:6.118072 Improve:0.002336 	 Time:3.76 Seconds
Solution: 1 8 47 11 12 9 49 34 22 46 7 13 42 29 23 41 27 14 36 15 2 31 19 48 10 44 28 17 43 25 6 20 50 37 18 24 21 30 33 16 26 38 45 3 40 5 4 35 39 32 

Inst_Index:2967 	 City_Num:50 	 Concorde:5.387238 	 MCTS:5.387238 Improve:0.000000 	 Time:3.75 Seconds
Solution: 1 44 18 24 50 39 40 49 7 36 12 45 33 38 5 28 4 22 6 11 21 27 47 31 32 23 14 17 3 15 16 34 25 42 37 29 30 13 35 46 20 2 9 41 43 48 8 26 10 19 

Inst_Index:2968 	 City_Num:50 	 Concorde:5.790353 	 MCTS:5.790353 Improve:-0.000000 	 Time:3.76 Seconds
Solution: 1 14 2 8 33 21 10 25 20 37 11 9 49 45 40 27 42 12 4 5 6 18 17 43 41 47 44 39 32 13 26 24 38 19 7 23 36 28 30 22 29 15 46 48 35 3 31 50 16 34 

Inst_Index:2969 	 City_Num:50 	 Concorde:5.837475 	 MCTS:5.837475 Improve:0.000000 	 Time:3.78 Seconds
Solution: 1 12 37 42 19 43 17 35 21 26 30 18 24 8 39 23 2 50 33 29 14 10 38 3 13 49 46 11 4 6 44 47 45 20 15 9 25 41 27 32 5 22 36 31 28 34 48 16 40 7 

Inst_Index:2970 	 City_Num:50 	 Concorde:6.077749 	 MCTS:6.077749 Improve:-0.000000 	 Time:3.77 Seconds
Solution: 1 16 3 47 4 15 32 23 48 45 28 20 33 41 27 14 26 39 49 19 50 37 24 17 11 29 25 30 40 7 38 13 18 10 31 21 8 43 6 34 5 12 36 42 44 46 9 22 35 2 

Inst_Index:2971 	 City_Num:50 	 Concorde:5.718063 	 MCTS:5.710194 Improve:0.007869 	 Time:3.76 Seconds
Solution: 1 44 22 25 31 48 41 13 33 19 43 35 38 28 16 21 46 37 27 26 49 17 50 40 9 20 11 23 10 8 6 32 3 47 39 4 24 15 34 36 30 42 7 45 29 2 12 18 14 5 

Inst_Index:2972 	 City_Num:50 	 Concorde:5.879171 	 MCTS:5.874072 Improve:0.005099 	 Time:3.75 Seconds
Solution: 1 38 17 33 50 40 14 6 39 26 47 32 41 24 36 46 11 21 12 25 16 31 37 30 15 22 42 3 5 27 2 19 43 7 49 4 29 13 45 9 10 18 34 8 20 44 23 48 35 28 

Inst_Index:2973 	 City_Num:50 	 Concorde:5.542519 	 MCTS:5.542519 Improve:-0.000000 	 Time:3.77 Seconds
Solution: 1 45 26 24 17 4 9 14 41 39 15 35 47 34 18 42 28 50 3 48 33 40 49 6 31 19 27 2 23 22 30 43 8 37 36 38 20 11 46 21 10 12 7 5 44 25 16 29 13 32 

Inst_Index:2974 	 City_Num:50 	 Concorde:5.590393 	 MCTS:5.586881 Improve:0.003512 	 Time:3.78 Seconds
Solution: 1 14 17 11 22 13 43 27 34 6 15 47 21 36 44 29 39 23 30 10 31 12 35 7 42 5 40 19 33 25 50 18 24 48 8 3 20 38 46 45 4 41 32 49 9 37 26 16 2 28 

Inst_Index:2975 	 City_Num:50 	 Concorde:6.077837 	 MCTS:6.077837 Improve:-0.000000 	 Time:3.76 Seconds
Solution: 1 39 44 29 24 14 23 48 2 32 17 30 15 4 46 31 38 43 36 20 22 42 50 40 8 6 9 26 27 12 25 33 34 47 19 5 10 3 18 37 16 49 11 13 35 41 7 28 45 21 

Inst_Index:2976 	 City_Num:50 	 Concorde:6.089772 	 MCTS:6.089772 Improve:-0.000000 	 Time:3.76 Seconds
Solution: 1 28 48 12 35 34 3 24 20 26 19 23 14 30 17 39 41 22 2 44 40 11 6 21 5 43 8 16 27 33 36 31 47 10 25 45 13 4 37 46 7 29 18 49 9 42 38 15 32 50 

Inst_Index:2977 	 City_Num:50 	 Concorde:5.551394 	 MCTS:5.551394 Improve:-0.000000 	 Time:3.76 Seconds
Solution: 1 24 12 18 28 13 43 23 44 39 34 8 29 16 48 2 33 36 27 38 41 45 7 31 46 42 49 4 25 50 9 32 21 40 5 6 15 19 47 37 3 10 35 20 22 14 30 26 17 11 

Inst_Index:2978 	 City_Num:50 	 Concorde:5.158450 	 MCTS:5.156756 Improve:0.001694 	 Time:3.76 Seconds
Solution: 1 50 14 2 30 19 3 45 43 25 5 48 8 26 40 38 11 22 29 16 15 10 34 20 12 42 35 28 32 41 17 13 18 21 27 9 6 7 44 23 31 39 4 33 24 47 37 49 46 36 

Inst_Index:2979 	 City_Num:50 	 Concorde:5.750372 	 MCTS:5.750372 Improve:0.000000 	 Time:3.76 Seconds
Solution: 1 27 36 31 8 4 20 26 32 48 43 37 49 42 24 34 14 15 18 29 21 17 30 39 13 28 40 47 6 44 22 11 12 46 25 50 3 35 16 41 19 2 33 9 38 45 23 7 5 10 

Inst_Index:2980 	 City_Num:50 	 Concorde:5.547480 	 MCTS:5.547480 Improve:-0.000000 	 Time:3.76 Seconds
Solution: 1 32 40 45 30 44 34 12 24 22 18 38 14 28 35 48 36 47 4 26 27 15 43 11 8 29 25 31 42 7 37 50 33 16 5 39 46 9 21 19 20 2 6 49 10 41 13 23 17 3 

Inst_Index:2981 	 City_Num:50 	 Concorde:5.254189 	 MCTS:5.254189 Improve:0.000000 	 Time:3.75 Seconds
Solution: 1 13 33 26 30 45 7 41 48 11 5 38 12 34 2 25 31 40 49 20 4 37 47 10 9 39 6 28 8 27 14 46 42 24 35 22 50 36 17 16 44 15 3 18 43 19 32 29 21 23 

Inst_Index:2982 	 City_Num:50 	 Concorde:5.701079 	 MCTS:5.701079 Improve:0.000000 	 Time:3.75 Seconds
Solution: 1 37 8 10 20 49 19 32 27 50 22 42 12 31 34 28 6 2 24 41 38 44 33 30 4 14 3 43 35 46 39 16 29 21 11 13 9 17 36 40 5 48 18 23 26 15 7 47 45 25 

Inst_Index:2983 	 City_Num:50 	 Concorde:5.493720 	 MCTS:5.482635 Improve:0.011085 	 Time:3.76 Seconds
Solution: 1 14 36 10 27 13 46 38 28 15 30 42 11 12 29 9 25 39 35 8 19 48 37 34 3 18 17 16 43 6 49 21 4 31 23 24 2 47 50 44 26 32 7 33 41 45 22 20 40 5 

Inst_Index:2984 	 City_Num:50 	 Concorde:5.329658 	 MCTS:5.327982 Improve:0.001676 	 Time:3.76 Seconds
Solution: 1 48 14 35 30 7 47 26 11 49 50 39 31 37 23 41 17 36 38 42 32 40 20 8 16 13 45 9 15 27 46 34 5 44 33 18 19 12 29 24 10 21 25 6 2 22 28 43 3 4 

Inst_Index:2985 	 City_Num:50 	 Concorde:5.793231 	 MCTS:5.793231 Improve:-0.000000 	 Time:3.75 Seconds
Solution: 1 27 32 16 34 26 3 11 42 46 19 24 9 5 39 29 45 13 43 38 21 8 4 10 48 40 37 15 35 47 41 33 12 30 25 31 7 44 20 6 22 36 2 50 28 17 23 14 18 49 

Inst_Index:2986 	 City_Num:50 	 Concorde:5.850345 	 MCTS:5.841981 Improve:0.008363 	 Time:3.76 Seconds
Solution: 1 34 14 36 17 3 6 46 39 28 27 16 11 47 33 25 18 29 48 10 45 23 2 32 20 50 30 35 19 4 44 37 12 21 22 24 26 13 5 31 49 41 38 7 8 9 43 15 42 40 

Inst_Index:2987 	 City_Num:50 	 Concorde:6.155872 	 MCTS:6.155872 Improve:0.000000 	 Time:3.77 Seconds
Solution: 1 30 31 23 32 6 8 44 14 41 10 35 24 36 48 34 19 4 22 3 17 9 7 18 13 20 26 21 12 47 49 45 37 27 15 16 5 40 50 38 28 33 11 2 43 46 39 25 29 42 

Inst_Index:2988 	 City_Num:50 	 Concorde:6.144463 	 MCTS:6.144463 Improve:-0.000000 	 Time:3.76 Seconds
Solution: 1 42 41 9 13 19 3 28 2 30 22 14 37 8 6 23 26 12 29 10 4 11 20 15 5 25 21 24 43 35 32 40 27 38 44 7 45 18 34 39 46 17 31 16 50 33 48 49 47 36 

Inst_Index:2989 	 City_Num:50 	 Concorde:5.766788 	 MCTS:5.766788 Improve:-0.000000 	 Time:3.78 Seconds
Solution: 1 5 17 4 46 14 8 12 31 3 23 16 45 41 21 40 33 6 19 24 50 30 28 34 10 49 42 38 13 7 29 44 43 20 22 37 11 26 39 15 48 27 18 9 36 35 2 32 25 47 

Inst_Index:2990 	 City_Num:50 	 Concorde:6.213025 	 MCTS:6.212018 Improve:0.001007 	 Time:3.76 Seconds
Solution: 1 37 15 21 47 42 12 19 43 30 25 22 11 18 24 32 49 41 10 14 40 8 23 13 38 33 29 48 50 27 6 28 2 45 44 46 20 39 7 34 17 16 3 5 26 9 31 36 35 4 

Inst_Index:2991 	 City_Num:50 	 Concorde:5.123104 	 MCTS:5.123104 Improve:0.000000 	 Time:3.75 Seconds
Solution: 1 17 5 19 7 37 38 48 34 24 31 44 15 25 28 42 8 36 50 22 27 45 16 29 23 39 41 40 47 18 49 13 14 2 33 30 26 11 12 32 4 35 9 43 6 46 3 20 10 21 

Inst_Index:2992 	 City_Num:50 	 Concorde:5.230771 	 MCTS:5.230771 Improve:0.000000 	 Time:3.77 Seconds
Solution: 1 7 15 6 34 49 23 5 41 44 43 31 33 50 46 8 35 45 27 9 36 20 40 3 21 29 30 38 12 25 22 32 16 18 10 2 37 11 17 19 26 28 4 13 24 14 42 47 39 48 

Inst_Index:2993 	 City_Num:50 	 Concorde:5.540858 	 MCTS:5.534623 Improve:0.006236 	 Time:3.78 Seconds
Solution: 1 18 9 46 25 5 39 50 30 14 3 8 19 29 41 37 28 24 10 12 34 6 33 40 17 4 32 44 20 45 7 13 21 38 22 43 35 2 42 26 48 11 47 23 49 15 16 27 36 31 

Inst_Index:2994 	 City_Num:50 	 Concorde:5.955870 	 MCTS:5.955870 Improve:0.000000 	 Time:3.76 Seconds
Solution: 1 26 18 6 8 11 47 30 40 44 15 20 23 28 42 2 3 37 31 45 13 22 24 4 33 36 9 19 21 10 32 17 46 35 43 39 14 5 48 27 38 50 12 29 49 34 16 7 41 25 

Inst_Index:2995 	 City_Num:50 	 Concorde:6.103859 	 MCTS:6.103859 Improve:-0.000000 	 Time:3.76 Seconds
Solution: 1 7 27 45 6 19 36 37 31 23 10 18 16 50 15 43 22 30 21 48 44 26 39 14 42 41 38 20 13 33 5 9 4 25 34 29 46 35 49 17 8 11 24 32 3 2 47 40 12 28 

Inst_Index:2996 	 City_Num:50 	 Concorde:5.783087 	 MCTS:5.783087 Improve:0.000000 	 Time:3.78 Seconds
Solution: 1 14 28 22 18 36 11 39 30 20 42 8 19 50 17 46 15 27 4 3 33 9 40 32 24 37 13 26 29 7 45 35 47 38 41 48 6 12 25 5 2 49 31 43 21 16 34 10 44 23 

Inst_Index:2997 	 City_Num:50 	 Concorde:5.802488 	 MCTS:5.795831 Improve:0.006657 	 Time:3.76 Seconds
Solution: 1 43 45 2 23 29 22 40 49 27 14 17 39 41 13 21 28 4 11 36 48 31 20 9 19 16 24 32 26 35 37 25 44 8 7 34 42 3 18 47 12 38 33 50 10 5 15 46 6 30 

Inst_Index:2998 	 City_Num:50 	 Concorde:5.941196 	 MCTS:5.941196 Improve:0.000000 	 Time:3.77 Seconds
Solution: 1 11 50 24 28 22 46 10 5 42 25 14 39 48 35 13 30 29 3 19 47 9 33 16 31 37 7 6 8 45 32 43 38 18 23 21 20 26 2 41 36 49 40 27 44 4 17 34 12 15 

Inst_Index:2999 	 City_Num:50 	 Concorde:5.418074 	 MCTS:5.418074 Improve:0.000000 	 Time:3.77 Seconds
Solution: 1 10 44 11 39 15 42 17 8 18 23 24 41 21 30 19 45 38 40 35 37 6 27 46 25 28 5 47 32 3 26 14 9 36 7 49 50 29 4 12 13 33 31 20 34 48 2 16 43 22 

Inst_Index:3000 	 City_Num:50 	 Concorde:6.032197 	 MCTS:6.025669 Improve:0.006528 	 Time:3.76 Seconds
Solution: 1 4 10 29 21 2 15 34 50 39 9 16 3 42 22 26 28 7 37 44 40 43 35 49 5 38 30 47 46 31 12 24 13 11 41 25 33 32 36 27 17 23 8 20 18 6 48 19 14 45 

Inst_Index:3001 	 City_Num:50 	 Concorde:5.751745 	 MCTS:5.751745 Improve:0.000000 	 Time:3.76 Seconds
Solution: 1 7 4 44 19 48 29 2 31 11 30 13 6 23 47 15 25 42 27 17 9 28 5 3 10 37 33 16 26 50 34 32 49 14 39 35 38 22 21 12 24 20 40 45 41 36 18 43 46 8 

Inst_Index:3002 	 City_Num:50 	 Concorde:5.737057 	 MCTS:5.737057 Improve:0.000000 	 Time:3.76 Seconds
Solution: 1 26 50 18 28 30 10 20 21 15 34 38 36 41 4 48 14 29 12 35 40 31 5 46 27 3 32 42 37 47 39 49 11 43 45 6 17 19 8 25 44 2 23 9 16 22 7 33 24 13 

Inst_Index:3003 	 City_Num:50 	 Concorde:5.460178 	 MCTS:5.460178 Improve:0.000000 	 Time:3.75 Seconds
Solution: 1 49 18 17 33 27 47 24 40 34 3 46 21 9 15 22 10 8 48 50 5 29 31 11 20 32 42 13 26 43 14 2 36 4 6 7 30 23 37 41 38 45 16 28 39 35 12 19 44 25 

Inst_Index:3004 	 City_Num:50 	 Concorde:5.818630 	 MCTS:5.817434 Improve:0.001196 	 Time:3.76 Seconds
Solution: 1 16 15 22 11 49 36 18 9 45 7 20 10 50 25 39 5 32 30 37 48 2 21 29 14 35 12 34 4 47 42 41 44 17 38 13 26 28 6 23 33 27 19 43 3 31 46 24 8 40 

Inst_Index:3005 	 City_Num:50 	 Concorde:5.851742 	 MCTS:5.851742 Improve:-0.000000 	 Time:3.75 Seconds
Solution: 1 31 49 41 42 46 24 8 27 44 11 9 5 43 2 10 45 38 6 34 50 36 19 48 30 28 35 12 13 25 32 3 18 29 20 37 40 16 22 15 26 4 7 47 39 21 14 23 33 17 

Inst_Index:3006 	 City_Num:50 	 Concorde:5.406552 	 MCTS:5.406552 Improve:0.000000 	 Time:3.75 Seconds
Solution: 1 5 8 6 43 16 29 11 44 31 42 18 32 12 13 49 34 2 4 20 33 48 36 41 23 19 46 37 17 22 25 27 26 7 50 21 39 35 15 38 45 28 47 30 9 14 10 40 24 3 

Inst_Index:3007 	 City_Num:50 	 Concorde:5.843154 	 MCTS:5.843154 Improve:-0.000000 	 Time:3.75 Seconds
Solution: 1 27 39 31 43 35 5 45 13 40 17 21 33 7 16 34 22 2 28 18 12 11 42 46 44 3 36 41 49 29 26 32 8 50 14 20 15 10 24 19 9 6 37 23 48 38 4 25 30 47 

Inst_Index:3008 	 City_Num:50 	 Concorde:6.223279 	 MCTS:6.223279 Improve:-0.000000 	 Time:3.76 Seconds
Solution: 1 4 39 2 38 47 10 44 33 30 43 26 46 6 20 15 28 22 11 13 40 9 35 50 29 49 3 17 25 21 8 42 18 41 5 23 24 36 48 27 31 32 34 37 14 16 12 7 19 45 

Inst_Index:3009 	 City_Num:50 	 Concorde:5.582617 	 MCTS:5.582617 Improve:0.000000 	 Time:3.76 Seconds
Solution: 1 4 11 3 49 44 36 10 34 20 24 16 37 42 23 45 32 43 2 25 5 48 8 6 12 41 21 22 15 50 31 14 7 30 38 9 29 18 13 27 17 28 47 40 33 46 19 39 26 35 

Inst_Index:3010 	 City_Num:50 	 Concorde:5.729788 	 MCTS:5.720526 Improve:0.009263 	 Time:3.78 Seconds
Solution: 1 5 34 10 48 50 18 13 3 44 43 6 47 35 36 12 11 16 40 32 7 38 21 31 33 28 23 2 20 4 42 37 46 17 22 8 41 14 19 45 27 24 15 25 30 39 49 29 9 26 

Inst_Index:3011 	 City_Num:50 	 Concorde:5.988200 	 MCTS:5.988200 Improve:0.000000 	 Time:3.75 Seconds
Solution: 1 10 38 45 31 14 16 27 43 48 40 42 36 25 23 29 3 17 9 37 12 7 30 2 47 6 4 33 41 49 19 26 21 18 5 35 46 20 22 13 11 34 15 50 39 44 32 8 28 24 

Inst_Index:3012 	 City_Num:50 	 Concorde:5.752345 	 MCTS:5.746431 Improve:0.005914 	 Time:3.76 Seconds
Solution: 1 23 25 28 45 17 30 31 2 36 41 38 14 5 6 9 3 40 10 43 32 48 19 26 46 35 50 16 4 15 27 34 11 8 18 20 24 21 47 22 13 39 7 42 33 44 29 37 12 49 

Inst_Index:3013 	 City_Num:50 	 Concorde:5.615797 	 MCTS:5.614831 Improve:0.000966 	 Time:3.76 Seconds
Solution: 1 4 33 45 2 47 35 10 9 40 5 13 12 27 36 29 20 19 22 25 26 6 38 16 44 50 49 15 48 30 43 7 17 37 28 32 34 46 3 39 11 41 18 23 42 14 24 31 8 21 

Inst_Index:3014 	 City_Num:50 	 Concorde:5.415673 	 MCTS:5.415369 Improve:0.000305 	 Time:3.76 Seconds
Solution: 1 49 45 31 20 4 42 40 19 23 6 8 25 28 46 27 32 21 5 44 24 37 39 35 2 13 30 10 12 14 16 33 9 48 15 11 7 38 3 43 26 17 29 22 41 50 47 36 18 34 

Inst_Index:3015 	 City_Num:50 	 Concorde:5.747762 	 MCTS:5.747762 Improve:-0.000000 	 Time:3.75 Seconds
Solution: 1 16 13 26 32 37 7 25 30 9 12 24 33 23 40 11 45 14 43 49 38 4 48 47 22 17 50 34 18 39 28 10 20 6 8 29 19 35 3 42 27 31 44 41 21 2 5 46 36 15 

Inst_Index:3016 	 City_Num:50 	 Concorde:5.194877 	 MCTS:5.194877 Improve:0.000000 	 Time:3.76 Seconds
Solution: 1 50 37 5 27 15 19 42 3 30 11 34 45 22 18 41 6 24 28 4 43 2 13 9 33 31 23 26 36 44 35 7 39 10 14 49 12 29 21 38 32 25 8 47 20 16 46 40 48 17 

Inst_Index:3017 	 City_Num:50 	 Concorde:6.039035 	 MCTS:6.039035 Improve:0.000000 	 Time:3.76 Seconds
Solution: 1 13 38 30 26 29 19 7 42 15 47 5 41 43 17 50 20 21 10 35 34 37 31 40 48 45 25 22 12 27 9 3 11 24 16 28 2 49 39 44 23 4 14 6 33 36 46 32 18 8 

Inst_Index:3018 	 City_Num:50 	 Concorde:5.931727 	 MCTS:5.931727 Improve:0.000000 	 Time:3.76 Seconds
Solution: 1 45 23 20 38 6 34 50 39 11 12 24 31 46 17 22 21 37 3 18 16 29 43 32 14 15 10 48 19 47 5 36 42 25 26 8 7 13 30 9 28 27 49 35 2 41 4 44 40 33 

Inst_Index:3019 	 City_Num:50 	 Concorde:5.635669 	 MCTS:5.635669 Improve:0.000000 	 Time:3.76 Seconds
Solution: 1 22 17 10 15 27 32 24 37 43 47 16 41 4 5 42 11 2 3 20 26 14 50 34 48 6 36 23 40 21 30 12 35 18 44 8 29 19 13 45 31 46 7 49 38 28 33 25 9 39 

Inst_Index:3020 	 City_Num:50 	 Concorde:5.450548 	 MCTS:5.445239 Improve:0.005310 	 Time:3.76 Seconds
Solution: 1 44 40 22 46 13 26 31 34 41 48 47 37 42 12 25 23 33 28 43 18 15 11 2 3 49 30 21 29 45 24 20 7 19 50 27 5 32 38 17 35 9 4 39 10 8 16 36 6 14 

Inst_Index:3021 	 City_Num:50 	 Concorde:6.018385 	 MCTS:6.007424 Improve:0.010960 	 Time:3.76 Seconds
Solution: 1 21 12 26 32 23 46 37 47 50 22 41 28 2 3 33 40 48 14 19 13 34 38 43 42 17 16 4 9 20 35 11 39 10 49 27 6 29 15 25 45 24 30 8 5 18 44 31 7 36 

Inst_Index:3022 	 City_Num:50 	 Concorde:5.629086 	 MCTS:5.629086 Improve:0.000000 	 Time:3.76 Seconds
Solution: 1 27 48 22 32 21 30 26 12 4 14 47 37 42 46 9 31 7 35 43 13 16 45 10 49 6 28 2 8 19 33 40 17 41 44 11 15 23 39 18 20 5 29 38 50 36 24 25 34 3 

Inst_Index:3023 	 City_Num:50 	 Concorde:6.134379 	 MCTS:6.132397 Improve:0.001982 	 Time:3.75 Seconds
Solution: 1 27 34 46 26 42 3 8 21 29 44 13 10 31 17 6 15 35 4 25 32 12 50 48 16 7 19 41 33 28 18 38 39 22 37 36 43 24 49 2 30 47 9 14 20 40 11 23 5 45 

Inst_Index:3024 	 City_Num:50 	 Concorde:6.016016 	 MCTS:6.016016 Improve:0.000000 	 Time:3.78 Seconds
Solution: 1 41 11 4 22 43 8 2 36 27 31 3 28 12 10 17 38 49 35 45 34 24 32 14 29 9 6 44 33 46 39 15 21 19 26 20 47 40 13 16 50 7 25 37 42 23 48 5 30 18 

Inst_Index:3025 	 City_Num:50 	 Concorde:5.482450 	 MCTS:5.482450 Improve:0.000000 	 Time:3.76 Seconds
Solution: 1 24 37 8 2 35 29 28 36 43 23 11 34 44 25 31 32 4 26 21 15 20 41 40 38 48 33 45 42 39 9 22 49 47 19 13 10 7 6 17 27 5 18 14 16 3 12 46 30 50 

Inst_Index:3026 	 City_Num:50 	 Concorde:5.810728 	 MCTS:5.808678 Improve:0.002050 	 Time:3.75 Seconds
Solution: 1 21 29 11 25 49 3 8 46 4 10 27 18 34 48 31 43 42 16 15 47 44 32 6 38 7 17 30 19 2 35 40 50 20 13 26 24 12 36 23 33 9 22 37 39 28 41 45 14 5 

Inst_Index:3027 	 City_Num:50 	 Concorde:4.865084 	 MCTS:4.865084 Improve:0.000000 	 Time:3.76 Seconds
Solution: 1 47 38 39 30 10 20 33 11 29 22 31 23 7 16 34 8 4 18 45 35 2 6 17 42 21 14 3 9 5 13 12 26 43 27 15 44 36 46 41 48 49 25 28 40 50 37 32 19 24 

Inst_Index:3028 	 City_Num:50 	 Concorde:5.086609 	 MCTS:5.085759 Improve:0.000850 	 Time:3.76 Seconds
Solution: 1 25 18 43 47 38 17 42 8 28 39 7 2 45 14 6 48 46 22 4 40 33 34 21 5 3 49 41 23 36 24 29 27 16 10 44 20 12 11 37 31 35 26 30 50 32 9 19 15 13 

Inst_Index:3029 	 City_Num:50 	 Concorde:5.570154 	 MCTS:5.568376 Improve:0.001778 	 Time:3.75 Seconds
Solution: 1 16 23 43 30 12 6 20 32 18 33 10 29 38 9 22 4 14 50 44 2 41 7 24 35 21 13 45 34 17 42 31 37 40 27 28 15 11 25 48 49 19 3 36 8 47 46 5 39 26 

Inst_Index:3030 	 City_Num:50 	 Concorde:5.690731 	 MCTS:5.688698 Improve:0.002034 	 Time:3.78 Seconds
Solution: 1 33 15 20 43 42 39 2 9 12 10 5 34 45 32 46 17 21 30 4 28 44 35 8 14 7 37 29 40 13 26 31 25 19 24 50 36 3 16 22 47 6 18 23 38 48 41 49 27 11 

Inst_Index:3031 	 City_Num:50 	 Concorde:5.507116 	 MCTS:5.505273 Improve:0.001843 	 Time:3.76 Seconds
Solution: 1 14 27 15 4 38 23 49 25 36 30 12 20 46 32 6 45 13 33 44 2 21 31 17 42 34 11 28 39 9 26 35 50 10 7 3 19 18 22 40 8 48 24 29 16 43 41 37 5 47 

Inst_Index:3032 	 City_Num:50 	 Concorde:5.214185 	 MCTS:5.213499 Improve:0.000686 	 Time:3.75 Seconds
Solution: 1 26 12 9 38 50 43 6 35 5 46 23 24 7 11 15 44 14 25 22 37 40 34 10 20 41 18 17 49 2 47 4 29 21 32 16 48 39 42 3 45 30 27 8 28 36 33 31 13 19 

Inst_Index:3033 	 City_Num:50 	 Concorde:5.642977 	 MCTS:5.642977 Improve:0.000000 	 Time:3.77 Seconds
Solution: 1 16 13 14 44 30 39 8 38 35 36 24 28 12 50 6 26 4 9 5 10 45 31 11 48 27 34 33 15 32 42 43 23 46 17 22 40 19 47 3 25 37 21 41 29 20 18 7 2 49 

Inst_Index:3034 	 City_Num:50 	 Concorde:5.413390 	 MCTS:5.413390 Improve:-0.000000 	 Time:3.75 Seconds
Solution: 1 45 42 9 16 47 2 40 6 35 11 41 43 46 26 27 31 30 18 39 25 49 3 50 32 12 36 8 33 38 13 29 22 21 4 24 5 14 37 44 7 23 19 28 48 10 17 34 15 20 

Inst_Index:3035 	 City_Num:50 	 Concorde:5.610928 	 MCTS:5.610928 Improve:0.000000 	 Time:3.76 Seconds
Solution: 1 44 45 11 37 14 47 29 43 40 7 31 16 41 23 8 20 22 5 18 27 48 28 35 24 46 34 21 36 17 42 25 33 13 9 30 15 3 4 19 26 10 38 49 6 32 2 50 12 39 

Inst_Index:3036 	 City_Num:50 	 Concorde:5.711389 	 MCTS:5.710387 Improve:0.001002 	 Time:3.76 Seconds
Solution: 1 19 37 33 9 40 13 30 12 5 34 20 15 39 24 36 28 47 50 41 23 42 10 2 4 6 35 14 18 44 32 21 22 16 8 17 7 3 49 31 27 43 29 46 48 11 26 38 45 25 

Inst_Index:3037 	 City_Num:50 	 Concorde:5.184666 	 MCTS:5.181370 Improve:0.003297 	 Time:3.76 Seconds
Solution: 1 14 25 38 15 26 28 41 22 9 30 16 6 36 19 20 39 24 43 11 35 34 5 18 17 2 4 3 31 42 27 21 13 12 47 29 49 10 33 46 48 8 23 50 45 37 40 7 44 32 

Inst_Index:3038 	 City_Num:50 	 Concorde:5.644663 	 MCTS:5.641031 Improve:0.003632 	 Time:3.77 Seconds
Solution: 1 19 49 42 11 9 37 43 39 27 23 22 20 30 2 28 36 15 13 47 50 7 44 48 38 4 34 21 40 25 31 35 8 17 6 33 41 10 5 26 24 29 46 3 12 45 16 32 14 18 

Inst_Index:3039 	 City_Num:50 	 Concorde:5.469552 	 MCTS:5.469552 Improve:0.000000 	 Time:3.77 Seconds
Solution: 1 9 50 14 21 44 41 49 6 28 33 22 43 7 3 10 23 16 34 38 27 32 30 25 35 15 17 47 42 18 46 11 48 36 39 40 2 8 29 45 12 26 31 37 4 5 19 13 20 24 

Inst_Index:3040 	 City_Num:50 	 Concorde:5.736292 	 MCTS:5.731112 Improve:0.005180 	 Time:3.76 Seconds
Solution: 1 50 18 17 38 16 25 7 47 36 48 3 9 30 40 39 27 12 42 29 43 35 24 10 33 41 20 46 13 32 28 6 14 15 49 44 11 4 23 21 19 45 5 22 26 8 31 34 2 37 

Inst_Index:3041 	 City_Num:50 	 Concorde:5.819849 	 MCTS:5.818071 Improve:0.001777 	 Time:3.76 Seconds
Solution: 1 41 14 30 17 45 4 43 39 21 33 11 23 48 40 12 47 34 7 37 29 42 31 15 2 20 8 44 5 13 28 46 16 38 3 19 18 32 10 35 26 27 49 25 9 50 36 6 24 22 

Inst_Index:3042 	 City_Num:50 	 Concorde:5.840012 	 MCTS:5.840012 Improve:0.000000 	 Time:3.76 Seconds
Solution: 1 42 44 8 48 13 4 37 39 29 20 41 12 50 3 10 2 16 22 34 23 38 33 30 6 27 9 24 25 14 40 49 18 28 11 32 36 17 31 15 26 5 19 47 7 21 46 43 45 35 

Inst_Index:3043 	 City_Num:50 	 Concorde:5.874747 	 MCTS:5.874747 Improve:0.000000 	 Time:3.77 Seconds
Solution: 1 3 46 40 50 9 21 23 26 49 16 11 4 27 34 14 6 15 39 42 30 28 41 18 5 20 29 47 13 48 36 43 12 38 37 19 32 25 10 31 22 24 8 17 35 44 33 7 2 45 

Inst_Index:3044 	 City_Num:50 	 Concorde:5.330324 	 MCTS:5.330324 Improve:0.000000 	 Time:3.78 Seconds
Solution: 1 9 49 35 16 17 43 44 7 22 8 18 13 11 38 21 6 5 45 28 12 42 34 26 47 2 39 33 24 19 29 4 50 32 25 10 3 14 48 20 31 15 41 27 37 23 36 46 40 30 

Inst_Index:3045 	 City_Num:50 	 Concorde:5.858870 	 MCTS:5.858870 Improve:-0.000000 	 Time:3.75 Seconds
Solution: 1 49 3 38 13 20 33 23 19 34 37 31 17 2 30 21 7 27 22 10 4 5 14 40 25 50 41 29 24 15 45 6 16 48 28 18 36 46 8 11 43 35 12 42 32 39 47 9 26 44 

Inst_Index:3046 	 City_Num:50 	 Concorde:5.439668 	 MCTS:5.434882 Improve:0.004786 	 Time:3.75 Seconds
Solution: 1 13 42 27 12 14 44 26 32 30 34 33 24 5 18 4 46 9 22 48 45 31 2 7 8 6 16 37 49 43 40 41 35 20 38 39 36 47 17 23 15 29 21 25 19 50 11 28 3 10 

Inst_Index:3047 	 City_Num:50 	 Concorde:5.520573 	 MCTS:5.520268 Improve:0.000305 	 Time:3.76 Seconds
Solution: 1 21 44 15 12 18 22 42 27 48 31 39 26 49 35 28 37 38 30 34 45 32 16 3 10 20 2 43 4 19 25 9 14 24 50 29 46 17 23 33 5 6 8 47 7 13 40 11 36 41 

Inst_Index:3048 	 City_Num:50 	 Concorde:5.405866 	 MCTS:5.405866 Improve:0.000000 	 Time:3.77 Seconds
Solution: 1 37 29 4 7 36 20 33 44 10 48 43 14 15 31 8 13 45 49 21 12 5 28 3 2 6 38 42 30 22 50 17 39 19 18 32 26 11 47 34 41 16 46 27 23 25 35 40 9 24 

Inst_Index:3049 	 City_Num:50 	 Concorde:5.981086 	 MCTS:5.981086 Improve:-0.000000 	 Time:3.75 Seconds
Solution: 1 43 25 40 24 10 50 16 6 21 27 8 19 2 29 47 44 37 32 30 26 12 4 49 45 7 28 17 41 15 22 34 36 39 9 20 38 14 18 3 35 13 48 23 11 5 42 46 31 33 

Inst_Index:3050 	 City_Num:50 	 Concorde:5.915435 	 MCTS:5.914295 Improve:0.001140 	 Time:3.76 Seconds
Solution: 1 26 44 20 6 36 28 39 30 23 22 48 43 14 31 42 32 10 9 46 25 21 37 19 16 5 3 50 41 7 15 38 18 49 34 13 45 27 8 2 47 33 11 24 35 29 17 12 4 40 

Inst_Index:3051 	 City_Num:50 	 Concorde:5.990289 	 MCTS:5.990289 Improve:0.000000 	 Time:3.76 Seconds
Solution: 1 40 37 26 19 25 12 28 47 7 20 10 15 46 9 5 16 8 44 21 31 34 45 30 4 39 11 2 6 3 24 22 14 32 43 17 42 23 33 38 18 41 35 27 36 13 29 50 48 49 

Inst_Index:3052 	 City_Num:50 	 Concorde:5.803226 	 MCTS:5.803226 Improve:0.000000 	 Time:3.76 Seconds
Solution: 1 35 34 9 41 42 30 28 15 10 23 11 18 16 29 25 43 27 3 8 24 5 7 32 21 26 19 45 33 48 17 22 44 4 47 36 2 39 12 50 6 31 40 14 20 37 38 46 13 49 

Inst_Index:3053 	 City_Num:50 	 Concorde:5.681010 	 MCTS:5.681010 Improve:-0.000000 	 Time:3.75 Seconds
Solution: 1 15 20 22 50 8 24 48 33 40 46 34 25 23 7 21 35 26 9 45 11 44 39 32 47 31 5 36 41 27 17 38 43 19 49 16 3 30 37 4 12 13 28 29 6 18 10 14 42 2 

Inst_Index:3054 	 City_Num:50 	 Concorde:5.262303 	 MCTS:5.262303 Improve:0.000000 	 Time:3.77 Seconds
Solution: 1 16 20 34 18 38 4 37 5 39 27 46 49 47 11 43 6 48 50 33 42 35 31 41 13 23 40 44 15 19 32 26 3 21 9 29 45 17 28 8 25 7 14 22 24 12 36 2 30 10 

Inst_Index:3055 	 City_Num:50 	 Concorde:5.926069 	 MCTS:5.926069 Improve:0.000000 	 Time:3.76 Seconds
Solution: 1 25 5 18 12 42 20 10 49 2 44 4 50 23 39 48 30 29 45 40 8 19 34 26 11 35 27 32 41 43 13 36 9 47 21 3 14 24 38 6 33 17 37 31 16 15 46 28 7 22 

Inst_Index:3056 	 City_Num:50 	 Concorde:6.093878 	 MCTS:6.093878 Improve:-0.000000 	 Time:3.75 Seconds
Solution: 1 13 43 33 11 6 47 45 31 44 42 3 49 9 2 23 10 4 15 39 26 41 8 28 46 50 37 48 25 24 20 7 40 27 32 36 14 38 35 16 19 22 18 34 30 21 17 5 12 29 

Inst_Index:3057 	 City_Num:50 	 Concorde:5.908598 	 MCTS:5.907713 Improve:0.000885 	 Time:3.76 Seconds
Solution: 1 5 14 30 25 27 34 11 17 49 23 42 24 26 36 6 43 45 28 33 7 3 13 21 10 47 44 19 39 15 32 50 46 9 38 41 12 37 48 40 16 18 31 29 22 35 4 2 8 20 

Inst_Index:3058 	 City_Num:50 	 Concorde:5.652191 	 MCTS:5.650191 Improve:0.002000 	 Time:3.76 Seconds
Solution: 1 35 33 42 21 26 49 28 32 24 43 17 12 31 2 30 29 46 5 9 7 34 4 23 6 18 40 38 11 44 16 10 19 47 37 20 14 36 50 48 41 8 25 39 13 3 15 27 22 45 

Inst_Index:3059 	 City_Num:50 	 Concorde:5.782337 	 MCTS:5.782337 Improve:0.000000 	 Time:3.76 Seconds
Solution: 1 32 34 20 49 8 50 17 3 38 13 6 25 36 42 21 19 15 22 12 46 5 24 35 40 29 7 45 18 48 23 43 37 39 10 47 11 14 2 44 16 26 9 28 31 33 41 27 4 30 

Inst_Index:3060 	 City_Num:50 	 Concorde:5.393755 	 MCTS:5.393755 Improve:0.000000 	 Time:3.75 Seconds
Solution: 1 8 14 2 36 19 42 6 50 20 39 4 45 49 35 32 25 7 13 15 48 26 41 9 46 28 47 5 21 27 10 30 22 24 17 43 16 23 33 40 31 12 11 3 18 37 38 44 34 29 

Inst_Index:3061 	 City_Num:50 	 Concorde:5.755806 	 MCTS:5.755734 Improve:0.000072 	 Time:3.76 Seconds
Solution: 1 17 19 37 35 10 40 50 7 28 12 29 31 13 44 33 18 8 11 42 22 27 14 48 15 2 38 36 6 46 5 26 30 9 21 25 20 43 4 32 34 39 47 3 23 16 24 49 45 41 

Inst_Index:3062 	 City_Num:50 	 Concorde:5.877626 	 MCTS:5.873768 Improve:0.003857 	 Time:3.77 Seconds
Solution: 1 8 45 46 9 32 7 41 37 43 36 16 18 30 20 48 26 40 15 2 17 11 44 5 22 28 19 34 14 3 29 35 23 13 39 33 27 24 38 6 25 10 42 50 4 31 21 47 12 49 

Inst_Index:3063 	 City_Num:50 	 Concorde:5.896690 	 MCTS:5.896690 Improve:0.000000 	 Time:3.76 Seconds
Solution: 1 23 26 17 21 12 39 42 44 38 36 37 48 4 13 34 50 10 28 32 11 16 8 5 47 35 19 31 20 41 25 30 15 40 43 22 33 9 6 46 24 3 14 2 27 18 45 29 7 49 

Inst_Index:3064 	 City_Num:50 	 Concorde:5.688447 	 MCTS:5.688447 Improve:0.000000 	 Time:3.75 Seconds
Solution: 1 6 43 44 24 50 19 48 11 47 25 26 16 22 37 42 45 39 14 36 18 9 31 28 13 5 40 7 3 35 8 49 10 12 46 20 17 34 38 2 27 4 32 30 21 29 41 33 23 15 

Inst_Index:3065 	 City_Num:50 	 Concorde:5.487267 	 MCTS:5.487138 Improve:0.000129 	 Time:3.76 Seconds
Solution: 1 20 5 22 15 50 33 45 38 23 27 8 19 40 11 4 46 25 39 24 17 35 9 26 48 31 44 41 6 43 34 30 3 21 10 36 29 14 37 18 13 28 12 47 32 49 16 2 7 42 

Inst_Index:3066 	 City_Num:50 	 Concorde:5.562791 	 MCTS:5.559036 Improve:0.003755 	 Time:3.76 Seconds
Solution: 1 31 4 39 21 5 3 16 38 28 36 23 8 29 6 44 50 46 10 15 9 26 24 14 43 17 22 42 2 34 7 35 40 11 37 13 20 48 12 45 19 41 30 27 32 33 25 47 18 49 

Inst_Index:3067 	 City_Num:50 	 Concorde:5.735733 	 MCTS:5.734142 Improve:0.001591 	 Time:3.75 Seconds
Solution: 1 39 8 18 5 12 24 33 20 15 11 9 49 38 23 47 43 25 31 13 27 42 30 35 16 37 3 32 40 19 46 36 6 14 41 48 50 29 34 45 10 21 2 4 7 17 28 44 22 26 

Inst_Index:3068 	 City_Num:50 	 Concorde:5.645290 	 MCTS:5.644648 Improve:0.000642 	 Time:3.76 Seconds
Solution: 1 20 3 30 34 2 18 33 7 37 32 48 11 15 28 27 45 44 46 16 8 39 31 22 35 29 19 5 41 24 14 26 12 23 50 21 6 42 49 25 13 10 9 4 43 36 47 40 17 38 

Inst_Index:3069 	 City_Num:50 	 Concorde:5.961313 	 MCTS:5.960244 Improve:0.001069 	 Time:3.76 Seconds
Solution: 1 44 43 8 2 20 17 29 21 27 22 15 13 48 46 38 4 6 39 31 16 37 40 35 45 42 33 12 47 50 24 10 7 9 11 30 26 14 19 49 25 28 36 23 32 34 41 5 3 18 

Inst_Index:3070 	 City_Num:50 	 Concorde:5.915136 	 MCTS:5.915136 Improve:-0.000000 	 Time:3.75 Seconds
Solution: 1 43 49 30 28 3 38 2 40 23 21 22 25 41 24 19 20 17 48 33 15 31 27 35 50 10 14 4 16 8 6 9 12 11 45 44 13 46 39 29 26 18 42 37 47 34 32 7 36 5 

Inst_Index:3071 	 City_Num:50 	 Concorde:5.691191 	 MCTS:5.691191 Improve:-0.000000 	 Time:3.77 Seconds
Solution: 1 2 48 40 45 32 10 15 7 5 30 3 36 12 17 29 35 4 14 22 20 46 37 27 13 21 43 38 31 6 28 24 9 41 23 16 8 33 11 44 49 25 18 42 19 50 47 26 39 34 

Inst_Index:3072 	 City_Num:50 	 Concorde:5.621773 	 MCTS:5.621773 Improve:0.000000 	 Time:3.76 Seconds
Solution: 1 38 42 27 43 10 19 45 31 40 9 16 41 23 39 2 6 50 22 32 3 29 13 18 12 36 5 4 49 24 7 21 28 46 8 34 15 14 30 26 11 20 47 37 17 48 44 25 35 33 

Inst_Index:3073 	 City_Num:50 	 Concorde:5.763461 	 MCTS:5.760795 Improve:0.002666 	 Time:3.77 Seconds
Solution: 1 45 16 34 50 46 7 37 27 35 44 3 32 36 17 14 31 24 42 20 6 41 40 9 23 48 33 4 39 18 13 11 43 38 47 2 28 10 21 26 49 5 12 29 19 30 22 25 8 15 

Inst_Index:3074 	 City_Num:50 	 Concorde:5.957147 	 MCTS:5.954676 Improve:0.002471 	 Time:3.77 Seconds
Solution: 1 26 19 3 31 40 34 7 23 6 39 29 50 38 27 43 25 41 8 21 5 45 46 14 30 13 42 12 4 36 17 9 22 33 48 11 49 16 10 37 18 44 35 47 2 24 28 20 15 32 

Inst_Index:3075 	 City_Num:50 	 Concorde:5.542198 	 MCTS:5.542123 Improve:0.000075 	 Time:3.78 Seconds
Solution: 1 13 47 42 33 46 48 17 36 4 22 8 12 11 3 34 29 9 2 24 30 23 27 35 45 21 18 5 15 7 19 16 10 38 39 40 37 32 44 50 20 26 28 31 43 6 41 49 14 25 

Inst_Index:3076 	 City_Num:50 	 Concorde:5.539204 	 MCTS:5.539204 Improve:-0.000000 	 Time:3.75 Seconds
Solution: 1 32 42 21 43 50 41 28 3 6 27 9 2 17 7 20 14 35 15 38 46 48 34 22 44 30 47 49 4 23 39 10 5 37 18 26 19 33 24 8 16 36 29 40 45 12 25 31 13 11 

Inst_Index:3077 	 City_Num:50 	 Concorde:5.880320 	 MCTS:5.880320 Improve:0.000000 	 Time:3.77 Seconds
Solution: 1 36 16 26 33 20 49 32 28 13 9 2 11 35 6 30 43 17 25 27 23 42 46 14 18 10 7 24 40 48 45 50 8 4 39 12 5 21 22 38 19 3 47 41 29 31 44 37 34 15 

Inst_Index:3078 	 City_Num:50 	 Concorde:5.756472 	 MCTS:5.756472 Improve:-0.000000 	 Time:3.76 Seconds
Solution: 1 24 8 34 35 40 39 20 33 50 25 36 28 49 47 48 31 27 15 12 30 22 43 29 10 4 11 7 26 16 41 5 45 13 6 14 37 38 9 32 46 42 18 3 44 19 2 17 21 23 

Inst_Index:3079 	 City_Num:50 	 Concorde:5.805400 	 MCTS:5.805400 Improve:-0.000000 	 Time:3.76 Seconds
Solution: 1 43 7 40 2 44 5 36 17 32 24 46 21 9 12 31 11 35 41 49 15 3 4 26 19 45 8 20 23 48 30 34 22 13 33 16 29 42 37 6 27 10 38 28 47 14 50 25 18 39 

Inst_Index:3080 	 City_Num:50 	 Concorde:5.917152 	 MCTS:5.917152 Improve:0.000000 	 Time:3.76 Seconds
Solution: 1 48 18 45 8 7 38 33 42 19 50 32 47 36 40 10 5 13 43 15 20 2 37 17 14 24 39 23 3 9 46 4 35 26 11 6 12 31 25 41 22 21 49 27 44 29 16 30 28 34 

Inst_Index:3081 	 City_Num:50 	 Concorde:6.077609 	 MCTS:6.069641 Improve:0.007967 	 Time:3.76 Seconds
Solution: 1 20 48 11 14 38 31 8 37 12 19 23 9 49 5 7 50 25 15 43 16 6 35 29 2 39 44 3 28 18 45 10 21 17 47 26 46 27 33 13 4 30 34 24 41 22 36 40 32 42 

Inst_Index:3082 	 City_Num:50 	 Concorde:6.384708 	 MCTS:6.381073 Improve:0.003635 	 Time:3.76 Seconds
Solution: 1 13 28 35 12 33 3 34 17 48 5 8 39 11 18 30 40 7 19 10 23 21 32 20 26 27 47 41 25 9 36 29 37 38 24 49 43 42 6 45 2 22 14 16 50 46 31 15 4 44 

Inst_Index:3083 	 City_Num:50 	 Concorde:5.811119 	 MCTS:5.805032 Improve:0.006087 	 Time:3.76 Seconds
Solution: 1 11 15 20 26 42 44 41 33 23 31 45 46 13 10 32 5 39 3 21 18 27 7 25 16 8 47 28 43 24 12 36 30 38 2 17 49 6 37 9 22 35 19 29 40 34 50 4 48 14 

Inst_Index:3084 	 City_Num:50 	 Concorde:5.683667 	 MCTS:5.683667 Improve:0.000000 	 Time:3.77 Seconds
Solution: 1 23 2 19 27 46 43 35 30 14 37 34 31 44 17 49 29 18 8 11 22 3 7 5 15 12 25 47 38 36 4 32 21 16 13 50 28 6 40 24 45 41 42 33 39 9 20 10 26 48 

Inst_Index:3085 	 City_Num:50 	 Concorde:5.502269 	 MCTS:5.502269 Improve:0.000000 	 Time:3.77 Seconds
Solution: 1 6 7 41 46 43 37 4 47 15 10 19 13 44 35 16 3 34 23 28 17 36 30 11 31 14 32 8 33 27 40 18 45 2 29 25 21 39 26 12 20 49 50 48 9 22 42 38 24 5 

Inst_Index:3086 	 City_Num:50 	 Concorde:5.695018 	 MCTS:5.683770 Improve:0.011248 	 Time:3.75 Seconds
Solution: 1 4 8 24 16 43 38 37 26 14 9 36 28 18 41 31 49 29 25 10 50 34 6 39 32 15 33 21 45 7 46 20 3 42 22 11 47 12 5 23 17 30 27 40 2 35 19 13 48 44 

Inst_Index:3087 	 City_Num:50 	 Concorde:5.627135 	 MCTS:5.627135 Improve:0.000000 	 Time:3.75 Seconds
Solution: 1 23 11 26 41 15 30 47 12 31 43 46 4 24 5 17 32 3 21 19 7 18 38 44 48 9 35 36 40 27 13 28 29 10 14 16 33 2 50 37 34 45 25 39 49 8 22 6 42 20 

Inst_Index:3088 	 City_Num:50 	 Concorde:5.980508 	 MCTS:5.980508 Improve:0.000000 	 Time:3.76 Seconds
Solution: 1 9 28 23 20 48 2 30 29 17 35 37 44 4 21 22 27 40 16 5 38 10 45 26 39 49 19 25 47 18 14 32 15 24 34 11 31 8 33 46 13 7 3 12 43 41 50 6 42 36 

Inst_Index:3089 	 City_Num:50 	 Concorde:5.892783 	 MCTS:5.887447 Improve:0.005335 	 Time:3.77 Seconds
Solution: 1 48 26 25 44 4 37 17 15 10 43 9 50 19 46 6 2 12 22 28 49 33 31 38 40 13 39 29 47 8 3 16 45 21 42 35 14 24 18 36 27 30 20 5 23 32 34 41 11 7 

Inst_Index:3090 	 City_Num:50 	 Concorde:5.618408 	 MCTS:5.615566 Improve:0.002842 	 Time:3.79 Seconds
Solution: 1 25 24 36 8 23 15 13 7 5 21 3 6 27 44 37 16 26 30 47 14 42 19 22 29 46 33 50 2 39 34 32 35 45 11 18 9 10 31 17 20 4 49 40 41 12 28 38 48 43 

Inst_Index:3091 	 City_Num:50 	 Concorde:6.081461 	 MCTS:6.081461 Improve:-0.000000 	 Time:3.77 Seconds
Solution: 1 46 41 44 6 11 13 3 7 49 4 18 39 36 32 23 20 14 10 26 16 25 37 9 34 27 8 12 50 48 45 2 47 19 31 22 24 5 33 15 29 38 42 40 43 28 17 21 35 30 

Inst_Index:3092 	 City_Num:50 	 Concorde:5.106025 	 MCTS:5.106025 Improve:0.000000 	 Time:3.75 Seconds
Solution: 1 50 9 5 31 10 35 44 11 43 40 39 48 32 45 4 49 3 8 38 15 28 30 46 27 19 37 47 34 13 23 41 24 26 22 14 7 20 36 29 18 17 2 6 12 21 33 42 16 25 

Inst_Index:3093 	 City_Num:50 	 Concorde:5.354826 	 MCTS:5.354826 Improve:0.000000 	 Time:3.77 Seconds
Solution: 1 43 21 6 33 46 10 47 36 22 7 2 5 37 39 32 31 29 25 23 3 42 40 28 13 50 41 49 15 34 19 17 30 35 45 24 27 26 44 12 38 9 11 18 16 8 4 14 20 48 

Inst_Index:3094 	 City_Num:50 	 Concorde:6.043968 	 MCTS:6.043968 Improve:0.000000 	 Time:3.77 Seconds
Solution: 1 38 12 4 22 33 37 35 7 34 28 31 46 6 2 42 44 41 17 49 10 29 32 16 47 20 43 18 24 5 19 26 15 39 36 9 13 11 8 40 23 21 14 30 3 50 27 48 25 45 

Inst_Index:3095 	 City_Num:50 	 Concorde:5.857381 	 MCTS:5.852923 Improve:0.004458 	 Time:3.76 Seconds
Solution: 1 15 44 24 48 29 17 11 20 40 7 43 5 45 28 16 35 42 22 41 6 9 32 50 46 12 39 18 13 3 37 31 21 8 49 38 10 36 47 14 27 2 19 4 30 26 25 23 33 34 

Inst_Index:3096 	 City_Num:50 	 Concorde:5.865116 	 MCTS:5.865116 Improve:0.000000 	 Time:3.78 Seconds
Solution: 1 38 7 4 32 48 29 37 17 30 36 50 12 21 34 16 8 2 26 42 24 3 19 11 14 44 31 9 39 18 28 46 5 45 22 25 35 47 6 33 15 41 23 49 10 43 13 20 27 40 

Inst_Index:3097 	 City_Num:50 	 Concorde:5.661689 	 MCTS:5.661689 Improve:-0.000000 	 Time:3.77 Seconds
Solution: 1 18 15 9 27 26 23 32 19 41 38 30 48 5 47 24 29 46 2 50 3 17 14 40 11 21 31 35 36 13 34 12 25 44 45 7 10 8 43 49 39 22 20 6 37 16 28 4 42 33 

Inst_Index:3098 	 City_Num:50 	 Concorde:5.848682 	 MCTS:5.848682 Improve:0.000000 	 Time:3.75 Seconds
Solution: 1 35 3 4 19 8 18 2 32 23 47 15 39 40 6 14 49 48 16 9 41 42 31 37 24 25 28 21 34 5 36 46 17 50 30 27 38 12 11 43 26 22 44 10 13 7 29 20 33 45 

Inst_Index:3099 	 City_Num:50 	 Concorde:5.798820 	 MCTS:5.798820 Improve:0.000000 	 Time:3.75 Seconds
Solution: 1 40 3 23 9 28 44 45 11 31 27 26 39 8 13 5 22 43 4 18 15 19 42 7 10 50 35 16 46 34 6 17 37 48 29 21 36 49 24 25 20 32 14 38 47 12 30 33 41 2 

Inst_Index:3100 	 City_Num:50 	 Concorde:6.033873 	 MCTS:6.033873 Improve:0.000000 	 Time:3.78 Seconds
Solution: 1 39 46 6 41 18 48 35 7 20 37 38 19 29 30 32 17 14 23 45 21 44 4 22 42 27 47 50 24 8 33 49 36 43 9 10 15 5 13 11 2 12 25 3 16 40 26 31 34 28 

Inst_Index:3101 	 City_Num:50 	 Concorde:5.424585 	 MCTS:5.424585 Improve:0.000000 	 Time:3.77 Seconds
Solution: 1 47 2 29 16 35 32 15 11 13 28 25 9 17 46 43 21 34 23 22 36 48 41 40 26 31 5 38 45 33 14 8 7 12 49 27 37 44 4 10 20 30 50 6 3 39 19 24 42 18 

Inst_Index:3102 	 City_Num:50 	 Concorde:5.884868 	 MCTS:5.884868 Improve:0.000000 	 Time:3.75 Seconds
Solution: 1 16 33 11 48 44 13 27 40 9 3 29 41 4 38 21 18 24 12 43 39 25 30 20 45 50 14 37 22 26 7 49 46 47 34 23 10 31 15 32 6 36 8 42 2 35 17 28 19 5 

Inst_Index:3103 	 City_Num:50 	 Concorde:6.050483 	 MCTS:6.043993 Improve:0.006490 	 Time:3.77 Seconds
Solution: 1 6 7 44 13 38 20 25 10 8 19 41 36 45 28 21 37 50 30 40 2 46 33 3 15 17 34 9 5 23 35 26 11 31 22 4 24 29 16 42 47 49 12 32 14 43 48 39 18 27 

Inst_Index:3104 	 City_Num:50 	 Concorde:5.791511 	 MCTS:5.784747 Improve:0.006764 	 Time:3.75 Seconds
Solution: 1 35 8 6 27 3 16 33 39 42 43 41 2 28 17 24 9 15 10 19 21 34 14 31 46 12 23 37 22 26 7 44 49 29 48 5 32 30 25 13 4 47 45 50 40 20 38 18 36 11 

Inst_Index:3105 	 City_Num:50 	 Concorde:5.581939 	 MCTS:5.581194 Improve:0.000745 	 Time:3.76 Seconds
Solution: 1 15 11 50 22 29 30 47 21 5 10 13 9 6 36 33 31 42 46 25 34 24 27 2 37 23 14 28 48 12 3 7 44 32 17 39 19 20 16 41 49 8 35 18 38 45 40 4 26 43 

Inst_Index:3106 	 City_Num:50 	 Concorde:5.624456 	 MCTS:5.624456 Improve:-0.000000 	 Time:3.76 Seconds
Solution: 1 38 35 36 2 17 8 32 42 19 16 31 44 29 48 14 21 46 6 47 23 11 12 10 4 34 41 5 9 27 18 43 25 40 33 13 3 28 45 39 7 26 20 49 37 24 15 30 50 22 

Inst_Index:3107 	 City_Num:50 	 Concorde:5.306353 	 MCTS:5.306353 Improve:0.000000 	 Time:3.76 Seconds
Solution: 1 4 5 34 33 21 15 16 45 43 2 39 6 17 38 24 28 13 18 42 35 37 11 10 44 22 20 50 41 26 49 8 23 31 25 3 29 9 12 27 48 30 36 46 40 14 7 19 32 47 

Inst_Index:3108 	 City_Num:50 	 Concorde:5.653526 	 MCTS:5.651453 Improve:0.002073 	 Time:3.75 Seconds
Solution: 1 35 34 19 16 43 41 22 40 12 10 30 38 44 37 39 49 32 42 7 36 20 8 29 48 33 11 45 13 23 25 3 50 18 6 5 26 15 17 28 4 27 2 46 24 21 31 47 14 9 

Inst_Index:3109 	 City_Num:50 	 Concorde:5.612183 	 MCTS:5.612183 Improve:-0.000000 	 Time:3.75 Seconds
Solution: 1 41 5 8 9 49 20 2 21 47 28 33 3 13 30 32 36 48 24 6 10 46 34 39 38 18 17 50 37 16 7 26 14 15 4 19 44 12 23 31 40 25 35 27 42 11 22 29 45 43 

Inst_Index:3110 	 City_Num:50 	 Concorde:5.291499 	 MCTS:5.291499 Improve:-0.000000 	 Time:3.78 Seconds
Solution: 1 12 40 43 22 28 30 31 27 21 17 5 33 35 25 39 10 47 26 19 2 9 20 13 11 15 45 24 48 4 23 8 32 34 36 3 7 18 50 41 6 37 42 14 44 29 38 49 16 46 

Inst_Index:3111 	 City_Num:50 	 Concorde:5.425849 	 MCTS:5.422720 Improve:0.003129 	 Time:3.75 Seconds
Solution: 1 31 41 6 42 17 22 39 24 43 8 14 34 5 19 28 44 38 49 12 3 23 27 16 40 20 7 33 35 18 45 30 48 25 46 47 10 9 50 29 13 11 4 26 37 36 15 2 21 32 

Inst_Index:3112 	 City_Num:50 	 Concorde:5.867303 	 MCTS:5.867072 Improve:0.000231 	 Time:3.76 Seconds
Solution: 1 8 11 19 26 7 25 27 17 42 46 43 14 16 32 12 4 47 41 45 44 20 3 13 6 18 49 5 15 50 38 10 29 48 2 24 40 30 21 39 9 28 36 37 23 22 31 34 35 33 

Inst_Index:3113 	 City_Num:50 	 Concorde:5.568012 	 MCTS:5.563270 Improve:0.004741 	 Time:3.77 Seconds
Solution: 1 14 37 38 48 2 30 49 9 40 29 44 43 21 11 19 20 5 22 45 34 33 39 3 18 50 25 41 42 36 15 31 35 46 26 4 27 7 47 28 12 8 16 10 17 23 6 24 13 32 

Inst_Index:3114 	 City_Num:50 	 Concorde:6.269260 	 MCTS:6.269260 Improve:-0.000000 	 Time:3.77 Seconds
Solution: 1 25 21 17 34 9 7 50 10 40 5 37 15 33 24 2 45 19 16 3 47 27 11 6 20 22 18 14 29 39 48 4 13 36 42 41 26 8 43 49 31 23 46 38 12 44 35 28 30 32 

Inst_Index:3115 	 City_Num:50 	 Concorde:5.827026 	 MCTS:5.824475 Improve:0.002551 	 Time:3.76 Seconds
Solution: 1 32 30 22 5 2 21 16 29 42 46 33 3 34 11 15 36 27 17 23 31 38 12 18 9 10 8 48 47 45 40 44 13 37 43 20 4 35 49 7 26 28 19 6 41 50 25 24 39 14 

Inst_Index:3116 	 City_Num:50 	 Concorde:5.673472 	 MCTS:5.673472 Improve:-0.000000 	 Time:3.76 Seconds
Solution: 1 39 50 34 49 46 11 45 12 9 23 35 27 41 10 4 25 43 22 40 38 31 15 29 13 5 37 30 32 6 16 18 42 7 33 14 36 44 47 19 48 26 2 28 17 8 20 24 21 3 

Inst_Index:3117 	 City_Num:50 	 Concorde:5.590817 	 MCTS:5.590817 Improve:-0.000000 	 Time:3.76 Seconds
Solution: 1 43 20 13 25 8 6 19 30 24 50 47 32 45 44 4 14 16 22 35 5 29 33 2 17 11 46 9 10 21 27 41 23 31 18 42 34 36 38 37 28 39 12 3 15 40 26 7 49 48 

Inst_Index:3118 	 City_Num:50 	 Concorde:5.731687 	 MCTS:5.729316 Improve:0.002372 	 Time:3.77 Seconds
Solution: 1 32 14 39 9 45 20 21 44 23 33 31 48 18 26 7 13 15 17 47 25 27 19 35 5 22 16 40 4 36 38 30 41 6 8 3 37 24 42 46 12 29 2 34 28 43 49 11 50 10 

Inst_Index:3119 	 City_Num:50 	 Concorde:5.441535 	 MCTS:5.436881 Improve:0.004654 	 Time:3.76 Seconds
Solution: 1 15 37 20 44 10 13 38 34 14 29 24 17 30 11 21 12 31 9 43 46 40 16 18 41 35 23 26 50 4 22 32 2 5 42 28 48 3 33 6 27 49 7 19 25 45 8 39 36 47 

Inst_Index:3120 	 City_Num:50 	 Concorde:5.673956 	 MCTS:5.672537 Improve:0.001419 	 Time:3.76 Seconds
Solution: 1 11 40 8 28 21 27 29 12 47 34 10 44 9 20 2 45 17 22 46 14 43 23 13 24 42 33 31 48 37 32 3 5 7 26 19 49 18 41 4 39 36 15 6 38 50 30 25 35 16 

Inst_Index:3121 	 City_Num:50 	 Concorde:5.778443 	 MCTS:5.775445 Improve:0.002998 	 Time:3.77 Seconds
Solution: 1 33 45 5 48 34 3 40 49 15 41 25 43 35 28 38 14 4 23 39 18 44 27 7 32 19 11 22 30 31 8 24 6 36 12 20 9 10 16 13 2 17 50 42 29 46 47 37 26 21 

Inst_Index:3122 	 City_Num:50 	 Concorde:5.685917 	 MCTS:5.685917 Improve:0.000000 	 Time:3.75 Seconds
Solution: 1 50 31 19 3 32 34 7 40 5 46 44 23 9 29 16 21 18 49 10 37 28 24 45 39 30 22 36 25 26 20 17 4 12 33 15 41 8 38 6 11 2 27 35 13 42 14 43 47 48 

Inst_Index:3123 	 City_Num:50 	 Concorde:5.467817 	 MCTS:5.467817 Improve:0.000000 	 Time:3.76 Seconds
Solution: 1 37 47 3 45 29 23 5 8 18 39 43 30 31 33 4 42 40 19 7 27 12 16 20 21 48 25 34 36 46 10 49 2 41 14 22 15 32 6 44 26 50 9 35 28 13 17 24 38 11 

Inst_Index:3124 	 City_Num:50 	 Concorde:5.950135 	 MCTS:5.947375 Improve:0.002760 	 Time:3.78 Seconds
Solution: 1 27 33 21 42 20 44 32 31 50 6 43 8 4 28 19 49 36 48 12 41 39 18 47 34 14 26 13 22 38 16 24 46 37 11 25 40 7 17 5 23 3 15 29 30 9 45 2 10 35 

Inst_Index:3125 	 City_Num:50 	 Concorde:5.315833 	 MCTS:5.315833 Improve:0.000000 	 Time:3.78 Seconds
Solution: 1 35 9 15 27 12 25 8 49 7 19 4 47 5 23 37 10 44 36 28 31 33 48 46 26 6 22 21 39 43 18 42 45 29 34 30 14 16 2 24 41 17 40 38 50 3 11 20 13 32 

Inst_Index:3126 	 City_Num:50 	 Concorde:5.927717 	 MCTS:5.924861 Improve:0.002856 	 Time:3.78 Seconds
Solution: 1 37 32 24 4 10 23 41 13 46 19 17 45 9 49 15 26 38 20 44 39 16 5 8 36 11 25 27 12 42 14 3 31 43 35 40 30 34 33 50 47 7 48 21 2 18 22 6 28 29 

Inst_Index:3127 	 City_Num:50 	 Concorde:5.767792 	 MCTS:5.767792 Improve:0.000000 	 Time:3.77 Seconds
Solution: 1 20 12 4 13 10 37 3 27 34 11 2 24 39 46 19 14 17 40 18 44 28 25 38 23 9 36 33 47 8 31 35 26 21 30 7 48 6 49 42 16 41 45 22 5 29 32 43 15 50 

Inst_Index:3128 	 City_Num:50 	 Concorde:5.747226 	 MCTS:5.747226 Improve:0.000000 	 Time:3.76 Seconds
Solution: 1 8 24 19 10 43 16 26 48 29 14 46 45 23 35 5 44 42 2 27 49 33 39 34 36 31 41 40 28 50 20 21 30 9 11 47 37 12 3 32 38 4 22 7 25 6 13 17 15 18 

Inst_Index:3129 	 City_Num:50 	 Concorde:5.762052 	 MCTS:5.762052 Improve:-0.000000 	 Time:3.76 Seconds
Solution: 1 43 10 17 34 12 2 25 20 14 3 7 8 23 5 45 47 36 44 31 35 13 24 37 15 46 48 30 33 26 32 11 18 4 27 21 28 41 16 6 22 49 29 39 19 40 38 50 9 42 

Inst_Index:3130 	 City_Num:50 	 Concorde:6.123891 	 MCTS:6.123891 Improve:0.000000 	 Time:3.76 Seconds
Solution: 1 40 4 15 22 47 25 46 37 44 18 49 50 26 39 35 14 2 38 28 16 32 8 7 34 11 3 21 41 31 27 45 17 36 33 43 13 12 30 10 48 23 24 19 20 5 42 29 6 9 


Avg_Concorde_Distance: 5.696676 Avg_MCTS_Distance: 5.695280 Avg_Gap: -0.000244 Total_Time: 1178.17 Seconds 
 Beat_Best_Known_Times: 124 Match_Best_Known_Times: 189 Miss_Best_Known_Times: 0 
