Number_of_Instances_In_Current_Batch: 313

Inst_Index:6574 	 City_Num:50 	 Concorde:5.450587 	 MCTS:5.447556 Improve:0.003031 	 Time:3.76 Seconds
Solution: 1 13 16 8 21 7 45 10 36 37 22 49 50 46 30 25 14 32 19 38 27 39 17 12 15 34 42 11 4 31 6 5 9 47 2 18 29 41 3 24 35 33 44 26 48 43 20 23 40 28 

Inst_Index:6575 	 City_Num:50 	 Concorde:6.157753 	 MCTS:6.156401 Improve:0.001353 	 Time:3.75 Seconds
Solution: 1 34 3 18 17 23 36 5 28 21 49 31 43 22 24 29 7 27 35 25 46 11 44 45 2 41 14 20 9 38 33 6 48 4 32 13 19 10 39 15 26 40 8 37 30 50 42 12 16 47 

Inst_Index:6576 	 City_Num:50 	 Concorde:5.727695 	 MCTS:5.727695 Improve:0.000000 	 Time:3.76 Seconds
Solution: 1 7 45 49 15 4 35 38 29 24 43 19 6 30 44 36 41 12 39 32 14 13 11 37 25 9 20 23 28 10 34 16 40 33 21 8 48 22 2 3 50 47 46 26 5 27 18 31 42 17 

Inst_Index:6577 	 City_Num:50 	 Concorde:5.682549 	 MCTS:5.682549 Improve:0.000000 	 Time:3.75 Seconds
Solution: 1 23 3 2 19 4 5 20 9 48 28 40 49 8 36 34 33 15 47 41 27 32 26 46 35 18 11 31 17 10 14 30 13 45 37 43 29 24 12 25 7 16 38 21 44 6 22 42 39 50 

Inst_Index:6578 	 City_Num:50 	 Concorde:5.530891 	 MCTS:5.520614 Improve:0.010276 	 Time:3.76 Seconds
Solution: 1 7 18 46 40 42 45 24 22 17 36 30 50 39 48 9 38 4 13 35 28 27 12 6 23 5 8 20 44 16 41 3 14 25 10 34 15 26 33 21 47 2 43 37 49 29 19 11 31 32 

Inst_Index:6579 	 City_Num:50 	 Concorde:5.482793 	 MCTS:5.482793 Improve:0.000000 	 Time:3.77 Seconds
Solution: 1 22 32 12 42 50 33 47 31 45 23 28 6 7 29 30 20 10 49 18 37 15 2 43 44 25 26 35 19 14 3 41 4 38 39 17 13 16 27 11 9 5 40 8 48 36 34 46 24 21 

Inst_Index:6580 	 City_Num:50 	 Concorde:5.327357 	 MCTS:5.327357 Improve:-0.000000 	 Time:3.75 Seconds
Solution: 1 19 47 26 15 18 17 23 3 21 30 20 37 28 10 8 22 29 4 44 16 34 40 24 7 11 35 49 43 13 25 36 42 38 45 48 27 31 9 39 5 2 6 14 46 32 33 50 41 12 

Inst_Index:6581 	 City_Num:50 	 Concorde:5.879810 	 MCTS:5.879810 Improve:-0.000000 	 Time:3.77 Seconds
Solution: 1 30 2 50 44 21 7 43 8 13 48 4 33 49 5 22 41 47 18 15 32 6 25 45 39 20 42 26 24 31 23 3 38 28 34 12 29 46 17 9 35 10 11 36 27 40 19 14 16 37 

Inst_Index:6582 	 City_Num:50 	 Concorde:5.462927 	 MCTS:5.462927 Improve:0.000000 	 Time:3.76 Seconds
Solution: 1 21 13 46 11 22 25 42 26 9 30 36 44 7 6 5 32 15 12 38 17 34 19 28 41 29 20 43 23 40 10 16 39 37 2 33 18 3 50 24 45 35 49 14 8 47 31 48 4 27 

Inst_Index:6583 	 City_Num:50 	 Concorde:5.294239 	 MCTS:5.294239 Improve:0.000000 	 Time:3.75 Seconds
Solution: 1 20 29 46 11 36 38 37 6 40 35 17 22 44 34 2 45 48 13 8 7 9 32 23 14 24 4 5 43 3 19 10 28 33 27 31 26 42 25 47 41 21 15 12 18 30 50 39 49 16 

Inst_Index:6584 	 City_Num:50 	 Concorde:5.423243 	 MCTS:5.418359 Improve:0.004884 	 Time:3.76 Seconds
Solution: 1 4 41 37 44 15 23 7 31 46 39 49 42 34 35 22 47 16 36 18 38 25 45 50 28 11 12 29 30 20 32 5 24 13 14 19 27 10 17 2 3 9 43 6 8 21 48 26 33 40 

Inst_Index:6585 	 City_Num:50 	 Concorde:5.868275 	 MCTS:5.865240 Improve:0.003036 	 Time:3.76 Seconds
Solution: 1 42 13 29 18 36 46 34 47 21 11 25 45 10 22 8 23 49 27 4 28 20 31 24 9 41 32 26 40 35 2 15 39 50 44 12 19 7 5 17 14 37 38 30 33 6 16 48 3 43 

Inst_Index:6586 	 City_Num:50 	 Concorde:5.879686 	 MCTS:5.879686 Improve:0.000000 	 Time:3.75 Seconds
Solution: 1 26 25 2 34 5 50 30 14 16 21 39 27 31 49 28 8 23 6 10 32 29 43 4 36 20 12 48 44 7 47 42 15 35 17 3 24 33 19 41 11 45 13 9 37 46 18 38 40 22 

Inst_Index:6587 	 City_Num:50 	 Concorde:5.615286 	 MCTS:5.615286 Improve:0.000000 	 Time:3.76 Seconds
Solution: 1 31 28 27 43 21 48 39 33 38 47 5 32 34 24 17 50 30 13 3 12 22 4 16 37 6 23 7 8 40 49 26 19 41 15 25 11 45 35 18 46 2 10 36 42 44 14 20 9 29 

Inst_Index:6588 	 City_Num:50 	 Concorde:6.019239 	 MCTS:6.019239 Improve:-0.000000 	 Time:3.76 Seconds
Solution: 1 49 17 15 50 21 31 38 27 37 26 5 6 47 39 33 43 23 20 16 29 32 2 34 41 3 24 35 11 10 13 46 9 25 30 28 19 7 40 42 36 8 45 4 18 48 44 12 14 22 

Inst_Index:6589 	 City_Num:50 	 Concorde:5.945501 	 MCTS:5.944575 Improve:0.000927 	 Time:3.76 Seconds
Solution: 1 41 8 22 5 30 47 6 13 16 36 40 32 3 39 45 23 31 42 24 20 14 50 2 11 7 19 49 9 4 15 33 17 21 29 46 12 37 44 48 25 18 26 34 38 10 27 43 28 35 

Inst_Index:6590 	 City_Num:50 	 Concorde:5.918623 	 MCTS:5.918623 Improve:-0.000000 	 Time:3.76 Seconds
Solution: 1 37 49 19 2 46 21 34 7 40 35 48 36 30 31 25 8 12 43 29 44 16 38 45 32 5 26 6 14 11 22 17 33 27 28 9 18 47 23 24 42 50 4 13 39 10 15 3 41 20 

Inst_Index:6591 	 City_Num:50 	 Concorde:6.004200 	 MCTS:6.004154 Improve:0.000045 	 Time:3.77 Seconds
Solution: 1 24 6 44 15 35 26 47 38 39 41 49 14 13 10 29 25 31 36 42 45 27 2 5 4 28 9 16 7 32 21 46 8 33 12 50 19 23 22 43 20 37 3 11 40 48 18 17 30 34 

Inst_Index:6592 	 City_Num:50 	 Concorde:5.471825 	 MCTS:5.471825 Improve:0.000000 	 Time:3.77 Seconds
Solution: 1 6 31 17 4 21 47 13 11 30 44 26 25 2 10 15 19 33 48 37 41 5 23 38 45 36 12 9 46 49 14 32 29 35 8 28 7 40 42 3 39 43 50 20 24 16 27 22 18 34 

Inst_Index:6593 	 City_Num:50 	 Concorde:5.439882 	 MCTS:5.439882 Improve:0.000000 	 Time:3.75 Seconds
Solution: 1 39 25 27 45 5 41 16 6 29 50 35 44 23 40 30 8 4 46 19 9 3 33 22 10 31 21 14 32 42 12 18 7 47 34 28 36 49 43 17 37 15 26 24 11 48 2 38 13 20 

Inst_Index:6594 	 City_Num:50 	 Concorde:5.569698 	 MCTS:5.569698 Improve:-0.000000 	 Time:3.75 Seconds
Solution: 1 27 45 25 3 36 24 42 8 12 15 44 38 4 41 47 29 19 22 43 50 39 13 6 17 26 7 28 34 10 20 48 46 2 30 9 37 31 33 11 32 14 35 16 18 23 5 21 49 40 

Inst_Index:6595 	 City_Num:50 	 Concorde:5.700821 	 MCTS:5.700821 Improve:0.000000 	 Time:3.75 Seconds
Solution: 1 50 21 4 26 20 34 2 24 31 10 29 36 40 32 22 25 13 39 3 46 44 28 42 38 45 27 7 41 37 5 17 19 23 33 8 9 49 35 11 30 6 18 43 14 15 16 47 12 48 

Inst_Index:6596 	 City_Num:50 	 Concorde:5.588565 	 MCTS:5.587594 Improve:0.000971 	 Time:3.75 Seconds
Solution: 1 42 40 31 15 33 4 37 24 8 5 9 39 11 14 2 34 47 41 7 29 25 45 30 12 19 6 26 49 32 21 43 50 48 36 27 10 44 20 28 46 17 23 38 13 35 3 22 18 16 

Inst_Index:6597 	 City_Num:50 	 Concorde:5.493178 	 MCTS:5.493178 Improve:0.000000 	 Time:3.76 Seconds
Solution: 1 39 47 13 49 31 10 33 30 26 41 23 3 43 36 18 12 17 8 46 27 42 24 28 5 2 29 22 37 21 45 34 11 16 40 9 4 6 35 20 7 50 32 25 15 48 14 19 44 38 

Inst_Index:6598 	 City_Num:50 	 Concorde:5.919193 	 MCTS:5.916604 Improve:0.002589 	 Time:3.75 Seconds
Solution: 1 45 25 38 9 24 15 26 44 10 7 14 34 21 19 47 41 5 20 18 32 49 17 36 27 8 31 2 16 37 35 30 6 33 22 42 48 12 11 46 50 39 4 13 29 3 28 23 40 43 

Inst_Index:6599 	 City_Num:50 	 Concorde:5.566984 	 MCTS:5.565617 Improve:0.001367 	 Time:3.76 Seconds
Solution: 1 31 5 45 9 10 11 23 38 40 2 32 27 50 8 42 13 36 20 30 21 29 26 4 39 17 47 19 48 16 41 14 18 46 24 15 37 12 7 44 43 28 3 33 6 25 34 35 22 49 

Inst_Index:6600 	 City_Num:50 	 Concorde:5.399384 	 MCTS:5.396686 Improve:0.002698 	 Time:3.76 Seconds
Solution: 1 49 47 10 2 35 19 40 23 32 3 44 13 11 9 33 36 8 39 31 26 17 18 7 50 14 34 21 28 25 48 20 42 37 38 27 12 6 43 15 41 4 16 5 46 30 45 22 24 29 

Inst_Index:6601 	 City_Num:50 	 Concorde:5.552714 	 MCTS:5.547146 Improve:0.005568 	 Time:3.76 Seconds
Solution: 1 12 17 32 11 23 13 42 43 29 22 16 33 4 24 18 15 7 46 26 5 38 37 14 8 49 35 28 41 30 39 9 44 50 36 10 20 45 34 48 19 21 3 27 25 47 6 2 40 31 

Inst_Index:6602 	 City_Num:50 	 Concorde:5.847150 	 MCTS:5.847150 Improve:-0.000000 	 Time:3.76 Seconds
Solution: 1 26 45 48 38 49 21 24 46 6 37 15 3 28 5 44 35 43 27 25 36 12 32 47 13 34 8 20 42 18 11 4 41 9 19 40 10 33 29 17 39 2 7 50 31 16 14 23 22 30 

Inst_Index:6603 	 City_Num:50 	 Concorde:5.757383 	 MCTS:5.757383 Improve:0.000000 	 Time:3.76 Seconds
Solution: 1 25 49 43 11 5 41 12 45 19 30 28 40 26 22 20 38 32 4 10 35 2 13 31 9 6 24 23 17 7 29 15 3 33 39 34 14 48 27 50 37 21 18 16 42 36 46 47 44 8 

Inst_Index:6604 	 City_Num:50 	 Concorde:5.263973 	 MCTS:5.263973 Improve:0.000000 	 Time:3.76 Seconds
Solution: 1 50 11 5 20 33 7 43 37 38 23 41 31 4 25 44 18 49 3 48 42 30 6 8 16 26 17 47 9 24 12 14 2 39 21 34 28 29 10 27 46 36 15 32 45 22 35 19 13 40 

Inst_Index:6605 	 City_Num:50 	 Concorde:6.215860 	 MCTS:6.215860 Improve:0.000000 	 Time:3.75 Seconds
Solution: 1 7 43 10 29 30 6 27 21 36 20 19 46 14 50 4 17 28 49 39 44 12 38 16 35 5 8 48 42 2 25 22 41 11 40 34 37 3 23 33 47 9 15 18 26 32 13 24 45 31 

Inst_Index:6606 	 City_Num:50 	 Concorde:5.645386 	 MCTS:5.645386 Improve:-0.000000 	 Time:3.76 Seconds
Solution: 1 29 27 41 7 49 28 24 43 33 34 16 12 17 14 8 20 36 26 44 37 45 4 46 9 6 38 10 2 22 42 18 32 3 31 5 21 50 30 15 23 11 40 47 35 48 25 39 13 19 

Inst_Index:6607 	 City_Num:50 	 Concorde:5.496597 	 MCTS:5.496597 Improve:-0.000000 	 Time:3.75 Seconds
Solution: 1 25 34 37 45 26 3 9 5 20 13 44 33 2 36 35 14 18 15 6 22 8 19 49 46 41 7 10 28 38 17 21 27 29 12 43 24 40 4 11 30 47 42 31 32 23 39 50 48 16 

Inst_Index:6608 	 City_Num:50 	 Concorde:5.851092 	 MCTS:5.851092 Improve:0.000000 	 Time:3.76 Seconds
Solution: 1 46 49 40 25 17 43 41 29 16 32 3 31 38 42 21 30 48 11 18 19 8 36 2 26 14 4 44 39 47 37 27 45 23 15 6 28 9 24 34 22 12 35 7 5 33 50 13 10 20 

Inst_Index:6609 	 City_Num:50 	 Concorde:5.826392 	 MCTS:5.824983 Improve:0.001409 	 Time:3.77 Seconds
Solution: 1 40 13 24 16 35 4 46 28 33 22 27 14 21 25 29 7 47 26 39 18 43 19 37 41 32 34 9 23 48 36 10 50 45 5 2 38 8 6 30 3 49 20 44 15 31 12 42 17 11 

Inst_Index:6610 	 City_Num:50 	 Concorde:5.929337 	 MCTS:5.929337 Improve:0.000000 	 Time:3.76 Seconds
Solution: 1 32 50 10 5 41 6 25 29 13 2 3 17 21 7 34 27 15 22 30 46 39 8 33 42 24 28 14 26 36 45 31 19 35 37 23 9 16 44 18 48 4 20 38 47 40 11 49 43 12 

Inst_Index:6611 	 City_Num:50 	 Concorde:5.097634 	 MCTS:5.097634 Improve:0.000000 	 Time:3.76 Seconds
Solution: 1 26 46 29 11 38 34 10 25 37 5 32 16 41 36 48 45 44 42 4 2 6 8 12 13 20 15 50 31 17 3 14 18 49 19 33 27 9 22 21 40 47 39 23 35 43 30 7 28 24 

Inst_Index:6612 	 City_Num:50 	 Concorde:5.811355 	 MCTS:5.810285 Improve:0.001070 	 Time:3.76 Seconds
Solution: 1 26 46 49 24 25 33 6 38 11 3 44 30 28 45 12 37 2 23 29 7 27 18 22 31 16 10 42 13 41 20 5 40 4 50 48 47 43 14 39 34 9 36 17 35 19 8 21 32 15 

Inst_Index:6613 	 City_Num:50 	 Concorde:5.495320 	 MCTS:5.495320 Improve:0.000000 	 Time:3.75 Seconds
Solution: 1 14 42 3 25 47 40 37 11 17 34 45 12 27 2 13 46 39 24 21 38 20 23 35 16 50 9 33 28 18 31 19 30 43 29 5 15 22 41 4 8 48 6 26 7 10 49 32 36 44 

Inst_Index:6614 	 City_Num:50 	 Concorde:5.547495 	 MCTS:5.547495 Improve:-0.000000 	 Time:3.76 Seconds
Solution: 1 15 47 22 38 20 30 23 37 35 28 14 26 32 6 44 40 19 5 21 18 17 29 46 33 36 2 7 27 13 25 48 4 16 42 43 12 11 50 8 34 45 41 9 49 10 31 3 39 24 

Inst_Index:6615 	 City_Num:50 	 Concorde:5.679491 	 MCTS:5.668090 Improve:0.011401 	 Time:3.75 Seconds
Solution: 1 28 33 11 43 38 26 14 6 12 45 27 2 24 31 37 49 29 48 17 5 39 40 30 42 21 23 47 18 7 10 34 32 15 35 8 19 16 13 46 9 3 25 20 36 50 44 4 22 41 

Inst_Index:6616 	 City_Num:50 	 Concorde:5.616324 	 MCTS:5.616324 Improve:0.000000 	 Time:3.77 Seconds
Solution: 1 29 39 42 26 23 15 49 10 32 30 12 11 43 48 8 27 25 36 40 21 24 14 46 9 5 28 19 45 18 31 20 33 41 16 34 44 2 37 35 50 17 6 22 38 13 3 47 7 4 

Inst_Index:6617 	 City_Num:50 	 Concorde:5.352106 	 MCTS:5.352106 Improve:-0.000000 	 Time:3.77 Seconds
Solution: 1 4 13 47 33 37 8 11 9 31 42 21 39 19 46 23 38 41 16 17 44 15 24 2 12 43 29 40 34 27 48 18 26 22 7 20 5 28 45 10 49 25 35 32 36 30 50 6 14 3 

Inst_Index:6618 	 City_Num:50 	 Concorde:5.794601 	 MCTS:5.794601 Improve:0.000000 	 Time:3.76 Seconds
Solution: 1 15 25 40 30 31 6 49 18 41 44 13 21 11 5 38 46 17 37 27 43 48 19 23 3 28 39 2 9 47 42 36 4 26 45 24 16 12 22 20 29 7 33 10 50 32 8 35 14 34 

Inst_Index:6619 	 City_Num:50 	 Concorde:5.909994 	 MCTS:5.909994 Improve:-0.000000 	 Time:3.76 Seconds
Solution: 1 15 32 19 44 40 14 20 6 30 42 41 39 23 22 28 27 38 35 11 2 10 7 18 45 33 5 9 46 49 26 48 16 17 25 31 4 13 47 8 21 50 12 3 34 29 36 43 37 24 

Inst_Index:6620 	 City_Num:50 	 Concorde:5.533976 	 MCTS:5.532038 Improve:0.001938 	 Time:3.75 Seconds
Solution: 1 28 35 50 40 9 29 48 24 20 6 43 4 31 17 32 16 42 47 22 11 26 23 33 2 30 41 19 13 45 7 49 46 3 38 37 36 34 18 21 44 12 27 39 15 5 14 10 8 25 

Inst_Index:6621 	 City_Num:50 	 Concorde:5.064827 	 MCTS:5.064827 Improve:0.000000 	 Time:3.76 Seconds
Solution: 1 27 17 20 32 5 11 30 14 15 24 21 13 37 6 43 39 40 7 25 33 35 42 36 44 10 45 8 47 29 41 3 23 2 16 34 22 26 9 28 49 18 4 12 48 50 46 31 19 38 

Inst_Index:6622 	 City_Num:50 	 Concorde:5.738937 	 MCTS:5.738937 Improve:0.000000 	 Time:3.75 Seconds
Solution: 1 17 4 49 48 28 32 18 2 29 39 40 16 6 46 36 13 37 14 38 31 43 33 11 3 26 25 23 45 50 30 19 24 21 5 15 10 12 42 34 9 44 7 22 35 20 8 27 41 47 

Inst_Index:6623 	 City_Num:50 	 Concorde:5.924532 	 MCTS:5.924532 Improve:0.000000 	 Time:3.75 Seconds
Solution: 1 6 49 44 34 48 23 30 11 28 46 39 41 18 38 12 19 5 45 35 37 20 47 21 24 29 40 25 36 43 16 13 26 27 3 17 32 22 14 31 4 7 33 9 8 15 10 2 50 42 

Inst_Index:6624 	 City_Num:50 	 Concorde:5.889924 	 MCTS:5.889631 Improve:0.000293 	 Time:3.77 Seconds
Solution: 1 33 21 45 34 20 50 41 4 9 49 25 47 37 39 18 5 10 36 2 32 40 12 11 28 23 29 16 15 8 14 7 48 19 26 38 31 30 22 13 42 35 3 27 43 44 46 6 24 17 

Inst_Index:6625 	 City_Num:50 	 Concorde:5.798961 	 MCTS:5.798961 Improve:0.000000 	 Time:3.75 Seconds
Solution: 1 7 46 33 48 43 34 2 16 24 26 20 45 35 37 40 47 8 6 41 44 3 9 17 50 39 42 28 38 5 29 4 10 12 22 18 13 15 21 27 25 30 49 32 14 11 19 36 31 23 

Inst_Index:6626 	 City_Num:50 	 Concorde:5.910559 	 MCTS:5.904799 Improve:0.005760 	 Time:3.77 Seconds
Solution: 1 31 49 16 35 36 27 4 8 50 42 17 47 29 9 7 43 38 21 5 12 39 32 37 14 34 41 46 10 44 22 30 45 40 25 33 23 28 13 11 20 48 2 15 19 3 24 18 26 6 

Inst_Index:6627 	 City_Num:50 	 Concorde:6.111382 	 MCTS:6.111382 Improve:0.000000 	 Time:3.76 Seconds
Solution: 1 45 23 18 46 50 24 34 8 26 14 47 33 20 16 35 13 19 36 17 27 25 30 9 10 11 4 12 6 15 41 44 5 3 32 7 37 49 38 43 22 40 42 29 28 39 21 48 2 31 

Inst_Index:6628 	 City_Num:50 	 Concorde:5.742148 	 MCTS:5.739186 Improve:0.002962 	 Time:3.76 Seconds
Solution: 1 42 4 41 5 24 8 31 11 10 15 35 43 45 22 40 6 39 23 25 27 14 46 38 12 33 30 16 18 50 29 17 32 13 26 37 21 7 28 34 44 9 20 2 49 19 47 36 3 48 

Inst_Index:6629 	 City_Num:50 	 Concorde:5.907560 	 MCTS:5.902797 Improve:0.004762 	 Time:3.75 Seconds
Solution: 1 22 14 39 35 37 21 3 16 48 23 46 15 41 28 26 47 13 45 4 8 27 9 25 17 6 12 44 11 43 2 10 40 20 31 49 32 19 30 7 24 38 50 18 5 36 42 33 34 29 

Inst_Index:6630 	 City_Num:50 	 Concorde:6.090041 	 MCTS:6.090041 Improve:0.000000 	 Time:3.77 Seconds
Solution: 1 5 23 43 44 11 32 27 41 15 42 4 48 49 6 7 13 31 9 20 16 47 2 39 40 50 37 17 38 21 30 46 35 22 8 24 33 12 18 19 10 26 3 28 45 36 29 14 25 34 

Inst_Index:6631 	 City_Num:50 	 Concorde:5.269987 	 MCTS:5.269699 Improve:0.000289 	 Time:3.76 Seconds
Solution: 1 34 31 30 39 3 44 6 21 48 35 5 20 22 16 37 13 11 32 15 29 12 9 4 45 40 38 25 19 14 50 7 47 43 42 24 23 28 33 27 18 46 49 26 17 41 2 10 36 8 

Inst_Index:6632 	 City_Num:50 	 Concorde:6.187195 	 MCTS:6.187195 Improve:0.000000 	 Time:3.77 Seconds
Solution: 1 17 36 47 3 14 37 24 27 38 15 33 16 11 7 22 44 39 21 42 30 4 18 12 40 32 45 35 9 31 2 41 50 29 6 23 49 5 46 26 43 28 48 19 8 20 34 13 10 25 

Inst_Index:6633 	 City_Num:50 	 Concorde:5.690476 	 MCTS:5.689470 Improve:0.001006 	 Time:3.76 Seconds
Solution: 1 3 22 36 29 26 49 7 32 39 21 23 24 5 43 4 28 14 27 2 34 47 11 41 33 13 16 9 46 35 48 19 50 6 8 31 42 15 45 12 37 25 38 40 44 30 18 20 10 17 

Inst_Index:6634 	 City_Num:50 	 Concorde:4.979399 	 MCTS:4.979399 Improve:-0.000000 	 Time:3.76 Seconds
Solution: 1 28 24 3 23 4 10 49 29 43 27 17 37 48 25 46 38 20 30 13 50 34 35 18 6 16 8 22 12 2 41 44 9 32 45 39 36 11 40 5 31 14 15 26 47 33 7 42 19 21 

Inst_Index:6635 	 City_Num:50 	 Concorde:5.391788 	 MCTS:5.391788 Improve:-0.000000 	 Time:3.75 Seconds
Solution: 1 37 5 25 40 21 11 17 22 47 49 2 50 31 3 41 18 6 9 26 29 20 16 45 27 35 38 39 14 15 32 44 46 48 4 19 10 33 36 12 28 43 23 30 8 13 34 42 7 24 

Inst_Index:6636 	 City_Num:50 	 Concorde:5.764483 	 MCTS:5.764218 Improve:0.000265 	 Time:3.76 Seconds
Solution: 1 11 2 44 23 40 10 45 21 37 4 50 12 29 13 35 9 18 46 17 27 15 24 30 41 49 33 7 31 43 22 6 28 42 39 48 16 36 19 26 5 25 34 8 32 38 47 14 3 20 

Inst_Index:6637 	 City_Num:50 	 Concorde:5.694867 	 MCTS:5.693543 Improve:0.001324 	 Time:3.76 Seconds
Solution: 1 30 29 8 20 4 23 31 44 49 17 22 42 32 46 25 37 2 47 12 21 5 27 40 9 34 10 50 41 43 3 38 45 15 39 19 26 6 48 24 13 7 33 35 36 14 16 11 28 18 

Inst_Index:6638 	 City_Num:50 	 Concorde:5.621799 	 MCTS:5.617515 Improve:0.004284 	 Time:3.77 Seconds
Solution: 1 29 36 32 35 19 38 22 6 21 42 8 14 13 41 30 15 17 2 46 47 25 3 23 5 34 40 31 18 43 33 4 37 48 50 28 44 45 12 27 20 7 10 11 39 24 9 49 16 26 

Inst_Index:6639 	 City_Num:50 	 Concorde:5.867139 	 MCTS:5.867065 Improve:0.000074 	 Time:3.76 Seconds
Solution: 1 16 3 31 50 37 29 14 38 33 49 26 10 30 32 13 9 17 25 48 15 46 22 11 24 2 19 41 45 34 39 6 42 36 35 12 5 44 43 47 28 18 23 8 20 40 21 4 27 7 

Inst_Index:6640 	 City_Num:50 	 Concorde:5.410241 	 MCTS:5.410241 Improve:0.000000 	 Time:3.76 Seconds
Solution: 1 4 16 47 43 29 19 17 44 14 15 23 13 24 50 9 10 3 18 42 2 31 38 40 12 25 27 46 5 6 33 26 8 11 21 37 48 28 7 41 36 20 45 22 30 39 49 32 35 34 

Inst_Index:6641 	 City_Num:50 	 Concorde:5.642713 	 MCTS:5.633186 Improve:0.009527 	 Time:3.76 Seconds
Solution: 1 24 31 36 12 5 11 13 42 25 22 30 15 6 29 4 40 18 50 16 47 34 48 38 28 37 23 44 7 10 17 32 19 46 2 9 27 45 41 8 14 33 20 49 39 43 3 35 21 26 

Inst_Index:6642 	 City_Num:50 	 Concorde:5.488452 	 MCTS:5.488452 Improve:0.000000 	 Time:3.76 Seconds
Solution: 1 22 43 6 3 17 5 14 39 19 34 44 42 49 27 16 37 12 21 18 48 40 31 8 47 10 24 4 23 28 41 36 33 25 13 45 11 46 50 20 7 35 38 30 15 9 29 2 32 26 

Inst_Index:6643 	 City_Num:50 	 Concorde:5.300218 	 MCTS:5.300218 Improve:0.000000 	 Time:3.79 Seconds
Solution: 1 42 40 6 41 39 27 7 49 47 35 28 26 29 38 10 48 31 24 4 11 46 37 17 8 12 3 43 18 36 22 5 30 15 19 33 25 13 20 32 45 21 9 2 14 16 34 50 23 44 

Inst_Index:6644 	 City_Num:50 	 Concorde:5.917274 	 MCTS:5.917274 Improve:0.000000 	 Time:3.76 Seconds
Solution: 1 23 36 31 15 22 46 41 2 33 24 28 47 39 40 26 14 5 29 43 48 20 30 34 10 45 16 49 18 44 7 3 9 6 4 13 11 37 50 8 35 17 12 19 42 21 32 27 25 38 

Inst_Index:6645 	 City_Num:50 	 Concorde:5.849047 	 MCTS:5.847993 Improve:0.001053 	 Time:3.76 Seconds
Solution: 1 34 20 32 13 10 35 24 18 28 23 26 44 8 15 6 40 37 50 47 45 3 7 41 43 12 39 25 14 22 9 42 4 48 36 5 33 19 49 46 38 30 29 2 31 27 11 21 16 17 

Inst_Index:6646 	 City_Num:50 	 Concorde:6.045552 	 MCTS:6.038668 Improve:0.006884 	 Time:3.77 Seconds
Solution: 1 8 37 38 9 36 42 48 13 46 4 25 50 29 31 12 19 5 2 3 7 20 24 44 26 40 39 41 23 32 34 28 30 16 43 33 10 15 17 27 11 21 22 18 49 14 35 47 6 45 

Inst_Index:6647 	 City_Num:50 	 Concorde:5.687182 	 MCTS:5.687182 Improve:0.000000 	 Time:3.77 Seconds
Solution: 1 26 44 39 49 8 22 48 3 20 43 29 13 38 33 15 19 47 30 9 5 18 32 14 46 21 11 36 31 10 24 17 35 16 50 7 23 4 27 2 34 28 41 37 40 42 6 12 25 45 

Inst_Index:6648 	 City_Num:50 	 Concorde:5.697917 	 MCTS:5.697844 Improve:0.000073 	 Time:3.76 Seconds
Solution: 1 45 9 40 48 47 19 26 28 50 11 49 8 5 43 36 10 30 41 4 7 32 37 3 12 29 42 16 20 2 34 18 35 38 25 15 39 6 21 13 31 46 22 24 14 23 17 44 27 33 

Inst_Index:6649 	 City_Num:50 	 Concorde:5.531701 	 MCTS:5.531701 Improve:0.000000 	 Time:3.79 Seconds
Solution: 1 35 38 49 29 32 34 30 12 39 26 27 44 33 46 28 21 4 11 43 31 24 7 41 9 47 8 17 40 45 36 15 37 18 13 23 3 25 19 42 5 16 2 20 22 48 6 14 50 10 

Inst_Index:6650 	 City_Num:50 	 Concorde:6.057485 	 MCTS:6.054740 Improve:0.002745 	 Time:3.77 Seconds
Solution: 1 12 10 9 44 32 20 41 11 42 15 18 46 2 13 37 40 29 35 43 16 17 45 30 38 5 47 39 34 7 49 19 22 50 6 48 27 25 33 36 21 26 8 23 14 31 28 24 4 3 

Inst_Index:6651 	 City_Num:50 	 Concorde:5.895739 	 MCTS:5.895739 Improve:-0.000000 	 Time:3.78 Seconds
Solution: 1 14 24 23 5 15 49 13 25 21 8 22 9 37 12 16 27 40 29 48 30 33 31 47 3 32 26 20 2 4 36 35 45 11 43 28 44 7 34 17 39 50 42 19 10 38 46 6 18 41 

Inst_Index:6652 	 City_Num:50 	 Concorde:5.447610 	 MCTS:5.446008 Improve:0.001603 	 Time:3.76 Seconds
Solution: 1 46 35 37 30 8 21 26 23 5 9 45 32 22 15 13 50 24 28 47 44 2 27 16 36 40 49 43 3 25 38 10 42 7 4 41 12 39 11 17 34 14 6 31 18 33 19 20 48 29 

Inst_Index:6653 	 City_Num:50 	 Concorde:5.592159 	 MCTS:5.586299 Improve:0.005860 	 Time:3.78 Seconds
Solution: 1 9 42 29 50 45 21 13 39 2 35 3 23 11 32 24 12 27 4 48 40 6 30 10 47 5 22 44 19 36 43 8 26 16 15 25 41 28 31 7 33 17 20 37 18 49 38 46 34 14 

Inst_Index:6654 	 City_Num:50 	 Concorde:5.620891 	 MCTS:5.620891 Improve:0.000000 	 Time:3.75 Seconds
Solution: 1 9 40 32 12 13 28 3 17 8 41 29 30 5 31 22 2 48 26 20 37 38 39 18 34 4 46 33 14 7 50 27 24 11 16 44 47 42 21 49 10 25 36 43 23 35 19 45 6 15 

Inst_Index:6655 	 City_Num:50 	 Concorde:5.971812 	 MCTS:5.971812 Improve:0.000000 	 Time:3.75 Seconds
Solution: 1 30 13 45 14 36 17 20 40 23 4 39 16 29 21 15 10 43 18 27 6 25 33 11 41 32 19 24 49 48 37 26 46 34 50 5 42 3 44 7 31 22 47 35 12 28 2 8 38 9 

Inst_Index:6656 	 City_Num:50 	 Concorde:5.305594 	 MCTS:5.302038 Improve:0.003557 	 Time:3.76 Seconds
Solution: 1 2 26 49 7 11 17 50 27 42 13 15 40 10 22 9 31 47 36 14 33 24 45 16 6 3 8 12 39 21 37 46 41 30 19 44 28 48 5 35 38 43 18 23 34 4 29 25 20 32 

Inst_Index:6657 	 City_Num:50 	 Concorde:5.526034 	 MCTS:5.526034 Improve:-0.000000 	 Time:3.75 Seconds
Solution: 1 10 8 21 9 17 50 5 12 33 44 2 37 42 27 49 41 3 47 31 43 15 32 13 6 25 19 48 35 20 23 29 7 11 36 45 14 30 24 28 34 38 18 16 22 39 26 46 40 4 

Inst_Index:6658 	 City_Num:50 	 Concorde:6.175697 	 MCTS:6.165117 Improve:0.010580 	 Time:3.76 Seconds
Solution: 1 27 37 10 33 21 36 17 50 18 16 5 23 34 35 30 42 2 6 3 29 41 47 38 43 48 45 15 44 25 12 32 8 22 46 14 4 31 9 19 13 7 11 26 24 28 20 39 49 40 

Inst_Index:6659 	 City_Num:50 	 Concorde:5.447517 	 MCTS:5.447517 Improve:-0.000000 	 Time:3.75 Seconds
Solution: 1 38 15 30 45 27 22 49 40 2 35 5 33 41 48 11 46 17 13 37 44 4 7 50 31 6 47 43 39 21 26 20 10 19 28 12 32 16 34 23 18 36 8 29 3 24 9 42 14 25 

Inst_Index:6660 	 City_Num:50 	 Concorde:5.950748 	 MCTS:5.950748 Improve:0.000000 	 Time:3.76 Seconds
Solution: 1 44 30 4 42 7 27 9 38 21 12 3 35 20 32 39 34 22 46 5 19 29 10 18 13 24 41 33 14 49 36 45 37 40 6 47 28 8 15 23 16 11 43 26 25 17 50 48 2 31 

Inst_Index:6661 	 City_Num:50 	 Concorde:5.724667 	 MCTS:5.724667 Improve:0.000000 	 Time:3.77 Seconds
Solution: 1 22 18 26 21 45 38 30 46 5 12 33 19 17 25 43 37 42 11 32 6 39 23 10 44 9 49 15 16 41 2 29 27 7 48 36 24 20 47 4 40 50 14 8 34 31 3 13 35 28 

Inst_Index:6662 	 City_Num:50 	 Concorde:5.590939 	 MCTS:5.590939 Improve:-0.000000 	 Time:3.76 Seconds
Solution: 1 46 24 47 13 27 7 4 30 11 34 20 40 35 48 45 39 42 31 21 22 38 29 44 12 9 50 26 8 23 17 41 16 43 36 33 6 2 28 14 15 3 5 18 25 37 19 10 49 32 

Inst_Index:6663 	 City_Num:50 	 Concorde:5.562120 	 MCTS:5.560436 Improve:0.001684 	 Time:3.77 Seconds
Solution: 1 5 7 12 44 17 15 45 32 39 4 40 36 48 18 10 49 3 24 37 29 19 50 47 43 30 27 38 46 35 14 11 25 42 33 16 13 2 28 26 41 31 8 9 21 6 23 22 34 20 

Inst_Index:6664 	 City_Num:50 	 Concorde:5.822284 	 MCTS:5.813855 Improve:0.008430 	 Time:3.76 Seconds
Solution: 1 7 30 36 46 39 49 33 23 12 25 40 37 6 28 3 17 48 9 16 43 29 26 34 5 38 24 41 2 42 44 35 18 14 21 15 13 50 47 27 8 10 11 22 32 4 45 20 19 31 

Inst_Index:6665 	 City_Num:50 	 Concorde:5.795146 	 MCTS:5.795146 Improve:0.000000 	 Time:3.76 Seconds
Solution: 1 44 6 2 30 19 4 39 35 36 27 5 38 28 14 37 10 7 46 42 17 45 31 15 11 20 21 9 16 3 43 40 24 23 12 13 22 26 50 34 47 41 49 18 25 33 8 29 48 32 

Inst_Index:6666 	 City_Num:50 	 Concorde:5.692033 	 MCTS:5.692033 Improve:0.000000 	 Time:3.75 Seconds
Solution: 1 49 42 34 47 46 10 21 41 44 16 35 48 7 30 43 2 4 20 3 17 14 5 15 28 23 18 24 45 13 12 32 36 37 19 38 11 29 31 8 26 39 33 9 25 40 50 6 27 22 

Inst_Index:6667 	 City_Num:50 	 Concorde:5.273796 	 MCTS:5.273796 Improve:0.000000 	 Time:3.76 Seconds
Solution: 1 11 14 24 42 16 43 20 4 32 37 25 38 49 2 30 48 40 5 28 34 36 26 35 33 7 9 22 17 27 23 3 19 39 10 44 15 6 13 31 45 21 50 29 18 12 46 47 8 41 

Inst_Index:6668 	 City_Num:50 	 Concorde:5.480890 	 MCTS:5.474855 Improve:0.006035 	 Time:3.76 Seconds
Solution: 1 33 47 11 34 31 15 44 50 18 42 9 38 36 4 35 17 27 43 25 40 32 37 2 13 5 10 8 7 22 12 46 45 16 39 49 26 28 24 21 3 30 6 23 29 48 14 19 41 20 

Inst_Index:6669 	 City_Num:50 	 Concorde:5.638427 	 MCTS:5.638427 Improve:0.000000 	 Time:3.77 Seconds
Solution: 1 20 39 10 15 50 29 19 25 4 42 45 14 38 6 43 22 5 8 23 32 27 2 36 46 34 13 11 41 49 40 44 47 37 26 28 9 16 18 31 3 21 17 33 7 30 12 35 48 24 

Inst_Index:6670 	 City_Num:50 	 Concorde:5.806569 	 MCTS:5.806569 Improve:0.000000 	 Time:3.77 Seconds
Solution: 1 8 19 46 37 49 28 3 20 29 5 9 33 40 42 22 39 47 23 15 7 6 16 13 50 35 41 10 11 12 36 31 38 27 4 21 48 44 43 25 32 30 2 17 34 24 45 18 14 26 

Inst_Index:6671 	 City_Num:50 	 Concorde:5.437503 	 MCTS:5.433029 Improve:0.004474 	 Time:3.75 Seconds
Solution: 1 4 18 32 11 30 38 22 16 5 3 31 15 24 36 29 9 21 39 19 2 27 34 47 42 41 46 7 13 12 25 43 28 33 45 49 40 17 37 48 26 44 20 50 6 35 10 23 14 8 

Inst_Index:6672 	 City_Num:50 	 Concorde:5.183122 	 MCTS:5.183122 Improve:0.000000 	 Time:3.75 Seconds
Solution: 1 33 11 4 35 23 28 43 6 9 5 15 31 12 38 7 10 48 25 21 20 44 27 50 47 22 2 36 14 49 40 45 19 18 39 29 13 30 32 24 3 46 8 16 42 26 41 17 34 37 

Inst_Index:6673 	 City_Num:50 	 Concorde:5.555584 	 MCTS:5.555584 Improve:-0.000000 	 Time:3.76 Seconds
Solution: 1 25 7 45 37 14 38 21 48 11 16 12 36 43 31 6 2 40 5 28 49 17 20 29 18 10 33 50 46 15 13 41 26 22 30 3 4 19 39 27 23 8 9 42 32 35 34 24 47 44 

Inst_Index:6674 	 City_Num:50 	 Concorde:5.411083 	 MCTS:5.411083 Improve:0.000000 	 Time:3.76 Seconds
Solution: 1 30 18 47 43 4 31 20 41 10 34 39 38 25 17 8 9 35 33 44 16 15 27 13 45 6 5 7 28 21 24 26 29 2 37 50 48 19 49 3 36 12 23 40 14 32 11 46 42 22 

Inst_Index:6675 	 City_Num:50 	 Concorde:5.589133 	 MCTS:5.589133 Improve:0.000000 	 Time:3.76 Seconds
Solution: 1 5 44 27 13 11 12 10 43 50 41 35 46 7 18 28 34 14 37 36 33 25 24 26 38 22 16 29 45 2 19 20 23 31 30 32 40 42 6 3 17 15 39 4 49 8 21 48 9 47 

Inst_Index:6676 	 City_Num:50 	 Concorde:5.344431 	 MCTS:5.344431 Improve:-0.000000 	 Time:3.77 Seconds
Solution: 1 13 30 20 28 18 46 4 34 12 47 21 41 50 35 24 44 36 26 9 38 40 10 45 43 49 23 17 19 42 48 25 31 39 3 2 11 7 37 16 6 14 8 5 32 29 15 33 27 22 

Inst_Index:6677 	 City_Num:50 	 Concorde:5.794135 	 MCTS:5.792209 Improve:0.001926 	 Time:3.75 Seconds
Solution: 1 40 16 5 29 18 10 20 19 12 17 32 13 34 43 21 4 27 26 23 36 30 44 14 28 22 25 42 2 9 49 46 24 35 41 11 47 38 48 3 39 8 50 45 37 6 7 33 15 31 

Inst_Index:6678 	 City_Num:50 	 Concorde:5.836682 	 MCTS:5.834280 Improve:0.002402 	 Time:3.76 Seconds
Solution: 1 36 27 30 17 47 24 25 4 18 19 8 22 39 2 7 5 20 40 26 3 45 38 44 15 16 29 10 14 42 49 6 46 23 28 50 13 35 34 48 21 37 12 9 33 43 11 32 41 31 

Inst_Index:6679 	 City_Num:50 	 Concorde:5.671324 	 MCTS:5.671324 Improve:0.000000 	 Time:3.77 Seconds
Solution: 1 25 23 14 11 22 21 28 49 4 44 7 29 12 26 15 35 27 8 33 30 5 24 13 46 20 3 40 16 19 50 39 17 31 43 48 10 41 37 36 42 18 34 45 2 6 32 38 9 47 

Inst_Index:6680 	 City_Num:50 	 Concorde:5.299277 	 MCTS:5.296911 Improve:0.002366 	 Time:3.77 Seconds
Solution: 1 42 2 17 28 39 29 40 9 31 19 11 32 5 37 30 34 8 41 50 22 18 47 49 35 38 21 7 43 4 24 44 33 10 46 14 6 13 27 20 26 48 25 36 15 45 12 3 16 23 

Inst_Index:6681 	 City_Num:50 	 Concorde:5.103911 	 MCTS:5.103911 Improve:0.000000 	 Time:3.76 Seconds
Solution: 1 42 31 39 9 45 19 38 23 4 3 21 16 43 46 33 47 20 5 35 40 34 14 17 32 2 13 49 10 7 41 24 37 6 18 25 22 11 15 30 26 28 44 8 36 29 50 12 27 48 

Inst_Index:6682 	 City_Num:50 	 Concorde:5.674901 	 MCTS:5.674865 Improve:0.000036 	 Time:3.76 Seconds
Solution: 1 34 11 27 20 26 16 43 15 46 35 25 45 41 47 49 23 29 40 33 44 2 14 39 3 30 5 21 18 19 7 10 8 12 50 17 22 37 36 13 9 6 31 42 48 32 38 24 4 28 

Inst_Index:6683 	 City_Num:50 	 Concorde:5.391600 	 MCTS:5.390210 Improve:0.001390 	 Time:3.78 Seconds
Solution: 1 12 40 39 43 42 33 15 5 20 30 3 35 23 45 24 6 9 47 7 13 34 28 41 38 22 16 49 31 14 44 17 26 8 46 29 25 21 19 37 2 36 32 10 18 4 27 11 48 50 

Inst_Index:6684 	 City_Num:50 	 Concorde:5.668852 	 MCTS:5.665778 Improve:0.003074 	 Time:3.77 Seconds
Solution: 1 9 7 11 21 47 41 19 27 20 26 34 16 5 49 17 32 39 18 22 4 28 35 23 14 29 10 45 43 25 24 46 13 44 31 33 2 38 50 6 3 40 12 15 36 42 48 30 37 8 

Inst_Index:6685 	 City_Num:50 	 Concorde:5.779420 	 MCTS:5.778186 Improve:0.001234 	 Time:3.76 Seconds
Solution: 1 22 31 2 16 15 5 12 30 24 6 17 44 25 19 41 8 37 40 42 23 39 33 7 29 32 28 14 43 9 48 13 46 21 50 49 35 18 4 20 36 3 11 34 10 47 38 45 26 27 

Inst_Index:6686 	 City_Num:50 	 Concorde:5.548353 	 MCTS:5.548353 Improve:0.000000 	 Time:3.76 Seconds
Solution: 1 36 9 16 2 47 17 25 34 39 15 13 5 27 28 14 40 29 19 26 12 4 48 22 50 49 37 45 31 6 30 33 3 44 38 7 10 35 41 32 11 8 24 42 43 23 20 18 21 46 

Inst_Index:6687 	 City_Num:50 	 Concorde:5.693733 	 MCTS:5.688391 Improve:0.005342 	 Time:3.76 Seconds
Solution: 1 4 32 34 29 18 11 49 10 50 17 5 44 15 36 26 39 31 21 19 9 8 28 46 12 3 23 40 38 30 7 41 35 33 37 2 14 6 48 24 20 47 13 25 16 45 42 22 43 27 

Inst_Index:6688 	 City_Num:50 	 Concorde:5.587160 	 MCTS:5.584100 Improve:0.003060 	 Time:3.77 Seconds
Solution: 1 7 8 13 28 46 40 34 35 22 6 19 20 18 36 15 16 45 33 49 29 5 41 14 44 32 50 11 38 48 10 23 43 27 25 17 24 12 30 47 37 26 21 2 42 4 31 9 39 3 

Inst_Index:6689 	 City_Num:50 	 Concorde:5.611085 	 MCTS:5.611085 Improve:-0.000000 	 Time:3.77 Seconds
Solution: 1 45 10 38 33 9 15 3 4 7 47 42 50 49 30 43 17 26 5 14 19 37 32 36 16 40 41 28 18 6 35 29 23 24 12 13 25 31 48 21 20 27 11 8 22 34 2 46 39 44 

Inst_Index:6690 	 City_Num:50 	 Concorde:6.011795 	 MCTS:6.007105 Improve:0.004690 	 Time:3.77 Seconds
Solution: 1 17 43 39 33 26 12 9 16 6 13 32 20 36 45 49 50 14 48 4 46 5 11 2 22 3 41 24 37 27 19 35 18 25 47 29 7 40 42 34 28 23 31 10 44 8 15 30 38 21 

Inst_Index:6691 	 City_Num:50 	 Concorde:5.803407 	 MCTS:5.803407 Improve:0.000000 	 Time:3.75 Seconds
Solution: 1 18 28 14 39 10 49 40 48 31 45 47 42 50 11 12 27 17 26 13 37 29 5 30 2 36 23 46 3 44 24 7 34 19 9 16 33 25 43 21 41 32 15 38 35 8 20 4 6 22 

Inst_Index:6692 	 City_Num:50 	 Concorde:5.718105 	 MCTS:5.718105 Improve:-0.000000 	 Time:3.77 Seconds
Solution: 1 13 50 27 26 48 40 25 23 22 37 8 7 28 3 24 4 34 32 15 6 20 18 35 11 44 17 33 14 31 47 43 10 12 36 42 46 38 49 30 39 45 16 21 5 19 2 41 29 9 

Inst_Index:6693 	 City_Num:50 	 Concorde:5.783198 	 MCTS:5.780514 Improve:0.002684 	 Time:3.77 Seconds
Solution: 1 35 32 19 21 22 15 31 7 5 43 38 33 24 46 13 23 2 47 27 17 40 20 29 30 8 4 48 18 12 11 45 36 25 16 28 14 44 6 3 9 26 42 39 50 49 34 10 41 37 

Inst_Index:6694 	 City_Num:50 	 Concorde:5.555451 	 MCTS:5.555451 Improve:-0.000000 	 Time:3.77 Seconds
Solution: 1 14 2 12 5 35 39 10 8 28 34 16 17 33 20 32 45 50 25 38 49 26 15 22 46 27 41 30 42 7 19 47 31 21 37 11 3 44 48 23 40 36 6 29 18 4 43 24 13 9 

Inst_Index:6695 	 City_Num:50 	 Concorde:5.568506 	 MCTS:5.568506 Improve:-0.000000 	 Time:3.76 Seconds
Solution: 1 46 4 7 10 9 44 35 34 47 18 3 16 14 36 24 26 27 43 30 41 25 40 5 48 42 37 17 50 32 6 20 23 11 45 28 8 2 22 31 13 39 21 12 29 49 19 38 33 15 

Inst_Index:6696 	 City_Num:50 	 Concorde:5.913779 	 MCTS:5.913779 Improve:0.000000 	 Time:3.76 Seconds
Solution: 1 36 38 8 21 41 40 47 37 17 13 46 9 44 39 3 30 5 25 33 20 42 31 6 45 35 43 26 4 16 14 19 18 7 11 15 23 22 34 49 2 24 27 12 29 32 10 50 48 28 

Inst_Index:6697 	 City_Num:50 	 Concorde:5.968125 	 MCTS:5.963163 Improve:0.004962 	 Time:3.77 Seconds
Solution: 1 11 6 25 20 35 32 27 18 8 37 48 38 47 3 14 44 33 21 17 43 29 41 36 2 12 45 34 31 16 5 24 9 10 39 23 19 40 22 28 42 26 7 15 50 46 49 4 30 13 

Inst_Index:6698 	 City_Num:50 	 Concorde:5.558163 	 MCTS:5.557672 Improve:0.000491 	 Time:3.76 Seconds
Solution: 1 33 36 17 40 25 45 28 7 26 11 39 5 15 21 23 41 43 29 32 44 48 20 4 13 3 31 8 24 14 6 2 49 37 12 19 42 10 27 9 34 18 30 46 16 50 35 47 38 22 

Inst_Index:6699 	 City_Num:50 	 Concorde:5.732798 	 MCTS:5.732798 Improve:0.000000 	 Time:3.76 Seconds
Solution: 1 47 17 39 37 42 46 50 28 13 41 24 18 38 9 12 35 48 25 15 43 30 14 34 7 21 44 29 10 45 4 11 49 6 3 26 8 40 22 27 32 5 23 36 33 19 16 31 20 2 

Inst_Index:6700 	 City_Num:50 	 Concorde:5.731479 	 MCTS:5.731479 Improve:0.000000 	 Time:3.77 Seconds
Solution: 1 8 34 17 18 11 21 38 30 16 19 33 5 12 43 2 27 4 6 46 28 13 24 41 26 22 15 23 35 42 36 14 44 49 45 3 37 32 9 40 20 48 31 39 47 7 50 29 10 25 

Inst_Index:6701 	 City_Num:50 	 Concorde:5.566913 	 MCTS:5.566913 Improve:-0.000000 	 Time:3.77 Seconds
Solution: 1 20 38 2 5 41 29 33 12 44 42 14 36 45 28 23 47 37 10 48 24 35 13 40 22 16 15 21 11 18 30 26 9 50 34 6 25 7 4 32 43 49 3 46 17 39 27 19 31 8 

Inst_Index:6702 	 City_Num:50 	 Concorde:5.598524 	 MCTS:5.598524 Improve:0.000000 	 Time:3.76 Seconds
Solution: 1 4 38 19 36 49 33 5 39 7 45 8 17 6 18 46 22 10 20 15 24 28 47 3 11 32 13 34 50 26 37 42 12 43 40 25 48 27 21 29 23 2 30 41 31 9 14 16 35 44 

Inst_Index:6703 	 City_Num:50 	 Concorde:5.674621 	 MCTS:5.670511 Improve:0.004110 	 Time:3.76 Seconds
Solution: 1 18 6 11 3 41 16 9 28 47 17 44 49 14 48 10 50 37 20 29 5 22 25 24 4 45 15 39 36 13 38 43 42 8 34 19 40 21 31 7 32 12 35 33 27 46 23 26 2 30 

Inst_Index:6704 	 City_Num:50 	 Concorde:5.994690 	 MCTS:5.994690 Improve:-0.000000 	 Time:3.76 Seconds
Solution: 1 47 36 45 7 22 44 39 21 15 16 6 46 9 3 10 50 30 17 23 31 41 11 43 35 28 19 18 25 27 12 40 5 42 34 13 33 38 49 32 2 24 48 8 14 37 4 26 20 29 

Inst_Index:6705 	 City_Num:50 	 Concorde:5.577798 	 MCTS:5.577798 Improve:0.000000 	 Time:3.75 Seconds
Solution: 1 8 16 21 11 40 2 36 3 35 12 14 6 42 22 46 31 13 32 47 33 34 29 5 26 18 23 20 10 27 48 49 9 41 30 7 43 50 39 45 4 25 38 37 44 15 24 28 19 17 

Inst_Index:6706 	 City_Num:50 	 Concorde:5.668390 	 MCTS:5.667660 Improve:0.000729 	 Time:3.76 Seconds
Solution: 1 17 27 38 14 29 3 24 20 46 35 11 8 19 40 49 47 37 15 28 16 13 41 50 22 6 21 36 25 48 42 18 39 26 5 9 45 12 34 30 44 10 31 43 33 23 2 32 7 4 

Inst_Index:6707 	 City_Num:50 	 Concorde:5.915637 	 MCTS:5.909354 Improve:0.006283 	 Time:3.78 Seconds
Solution: 1 10 17 9 42 29 41 34 8 36 15 19 32 38 35 16 30 20 5 40 6 27 31 21 44 23 12 2 24 18 43 7 37 50 26 25 48 28 33 3 13 39 49 47 46 4 11 14 22 45 

Inst_Index:6708 	 City_Num:50 	 Concorde:5.608881 	 MCTS:5.608881 Improve:-0.000000 	 Time:3.75 Seconds
Solution: 1 41 18 24 39 4 23 6 7 12 49 48 22 47 26 21 42 34 46 11 9 17 44 27 28 16 15 40 33 5 13 35 31 29 3 20 19 30 2 36 14 38 10 8 25 50 45 32 43 37 

Inst_Index:6709 	 City_Num:50 	 Concorde:5.706900 	 MCTS:5.706900 Improve:-0.000000 	 Time:3.76 Seconds
Solution: 1 2 10 32 23 13 41 46 29 26 28 21 48 19 20 14 27 18 36 16 25 7 11 12 40 3 43 42 37 17 4 30 6 24 22 47 50 31 34 8 45 9 44 49 5 15 33 35 39 38 

Inst_Index:6710 	 City_Num:50 	 Concorde:5.606030 	 MCTS:5.606030 Improve:0.000000 	 Time:3.76 Seconds
Solution: 1 46 34 6 45 50 26 32 2 3 18 19 13 47 16 36 15 8 38 42 7 14 11 22 41 40 27 20 35 10 39 25 12 21 9 17 4 23 33 28 30 49 29 24 37 48 5 43 44 31 

Inst_Index:6711 	 City_Num:50 	 Concorde:5.696150 	 MCTS:5.696150 Improve:-0.000000 	 Time:3.76 Seconds
Solution: 1 28 5 48 50 32 40 7 43 16 33 44 31 27 30 17 19 37 8 15 20 39 23 34 9 42 6 10 24 29 25 47 38 35 49 12 45 46 41 36 21 11 22 3 14 26 4 18 2 13 

Inst_Index:6712 	 City_Num:50 	 Concorde:5.746071 	 MCTS:5.745059 Improve:0.001013 	 Time:3.75 Seconds
Solution: 1 46 29 9 44 45 11 20 26 36 16 50 14 23 4 47 10 39 40 35 7 48 27 33 17 41 34 30 13 28 42 2 31 32 8 49 19 3 22 15 24 21 25 37 38 6 12 5 18 43 

Inst_Index:6713 	 City_Num:50 	 Concorde:5.507895 	 MCTS:5.501547 Improve:0.006348 	 Time:3.76 Seconds
Solution: 1 18 38 41 14 42 50 7 44 27 20 17 43 26 34 47 40 23 48 19 4 6 2 30 5 13 16 9 24 28 8 15 10 49 37 29 45 12 36 21 46 35 22 11 31 32 33 39 25 3 

Inst_Index:6714 	 City_Num:50 	 Concorde:5.531925 	 MCTS:5.531196 Improve:0.000729 	 Time:3.77 Seconds
Solution: 1 27 32 8 42 43 3 25 7 18 9 10 50 33 49 11 46 48 28 29 12 36 23 35 47 41 38 13 37 30 19 16 14 2 6 21 34 31 24 45 39 22 44 40 15 20 5 26 4 17 

Inst_Index:6715 	 City_Num:50 	 Concorde:5.416109 	 MCTS:5.416109 Improve:-0.000000 	 Time:3.76 Seconds
Solution: 1 9 6 38 13 36 14 26 2 8 30 32 29 42 40 4 3 33 11 7 5 18 37 24 22 17 43 21 48 28 15 10 45 27 41 39 34 12 31 44 35 19 49 23 20 50 25 46 16 47 

Inst_Index:6716 	 City_Num:50 	 Concorde:5.640383 	 MCTS:5.640383 Improve:-0.000000 	 Time:3.76 Seconds
Solution: 1 14 33 2 26 48 38 42 27 17 7 4 6 31 16 18 46 23 44 3 15 49 21 22 34 40 11 50 29 8 20 36 24 25 10 9 45 5 37 39 47 13 28 32 35 41 30 19 12 43 

Inst_Index:6717 	 City_Num:50 	 Concorde:5.734396 	 MCTS:5.734396 Improve:0.000000 	 Time:3.76 Seconds
Solution: 1 12 30 13 40 38 24 20 3 42 18 45 33 36 4 47 43 29 8 41 49 6 25 39 27 7 16 9 48 5 35 19 34 31 28 22 21 14 2 26 32 46 17 23 44 50 10 15 11 37 

Inst_Index:6718 	 City_Num:50 	 Concorde:5.465139 	 MCTS:5.461300 Improve:0.003839 	 Time:3.76 Seconds
Solution: 1 33 5 32 9 14 41 35 16 37 24 50 15 27 17 2 36 44 49 8 43 22 21 4 10 38 11 12 34 30 42 18 6 20 40 29 26 28 23 19 47 3 13 39 31 45 7 48 25 46 

Inst_Index:6719 	 City_Num:50 	 Concorde:5.962920 	 MCTS:5.961075 Improve:0.001845 	 Time:3.76 Seconds
Solution: 1 47 30 20 18 31 36 10 44 29 27 16 19 35 9 45 43 48 8 4 26 34 2 7 12 32 37 24 40 50 42 38 13 21 25 41 46 14 3 17 5 49 23 22 11 6 28 39 15 33 

Inst_Index:6720 	 City_Num:50 	 Concorde:5.741858 	 MCTS:5.741858 Improve:-0.000000 	 Time:3.77 Seconds
Solution: 1 20 23 29 27 32 28 7 42 46 36 5 11 4 12 15 10 43 39 30 48 41 8 14 24 33 45 21 19 16 47 44 31 22 9 37 2 18 6 50 25 35 34 26 38 49 17 3 13 40 

Inst_Index:6721 	 City_Num:50 	 Concorde:5.217886 	 MCTS:5.217886 Improve:-0.000000 	 Time:3.77 Seconds
Solution: 1 9 18 28 17 30 47 33 11 37 12 50 13 43 31 8 36 3 45 26 25 35 41 48 15 6 38 24 21 22 19 32 44 40 2 42 4 46 10 34 20 7 29 16 27 23 5 14 39 49 

Inst_Index:6722 	 City_Num:50 	 Concorde:5.448872 	 MCTS:5.447491 Improve:0.001381 	 Time:3.77 Seconds
Solution: 1 3 17 44 39 24 8 21 42 13 36 41 33 30 5 28 48 34 11 18 45 31 14 19 35 4 38 9 2 6 40 22 50 43 32 20 12 15 7 10 37 23 16 26 29 49 25 27 47 46 

Inst_Index:6723 	 City_Num:50 	 Concorde:6.159637 	 MCTS:6.158116 Improve:0.001521 	 Time:3.76 Seconds
Solution: 1 25 12 21 42 11 2 43 14 28 45 20 30 6 8 24 23 16 27 15 10 46 34 48 22 33 31 9 17 18 47 37 44 36 49 41 5 26 35 19 38 13 3 4 29 39 50 40 7 32 

Inst_Index:6724 	 City_Num:50 	 Concorde:5.681042 	 MCTS:5.680461 Improve:0.000581 	 Time:3.76 Seconds
Solution: 1 45 3 14 35 38 41 2 7 31 43 40 47 11 16 28 5 10 26 42 12 22 6 33 18 24 32 36 39 44 20 29 4 48 21 49 15 17 30 37 9 13 46 8 23 19 27 50 25 34 

Inst_Index:6725 	 City_Num:50 	 Concorde:5.385040 	 MCTS:5.385040 Improve:0.000000 	 Time:3.76 Seconds
Solution: 1 50 28 39 32 6 21 38 26 20 25 4 3 15 45 33 35 41 40 17 13 43 37 19 34 48 5 46 8 27 23 9 49 12 24 10 44 36 47 31 16 7 30 11 42 29 2 18 22 14 

Inst_Index:6726 	 City_Num:50 	 Concorde:5.840301 	 MCTS:5.840301 Improve:0.000000 	 Time:3.76 Seconds
Solution: 1 10 47 11 36 26 5 44 19 29 42 34 18 14 6 41 32 13 50 27 30 17 21 3 20 7 16 43 24 31 23 38 35 45 40 8 48 39 2 9 49 46 25 22 15 28 12 33 4 37 

Inst_Index:6727 	 City_Num:50 	 Concorde:5.760615 	 MCTS:5.760615 Improve:-0.000000 	 Time:3.77 Seconds
Solution: 1 21 8 19 37 17 20 27 30 39 28 36 33 6 22 14 44 35 47 43 41 16 50 32 42 23 15 31 7 48 29 25 40 46 45 12 26 9 10 34 3 49 5 38 13 4 11 24 2 18 

Inst_Index:6728 	 City_Num:50 	 Concorde:5.700344 	 MCTS:5.700344 Improve:0.000000 	 Time:3.76 Seconds
Solution: 1 16 36 45 5 35 50 33 29 19 37 42 39 6 47 8 27 20 38 28 7 43 34 44 12 15 3 10 2 14 11 30 25 22 17 4 32 24 26 40 13 46 21 41 18 31 49 9 48 23 

Inst_Index:6729 	 City_Num:50 	 Concorde:5.026266 	 MCTS:5.022770 Improve:0.003496 	 Time:3.76 Seconds
Solution: 1 16 42 5 34 2 27 50 18 48 37 49 32 9 15 28 40 36 4 25 6 35 12 44 10 39 29 19 31 46 22 21 26 41 17 11 13 47 20 3 24 43 38 8 45 30 23 33 7 14 

Inst_Index:6730 	 City_Num:50 	 Concorde:5.507580 	 MCTS:5.507580 Improve:-0.000000 	 Time:3.76 Seconds
Solution: 1 43 4 9 3 34 19 26 32 40 15 5 21 50 29 46 2 30 28 45 18 38 25 13 31 44 23 7 10 8 17 6 22 49 39 42 27 47 37 41 36 14 48 16 11 20 35 33 24 12 

Inst_Index:6731 	 City_Num:50 	 Concorde:5.440313 	 MCTS:5.440313 Improve:-0.000000 	 Time:3.76 Seconds
Solution: 1 47 45 3 41 43 38 48 37 9 12 14 23 49 11 28 17 22 46 40 13 15 16 4 26 7 34 32 24 10 2 31 6 19 27 29 21 33 20 30 25 35 5 39 36 8 42 44 18 50 

Inst_Index:6732 	 City_Num:50 	 Concorde:5.597492 	 MCTS:5.597492 Improve:-0.000000 	 Time:3.76 Seconds
Solution: 1 14 13 29 31 49 37 42 45 6 25 5 28 44 30 47 43 8 40 11 38 23 3 48 36 26 22 35 50 33 18 19 27 17 15 12 46 9 2 41 20 21 16 34 7 4 24 10 39 32 

Inst_Index:6733 	 City_Num:50 	 Concorde:5.713677 	 MCTS:5.713677 Improve:0.000000 	 Time:3.75 Seconds
Solution: 1 45 37 26 34 38 2 29 4 32 44 33 8 21 14 28 43 13 50 41 9 17 25 31 12 7 24 6 16 19 3 23 47 42 30 10 18 48 27 46 39 35 49 11 22 5 36 40 20 15 

Inst_Index:6734 	 City_Num:50 	 Concorde:5.874868 	 MCTS:5.867333 Improve:0.007534 	 Time:3.76 Seconds
Solution: 1 28 22 42 5 18 12 32 40 35 46 17 29 21 6 19 4 31 27 16 49 48 50 26 34 15 43 13 30 39 24 45 25 47 9 7 8 36 33 23 41 37 10 3 2 38 20 44 14 11 

Inst_Index:6735 	 City_Num:50 	 Concorde:5.629481 	 MCTS:5.629481 Improve:-0.000000 	 Time:3.75 Seconds
Solution: 1 27 24 31 22 13 8 40 36 35 37 45 3 50 10 11 44 41 30 4 38 25 19 46 43 23 39 12 42 28 34 17 5 16 18 6 48 14 33 47 32 20 15 26 29 9 49 7 21 2 

Inst_Index:6736 	 City_Num:50 	 Concorde:5.297022 	 MCTS:5.297022 Improve:-0.000000 	 Time:3.76 Seconds
Solution: 1 42 14 48 40 24 16 6 11 39 37 12 44 10 26 29 17 15 47 31 5 30 3 43 35 50 21 49 2 32 7 8 45 13 9 46 19 27 4 20 33 22 23 18 28 25 41 36 38 34 

Inst_Index:6737 	 City_Num:50 	 Concorde:5.736085 	 MCTS:5.736085 Improve:0.000000 	 Time:3.75 Seconds
Solution: 1 40 41 50 37 32 7 20 8 24 18 14 49 15 34 2 46 13 48 16 11 29 25 23 42 39 33 4 10 35 3 28 47 44 6 5 36 17 26 27 31 38 45 30 21 9 12 43 19 22 

Inst_Index:6738 	 City_Num:50 	 Concorde:5.928681 	 MCTS:5.928681 Improve:0.000000 	 Time:3.76 Seconds
Solution: 1 3 25 10 35 2 42 47 36 19 18 37 15 40 14 13 7 33 45 12 34 9 8 44 28 38 29 21 48 50 23 46 43 41 16 6 4 22 5 31 17 32 20 30 26 27 24 49 11 39 

Inst_Index:6739 	 City_Num:50 	 Concorde:6.099555 	 MCTS:6.099555 Improve:0.000000 	 Time:3.76 Seconds
Solution: 1 32 11 9 45 43 23 46 25 36 2 49 4 48 5 42 16 3 40 50 8 24 22 30 19 21 12 34 47 6 44 17 15 28 38 26 7 37 18 29 33 35 39 20 31 41 14 27 13 10 

Inst_Index:6740 	 City_Num:50 	 Concorde:5.681604 	 MCTS:5.681604 Improve:0.000000 	 Time:3.77 Seconds
Solution: 1 2 15 23 50 39 4 36 3 47 25 6 45 7 12 49 26 34 30 5 48 10 41 18 8 16 43 33 11 28 14 13 19 21 40 44 46 35 24 37 31 20 32 38 27 9 29 42 22 17 

Inst_Index:6741 	 City_Num:50 	 Concorde:5.985544 	 MCTS:5.985544 Improve:-0.000000 	 Time:3.76 Seconds
Solution: 1 43 42 7 44 29 45 40 25 41 17 50 4 23 8 21 34 32 48 27 5 31 28 49 10 46 35 12 19 11 14 6 30 16 13 37 22 9 26 24 20 18 39 36 33 38 2 3 15 47 

Inst_Index:6742 	 City_Num:50 	 Concorde:5.677853 	 MCTS:5.677853 Improve:0.000000 	 Time:3.76 Seconds
Solution: 1 47 37 40 8 12 32 15 17 36 27 29 46 44 9 49 2 13 30 7 33 11 39 22 50 31 5 4 41 35 43 6 3 16 48 42 18 21 24 26 25 38 19 20 34 10 28 45 23 14 

Inst_Index:6743 	 City_Num:50 	 Concorde:6.133780 	 MCTS:6.133780 Improve:0.000000 	 Time:3.77 Seconds
Solution: 1 35 21 34 8 27 16 9 23 42 47 31 12 37 26 41 19 15 22 2 4 36 3 18 6 25 32 29 38 39 20 50 43 44 5 48 40 28 13 49 14 45 30 24 46 7 17 11 10 33 

Inst_Index:6744 	 City_Num:50 	 Concorde:5.895535 	 MCTS:5.894621 Improve:0.000915 	 Time:3.75 Seconds
Solution: 1 32 49 35 22 7 38 5 30 41 47 43 14 12 28 23 16 26 20 10 39 6 45 48 33 18 17 13 27 50 3 31 9 36 21 11 40 34 8 37 19 46 24 15 25 44 4 29 42 2 

Inst_Index:6745 	 City_Num:50 	 Concorde:5.545943 	 MCTS:5.545943 Improve:-0.000000 	 Time:3.76 Seconds
Solution: 1 33 2 11 17 49 26 34 3 23 48 7 10 44 13 18 25 37 9 43 4 16 31 24 38 47 8 15 45 21 30 36 27 5 29 50 20 40 6 28 42 32 41 35 39 14 12 22 46 19 

Inst_Index:6746 	 City_Num:50 	 Concorde:5.692202 	 MCTS:5.692202 Improve:0.000000 	 Time:3.76 Seconds
Solution: 1 18 48 2 42 31 10 33 34 13 6 16 17 24 43 19 38 40 5 21 37 49 22 32 7 50 36 46 45 11 29 4 30 12 41 23 26 47 14 8 25 39 35 44 15 28 3 27 9 20 

Inst_Index:6747 	 City_Num:50 	 Concorde:5.446473 	 MCTS:5.446473 Improve:-0.000000 	 Time:3.78 Seconds
Solution: 1 44 24 30 46 50 39 2 25 21 31 18 8 17 34 49 4 9 20 5 27 26 29 16 37 40 28 23 33 36 6 22 14 41 10 7 3 32 13 12 43 35 11 42 48 15 47 38 19 45 

Inst_Index:6748 	 City_Num:50 	 Concorde:5.833771 	 MCTS:5.833771 Improve:0.000000 	 Time:3.76 Seconds
Solution: 1 17 4 23 41 20 33 24 49 30 37 28 22 13 45 42 32 15 34 5 25 26 48 10 38 18 44 8 31 27 14 46 35 19 9 36 47 50 21 3 39 16 7 6 43 40 12 2 29 11 

Inst_Index:6749 	 City_Num:50 	 Concorde:5.331251 	 MCTS:5.331251 Improve:-0.000000 	 Time:3.76 Seconds
Solution: 1 7 17 10 5 32 33 28 21 18 47 48 43 38 22 13 8 2 45 31 27 35 11 40 6 30 20 44 36 46 26 3 37 49 29 19 4 23 50 15 25 14 39 34 12 42 24 16 9 41 

Inst_Index:6750 	 City_Num:50 	 Concorde:5.777133 	 MCTS:5.773279 Improve:0.003853 	 Time:3.76 Seconds
Solution: 1 19 39 23 49 40 10 9 38 4 12 20 15 17 48 11 25 34 30 7 41 29 45 35 13 27 47 32 5 14 31 24 6 21 26 43 46 8 33 3 36 28 16 37 50 2 22 44 42 18 

Inst_Index:6751 	 City_Num:50 	 Concorde:5.136591 	 MCTS:5.134077 Improve:0.002514 	 Time:3.76 Seconds
Solution: 1 8 10 27 12 11 44 5 4 17 16 46 25 24 28 29 36 50 3 23 7 40 35 13 20 37 19 33 41 43 26 38 34 6 42 45 22 47 21 31 9 39 15 49 18 14 32 30 48 2 

Inst_Index:6752 	 City_Num:50 	 Concorde:6.077842 	 MCTS:6.077842 Improve:0.000000 	 Time:3.77 Seconds
Solution: 1 10 26 33 45 46 12 31 47 39 22 27 29 5 14 40 32 16 41 35 25 24 11 42 28 38 6 2 21 23 49 36 30 34 17 43 8 7 9 50 44 3 15 4 13 20 37 19 48 18 

Inst_Index:6753 	 City_Num:50 	 Concorde:5.423085 	 MCTS:5.423085 Improve:-0.000000 	 Time:3.77 Seconds
Solution: 1 40 17 41 37 28 34 43 24 18 38 33 44 9 30 36 45 16 10 31 25 19 50 20 13 8 48 49 4 5 27 12 35 47 29 11 15 14 7 39 42 21 26 3 32 46 6 2 22 23 

Inst_Index:6754 	 City_Num:50 	 Concorde:5.602985 	 MCTS:5.602985 Improve:0.000000 	 Time:3.76 Seconds
Solution: 1 21 3 6 30 38 24 17 41 7 47 10 22 49 12 39 50 43 23 27 15 14 18 28 31 5 37 20 26 34 32 2 25 42 13 19 45 40 46 33 4 48 9 29 36 35 8 44 16 11 

Inst_Index:6755 	 City_Num:50 	 Concorde:6.046295 	 MCTS:6.044396 Improve:0.001899 	 Time:3.75 Seconds
Solution: 1 47 30 23 15 19 14 24 45 31 25 29 44 2 4 46 27 39 11 40 10 6 36 35 32 38 50 34 26 13 5 41 16 12 20 17 9 49 48 42 8 21 28 18 33 7 43 37 22 3 

Inst_Index:6756 	 City_Num:50 	 Concorde:5.505586 	 MCTS:5.505586 Improve:0.000000 	 Time:3.75 Seconds
Solution: 1 40 29 46 35 50 20 3 4 45 31 42 38 30 28 33 5 47 18 22 25 41 34 11 9 10 36 27 17 37 44 26 23 7 16 32 2 19 24 39 12 21 49 15 6 14 48 8 43 13 

Inst_Index:6757 	 City_Num:50 	 Concorde:5.593194 	 MCTS:5.593194 Improve:0.000000 	 Time:3.75 Seconds
Solution: 1 20 35 8 9 6 19 32 39 33 15 50 16 40 25 12 24 11 45 23 22 2 10 41 46 30 13 26 21 4 3 31 5 47 28 38 27 37 34 42 49 18 43 44 36 17 14 48 29 7 

Inst_Index:6758 	 City_Num:50 	 Concorde:5.608383 	 MCTS:5.608383 Improve:-0.000000 	 Time:3.78 Seconds
Solution: 1 4 40 19 31 18 2 21 35 11 14 45 27 6 20 7 29 37 3 48 32 49 22 15 26 47 12 46 10 34 28 33 8 50 16 9 30 17 25 44 5 13 43 42 38 23 24 39 41 36 

Inst_Index:6759 	 City_Num:50 	 Concorde:6.307890 	 MCTS:6.307890 Improve:0.000000 	 Time:3.77 Seconds
Solution: 1 27 4 20 41 18 10 28 38 3 34 49 16 5 12 47 13 11 46 9 32 21 7 15 37 36 40 43 45 33 8 31 42 48 30 26 23 39 25 24 2 19 50 29 6 17 35 14 44 22 

Inst_Index:6760 	 City_Num:50 	 Concorde:5.211678 	 MCTS:5.211678 Improve:-0.000000 	 Time:3.75 Seconds
Solution: 1 36 2 9 24 25 45 49 31 50 39 22 5 13 27 19 3 41 46 47 18 7 21 15 23 4 14 32 44 26 48 17 8 38 29 43 10 35 6 37 28 20 42 40 12 30 34 16 33 11 

Inst_Index:6761 	 City_Num:50 	 Concorde:6.030010 	 MCTS:6.030010 Improve:0.000000 	 Time:3.77 Seconds
Solution: 1 24 35 37 22 48 16 9 15 49 8 40 38 12 50 45 41 36 33 2 23 25 44 21 5 11 32 28 13 6 30 3 34 7 20 47 46 18 26 43 39 42 19 17 4 10 27 14 31 29 

Inst_Index:6762 	 City_Num:50 	 Concorde:6.007681 	 MCTS:6.007681 Improve:0.000000 	 Time:3.76 Seconds
Solution: 1 43 6 45 7 20 39 21 8 3 13 32 31 5 22 29 19 34 37 2 24 44 12 9 47 25 28 50 10 49 17 16 11 41 46 26 40 33 42 35 48 15 38 18 14 23 36 30 4 27 

Inst_Index:6763 	 City_Num:50 	 Concorde:5.765697 	 MCTS:5.765697 Improve:0.000000 	 Time:3.78 Seconds
Solution: 1 47 42 34 4 21 32 35 19 37 48 11 2 7 23 3 49 14 18 43 44 40 6 8 26 24 30 10 29 15 31 13 9 5 16 22 38 46 17 25 27 20 45 41 33 50 36 39 12 28 

Inst_Index:6764 	 City_Num:50 	 Concorde:5.530637 	 MCTS:5.530637 Improve:0.000000 	 Time:3.75 Seconds
Solution: 1 15 9 12 49 32 22 17 14 33 8 36 50 42 21 27 5 46 3 38 11 41 34 4 29 18 2 13 37 35 28 25 20 30 39 40 24 44 47 6 19 43 7 26 10 16 48 45 31 23 

Inst_Index:6765 	 City_Num:50 	 Concorde:5.676600 	 MCTS:5.672955 Improve:0.003645 	 Time:3.76 Seconds
Solution: 1 23 38 48 15 35 6 39 40 42 28 33 19 26 36 18 25 12 8 13 41 43 47 34 46 3 30 31 29 44 17 14 2 37 4 22 5 7 24 49 50 27 10 16 11 20 45 32 21 9 

Inst_Index:6766 	 City_Num:50 	 Concorde:5.471408 	 MCTS:5.471408 Improve:0.000000 	 Time:3.76 Seconds
Solution: 1 43 37 4 30 34 9 45 40 46 20 12 39 49 25 47 41 50 17 48 29 42 27 6 36 3 19 7 38 33 44 8 23 31 22 16 2 11 32 5 21 10 14 18 13 15 24 35 28 26 

Inst_Index:6767 	 City_Num:50 	 Concorde:5.792382 	 MCTS:5.792382 Improve:0.000000 	 Time:3.77 Seconds
Solution: 1 33 10 40 4 15 11 39 28 30 42 35 12 47 24 16 19 32 29 34 50 20 38 7 41 6 43 8 36 26 14 31 23 2 48 37 27 45 46 9 3 25 18 49 22 44 17 13 5 21 

Inst_Index:6768 	 City_Num:50 	 Concorde:5.427930 	 MCTS:5.427930 Improve:-0.000000 	 Time:3.75 Seconds
Solution: 1 16 6 3 26 24 10 25 44 4 32 9 39 50 37 13 46 20 43 40 42 22 29 19 15 49 12 18 28 34 33 21 35 48 30 31 41 14 45 38 17 47 11 23 36 5 7 2 27 8 

Inst_Index:6769 	 City_Num:50 	 Concorde:5.735305 	 MCTS:5.735305 Improve:-0.000000 	 Time:3.76 Seconds
Solution: 1 44 45 34 27 37 24 10 49 18 50 16 22 39 40 28 4 11 25 47 8 17 43 46 36 21 29 31 41 14 35 48 20 33 6 19 15 23 3 7 26 12 30 38 5 13 9 42 2 32 

Inst_Index:6770 	 City_Num:50 	 Concorde:5.905115 	 MCTS:5.900438 Improve:0.004678 	 Time:3.76 Seconds
Solution: 1 19 8 22 46 17 48 29 15 27 9 44 5 2 41 14 25 37 42 30 20 35 26 13 11 33 45 47 34 12 50 36 40 24 38 21 16 7 10 49 39 31 28 23 6 18 32 43 4 3 

Inst_Index:6771 	 City_Num:50 	 Concorde:5.065499 	 MCTS:5.065499 Improve:0.000000 	 Time:3.77 Seconds
Solution: 1 5 23 48 6 15 27 49 35 42 40 45 22 14 4 34 13 25 7 10 32 9 46 12 20 21 37 11 18 38 30 41 3 26 50 31 29 47 24 8 2 44 43 39 33 36 28 16 19 17 

Inst_Index:6772 	 City_Num:50 	 Concorde:5.426318 	 MCTS:5.420290 Improve:0.006028 	 Time:3.77 Seconds
Solution: 1 34 7 25 21 26 8 3 45 31 17 5 20 16 28 50 40 14 2 9 47 33 11 36 4 48 32 27 38 37 15 44 35 30 46 42 43 10 13 24 19 22 49 6 23 18 39 12 29 41 

Inst_Index:6773 	 City_Num:50 	 Concorde:5.429238 	 MCTS:5.426900 Improve:0.002339 	 Time:3.75 Seconds
Solution: 1 42 17 14 40 30 37 49 24 21 44 48 23 18 34 11 35 6 19 31 47 3 27 33 13 38 16 36 8 32 45 39 26 41 46 5 22 29 7 43 25 50 10 28 4 20 9 2 12 15 

Inst_Index:6774 	 City_Num:50 	 Concorde:5.265247 	 MCTS:5.265247 Improve:-0.000000 	 Time:3.76 Seconds
Solution: 1 18 46 34 5 41 49 4 43 17 23 7 22 26 21 50 48 38 42 15 8 2 11 36 12 24 20 29 32 30 28 10 44 35 25 33 6 31 47 9 37 3 19 27 13 16 40 39 14 45 

Inst_Index:6775 	 City_Num:50 	 Concorde:5.652480 	 MCTS:5.651910 Improve:0.000570 	 Time:3.76 Seconds
Solution: 1 11 33 17 39 48 32 12 29 22 41 24 36 14 7 45 35 44 20 13 49 28 9 50 31 15 25 47 4 43 42 30 38 26 10 21 5 27 23 46 37 18 16 19 6 34 2 40 8 3 

Inst_Index:6776 	 City_Num:50 	 Concorde:5.359733 	 MCTS:5.359733 Improve:0.000000 	 Time:3.77 Seconds
Solution: 1 29 8 42 3 9 35 7 36 24 47 39 17 10 5 43 20 50 13 21 37 28 22 32 16 48 14 12 40 27 6 46 33 15 34 44 11 19 45 4 31 49 2 30 26 25 41 18 23 38 

Inst_Index:6777 	 City_Num:50 	 Concorde:5.102374 	 MCTS:5.102374 Improve:-0.000000 	 Time:3.76 Seconds
Solution: 1 16 21 5 4 14 24 42 20 7 33 9 13 45 26 11 34 35 37 32 3 43 29 46 30 31 27 19 28 38 49 18 8 10 47 12 25 36 41 40 23 48 50 2 6 44 15 17 39 22 

Inst_Index:6778 	 City_Num:50 	 Concorde:5.784730 	 MCTS:5.784730 Improve:0.000000 	 Time:3.77 Seconds
Solution: 1 3 44 22 19 40 41 13 32 39 20 8 26 10 21 50 25 28 24 48 31 36 5 30 34 37 38 6 12 47 29 23 9 4 17 46 45 7 43 16 42 27 2 33 49 35 18 11 15 14 

Inst_Index:6779 	 City_Num:50 	 Concorde:5.940481 	 MCTS:5.940481 Improve:0.000000 	 Time:3.77 Seconds
Solution: 1 11 35 27 30 23 14 32 34 8 9 38 13 41 39 24 48 43 29 47 21 25 5 22 37 36 46 42 19 40 49 26 12 44 17 50 20 45 10 28 2 15 16 3 6 18 31 4 33 7 

Inst_Index:6780 	 City_Num:50 	 Concorde:5.851219 	 MCTS:5.848969 Improve:0.002250 	 Time:3.75 Seconds
Solution: 1 6 9 33 48 49 50 42 17 14 8 24 41 10 38 40 11 21 34 35 36 47 23 20 2 27 25 18 30 43 5 4 22 19 45 28 26 32 29 12 16 3 31 13 46 39 15 7 37 44 

Inst_Index:6781 	 City_Num:50 	 Concorde:5.566290 	 MCTS:5.566290 Improve:0.000000 	 Time:3.78 Seconds
Solution: 1 17 44 18 11 25 36 2 27 33 5 45 41 14 39 34 23 42 31 19 3 15 29 47 10 37 12 38 28 30 24 4 7 9 22 49 35 43 21 48 26 40 20 32 16 46 8 13 50 6 

Inst_Index:6782 	 City_Num:50 	 Concorde:5.790243 	 MCTS:5.790243 Improve:0.000000 	 Time:3.76 Seconds
Solution: 1 27 46 8 35 11 19 26 36 16 6 20 49 37 9 42 45 39 2 4 10 5 21 32 40 13 29 41 23 44 25 28 22 15 34 18 17 33 3 12 50 47 43 31 7 24 30 38 14 48 

Inst_Index:6783 	 City_Num:50 	 Concorde:6.097894 	 MCTS:6.097894 Improve:-0.000000 	 Time:3.76 Seconds
Solution: 1 3 10 6 44 26 42 20 49 2 50 29 45 7 39 48 25 9 12 31 40 11 19 32 16 36 47 21 43 13 38 4 27 14 41 33 37 30 35 15 24 28 8 34 18 22 23 46 17 5 

Inst_Index:6784 	 City_Num:50 	 Concorde:6.076664 	 MCTS:6.068557 Improve:0.008106 	 Time:3.76 Seconds
Solution: 1 29 15 36 47 34 43 37 17 18 28 50 40 46 25 8 9 32 30 16 22 24 35 38 6 21 48 14 39 44 2 41 42 13 3 33 10 7 5 27 4 23 26 19 31 49 20 11 12 45 

Inst_Index:6785 	 City_Num:50 	 Concorde:6.222740 	 MCTS:6.220216 Improve:0.002524 	 Time:3.78 Seconds
Solution: 1 31 16 48 12 40 37 41 30 35 7 36 25 46 2 6 38 21 17 50 10 29 26 20 18 47 45 9 24 4 49 34 43 27 8 11 42 14 13 23 15 22 32 33 5 3 28 39 19 44 

Inst_Index:6786 	 City_Num:50 	 Concorde:5.512451 	 MCTS:5.512451 Improve:-0.000000 	 Time:3.75 Seconds
Solution: 1 16 7 42 27 45 46 43 13 47 10 5 4 11 29 49 32 17 36 21 14 30 6 9 20 34 37 38 23 33 26 15 50 19 2 18 35 39 48 25 40 24 8 44 41 12 22 3 28 31 

Inst_Index:6787 	 City_Num:50 	 Concorde:5.816797 	 MCTS:5.816797 Improve:0.000000 	 Time:3.77 Seconds
Solution: 1 17 44 18 27 33 31 21 8 15 35 10 6 41 29 4 19 5 23 36 32 2 12 14 50 26 7 40 11 22 28 39 37 49 42 16 25 38 20 24 46 30 47 9 45 48 43 3 34 13 

Inst_Index:6788 	 City_Num:50 	 Concorde:5.483015 	 MCTS:5.483015 Improve:-0.000000 	 Time:3.75 Seconds
Solution: 1 50 5 20 29 8 39 14 35 48 41 21 40 24 31 4 9 26 25 49 28 32 6 30 10 43 45 13 18 46 16 34 23 19 22 47 7 44 17 36 27 37 3 11 2 42 12 38 33 15 

Inst_Index:6789 	 City_Num:50 	 Concorde:5.467279 	 MCTS:5.466089 Improve:0.001190 	 Time:3.76 Seconds
Solution: 1 23 32 31 47 7 36 43 50 20 16 44 39 15 33 26 25 18 3 27 4 45 9 30 5 35 22 42 2 28 17 49 10 12 41 13 38 6 8 34 19 37 14 29 40 21 11 46 24 48 

Inst_Index:6790 	 City_Num:50 	 Concorde:5.812409 	 MCTS:5.811320 Improve:0.001089 	 Time:3.77 Seconds
Solution: 1 29 33 6 16 42 26 45 8 49 17 47 25 7 35 50 43 44 9 31 28 22 34 18 15 32 5 36 3 10 46 13 27 48 19 4 2 12 30 11 41 23 40 37 39 38 14 24 20 21 

Inst_Index:6791 	 City_Num:50 	 Concorde:5.496784 	 MCTS:5.492604 Improve:0.004181 	 Time:3.75 Seconds
Solution: 1 22 13 3 40 33 7 29 5 43 35 49 38 2 14 41 39 42 36 20 47 9 31 44 37 26 34 48 11 19 28 17 50 18 15 23 45 32 27 21 46 12 8 24 16 25 6 4 30 10 

Inst_Index:6792 	 City_Num:50 	 Concorde:5.600528 	 MCTS:5.600528 Improve:-0.000000 	 Time:3.77 Seconds
Solution: 1 35 20 50 7 15 38 34 10 29 6 31 36 30 2 18 16 45 22 8 46 27 25 43 24 4 5 14 26 19 17 47 11 44 32 12 9 21 41 40 39 13 28 42 48 33 37 23 3 49 

Inst_Index:6793 	 City_Num:50 	 Concorde:5.413965 	 MCTS:5.413965 Improve:-0.000000 	 Time:3.77 Seconds
Solution: 1 21 33 7 34 44 31 17 28 43 14 20 4 9 5 16 45 22 27 6 19 40 48 13 11 47 24 10 15 32 42 37 29 35 39 3 2 30 49 12 50 36 8 41 23 18 25 46 26 38 

Inst_Index:6794 	 City_Num:50 	 Concorde:5.599801 	 MCTS:5.597087 Improve:0.002714 	 Time:3.75 Seconds
Solution: 1 34 36 40 12 9 23 44 15 14 27 32 30 38 31 28 19 50 10 48 6 42 21 37 8 45 25 47 18 22 3 39 16 2 26 29 43 11 24 13 46 41 33 17 5 4 7 49 20 35 

Inst_Index:6795 	 City_Num:50 	 Concorde:5.421106 	 MCTS:5.421106 Improve:-0.000000 	 Time:3.75 Seconds
Solution: 1 19 31 42 33 34 30 41 38 16 21 17 2 22 48 45 29 47 36 28 23 7 25 6 10 20 44 24 49 50 32 26 27 37 11 39 40 9 46 4 8 43 12 14 5 35 13 3 18 15 

Inst_Index:6796 	 City_Num:50 	 Concorde:5.970090 	 MCTS:5.970090 Improve:-0.000000 	 Time:3.76 Seconds
Solution: 1 49 5 26 16 34 38 50 10 25 28 13 41 43 14 31 48 42 2 36 27 3 21 23 46 47 9 39 35 4 11 30 12 29 7 17 45 33 18 6 24 19 15 37 22 40 8 44 32 20 

Inst_Index:6797 	 City_Num:50 	 Concorde:5.794774 	 MCTS:5.792885 Improve:0.001889 	 Time:3.78 Seconds
Solution: 1 12 39 43 34 4 32 23 38 24 9 47 49 28 10 26 17 7 15 14 6 3 45 37 31 21 40 44 29 46 19 2 42 25 48 33 11 35 22 18 5 20 36 8 13 16 41 27 30 50 

Inst_Index:6798 	 City_Num:50 	 Concorde:5.933897 	 MCTS:5.933897 Improve:0.000000 	 Time:3.75 Seconds
Solution: 1 19 15 41 39 43 37 7 30 32 6 12 16 8 44 14 28 4 27 21 3 29 20 49 22 50 26 33 5 23 10 47 18 48 36 38 45 13 42 17 9 46 40 35 25 34 24 11 2 31 

Inst_Index:6799 	 City_Num:50 	 Concorde:5.500642 	 MCTS:5.500642 Improve:0.000000 	 Time:3.76 Seconds
Solution: 1 44 3 4 34 19 25 29 40 28 14 24 9 31 45 47 10 30 7 5 8 49 32 42 36 41 43 17 6 21 37 48 13 39 11 33 20 16 38 26 12 23 15 35 50 46 18 27 22 2 

Inst_Index:6800 	 City_Num:50 	 Concorde:5.822582 	 MCTS:5.822582 Improve:0.000000 	 Time:3.76 Seconds
Solution: 1 44 42 12 33 21 15 47 7 25 38 10 17 32 24 45 31 29 14 49 16 22 43 46 11 3 5 34 30 20 4 18 37 2 39 40 35 50 26 19 13 48 36 8 9 28 23 6 41 27 

Inst_Index:6801 	 City_Num:50 	 Concorde:5.777047 	 MCTS:5.777047 Improve:0.000000 	 Time:3.77 Seconds
Solution: 1 24 48 19 22 38 16 40 20 18 27 36 21 49 8 14 15 11 34 6 42 17 50 2 10 39 33 12 47 23 13 26 5 7 30 31 4 37 3 44 43 25 28 45 9 41 32 35 46 29 

Inst_Index:6802 	 City_Num:50 	 Concorde:5.785938 	 MCTS:5.785938 Improve:-0.000000 	 Time:3.75 Seconds
Solution: 1 5 28 13 8 20 14 15 40 27 44 34 4 37 23 22 10 3 17 21 42 9 30 16 36 25 12 43 45 18 24 46 31 50 7 32 39 19 29 26 47 33 11 35 48 41 6 2 49 38 

Inst_Index:6803 	 City_Num:50 	 Concorde:5.736712 	 MCTS:5.736712 Improve:-0.000000 	 Time:3.75 Seconds
Solution: 1 6 35 41 42 9 50 8 2 45 34 18 29 27 22 24 11 19 21 23 26 28 32 36 31 15 39 13 33 48 10 43 16 25 47 38 5 40 44 14 20 7 4 46 30 3 37 49 12 17 

Inst_Index:6804 	 City_Num:50 	 Concorde:5.709707 	 MCTS:5.706798 Improve:0.002909 	 Time:3.75 Seconds
Solution: 1 50 44 6 8 11 38 33 12 46 40 10 48 5 24 39 2 41 25 29 43 28 21 49 47 32 16 20 23 13 42 19 36 7 34 27 17 4 45 15 35 37 3 9 22 14 26 31 18 30 

Inst_Index:6805 	 City_Num:50 	 Concorde:5.787108 	 MCTS:5.787108 Improve:0.000000 	 Time:3.76 Seconds
Solution: 1 2 45 42 31 5 23 39 24 6 13 18 41 48 35 12 26 10 28 43 21 47 17 14 11 3 36 27 4 49 16 20 37 9 22 7 19 25 38 30 46 32 15 44 29 33 50 34 40 8 

Inst_Index:6806 	 City_Num:50 	 Concorde:6.141193 	 MCTS:6.141193 Improve:0.000000 	 Time:3.75 Seconds
Solution: 1 2 9 16 44 27 46 40 7 34 45 47 3 13 43 50 25 26 8 12 49 32 36 20 28 11 38 41 31 4 30 24 37 48 35 29 5 6 33 19 42 14 21 15 39 18 23 17 22 10 

Inst_Index:6807 	 City_Num:50 	 Concorde:5.534965 	 MCTS:5.534965 Improve:0.000000 	 Time:3.76 Seconds
Solution: 1 41 13 19 4 40 5 47 44 12 42 48 38 31 11 33 45 20 3 32 39 9 43 17 10 18 27 36 21 22 7 34 35 28 24 37 6 25 49 8 50 15 29 2 16 23 30 46 26 14 

Inst_Index:6808 	 City_Num:50 	 Concorde:5.424977 	 MCTS:5.424977 Improve:0.000000 	 Time:3.75 Seconds
Solution: 1 4 15 5 19 25 10 24 7 27 3 13 49 38 42 2 28 18 48 44 23 30 36 34 35 31 37 21 43 47 32 6 12 17 33 11 39 46 45 29 20 40 9 16 8 50 14 22 26 41 

Inst_Index:6809 	 City_Num:50 	 Concorde:5.560511 	 MCTS:5.559006 Improve:0.001505 	 Time:3.75 Seconds
Solution: 1 37 40 31 44 34 46 8 6 28 41 39 20 3 45 25 12 19 49 30 15 35 29 18 33 47 11 7 13 16 26 17 32 21 36 10 50 42 2 48 9 27 24 22 5 38 43 14 4 23 

Inst_Index:6810 	 City_Num:50 	 Concorde:5.885730 	 MCTS:5.885730 Improve:-0.000000 	 Time:3.77 Seconds
Solution: 1 40 7 36 14 43 50 11 24 9 37 26 29 6 10 49 31 48 45 28 30 25 42 34 32 12 5 2 20 15 13 3 17 23 27 4 8 46 16 44 21 41 33 38 47 18 39 19 35 22 

Inst_Index:6811 	 City_Num:50 	 Concorde:5.993989 	 MCTS:5.993989 Improve:0.000000 	 Time:3.77 Seconds
Solution: 1 36 33 25 29 19 17 27 40 47 41 37 35 8 9 20 46 28 49 45 50 5 16 38 30 18 11 6 21 48 43 14 31 2 32 4 24 42 3 39 22 10 15 23 13 7 12 44 34 26 

Inst_Index:6812 	 City_Num:50 	 Concorde:5.786110 	 MCTS:5.786110 Improve:-0.000000 	 Time:3.76 Seconds
Solution: 1 24 40 31 45 23 50 15 32 7 20 41 2 13 48 49 11 28 34 29 42 47 21 44 30 35 38 33 16 17 10 27 9 8 19 3 12 14 43 18 25 39 37 5 6 36 46 26 22 4 

Inst_Index:6813 	 City_Num:50 	 Concorde:5.063112 	 MCTS:5.063112 Improve:-0.000000 	 Time:3.77 Seconds
Solution: 1 8 14 41 23 7 4 29 28 15 16 36 44 20 35 26 21 37 46 27 30 2 22 6 50 25 38 12 32 19 31 17 9 11 42 48 45 43 18 10 40 33 13 24 3 49 47 34 5 39 

Inst_Index:6814 	 City_Num:50 	 Concorde:5.813940 	 MCTS:5.813940 Improve:0.000000 	 Time:3.75 Seconds
Solution: 1 34 35 3 48 40 32 20 14 42 9 21 23 36 13 5 47 15 4 28 18 41 37 22 19 16 6 45 46 25 7 12 43 49 2 44 24 11 27 30 10 38 29 39 31 33 50 17 26 8 

Inst_Index:6815 	 City_Num:50 	 Concorde:5.756319 	 MCTS:5.756319 Improve:0.000000 	 Time:3.76 Seconds
Solution: 1 27 8 13 12 41 30 23 17 31 29 44 42 22 28 4 5 15 37 33 3 45 34 24 14 6 18 36 9 43 7 10 47 50 46 32 2 25 26 40 38 16 19 20 21 48 49 39 11 35 

Inst_Index:6816 	 City_Num:50 	 Concorde:5.765788 	 MCTS:5.765659 Improve:0.000129 	 Time:3.75 Seconds
Solution: 1 3 4 43 49 28 34 44 25 29 15 37 20 8 45 33 50 19 26 11 10 32 47 17 27 24 31 48 39 30 13 40 38 35 5 21 9 22 41 46 7 16 12 18 42 23 14 6 2 36 

Inst_Index:6817 	 City_Num:50 	 Concorde:6.180400 	 MCTS:6.180400 Improve:0.000000 	 Time:3.76 Seconds
Solution: 1 50 2 23 37 31 47 8 20 39 26 24 28 17 48 10 32 33 44 5 45 40 36 41 30 46 42 11 7 6 27 19 12 15 13 16 25 18 9 4 21 3 49 22 34 38 29 43 14 35 

Inst_Index:6818 	 City_Num:50 	 Concorde:5.445864 	 MCTS:5.445633 Improve:0.000231 	 Time:3.76 Seconds
Solution: 1 32 6 2 3 50 49 43 8 48 10 12 31 15 14 13 9 34 33 21 18 38 36 30 7 29 27 11 40 47 39 5 17 24 41 16 20 4 46 37 19 45 42 25 35 22 28 26 23 44 

Inst_Index:6819 	 City_Num:50 	 Concorde:6.189702 	 MCTS:6.189702 Improve:-0.000000 	 Time:3.77 Seconds
Solution: 1 35 44 48 12 3 25 8 17 16 39 4 10 14 27 33 9 7 11 28 20 13 43 34 38 49 37 31 6 21 2 41 30 18 45 19 36 15 22 32 50 47 42 24 40 46 29 23 5 26 

Inst_Index:6820 	 City_Num:50 	 Concorde:5.536867 	 MCTS:5.534157 Improve:0.002710 	 Time:3.76 Seconds
Solution: 1 22 25 37 18 17 41 12 33 9 35 38 23 10 39 48 47 45 21 50 40 16 46 31 24 20 7 14 2 8 3 49 28 26 11 43 4 42 13 6 32 44 34 30 27 29 19 15 5 36 

Inst_Index:6821 	 City_Num:50 	 Concorde:5.778200 	 MCTS:5.774427 Improve:0.003773 	 Time:3.76 Seconds
Solution: 1 39 42 23 7 22 11 5 50 37 9 35 27 20 41 19 3 17 26 13 8 30 34 4 45 24 6 25 44 40 49 18 47 48 43 38 31 15 36 12 28 46 16 14 32 10 21 29 2 33 

Inst_Index:6822 	 City_Num:50 	 Concorde:5.773053 	 MCTS:5.771450 Improve:0.001603 	 Time:3.78 Seconds
Solution: 1 34 44 26 40 42 9 45 20 10 16 5 6 41 25 30 31 23 2 47 11 32 14 49 27 36 50 22 13 33 46 4 29 48 37 21 19 38 17 12 39 28 15 7 35 24 18 3 43 8 

Inst_Index:6823 	 City_Num:50 	 Concorde:5.503403 	 MCTS:5.499241 Improve:0.004162 	 Time:3.75 Seconds
Solution: 1 25 39 4 27 38 3 5 48 32 15 28 30 2 37 8 34 49 19 44 31 46 11 7 17 45 6 50 41 36 35 21 47 23 12 29 24 26 40 22 9 33 14 42 43 20 16 18 13 10 

Inst_Index:6824 	 City_Num:50 	 Concorde:5.565004 	 MCTS:5.565004 Improve:0.000000 	 Time:3.76 Seconds
Solution: 1 15 2 41 17 26 22 16 19 27 24 49 21 4 13 25 35 38 45 46 40 43 12 39 44 31 3 34 36 6 20 23 11 10 28 9 30 18 47 8 42 50 7 32 33 29 5 48 14 37 

Inst_Index:6825 	 City_Num:50 	 Concorde:5.671683 	 MCTS:5.671683 Improve:0.000000 	 Time:3.76 Seconds
Solution: 1 41 45 37 30 6 13 40 4 24 46 28 32 5 20 48 47 8 49 2 34 11 27 42 33 21 7 38 19 50 31 26 10 44 14 43 9 22 35 25 39 17 16 12 36 15 29 23 3 18 

Inst_Index:6826 	 City_Num:50 	 Concorde:5.640761 	 MCTS:5.638960 Improve:0.001802 	 Time:3.76 Seconds
Solution: 1 14 5 19 4 25 49 47 37 9 45 36 10 26 22 6 44 29 41 17 20 31 13 48 33 18 24 42 28 34 38 11 23 46 30 21 32 8 15 16 12 39 50 7 40 27 43 3 2 35 

Inst_Index:6827 	 City_Num:50 	 Concorde:5.842040 	 MCTS:5.842040 Improve:0.000000 	 Time:3.76 Seconds
Solution: 1 32 39 22 18 23 50 34 48 37 21 43 3 16 17 30 28 2 40 6 7 14 4 25 49 12 42 45 11 47 46 27 5 33 20 8 44 13 9 36 15 29 24 38 31 26 35 10 19 41 

Inst_Index:6828 	 City_Num:50 	 Concorde:6.074727 	 MCTS:6.074727 Improve:-0.000000 	 Time:3.76 Seconds
Solution: 1 47 48 16 26 18 6 24 21 4 22 33 35 7 13 12 29 2 28 3 42 49 44 10 50 32 31 45 17 19 5 40 39 37 15 14 46 34 25 30 11 9 36 20 41 43 38 8 23 27 

Inst_Index:6829 	 City_Num:50 	 Concorde:5.726243 	 MCTS:5.722921 Improve:0.003322 	 Time:3.76 Seconds
Solution: 1 23 36 46 15 13 28 24 32 37 47 40 22 19 50 31 9 43 17 20 25 39 35 34 29 3 48 44 7 8 16 12 14 18 4 33 42 30 6 11 21 5 10 27 2 26 38 49 45 41 

Inst_Index:6830 	 City_Num:50 	 Concorde:5.955713 	 MCTS:5.955713 Improve:-0.000000 	 Time:3.77 Seconds
Solution: 1 7 38 15 17 24 22 18 39 41 35 34 32 42 11 6 46 45 31 48 2 3 29 44 8 20 9 13 19 30 28 10 33 14 26 21 43 4 37 16 49 47 27 36 25 23 5 40 50 12 

Inst_Index:6831 	 City_Num:50 	 Concorde:5.295751 	 MCTS:5.291537 Improve:0.004215 	 Time:3.75 Seconds
Solution: 1 18 9 45 8 17 39 40 43 28 37 19 27 10 6 13 41 34 7 31 33 15 47 48 36 2 42 14 22 11 30 49 44 5 46 4 16 50 25 20 35 21 32 26 24 38 29 12 23 3 

Inst_Index:6832 	 City_Num:50 	 Concorde:5.462415 	 MCTS:5.462415 Improve:0.000000 	 Time:3.78 Seconds
Solution: 1 2 8 23 28 26 30 35 44 37 14 49 9 18 46 47 17 34 13 25 16 19 45 12 7 38 29 43 11 32 48 36 10 5 20 41 24 3 6 31 42 4 50 33 40 15 39 21 27 22 

Inst_Index:6833 	 City_Num:50 	 Concorde:5.908308 	 MCTS:5.908308 Improve:-0.000000 	 Time:3.76 Seconds
Solution: 1 14 20 46 22 17 37 45 38 6 12 4 47 29 2 28 25 13 48 10 11 27 39 5 8 42 15 24 33 9 23 26 43 19 30 34 31 44 32 18 7 49 16 35 50 3 41 36 40 21 

Inst_Index:6834 	 City_Num:50 	 Concorde:6.015709 	 MCTS:6.015709 Improve:-0.000000 	 Time:3.75 Seconds
Solution: 1 8 34 45 32 31 48 20 15 27 36 7 21 24 13 47 35 44 10 46 25 19 29 2 40 9 17 4 39 3 11 16 43 6 5 18 41 42 33 28 50 14 22 37 30 12 38 26 49 23 

Inst_Index:6835 	 City_Num:50 	 Concorde:5.910622 	 MCTS:5.910622 Improve:0.000000 	 Time:3.76 Seconds
Solution: 1 17 19 3 29 39 34 25 13 49 14 40 48 42 46 41 44 6 26 38 28 2 43 4 32 10 36 15 11 12 7 18 9 8 27 23 22 47 33 31 30 37 35 21 45 5 16 50 20 24 

Inst_Index:6836 	 City_Num:50 	 Concorde:5.629958 	 MCTS:5.629958 Improve:0.000000 	 Time:3.76 Seconds
Solution: 1 22 48 25 14 30 17 49 43 16 9 32 35 5 15 4 40 2 7 46 41 27 38 36 50 23 44 26 33 47 18 3 39 13 21 12 24 45 28 29 10 20 34 31 37 42 11 8 19 6 

Inst_Index:6837 	 City_Num:50 	 Concorde:5.632841 	 MCTS:5.625318 Improve:0.007523 	 Time:3.76 Seconds
Solution: 1 9 4 45 39 35 16 31 24 5 27 28 34 47 7 40 15 14 49 2 37 20 21 43 46 26 8 19 48 50 32 17 23 10 29 6 3 44 25 42 13 30 12 36 33 41 38 18 11 22 

Inst_Index:6838 	 City_Num:50 	 Concorde:5.918151 	 MCTS:5.918151 Improve:0.000000 	 Time:3.77 Seconds
Solution: 1 19 48 32 12 35 43 10 46 47 42 4 3 5 15 18 38 29 23 14 45 31 37 34 17 36 13 20 2 49 7 9 33 21 39 26 27 40 11 22 30 44 24 8 50 25 28 41 6 16 

Inst_Index:6839 	 City_Num:50 	 Concorde:5.579877 	 MCTS:5.579877 Improve:-0.000000 	 Time:3.75 Seconds
Solution: 1 31 6 43 9 28 36 23 29 40 25 12 17 22 44 49 2 18 10 16 20 24 30 32 4 14 8 26 5 47 11 41 39 7 38 50 33 13 48 19 3 46 42 15 27 35 45 34 37 21 

Inst_Index:6840 	 City_Num:50 	 Concorde:5.576470 	 MCTS:5.566210 Improve:0.010260 	 Time:3.76 Seconds
Solution: 1 40 47 5 7 46 21 23 37 2 3 33 31 22 48 16 19 30 9 13 41 27 36 12 25 18 29 17 44 26 8 49 10 14 11 24 6 39 45 35 4 28 34 43 15 20 42 32 50 38 

Inst_Index:6841 	 City_Num:50 	 Concorde:5.566163 	 MCTS:5.565076 Improve:0.001088 	 Time:3.75 Seconds
Solution: 1 27 23 37 26 11 36 41 6 40 34 39 5 45 16 13 25 12 2 48 18 28 46 22 8 43 4 3 38 49 47 9 7 10 14 20 35 24 42 32 44 21 17 29 19 15 50 31 33 30 

Inst_Index:6842 	 City_Num:50 	 Concorde:5.652241 	 MCTS:5.652241 Improve:0.000000 	 Time:3.77 Seconds
Solution: 1 15 4 16 34 37 5 9 32 42 25 44 41 3 18 23 14 20 45 47 39 48 28 8 30 17 7 36 6 46 11 29 24 10 19 38 49 50 35 21 40 43 13 26 27 12 31 33 2 22 

Inst_Index:6843 	 City_Num:50 	 Concorde:6.041788 	 MCTS:6.036927 Improve:0.004861 	 Time:3.76 Seconds
Solution: 1 4 44 50 28 24 16 15 43 34 37 18 11 20 27 26 6 2 42 31 13 33 45 5 7 36 14 46 48 8 29 21 35 17 3 30 47 23 40 22 49 41 9 12 25 19 10 32 39 38 

Inst_Index:6844 	 City_Num:50 	 Concorde:5.455236 	 MCTS:5.446817 Improve:0.008419 	 Time:3.77 Seconds
Solution: 1 30 16 27 41 19 46 43 50 14 38 10 26 23 42 39 21 48 20 13 33 11 6 36 37 45 5 28 34 8 15 2 4 24 47 17 3 22 12 49 44 25 18 35 31 29 7 9 40 32 

Inst_Index:6845 	 City_Num:50 	 Concorde:5.445718 	 MCTS:5.445718 Improve:-0.000000 	 Time:3.77 Seconds
Solution: 1 18 29 9 13 36 26 20 6 19 23 33 39 24 40 15 5 38 34 4 32 31 12 47 43 11 27 41 48 49 21 7 16 8 46 35 42 28 14 10 22 17 45 50 30 37 3 25 44 2 

Inst_Index:6846 	 City_Num:50 	 Concorde:5.380720 	 MCTS:5.380720 Improve:0.000000 	 Time:3.77 Seconds
Solution: 1 21 31 46 39 35 22 41 13 50 6 12 32 19 43 47 8 45 48 9 30 16 33 26 28 40 29 7 27 4 3 11 24 20 38 14 18 15 17 36 49 37 10 25 23 42 5 34 2 44 

Inst_Index:6847 	 City_Num:50 	 Concorde:5.885401 	 MCTS:5.885401 Improve:0.000000 	 Time:3.77 Seconds
Solution: 1 48 47 19 50 17 10 13 36 27 49 9 31 11 6 14 22 2 34 30 33 44 25 5 46 3 28 8 23 4 26 18 39 42 16 24 15 12 32 38 7 35 21 45 37 20 40 29 41 43 

Inst_Index:6848 	 City_Num:50 	 Concorde:5.856694 	 MCTS:5.856694 Improve:-0.000000 	 Time:3.75 Seconds
Solution: 1 14 17 13 39 30 33 44 11 16 22 10 6 49 40 21 35 46 3 47 42 36 20 15 48 5 8 37 27 38 7 43 2 23 28 19 4 32 41 12 9 24 29 34 18 45 26 25 50 31 

Inst_Index:6849 	 City_Num:50 	 Concorde:6.100195 	 MCTS:6.096123 Improve:0.004072 	 Time:3.76 Seconds
Solution: 1 14 29 22 5 26 50 33 34 40 31 39 8 49 11 19 48 12 45 17 6 24 35 36 18 32 15 42 23 47 30 43 2 41 21 27 4 44 16 28 37 20 9 3 7 25 13 38 46 10 

Inst_Index:6850 	 City_Num:50 	 Concorde:6.054270 	 MCTS:6.054270 Improve:0.000000 	 Time:3.76 Seconds
Solution: 1 33 25 35 26 6 3 45 23 47 2 46 37 40 13 34 42 5 32 16 7 43 49 20 27 31 28 30 44 8 9 11 48 14 12 15 24 29 21 18 39 50 36 22 17 4 10 19 41 38 

Inst_Index:6851 	 City_Num:50 	 Concorde:5.440813 	 MCTS:5.436357 Improve:0.004456 	 Time:3.76 Seconds
Solution: 1 50 6 26 31 19 27 14 40 48 21 3 37 24 47 2 33 29 4 12 43 8 39 20 45 42 11 25 34 16 15 41 7 13 5 30 36 23 35 46 32 18 49 22 38 44 17 9 28 10 

Inst_Index:6852 	 City_Num:50 	 Concorde:5.925786 	 MCTS:5.925346 Improve:0.000440 	 Time:3.76 Seconds
Solution: 1 26 48 21 7 43 32 9 19 3 18 6 35 24 4 22 12 40 45 37 38 8 44 50 31 25 34 17 30 10 27 49 15 16 2 5 23 13 29 42 28 14 11 36 47 39 46 20 33 41 

Inst_Index:6853 	 City_Num:50 	 Concorde:5.704966 	 MCTS:5.703297 Improve:0.001669 	 Time:3.77 Seconds
Solution: 1 35 36 49 33 11 32 22 24 26 28 50 14 46 45 2 37 48 10 41 43 42 12 34 16 7 31 4 13 44 40 25 8 9 19 27 29 6 5 3 17 15 18 39 20 23 21 38 47 30 

Inst_Index:6854 	 City_Num:50 	 Concorde:5.857255 	 MCTS:5.857255 Improve:-0.000000 	 Time:3.75 Seconds
Solution: 1 12 11 31 23 37 14 27 40 35 43 29 21 13 24 33 19 38 8 46 3 25 36 4 28 16 34 18 15 44 26 9 10 49 42 39 6 47 30 5 41 2 22 48 50 17 45 7 32 20 

Inst_Index:6855 	 City_Num:50 	 Concorde:5.448663 	 MCTS:5.448663 Improve:-0.000000 	 Time:3.77 Seconds
Solution: 1 31 11 17 26 45 24 18 8 15 40 34 50 12 30 25 28 22 14 7 5 37 38 41 43 49 23 4 36 32 19 46 39 29 16 47 21 33 42 35 13 48 27 9 3 10 20 2 6 44 

Inst_Index:6856 	 City_Num:50 	 Concorde:5.374766 	 MCTS:5.373914 Improve:0.000852 	 Time:3.76 Seconds
Solution: 1 13 28 40 44 19 33 4 49 14 42 16 3 2 7 11 10 22 43 29 26 21 30 18 46 15 38 12 36 50 24 37 32 35 31 23 41 9 5 8 34 25 20 6 48 17 27 47 39 45 

Inst_Index:6857 	 City_Num:50 	 Concorde:6.183353 	 MCTS:6.183353 Improve:0.000000 	 Time:3.76 Seconds
Solution: 1 5 3 17 12 25 4 8 28 30 42 35 32 23 22 41 38 29 2 14 6 34 31 43 21 36 27 24 13 26 10 9 44 20 11 16 49 50 33 40 45 19 48 47 7 18 39 46 37 15 

Inst_Index:6858 	 City_Num:50 	 Concorde:5.633620 	 MCTS:5.633620 Improve:0.000000 	 Time:3.75 Seconds
Solution: 1 7 13 18 31 15 14 33 9 42 29 8 37 34 12 17 49 43 36 2 20 28 27 41 24 4 23 10 25 26 44 47 32 46 38 21 3 39 45 19 48 16 40 11 30 22 5 6 35 50 

Inst_Index:6859 	 City_Num:50 	 Concorde:5.735556 	 MCTS:5.735556 Improve:-0.000000 	 Time:3.76 Seconds
Solution: 1 22 24 23 12 48 25 19 11 32 6 49 45 40 43 30 33 39 17 35 31 44 5 13 18 50 7 20 29 3 36 9 27 8 26 16 47 10 38 28 4 34 21 46 14 41 2 37 15 42 

Inst_Index:6860 	 City_Num:50 	 Concorde:5.630411 	 MCTS:5.630411 Improve:0.000000 	 Time:3.76 Seconds
Solution: 1 8 40 5 42 31 10 46 36 29 2 14 27 43 48 9 22 38 7 32 12 16 11 35 15 23 39 30 50 33 24 19 25 3 45 47 21 34 18 20 28 13 4 49 26 17 6 44 41 37 

Inst_Index:6861 	 City_Num:50 	 Concorde:5.824986 	 MCTS:5.822443 Improve:0.002543 	 Time:3.76 Seconds
Solution: 1 38 33 44 18 49 20 19 50 21 13 2 26 16 9 5 27 3 37 14 7 42 28 4 22 6 30 43 23 34 11 24 12 29 31 8 32 15 45 40 36 48 10 25 46 41 47 39 35 17 

Inst_Index:6862 	 City_Num:50 	 Concorde:5.424064 	 MCTS:5.424064 Improve:0.000000 	 Time:3.76 Seconds
Solution: 1 26 45 3 19 12 28 35 46 8 10 43 39 18 44 2 47 41 37 15 40 25 23 4 33 9 31 14 6 48 38 21 34 36 32 50 30 11 22 42 13 17 16 24 20 49 29 27 5 7 

Inst_Index:6863 	 City_Num:50 	 Concorde:5.532326 	 MCTS:5.532326 Improve:0.000000 	 Time:3.76 Seconds
Solution: 1 18 23 27 33 32 25 4 35 43 26 29 28 19 48 10 12 44 40 39 8 36 2 9 17 47 7 34 11 50 24 5 15 31 30 3 37 41 6 22 21 14 49 46 38 42 16 20 45 13 

Inst_Index:6864 	 City_Num:50 	 Concorde:5.746149 	 MCTS:5.746149 Improve:-0.000000 	 Time:3.76 Seconds
Solution: 1 43 36 9 20 35 37 29 49 18 41 4 22 7 10 30 2 19 31 11 46 8 28 47 16 39 38 23 32 33 48 50 5 14 45 17 27 42 26 13 12 34 6 44 21 25 3 40 15 24 

Inst_Index:6865 	 City_Num:50 	 Concorde:5.507558 	 MCTS:5.507558 Improve:0.000000 	 Time:3.76 Seconds
Solution: 1 41 32 16 44 3 24 20 5 39 2 46 30 9 25 42 15 12 36 47 29 18 8 50 11 34 6 33 40 45 19 13 14 31 17 10 28 23 37 26 21 38 35 48 22 4 49 43 7 27 

Inst_Index:6866 	 City_Num:50 	 Concorde:5.257711 	 MCTS:5.257711 Improve:0.000000 	 Time:3.77 Seconds
Solution: 1 17 2 12 11 43 41 38 48 32 14 8 18 47 3 4 33 39 22 31 23 9 50 7 6 28 20 45 21 16 13 26 37 46 24 19 35 30 25 34 42 10 49 5 44 36 15 29 27 40 

Inst_Index:6867 	 City_Num:50 	 Concorde:5.573247 	 MCTS:5.573247 Improve:0.000000 	 Time:3.76 Seconds
Solution: 1 18 17 38 33 35 31 47 2 24 23 15 30 9 39 5 49 21 37 6 41 44 48 12 34 4 22 32 20 26 14 42 13 27 28 50 10 43 45 8 11 16 46 7 29 3 25 19 40 36 

Inst_Index:6868 	 City_Num:50 	 Concorde:5.947890 	 MCTS:5.945920 Improve:0.001969 	 Time:3.77 Seconds
Solution: 1 6 39 5 40 49 7 29 24 17 50 9 30 22 45 10 2 47 19 18 38 44 15 46 4 14 16 35 28 12 25 26 21 42 20 31 48 33 43 8 34 41 37 3 32 23 13 36 11 27 

Inst_Index:6869 	 City_Num:50 	 Concorde:5.697282 	 MCTS:5.697282 Improve:-0.000000 	 Time:3.76 Seconds
Solution: 1 49 34 35 46 14 42 41 10 43 16 3 8 18 48 21 27 30 44 2 28 15 32 12 4 45 7 11 33 40 50 5 25 47 24 20 19 37 31 17 36 38 26 23 9 29 6 39 22 13 

Inst_Index:6870 	 City_Num:50 	 Concorde:5.644626 	 MCTS:5.644626 Improve:0.000000 	 Time:3.76 Seconds
Solution: 1 38 3 47 39 25 30 19 14 45 4 33 13 43 27 44 26 5 20 29 10 18 28 41 49 32 35 23 22 2 36 46 21 50 48 15 9 42 34 17 40 24 8 12 11 16 7 6 37 31 

Inst_Index:6871 	 City_Num:50 	 Concorde:5.768764 	 MCTS:5.765625 Improve:0.003139 	 Time:3.76 Seconds
Solution: 1 2 18 38 37 15 19 47 27 41 3 14 22 24 16 10 42 43 6 30 12 48 9 25 21 46 32 29 44 20 31 45 23 40 35 4 50 5 11 26 34 49 36 7 33 13 28 8 17 39 

Inst_Index:6872 	 City_Num:50 	 Concorde:5.466096 	 MCTS:5.466096 Improve:-0.000000 	 Time:3.75 Seconds
Solution: 1 40 30 42 35 5 39 49 13 46 15 6 16 18 14 47 34 45 50 20 41 7 38 23 3 2 21 22 36 32 12 48 26 37 25 9 4 31 43 8 17 27 28 11 29 44 33 19 10 24 

Inst_Index:6873 	 City_Num:50 	 Concorde:5.982125 	 MCTS:5.982125 Improve:0.000000 	 Time:3.75 Seconds
Solution: 1 5 26 13 25 45 31 10 46 22 24 33 2 8 21 37 39 27 23 43 19 34 4 35 42 18 11 36 14 41 16 50 3 47 12 28 49 15 6 7 38 40 17 32 48 29 9 44 30 20 

Inst_Index:6874 	 City_Num:50 	 Concorde:5.741281 	 MCTS:5.740602 Improve:0.000679 	 Time:3.77 Seconds
Solution: 1 26 50 23 22 16 10 13 40 28 34 11 25 3 14 9 8 30 21 44 12 36 19 39 32 18 42 20 15 17 33 2 43 7 31 27 5 24 29 38 46 48 6 4 41 47 49 37 35 45 

Inst_Index:6875 	 City_Num:50 	 Concorde:5.754227 	 MCTS:5.754227 Improve:0.000000 	 Time:3.76 Seconds
Solution: 1 20 7 30 4 40 48 15 17 24 43 33 50 25 28 29 18 10 14 35 12 26 23 49 27 3 16 32 41 39 13 2 11 31 8 22 46 37 42 45 38 47 21 6 34 19 5 44 9 36 

Inst_Index:6876 	 City_Num:50 	 Concorde:5.747519 	 MCTS:5.747009 Improve:0.000510 	 Time:3.76 Seconds
Solution: 1 27 32 18 31 15 4 2 47 10 16 34 42 21 48 41 19 33 13 38 14 23 22 12 37 5 9 35 6 29 8 50 43 11 45 25 7 26 24 17 30 46 44 28 3 20 36 40 39 49 

Inst_Index:6877 	 City_Num:50 	 Concorde:5.511167 	 MCTS:5.508497 Improve:0.002671 	 Time:3.76 Seconds
Solution: 1 36 37 14 41 25 34 11 19 24 39 4 49 9 46 32 20 6 18 47 30 50 48 5 22 7 38 42 28 44 12 26 43 45 10 31 8 13 27 2 35 40 17 23 21 3 15 29 33 16 

Inst_Index:6878 	 City_Num:50 	 Concorde:5.642454 	 MCTS:5.642454 Improve:0.000000 	 Time:3.76 Seconds
Solution: 1 7 29 21 17 26 47 27 30 39 45 37 42 43 35 2 4 33 48 3 15 44 11 5 9 13 6 38 14 46 20 49 22 41 16 34 25 12 23 18 19 32 36 24 40 31 10 8 28 50 

Inst_Index:6879 	 City_Num:50 	 Concorde:5.959818 	 MCTS:5.954770 Improve:0.005048 	 Time:3.76 Seconds
Solution: 1 2 11 4 32 17 3 5 20 47 25 43 24 10 45 40 9 35 27 19 29 14 37 21 22 33 39 42 30 36 15 34 13 26 23 46 8 44 50 41 18 6 16 28 7 12 48 31 38 49 

Inst_Index:6880 	 City_Num:50 	 Concorde:5.718904 	 MCTS:5.718904 Improve:0.000000 	 Time:3.76 Seconds
Solution: 1 24 16 6 37 13 2 44 20 38 40 3 4 48 42 22 30 31 23 12 45 8 29 47 7 26 19 43 11 21 50 9 36 46 33 39 32 25 18 27 10 15 14 28 5 35 34 41 49 17 

Inst_Index:6881 	 City_Num:50 	 Concorde:5.144021 	 MCTS:5.144021 Improve:0.000000 	 Time:3.76 Seconds
Solution: 1 26 3 18 35 12 11 43 34 42 37 46 21 30 48 50 25 16 17 28 32 19 24 41 33 49 20 27 45 5 38 14 2 13 39 8 10 36 22 40 9 4 23 15 29 47 31 7 44 6 

Inst_Index:6882 	 City_Num:50 	 Concorde:5.692539 	 MCTS:5.692539 Improve:-0.000000 	 Time:3.76 Seconds
Solution: 1 41 16 21 2 36 15 50 24 47 7 38 30 34 11 25 13 10 23 40 8 46 29 35 39 44 20 18 43 17 37 33 48 5 22 45 28 49 14 19 12 27 9 31 32 3 4 42 6 26 

Inst_Index:6883 	 City_Num:50 	 Concorde:5.594932 	 MCTS:5.594932 Improve:0.000000 	 Time:3.75 Seconds
Solution: 1 47 5 49 40 36 26 4 45 18 42 9 19 32 10 27 23 39 20 7 33 50 29 37 35 28 13 17 8 22 15 44 48 30 34 41 43 24 11 21 31 16 38 25 14 2 46 6 12 3 

Inst_Index:6884 	 City_Num:50 	 Concorde:5.845854 	 MCTS:5.840447 Improve:0.005407 	 Time:3.76 Seconds
Solution: 1 48 47 10 29 34 37 25 38 43 32 20 49 5 22 23 7 8 19 27 46 18 3 45 31 13 26 28 44 33 50 41 16 24 12 4 6 35 9 36 11 2 17 39 30 15 14 40 42 21 

Inst_Index:6885 	 City_Num:50 	 Concorde:5.584702 	 MCTS:5.584702 Improve:0.000000 	 Time:3.75 Seconds
Solution: 1 36 29 14 9 24 49 18 11 41 26 3 25 2 4 31 38 30 28 19 45 48 20 42 46 23 16 33 50 34 15 39 37 10 12 5 7 44 8 27 6 17 32 13 21 22 43 35 47 40 

Inst_Index:6886 	 City_Num:50 	 Concorde:5.628516 	 MCTS:5.628516 Improve:-0.000000 	 Time:3.76 Seconds
Solution: 1 26 13 38 7 40 46 8 10 25 43 33 42 17 28 29 3 50 49 30 36 32 48 37 5 24 6 18 34 21 4 9 22 14 19 41 39 23 11 16 47 44 27 45 31 15 12 20 2 35 


Avg_Concorde_Distance: 5.675255 Avg_MCTS_Distance: 5.674132 Avg_Gap: -0.000197 Total_Time: 1178.28 Seconds 
 Beat_Best_Known_Times: 111 Match_Best_Known_Times: 202 Miss_Best_Known_Times: 0 
