Number_of_Instances_In_Current_Batch: 313

Inst_Index:9391 	 City_Num:50 	 Concorde:5.794602 	 MCTS:5.794503 Improve:0.000099 	 Time:3.76 Seconds
Solution: 1 16 50 48 37 14 4 22 18 19 10 49 30 29 33 21 45 9 27 44 40 47 20 15 42 34 35 39 6 38 12 32 5 36 7 25 11 23 41 2 43 13 31 17 3 8 24 28 26 46 

Inst_Index:9392 	 City_Num:50 	 Concorde:5.307700 	 MCTS:5.307700 Improve:0.000000 	 Time:3.76 Seconds
Solution: 1 18 20 44 21 17 19 40 9 4 28 41 14 32 33 13 31 30 22 10 3 36 46 5 7 48 35 15 47 23 12 2 43 16 45 8 25 27 42 39 38 6 37 24 11 49 29 34 26 50 

Inst_Index:9393 	 City_Num:50 	 Concorde:5.666954 	 MCTS:5.666954 Improve:0.000000 	 Time:3.76 Seconds
Solution: 1 32 31 36 15 4 7 39 44 18 29 47 50 6 43 20 10 34 21 40 11 17 24 25 19 16 46 26 27 9 41 8 23 22 2 12 14 45 28 5 48 30 42 37 3 35 49 38 13 33 

Inst_Index:9394 	 City_Num:50 	 Concorde:5.570241 	 MCTS:5.570241 Improve:0.000000 	 Time:3.77 Seconds
Solution: 1 6 34 45 46 39 13 48 27 26 25 40 30 14 50 2 7 20 17 21 18 33 36 38 9 5 10 19 47 12 28 49 24 22 29 35 3 37 23 11 31 16 43 42 41 15 8 44 32 4 

Inst_Index:9395 	 City_Num:50 	 Concorde:5.813383 	 MCTS:5.813383 Improve:-0.000000 	 Time:3.77 Seconds
Solution: 1 3 33 12 16 38 11 21 5 19 26 35 22 6 47 31 28 44 50 9 43 2 30 10 25 20 15 39 4 49 27 13 45 24 17 48 42 40 36 41 8 29 46 37 34 14 18 23 7 32 

Inst_Index:9396 	 City_Num:50 	 Concorde:6.156690 	 MCTS:6.156690 Improve:0.000000 	 Time:3.75 Seconds
Solution: 1 41 6 3 50 9 36 19 37 20 43 29 42 18 13 45 49 12 5 44 28 38 11 24 32 16 22 35 25 14 39 33 26 7 30 27 4 15 10 47 8 46 2 48 34 31 23 17 21 40 

Inst_Index:9397 	 City_Num:50 	 Concorde:5.801612 	 MCTS:5.801612 Improve:-0.000000 	 Time:3.77 Seconds
Solution: 1 4 2 16 22 33 3 49 6 14 15 13 45 44 43 41 40 37 23 10 25 39 29 19 42 26 5 20 7 8 46 50 12 9 21 24 38 31 18 30 35 47 27 34 28 32 17 11 48 36 

Inst_Index:9398 	 City_Num:50 	 Concorde:5.801292 	 MCTS:5.800278 Improve:0.001014 	 Time:3.76 Seconds
Solution: 1 19 11 12 8 27 30 50 13 20 24 7 10 35 26 40 23 36 33 44 17 38 4 45 6 28 25 49 5 39 48 3 21 47 43 37 2 34 14 15 41 22 32 16 42 9 29 46 31 18 

Inst_Index:9399 	 City_Num:50 	 Concorde:5.324256 	 MCTS:5.324173 Improve:0.000083 	 Time:3.76 Seconds
Solution: 1 42 13 14 19 35 49 12 25 5 9 23 39 34 20 37 11 28 24 3 44 7 43 31 8 48 50 47 41 26 29 10 38 6 17 40 22 2 36 18 27 30 16 32 21 4 46 45 15 33 

Inst_Index:9400 	 City_Num:50 	 Concorde:5.589296 	 MCTS:5.589296 Improve:-0.000000 	 Time:3.76 Seconds
Solution: 1 46 35 34 29 32 15 17 25 39 26 12 47 44 45 42 31 7 41 23 24 14 13 5 43 48 22 38 19 8 4 30 33 6 11 2 49 36 27 10 16 3 37 28 40 50 21 18 20 9 

Inst_Index:9401 	 City_Num:50 	 Concorde:5.635263 	 MCTS:5.635263 Improve:0.000000 	 Time:3.76 Seconds
Solution: 1 23 12 44 20 27 43 2 35 49 14 22 6 36 18 38 5 37 11 4 50 31 39 33 13 21 29 28 19 3 25 10 40 41 32 48 7 47 9 42 46 34 15 16 26 45 30 8 24 17 

Inst_Index:9402 	 City_Num:50 	 Concorde:6.274423 	 MCTS:6.274423 Improve:0.000000 	 Time:3.76 Seconds
Solution: 1 10 27 22 29 7 50 33 34 18 42 24 2 28 5 36 12 8 16 14 26 39 25 35 3 43 40 21 47 45 30 13 37 6 44 31 38 20 48 9 4 15 49 32 19 23 17 41 11 46 

Inst_Index:9403 	 City_Num:50 	 Concorde:5.684820 	 MCTS:5.684820 Improve:0.000000 	 Time:3.76 Seconds
Solution: 1 6 34 46 37 5 25 7 38 10 24 23 44 45 47 40 49 22 36 33 9 11 50 28 12 39 31 14 41 35 18 43 13 30 48 8 15 2 16 19 17 42 20 27 21 32 29 26 3 4 

Inst_Index:9404 	 City_Num:50 	 Concorde:5.460912 	 MCTS:5.460075 Improve:0.000837 	 Time:3.75 Seconds
Solution: 1 28 43 31 40 46 35 42 41 36 30 21 17 38 5 15 11 44 23 50 18 22 4 9 49 45 47 14 33 39 29 19 13 25 20 2 6 24 32 10 37 8 7 12 34 27 48 16 26 3 

Inst_Index:9405 	 City_Num:50 	 Concorde:5.746780 	 MCTS:5.746780 Improve:-0.000000 	 Time:3.75 Seconds
Solution: 1 43 18 44 19 25 37 42 29 32 23 22 11 16 33 8 26 40 24 30 41 15 36 2 38 45 20 14 5 50 13 49 17 9 46 35 12 21 6 27 28 34 10 7 39 31 4 3 48 47 

Inst_Index:9406 	 City_Num:50 	 Concorde:6.030864 	 MCTS:6.030864 Improve:-0.000000 	 Time:3.78 Seconds
Solution: 1 49 34 29 45 19 30 2 47 7 24 37 32 27 10 42 31 23 36 17 41 48 9 11 15 12 3 33 40 38 5 43 22 4 26 25 13 35 39 8 18 50 6 16 44 14 21 28 20 46 

Inst_Index:9407 	 City_Num:50 	 Concorde:5.202698 	 MCTS:5.194834 Improve:0.007864 	 Time:3.76 Seconds
Solution: 1 29 16 27 21 38 48 41 22 10 30 35 5 26 3 45 34 50 37 20 42 49 25 47 31 4 9 12 7 46 33 6 43 40 19 36 15 23 24 8 14 11 39 18 13 28 2 32 44 17 

Inst_Index:9408 	 City_Num:50 	 Concorde:5.420713 	 MCTS:5.415650 Improve:0.005063 	 Time:3.76 Seconds
Solution: 1 49 10 23 8 22 3 7 37 31 42 15 9 38 5 34 27 11 6 30 29 2 18 50 17 48 40 21 46 36 26 43 20 47 16 14 12 28 45 44 13 19 41 24 39 25 4 32 35 33 

Inst_Index:9409 	 City_Num:50 	 Concorde:5.833429 	 MCTS:5.833429 Improve:0.000000 	 Time:3.75 Seconds
Solution: 1 34 46 29 3 35 37 41 47 42 16 10 23 4 25 39 26 7 13 12 43 40 49 11 22 28 2 33 48 27 21 24 18 5 50 31 17 9 14 38 30 20 19 32 36 45 44 6 15 8 

Inst_Index:9410 	 City_Num:50 	 Concorde:5.699937 	 MCTS:5.699937 Improve:-0.000000 	 Time:3.76 Seconds
Solution: 1 7 40 45 50 22 42 29 19 21 33 17 23 36 49 38 3 25 46 34 15 28 5 4 30 24 35 16 10 20 11 44 48 27 32 9 37 12 39 13 14 6 41 18 2 31 43 8 26 47 

Inst_Index:9411 	 City_Num:50 	 Concorde:5.936937 	 MCTS:5.934008 Improve:0.002929 	 Time:3.76 Seconds
Solution: 1 27 7 14 13 39 31 26 33 5 20 29 32 30 9 21 48 8 23 17 2 19 18 41 47 46 10 24 40 15 6 22 49 16 3 42 43 50 37 34 35 44 45 38 12 11 25 36 28 4 

Inst_Index:9412 	 City_Num:50 	 Concorde:6.009161 	 MCTS:6.009161 Improve:0.000000 	 Time:3.76 Seconds
Solution: 1 47 19 12 6 45 35 15 26 20 5 29 31 18 23 49 16 21 32 33 11 10 46 40 43 30 7 22 28 41 2 25 8 44 50 14 9 24 48 3 38 37 4 34 17 27 13 42 39 36 

Inst_Index:9413 	 City_Num:50 	 Concorde:5.925890 	 MCTS:5.921423 Improve:0.004468 	 Time:3.77 Seconds
Solution: 1 42 15 11 40 5 34 3 44 12 20 8 33 7 9 28 26 4 21 14 17 18 48 13 50 6 47 23 38 31 45 22 46 25 39 43 29 32 49 35 30 16 2 36 41 10 37 27 19 24 

Inst_Index:9414 	 City_Num:50 	 Concorde:6.344860 	 MCTS:6.344860 Improve:-0.000000 	 Time:3.75 Seconds
Solution: 1 40 29 10 37 9 45 19 28 16 21 17 44 3 25 41 46 27 48 6 18 47 32 50 23 35 14 4 34 20 39 31 42 12 30 15 13 43 8 36 26 24 49 22 33 38 5 11 7 2 

Inst_Index:9415 	 City_Num:50 	 Concorde:5.735841 	 MCTS:5.729012 Improve:0.006829 	 Time:3.76 Seconds
Solution: 1 41 24 45 30 34 32 35 13 15 39 10 18 29 28 40 50 11 49 2 38 23 21 42 17 4 36 8 22 27 6 14 12 48 25 47 43 9 16 31 46 26 20 3 33 44 19 37 7 5 

Inst_Index:9416 	 City_Num:50 	 Concorde:5.461570 	 MCTS:5.458418 Improve:0.003152 	 Time:3.75 Seconds
Solution: 1 16 5 23 28 17 32 8 41 7 10 6 30 49 36 12 43 27 39 9 34 22 24 47 26 3 42 13 21 37 20 29 4 15 40 33 31 2 14 44 25 38 18 46 11 35 19 50 45 48 

Inst_Index:9417 	 City_Num:50 	 Concorde:5.698585 	 MCTS:5.698585 Improve:0.000000 	 Time:3.77 Seconds
Solution: 1 50 9 44 48 30 38 28 32 26 41 3 20 16 43 35 18 5 40 15 47 17 29 19 27 6 49 31 46 22 36 14 21 25 13 11 33 42 7 12 37 4 39 45 2 10 23 34 24 8 

Inst_Index:9418 	 City_Num:50 	 Concorde:5.926929 	 MCTS:5.926929 Improve:0.000000 	 Time:3.76 Seconds
Solution: 1 46 37 25 40 18 3 17 28 29 8 34 9 20 35 21 2 49 42 12 15 16 22 4 48 6 10 23 13 47 27 14 11 7 43 26 24 33 41 31 36 45 39 5 30 50 38 32 19 44 

Inst_Index:9419 	 City_Num:50 	 Concorde:5.138620 	 MCTS:5.138620 Improve:-0.000000 	 Time:3.76 Seconds
Solution: 1 27 16 22 39 32 3 23 25 13 41 36 11 28 42 2 34 50 43 20 4 5 9 15 6 33 12 8 48 35 26 31 19 30 29 17 45 44 24 46 10 7 47 14 40 21 37 38 18 49 

Inst_Index:9420 	 City_Num:50 	 Concorde:5.710034 	 MCTS:5.710034 Improve:0.000000 	 Time:3.76 Seconds
Solution: 1 13 5 19 27 24 45 20 30 10 28 42 31 29 33 26 39 17 38 3 36 43 34 21 6 12 41 48 25 4 14 22 18 40 50 2 37 44 32 49 35 15 8 47 9 7 23 11 46 16 

Inst_Index:9421 	 City_Num:50 	 Concorde:5.643827 	 MCTS:5.643827 Improve:-0.000000 	 Time:3.77 Seconds
Solution: 1 6 10 47 38 21 14 28 23 32 16 43 5 12 39 31 18 20 11 35 24 36 45 2 34 41 19 44 25 37 3 7 50 8 15 13 33 48 30 40 29 42 27 26 4 17 9 49 46 22 

Inst_Index:9422 	 City_Num:50 	 Concorde:5.538264 	 MCTS:5.538264 Improve:-0.000000 	 Time:3.76 Seconds
Solution: 1 7 50 49 5 23 29 2 28 37 34 46 35 16 25 44 13 11 6 40 3 20 48 32 26 9 42 14 39 15 24 18 22 47 19 4 30 27 38 12 17 36 8 33 43 45 41 21 31 10 

Inst_Index:9423 	 City_Num:50 	 Concorde:5.499044 	 MCTS:5.499044 Improve:0.000000 	 Time:3.76 Seconds
Solution: 1 32 17 9 29 12 21 7 25 42 33 6 41 37 4 34 11 27 18 49 3 39 2 5 26 23 22 48 28 40 46 35 47 19 43 24 13 16 30 14 50 10 38 8 45 20 36 31 44 15 

Inst_Index:9424 	 City_Num:50 	 Concorde:5.911816 	 MCTS:5.911540 Improve:0.000276 	 Time:3.76 Seconds
Solution: 1 6 20 23 38 16 13 26 7 21 34 18 8 44 47 11 27 36 42 48 3 25 49 39 28 31 41 15 22 33 2 35 40 29 24 46 17 30 37 50 10 4 45 12 32 9 19 14 43 5 

Inst_Index:9425 	 City_Num:50 	 Concorde:5.848499 	 MCTS:5.843623 Improve:0.004876 	 Time:3.76 Seconds
Solution: 1 30 7 8 47 28 14 32 33 35 49 21 40 11 24 46 10 31 25 9 42 22 41 48 50 44 26 37 17 12 43 23 18 4 36 45 20 13 16 2 38 39 6 15 5 34 19 3 29 27 

Inst_Index:9426 	 City_Num:50 	 Concorde:5.711232 	 MCTS:5.711232 Improve:0.000000 	 Time:3.76 Seconds
Solution: 1 14 44 2 28 21 42 22 16 6 9 37 8 36 7 46 45 20 17 33 15 26 35 32 49 29 50 3 40 25 13 27 48 11 30 4 47 41 38 12 19 18 34 5 10 24 31 43 39 23 

Inst_Index:9427 	 City_Num:50 	 Concorde:5.359795 	 MCTS:5.359795 Improve:0.000000 	 Time:3.76 Seconds
Solution: 1 7 8 50 33 28 15 40 43 39 12 23 10 22 48 18 34 29 30 49 19 44 3 2 37 14 27 6 25 35 5 21 45 16 20 46 17 31 42 47 9 32 24 13 26 38 11 36 41 4 

Inst_Index:9428 	 City_Num:50 	 Concorde:5.210206 	 MCTS:5.210206 Improve:-0.000000 	 Time:3.75 Seconds
Solution: 1 32 46 9 15 31 40 16 25 48 26 20 35 45 36 17 14 38 49 6 11 27 28 12 50 4 41 44 29 3 23 47 19 8 43 22 33 34 39 18 42 13 2 37 21 7 24 5 10 30 

Inst_Index:9429 	 City_Num:50 	 Concorde:5.529124 	 MCTS:5.529124 Improve:-0.000000 	 Time:3.76 Seconds
Solution: 1 7 42 36 11 9 49 40 3 25 19 10 21 26 33 34 43 2 39 48 4 35 31 5 15 47 32 27 14 12 46 6 18 8 30 16 24 29 22 13 50 37 28 44 38 23 41 45 20 17 

Inst_Index:9430 	 City_Num:50 	 Concorde:5.112597 	 MCTS:5.112597 Improve:-0.000000 	 Time:3.76 Seconds
Solution: 1 5 2 15 14 16 18 25 37 27 33 17 29 3 42 30 40 7 35 4 13 20 48 32 36 10 8 22 50 34 41 28 46 6 11 19 44 21 38 12 43 24 23 31 9 47 49 39 26 45 

Inst_Index:9431 	 City_Num:50 	 Concorde:5.458995 	 MCTS:5.458995 Improve:0.000000 	 Time:3.78 Seconds
Solution: 1 26 28 38 41 30 15 29 5 2 50 11 24 7 31 12 39 20 25 3 16 32 27 17 44 45 33 4 35 36 43 23 48 19 42 6 46 22 47 18 40 21 14 37 34 9 49 13 8 10 

Inst_Index:9432 	 City_Num:50 	 Concorde:5.610563 	 MCTS:5.608514 Improve:0.002049 	 Time:3.77 Seconds
Solution: 1 36 37 38 4 19 23 31 33 47 48 40 49 42 3 30 34 41 20 16 10 9 15 24 44 13 45 5 11 32 17 18 7 46 43 35 26 6 22 28 14 39 27 50 29 2 8 25 21 12 

Inst_Index:9433 	 City_Num:50 	 Concorde:5.937837 	 MCTS:5.929094 Improve:0.008743 	 Time:3.76 Seconds
Solution: 1 19 12 15 28 31 9 14 41 43 21 46 40 50 39 44 27 8 38 45 25 36 30 26 29 34 35 20 23 2 7 4 10 42 11 24 22 49 48 6 33 37 16 32 3 17 5 13 18 47 

Inst_Index:9434 	 City_Num:50 	 Concorde:5.575601 	 MCTS:5.570258 Improve:0.005342 	 Time:3.77 Seconds
Solution: 1 39 35 26 34 7 49 47 25 50 11 14 12 13 37 27 32 21 31 8 9 20 10 44 29 5 24 38 18 22 28 30 45 16 15 46 42 6 41 3 23 48 2 40 19 4 36 17 33 43 

Inst_Index:9435 	 City_Num:50 	 Concorde:5.700150 	 MCTS:5.700150 Improve:-0.000000 	 Time:3.75 Seconds
Solution: 1 40 4 50 31 21 37 45 23 33 34 16 15 28 17 44 6 36 8 5 25 27 29 13 19 48 3 2 47 41 38 24 18 12 39 22 43 46 35 49 11 14 7 26 9 42 32 10 20 30 

Inst_Index:9436 	 City_Num:50 	 Concorde:5.322250 	 MCTS:5.314960 Improve:0.007290 	 Time:3.75 Seconds
Solution: 1 8 11 14 36 25 22 20 18 49 15 6 33 40 46 39 12 42 45 5 13 30 43 2 7 35 48 44 28 38 3 50 9 4 34 10 29 23 21 27 37 32 26 17 19 24 47 16 31 41 

Inst_Index:9437 	 City_Num:50 	 Concorde:5.607107 	 MCTS:5.607107 Improve:-0.000000 	 Time:3.76 Seconds
Solution: 1 22 14 18 28 15 30 39 26 29 11 19 32 43 10 49 40 38 48 6 34 47 9 31 33 45 7 44 21 36 27 35 12 5 24 8 16 17 4 46 41 2 42 50 23 20 13 25 37 3 

Inst_Index:9438 	 City_Num:50 	 Concorde:5.991995 	 MCTS:5.988879 Improve:0.003116 	 Time:3.76 Seconds
Solution: 1 19 2 25 42 16 3 37 46 14 13 49 11 39 40 6 26 18 17 21 45 35 4 30 34 48 47 27 44 43 36 5 20 32 7 8 23 41 50 28 33 15 38 12 22 10 31 24 29 9 

Inst_Index:9439 	 City_Num:50 	 Concorde:5.910503 	 MCTS:5.910503 Improve:-0.000000 	 Time:3.76 Seconds
Solution: 1 31 17 13 50 21 11 48 22 42 46 15 4 19 43 37 8 27 20 6 18 12 28 30 25 23 10 45 40 39 16 5 3 2 36 34 9 24 49 7 14 44 26 41 29 33 47 35 32 38 

Inst_Index:9440 	 City_Num:50 	 Concorde:5.873106 	 MCTS:5.873106 Improve:0.000000 	 Time:3.76 Seconds
Solution: 1 4 21 13 34 28 39 31 3 37 24 8 25 10 35 19 15 14 20 41 46 36 18 42 45 27 44 43 47 40 6 29 30 12 2 16 22 9 5 26 33 50 23 11 48 49 32 7 38 17 

Inst_Index:9441 	 City_Num:50 	 Concorde:5.577462 	 MCTS:5.577462 Improve:0.000000 	 Time:3.79 Seconds
Solution: 1 23 24 7 43 17 27 15 31 21 6 16 20 49 45 37 47 26 18 50 28 11 41 42 32 29 30 19 36 48 12 5 8 44 35 10 22 46 39 38 14 3 34 25 2 40 13 4 9 33 

Inst_Index:9442 	 City_Num:50 	 Concorde:5.594743 	 MCTS:5.591192 Improve:0.003551 	 Time:3.76 Seconds
Solution: 1 34 38 22 24 42 40 25 41 4 45 6 12 49 15 5 43 13 19 14 17 2 46 7 39 21 26 16 35 8 36 50 29 44 9 32 20 30 11 31 28 23 10 27 48 33 18 37 3 47 

Inst_Index:9443 	 City_Num:50 	 Concorde:5.774250 	 MCTS:5.774250 Improve:-0.000000 	 Time:3.76 Seconds
Solution: 1 9 8 36 42 32 23 40 5 19 41 10 25 31 47 17 37 16 4 22 2 7 6 20 11 12 44 34 50 29 13 18 28 38 26 48 24 15 45 46 27 33 49 30 35 14 39 21 3 43 

Inst_Index:9444 	 City_Num:50 	 Concorde:5.608213 	 MCTS:5.603309 Improve:0.004904 	 Time:3.78 Seconds
Solution: 1 21 10 44 38 35 49 42 30 36 37 45 14 12 48 25 47 29 32 40 26 41 13 50 17 28 19 20 15 11 39 5 31 7 22 9 18 33 8 27 6 2 16 24 23 4 43 46 34 3 

Inst_Index:9445 	 City_Num:50 	 Concorde:6.216969 	 MCTS:6.215350 Improve:0.001619 	 Time:3.75 Seconds
Solution: 1 38 37 39 6 12 29 7 25 19 15 46 5 10 27 11 33 26 34 30 23 43 8 20 48 4 31 14 35 3 40 16 44 41 18 49 47 21 45 42 36 13 28 50 24 9 22 32 17 2 

Inst_Index:9446 	 City_Num:50 	 Concorde:5.674543 	 MCTS:5.674543 Improve:-0.000000 	 Time:3.75 Seconds
Solution: 1 41 31 44 11 40 24 12 16 33 43 22 13 9 37 14 8 27 45 21 48 20 7 34 18 36 19 23 5 10 47 30 15 38 29 49 2 35 3 4 26 25 39 50 32 17 28 42 46 6 

Inst_Index:9447 	 City_Num:50 	 Concorde:5.546840 	 MCTS:5.546840 Improve:-0.000000 	 Time:3.76 Seconds
Solution: 1 20 18 7 48 50 17 29 39 47 32 49 40 35 8 3 27 37 31 44 16 10 30 23 26 15 11 5 4 13 22 38 25 42 24 45 9 43 19 14 36 21 46 12 2 33 28 6 34 41 

Inst_Index:9448 	 City_Num:50 	 Concorde:5.507391 	 MCTS:5.506119 Improve:0.001272 	 Time:3.76 Seconds
Solution: 1 6 49 11 25 38 20 42 14 48 46 3 12 2 27 26 9 15 10 44 35 5 17 13 50 45 21 40 31 37 19 36 33 43 7 8 30 22 23 4 28 24 47 41 34 16 32 29 39 18 

Inst_Index:9449 	 City_Num:50 	 Concorde:6.019550 	 MCTS:6.019550 Improve:0.000000 	 Time:3.76 Seconds
Solution: 1 13 32 15 12 5 25 49 34 35 16 40 26 50 21 11 46 22 42 27 39 24 48 9 17 31 18 30 36 38 44 29 8 6 45 19 14 20 47 28 43 33 3 23 7 37 2 4 10 41 

Inst_Index:9450 	 City_Num:50 	 Concorde:5.868077 	 MCTS:5.867410 Improve:0.000667 	 Time:3.76 Seconds
Solution: 1 8 38 34 25 39 45 33 12 49 7 37 28 30 48 36 50 13 14 29 42 5 9 22 3 31 10 17 16 26 47 41 23 6 43 4 20 24 40 46 2 32 15 18 27 35 19 44 11 21 

Inst_Index:9451 	 City_Num:50 	 Concorde:6.223509 	 MCTS:6.222271 Improve:0.001238 	 Time:3.77 Seconds
Solution: 1 47 41 7 15 25 10 26 16 12 14 33 3 35 20 44 11 9 24 22 38 43 21 42 27 46 19 37 34 50 2 39 13 49 30 31 48 18 36 5 17 8 29 4 45 28 23 40 32 6 

Inst_Index:9452 	 City_Num:50 	 Concorde:5.525014 	 MCTS:5.525014 Improve:-0.000000 	 Time:3.76 Seconds
Solution: 1 41 17 46 35 37 11 12 48 6 4 34 47 31 16 29 36 19 50 38 45 25 15 23 10 8 22 24 32 9 26 5 49 3 7 2 30 20 39 43 44 40 21 27 42 14 13 18 33 28 

Inst_Index:9453 	 City_Num:50 	 Concorde:5.847881 	 MCTS:5.847881 Improve:0.000000 	 Time:3.77 Seconds
Solution: 1 28 40 7 25 43 47 30 31 45 44 2 17 15 38 26 37 5 50 18 4 24 36 10 32 34 48 8 22 6 16 42 23 29 11 27 3 46 13 12 35 39 41 14 33 19 9 20 49 21 

Inst_Index:9454 	 City_Num:50 	 Concorde:5.670248 	 MCTS:5.670248 Improve:-0.000000 	 Time:3.76 Seconds
Solution: 1 31 32 21 11 6 30 25 39 17 28 33 49 26 23 42 10 29 27 4 37 14 24 40 41 38 48 20 8 47 9 34 45 36 35 19 13 3 22 44 7 5 2 16 50 12 15 18 46 43 

Inst_Index:9455 	 City_Num:50 	 Concorde:5.650659 	 MCTS:5.648496 Improve:0.002163 	 Time:3.76 Seconds
Solution: 1 7 5 13 25 14 49 48 42 28 6 30 11 27 19 2 44 39 45 37 12 40 23 38 18 22 3 9 29 31 21 36 34 41 24 15 35 33 26 16 8 10 50 46 32 4 20 43 47 17 

Inst_Index:9456 	 City_Num:50 	 Concorde:5.572295 	 MCTS:5.572295 Improve:0.000000 	 Time:3.75 Seconds
Solution: 1 2 9 7 10 22 45 24 43 23 4 21 11 34 33 35 3 28 19 32 14 41 39 47 44 15 6 27 26 29 49 20 25 40 46 30 31 16 18 37 50 5 38 17 12 36 13 8 42 48 

Inst_Index:9457 	 City_Num:50 	 Concorde:5.421636 	 MCTS:5.421214 Improve:0.000421 	 Time:3.76 Seconds
Solution: 1 37 9 46 6 40 38 8 18 35 31 36 34 41 22 7 5 11 49 43 4 33 45 25 39 21 29 26 28 23 19 24 16 50 13 32 47 10 44 17 2 48 27 20 3 42 12 30 14 15 

Inst_Index:9458 	 City_Num:50 	 Concorde:5.934386 	 MCTS:5.934386 Improve:0.000000 	 Time:3.76 Seconds
Solution: 1 40 29 41 31 17 20 27 3 4 39 48 2 9 44 15 45 10 34 30 5 32 6 23 36 43 13 18 21 47 46 26 49 22 42 14 8 16 28 38 35 12 33 24 25 7 50 37 19 11 

Inst_Index:9459 	 City_Num:50 	 Concorde:5.620471 	 MCTS:5.620471 Improve:0.000000 	 Time:3.76 Seconds
Solution: 1 46 16 43 12 21 22 9 35 7 11 49 40 17 25 2 20 6 26 34 4 31 44 3 28 33 45 23 24 41 48 29 27 18 32 37 15 30 47 8 5 19 13 50 38 39 10 42 36 14 

Inst_Index:9460 	 City_Num:50 	 Concorde:5.795213 	 MCTS:5.795213 Improve:0.000000 	 Time:3.76 Seconds
Solution: 1 32 45 20 8 38 37 4 5 49 30 31 41 22 27 9 17 40 7 28 33 26 47 13 15 39 23 24 50 18 10 48 34 19 2 44 6 43 35 16 11 46 3 29 42 25 14 12 21 36 

Inst_Index:9461 	 City_Num:50 	 Concorde:5.634406 	 MCTS:5.634406 Improve:-0.000000 	 Time:3.76 Seconds
Solution: 1 6 26 44 12 34 42 36 11 37 40 10 47 28 19 14 43 32 31 29 27 30 24 50 45 9 20 4 33 22 46 13 3 35 8 21 2 7 23 49 48 16 41 38 25 39 5 15 18 17 

Inst_Index:9462 	 City_Num:50 	 Concorde:5.933843 	 MCTS:5.933843 Improve:-0.000000 	 Time:3.76 Seconds
Solution: 1 19 35 27 6 34 24 43 2 12 14 15 49 11 29 5 13 4 39 31 46 16 22 38 3 8 28 32 47 18 20 33 21 37 17 9 45 30 26 7 40 23 42 44 41 48 50 25 36 10 

Inst_Index:9463 	 City_Num:50 	 Concorde:5.564668 	 MCTS:5.564668 Improve:0.000000 	 Time:3.75 Seconds
Solution: 1 22 26 30 28 10 21 16 4 6 25 23 19 48 36 44 39 38 32 41 20 50 17 5 34 27 11 29 18 46 43 42 49 14 9 15 45 13 37 12 2 35 7 8 33 47 31 40 3 24 

Inst_Index:9464 	 City_Num:50 	 Concorde:5.961158 	 MCTS:5.961158 Improve:0.000000 	 Time:3.76 Seconds
Solution: 1 11 34 40 6 14 3 30 49 7 12 20 50 28 19 22 41 25 27 37 8 26 5 48 13 31 10 16 23 46 42 44 39 35 18 36 32 15 24 45 17 47 43 33 9 4 21 29 38 2 

Inst_Index:9465 	 City_Num:50 	 Concorde:5.577273 	 MCTS:5.577273 Improve:0.000000 	 Time:3.77 Seconds
Solution: 1 45 8 19 23 36 35 4 34 26 11 7 31 2 48 47 33 12 39 42 43 14 37 40 27 28 15 29 30 32 20 41 13 22 44 6 38 24 46 50 9 3 21 17 49 25 18 5 16 10 

Inst_Index:9466 	 City_Num:50 	 Concorde:5.221260 	 MCTS:5.220025 Improve:0.001235 	 Time:3.76 Seconds
Solution: 1 11 34 31 25 19 16 33 5 18 23 10 43 45 30 49 6 7 14 48 20 35 44 32 46 36 22 9 13 4 26 41 8 3 39 15 24 2 50 29 42 28 27 12 40 21 37 38 47 17 

Inst_Index:9467 	 City_Num:50 	 Concorde:5.720981 	 MCTS:5.720981 Improve:-0.000000 	 Time:3.75 Seconds
Solution: 1 27 49 22 2 26 36 10 17 34 35 8 31 32 40 23 28 37 46 25 11 42 13 45 21 4 43 30 16 12 5 14 24 47 18 15 50 20 29 44 3 38 39 6 19 33 48 41 7 9 

Inst_Index:9468 	 City_Num:50 	 Concorde:5.637755 	 MCTS:5.637755 Improve:-0.000000 	 Time:3.75 Seconds
Solution: 1 22 26 36 28 18 33 7 11 12 16 30 9 39 23 29 14 17 3 31 6 40 42 46 20 4 25 43 13 38 50 21 45 8 41 32 5 44 35 24 27 47 48 19 37 34 49 2 10 15 

Inst_Index:9469 	 City_Num:50 	 Concorde:5.354742 	 MCTS:5.349565 Improve:0.005177 	 Time:3.76 Seconds
Solution: 1 39 11 26 42 3 47 22 24 50 40 36 43 13 9 30 27 33 38 31 4 35 21 15 44 8 5 48 14 18 10 46 25 23 32 19 16 6 29 12 34 28 41 20 37 17 49 7 45 2 

Inst_Index:9470 	 City_Num:50 	 Concorde:5.695858 	 MCTS:5.695858 Improve:0.000000 	 Time:3.77 Seconds
Solution: 1 8 35 11 21 12 16 22 15 13 4 18 50 28 20 42 32 26 37 14 5 25 44 48 7 19 41 45 46 10 40 33 39 24 49 38 43 29 3 36 9 27 17 34 30 47 2 6 23 31 

Inst_Index:9471 	 City_Num:50 	 Concorde:5.649597 	 MCTS:5.649597 Improve:0.000000 	 Time:3.76 Seconds
Solution: 1 43 39 42 20 17 4 25 8 12 18 9 11 7 27 44 30 32 3 31 26 13 34 23 10 47 15 16 37 33 36 24 21 22 50 38 45 14 28 2 5 48 6 29 19 49 46 41 40 35 

Inst_Index:9472 	 City_Num:50 	 Concorde:6.209022 	 MCTS:6.209022 Improve:0.000000 	 Time:3.77 Seconds
Solution: 1 26 40 7 36 39 12 13 17 38 8 24 23 11 9 33 29 34 48 30 19 28 6 16 25 22 21 5 41 10 15 45 42 44 20 3 37 35 49 4 18 14 46 32 47 43 2 27 31 50 

Inst_Index:9473 	 City_Num:50 	 Concorde:5.707052 	 MCTS:5.705041 Improve:0.002011 	 Time:3.75 Seconds
Solution: 1 2 24 3 11 8 47 16 18 15 36 31 27 19 39 38 50 32 33 13 45 37 30 42 14 44 23 41 21 7 29 22 4 17 35 10 25 12 20 34 5 46 48 9 28 49 26 40 43 6 

Inst_Index:9474 	 City_Num:50 	 Concorde:6.099982 	 MCTS:6.099982 Improve:0.000000 	 Time:3.76 Seconds
Solution: 1 4 16 38 32 50 24 31 10 20 14 18 2 6 35 22 46 37 11 19 36 13 15 39 9 23 33 12 7 21 41 8 48 44 27 29 26 5 17 25 34 49 3 42 43 47 45 28 40 30 

Inst_Index:9475 	 City_Num:50 	 Concorde:5.634074 	 MCTS:5.634074 Improve:0.000000 	 Time:3.75 Seconds
Solution: 1 19 41 2 40 12 6 21 9 39 15 26 25 7 14 22 10 49 31 29 42 38 37 45 36 17 48 27 13 18 11 24 8 47 20 50 33 5 23 4 16 32 44 35 28 46 30 43 34 3 

Inst_Index:9476 	 City_Num:50 	 Concorde:5.877356 	 MCTS:5.877356 Improve:0.000000 	 Time:3.78 Seconds
Solution: 1 48 36 9 13 11 38 27 22 47 18 24 26 49 41 5 30 8 28 39 40 44 6 21 29 34 15 23 7 10 19 32 50 16 43 14 45 20 3 42 17 2 31 4 33 35 25 12 37 46 

Inst_Index:9477 	 City_Num:50 	 Concorde:5.857695 	 MCTS:5.857695 Improve:0.000000 	 Time:3.76 Seconds
Solution: 1 23 49 15 47 2 43 30 44 35 42 4 8 20 46 27 28 45 40 10 7 22 24 26 18 34 37 11 9 31 25 5 32 14 21 13 36 50 39 41 17 38 48 6 12 19 33 16 3 29 

Inst_Index:9478 	 City_Num:50 	 Concorde:6.224795 	 MCTS:6.224795 Improve:0.000000 	 Time:3.76 Seconds
Solution: 1 23 12 40 10 29 7 37 31 35 2 3 16 36 46 34 50 15 18 6 22 49 19 5 47 17 44 42 45 21 27 11 8 24 48 39 20 38 25 32 33 30 13 14 43 41 26 28 9 4 

Inst_Index:9479 	 City_Num:50 	 Concorde:5.734455 	 MCTS:5.733336 Improve:0.001119 	 Time:3.76 Seconds
Solution: 1 11 46 12 17 41 37 42 43 14 7 25 23 49 30 16 32 36 21 45 29 35 28 19 18 13 33 15 27 34 22 26 6 50 48 10 20 9 47 44 40 31 39 24 38 5 4 8 2 3 

Inst_Index:9480 	 City_Num:50 	 Concorde:5.667061 	 MCTS:5.667011 Improve:0.000050 	 Time:3.75 Seconds
Solution: 1 4 50 20 2 35 27 8 31 19 7 39 28 17 11 46 36 42 44 38 13 9 16 24 33 32 21 25 41 14 47 45 48 18 15 37 5 40 22 6 34 26 23 30 12 10 49 29 43 3 

Inst_Index:9481 	 City_Num:50 	 Concorde:5.058409 	 MCTS:5.054983 Improve:0.003426 	 Time:3.76 Seconds
Solution: 1 8 36 39 5 43 10 28 49 16 45 29 18 24 30 21 46 23 34 7 48 17 40 42 26 25 32 9 33 50 27 19 20 11 4 38 44 12 31 47 14 22 41 15 6 35 13 2 37 3 

Inst_Index:9482 	 City_Num:50 	 Concorde:5.910677 	 MCTS:5.910677 Improve:-0.000000 	 Time:3.75 Seconds
Solution: 1 28 31 34 15 41 24 47 3 48 2 37 19 13 38 20 39 18 35 17 5 22 33 50 26 29 32 40 14 30 10 21 42 23 7 4 6 46 49 25 9 8 44 12 45 11 27 36 43 16 

Inst_Index:9483 	 City_Num:50 	 Concorde:5.599675 	 MCTS:5.599675 Improve:0.000000 	 Time:3.78 Seconds
Solution: 1 33 3 10 21 4 37 34 25 17 30 23 44 42 19 45 16 38 28 7 39 50 11 29 26 6 5 32 40 13 31 8 14 35 18 47 36 48 49 20 9 2 27 15 24 12 41 46 22 43 

Inst_Index:9484 	 City_Num:50 	 Concorde:5.441998 	 MCTS:5.436680 Improve:0.005318 	 Time:3.76 Seconds
Solution: 1 19 28 24 3 47 39 11 8 36 6 26 16 49 46 13 10 31 20 32 40 18 15 45 42 9 17 48 29 33 22 23 12 30 5 37 38 43 35 34 44 7 25 41 27 2 4 50 21 14 

Inst_Index:9485 	 City_Num:50 	 Concorde:5.325757 	 MCTS:5.322512 Improve:0.003245 	 Time:3.76 Seconds
Solution: 1 29 21 20 5 14 30 15 36 35 3 43 42 39 45 24 31 2 41 47 16 50 19 11 25 26 46 48 23 4 33 7 6 34 40 37 28 22 12 13 44 18 17 38 32 27 49 10 8 9 

Inst_Index:9486 	 City_Num:50 	 Concorde:5.437634 	 MCTS:5.437634 Improve:0.000000 	 Time:3.75 Seconds
Solution: 1 41 13 29 28 34 22 37 14 21 38 18 31 3 5 19 20 24 35 16 48 23 15 49 26 4 9 46 43 8 6 45 44 42 11 32 33 2 12 40 10 36 27 17 25 47 30 50 7 39 

Inst_Index:9487 	 City_Num:50 	 Concorde:5.856484 	 MCTS:5.856484 Improve:-0.000000 	 Time:3.77 Seconds
Solution: 1 46 44 31 14 40 29 27 3 38 43 10 22 12 33 42 49 35 21 25 18 32 6 7 26 8 19 11 34 30 45 17 2 13 39 16 28 24 36 48 4 50 41 9 20 37 15 5 23 47 

Inst_Index:9488 	 City_Num:50 	 Concorde:5.715151 	 MCTS:5.715151 Improve:0.000000 	 Time:3.75 Seconds
Solution: 1 40 28 30 36 23 42 25 18 20 4 38 33 44 45 48 24 41 35 15 9 10 5 17 7 19 37 12 49 26 11 21 22 32 13 43 47 8 2 34 39 29 6 50 3 46 27 31 14 16 

Inst_Index:9489 	 City_Num:50 	 Concorde:5.126853 	 MCTS:5.122429 Improve:0.004424 	 Time:3.77 Seconds
Solution: 1 29 26 8 47 32 41 42 22 40 13 34 19 16 15 45 17 21 30 38 12 10 49 9 3 5 28 39 14 18 24 44 31 33 25 36 46 6 37 11 20 27 50 48 35 7 2 43 23 4 

Inst_Index:9490 	 City_Num:50 	 Concorde:5.446171 	 MCTS:5.446171 Improve:0.000000 	 Time:3.76 Seconds
Solution: 1 7 14 41 4 43 48 11 19 23 40 47 36 22 42 27 38 31 21 37 20 5 46 10 34 15 25 16 49 13 8 24 26 12 44 6 28 3 9 39 50 2 45 29 17 33 30 18 35 32 

Inst_Index:9491 	 City_Num:50 	 Concorde:5.526578 	 MCTS:5.520578 Improve:0.006000 	 Time:3.76 Seconds
Solution: 1 23 46 9 7 10 31 13 47 2 3 5 22 28 19 45 26 43 24 6 39 36 33 29 15 25 30 18 21 41 14 48 37 8 50 35 20 17 49 4 11 40 27 34 38 12 32 42 16 44 

Inst_Index:9492 	 City_Num:50 	 Concorde:5.666694 	 MCTS:5.666694 Improve:0.000000 	 Time:3.76 Seconds
Solution: 1 32 50 9 26 30 14 48 25 43 4 31 10 11 17 18 47 37 29 39 3 27 12 23 20 21 5 33 36 41 46 49 13 24 16 42 6 22 40 38 7 19 34 28 15 44 2 45 35 8 

Inst_Index:9493 	 City_Num:50 	 Concorde:5.964308 	 MCTS:5.964308 Improve:-0.000000 	 Time:3.76 Seconds
Solution: 1 14 39 48 40 33 11 43 8 36 47 30 21 35 25 46 3 6 32 18 24 19 15 5 31 4 34 49 45 38 12 20 44 26 41 10 28 22 37 7 13 23 29 50 27 9 17 42 16 2 

Inst_Index:9494 	 City_Num:50 	 Concorde:5.565156 	 MCTS:5.565156 Improve:0.000000 	 Time:3.76 Seconds
Solution: 1 45 34 43 5 32 31 27 2 11 40 37 17 44 49 24 42 38 8 7 41 29 23 13 28 46 16 3 50 20 9 25 47 26 35 33 4 39 18 22 12 48 15 36 10 30 6 14 21 19 

Inst_Index:9495 	 City_Num:50 	 Concorde:5.913555 	 MCTS:5.912013 Improve:0.001542 	 Time:3.77 Seconds
Solution: 1 5 22 10 19 29 36 34 44 47 21 35 15 4 38 37 28 16 12 45 48 18 49 3 6 46 33 24 50 26 7 13 39 11 20 25 9 17 23 41 31 30 42 14 40 32 43 8 27 2 

Inst_Index:9496 	 City_Num:50 	 Concorde:5.636185 	 MCTS:5.635339 Improve:0.000846 	 Time:3.76 Seconds
Solution: 1 39 13 15 38 32 25 5 26 20 50 30 42 7 3 49 9 21 31 14 33 35 8 44 16 11 29 34 41 28 36 48 43 46 18 2 23 4 12 40 17 10 27 22 45 6 47 24 37 19 

Inst_Index:9497 	 City_Num:50 	 Concorde:5.457509 	 MCTS:5.457509 Improve:-0.000000 	 Time:3.77 Seconds
Solution: 1 49 43 45 28 17 29 37 5 48 25 8 35 39 46 6 26 2 32 50 30 11 40 23 33 20 14 27 47 18 38 16 31 41 34 10 44 24 12 36 21 3 9 13 42 22 19 7 15 4 

Inst_Index:9498 	 City_Num:50 	 Concorde:6.373985 	 MCTS:6.371815 Improve:0.002170 	 Time:3.76 Seconds
Solution: 1 3 2 38 33 12 22 31 10 15 13 49 19 16 45 26 35 23 39 11 9 5 8 43 44 4 20 14 24 40 17 25 46 18 48 7 37 29 32 34 28 21 47 50 42 27 30 41 6 36 

Inst_Index:9499 	 City_Num:50 	 Concorde:6.013667 	 MCTS:6.013367 Improve:0.000300 	 Time:3.75 Seconds
Solution: 1 29 8 11 7 25 28 43 47 49 36 35 33 16 38 3 31 41 15 22 13 37 39 10 5 14 20 19 4 24 26 12 32 17 34 6 42 44 23 40 27 48 50 46 30 2 9 18 45 21 

Inst_Index:9500 	 City_Num:50 	 Concorde:5.666555 	 MCTS:5.666555 Improve:0.000000 	 Time:3.75 Seconds
Solution: 1 3 12 2 47 19 46 14 49 34 25 10 35 5 41 29 22 38 50 23 43 9 13 24 6 7 39 15 18 44 11 16 36 17 28 40 20 27 37 45 4 42 30 21 31 26 8 48 33 32 

Inst_Index:9501 	 City_Num:50 	 Concorde:5.788002 	 MCTS:5.788002 Improve:0.000000 	 Time:3.75 Seconds
Solution: 1 14 4 22 33 30 21 18 29 12 17 8 37 20 49 46 39 26 11 5 16 7 41 23 44 19 24 36 31 42 38 9 27 28 13 32 10 25 15 48 50 3 34 2 45 43 40 35 6 47 

Inst_Index:9502 	 City_Num:50 	 Concorde:6.211023 	 MCTS:6.211023 Improve:-0.000000 	 Time:3.75 Seconds
Solution: 1 39 32 17 25 34 8 46 41 26 3 21 13 33 48 37 24 23 28 11 47 14 50 16 29 30 10 9 19 7 35 6 31 44 12 15 38 4 45 42 5 20 18 27 36 43 2 49 40 22 

Inst_Index:9503 	 City_Num:50 	 Concorde:5.867131 	 MCTS:5.867131 Improve:-0.000000 	 Time:3.77 Seconds
Solution: 1 18 7 20 15 44 23 28 46 11 45 17 13 12 34 33 35 26 10 38 31 49 14 22 2 16 41 4 50 39 27 19 8 43 3 21 37 5 30 9 42 32 47 6 36 40 25 29 48 24 

Inst_Index:9504 	 City_Num:50 	 Concorde:5.558057 	 MCTS:5.558057 Improve:0.000000 	 Time:3.76 Seconds
Solution: 1 24 43 36 6 13 28 23 26 34 50 47 17 10 48 49 32 15 29 19 39 38 18 40 45 22 31 9 16 46 5 35 21 30 20 37 33 25 8 12 4 11 3 2 44 7 41 14 42 27 

Inst_Index:9505 	 City_Num:50 	 Concorde:6.183723 	 MCTS:6.177025 Improve:0.006698 	 Time:3.77 Seconds
Solution: 1 24 48 13 2 41 22 3 37 18 44 19 15 39 29 9 23 10 50 14 38 26 34 28 4 49 8 16 36 11 27 40 25 30 32 46 7 31 43 35 47 21 20 12 5 33 17 42 6 45 

Inst_Index:9506 	 City_Num:50 	 Concorde:5.289651 	 MCTS:5.282578 Improve:0.007074 	 Time:3.76 Seconds
Solution: 1 5 15 38 49 16 27 24 28 26 31 4 50 12 19 21 7 23 41 36 10 2 46 20 29 35 13 43 37 45 47 6 8 44 42 39 3 11 25 22 14 48 40 9 30 17 18 32 34 33 

Inst_Index:9507 	 City_Num:50 	 Concorde:5.771987 	 MCTS:5.770014 Improve:0.001973 	 Time:3.76 Seconds
Solution: 1 7 48 12 38 8 5 44 26 41 13 18 45 16 33 6 2 15 37 4 39 35 10 19 32 3 9 29 47 31 40 25 34 30 46 28 22 21 24 17 42 36 43 50 49 20 27 14 11 23 

Inst_Index:9508 	 City_Num:50 	 Concorde:5.654676 	 MCTS:5.654676 Improve:0.000000 	 Time:3.77 Seconds
Solution: 1 29 20 18 25 4 24 26 43 16 31 15 6 2 19 5 21 39 47 37 7 3 41 9 8 12 30 40 23 27 42 11 28 50 17 35 34 46 48 36 32 14 22 33 49 38 10 45 13 44 

Inst_Index:9509 	 City_Num:50 	 Concorde:5.893083 	 MCTS:5.893083 Improve:-0.000000 	 Time:3.76 Seconds
Solution: 1 13 44 3 41 50 47 29 16 7 34 46 27 30 49 33 22 39 26 19 42 25 5 36 45 9 11 14 43 4 28 17 10 37 21 8 12 23 24 40 31 35 6 2 32 38 20 15 48 18 

Inst_Index:9510 	 City_Num:50 	 Concorde:5.646149 	 MCTS:5.646149 Improve:-0.000000 	 Time:3.77 Seconds
Solution: 1 25 31 10 3 32 14 30 29 33 22 48 11 24 6 49 21 16 36 4 38 43 2 26 5 37 50 18 47 39 41 35 17 40 27 20 42 28 34 7 19 45 13 23 9 44 12 8 46 15 

Inst_Index:9511 	 City_Num:50 	 Concorde:5.701716 	 MCTS:5.701716 Improve:0.000000 	 Time:3.75 Seconds
Solution: 1 13 17 14 8 36 26 16 41 35 9 29 32 15 4 38 30 7 37 28 46 20 23 39 12 3 42 18 5 47 45 25 10 49 11 27 48 24 19 6 43 44 21 2 31 22 34 40 33 50 

Inst_Index:9512 	 City_Num:50 	 Concorde:5.686886 	 MCTS:5.686886 Improve:0.000000 	 Time:3.76 Seconds
Solution: 1 31 22 27 23 35 24 8 11 33 12 42 37 39 25 38 18 44 19 3 47 9 17 15 4 43 41 50 45 28 7 13 26 10 36 48 2 49 32 5 21 20 34 30 14 40 29 6 46 16 

Inst_Index:9513 	 City_Num:50 	 Concorde:5.351364 	 MCTS:5.350921 Improve:0.000443 	 Time:3.77 Seconds
Solution: 1 10 42 21 32 33 15 7 46 23 17 19 44 4 43 45 40 37 49 18 31 29 20 38 47 27 50 16 28 8 30 11 6 34 41 14 26 5 12 48 13 2 39 35 3 24 36 22 25 9 

Inst_Index:9514 	 City_Num:50 	 Concorde:5.442689 	 MCTS:5.442689 Improve:0.000000 	 Time:3.76 Seconds
Solution: 1 10 36 31 2 4 32 39 11 23 13 5 30 49 37 17 7 18 16 9 21 44 12 34 46 47 20 19 27 24 15 45 25 8 33 22 43 26 28 38 41 48 50 14 29 6 3 42 35 40 

Inst_Index:9515 	 City_Num:50 	 Concorde:5.833410 	 MCTS:5.833410 Improve:0.000000 	 Time:3.75 Seconds
Solution: 1 36 48 8 3 4 6 5 33 21 32 15 7 27 13 19 20 41 47 49 16 10 29 22 42 35 17 2 34 38 31 50 28 18 12 25 43 26 40 11 44 37 30 23 9 24 14 39 45 46 

Inst_Index:9516 	 City_Num:50 	 Concorde:5.998598 	 MCTS:5.998598 Improve:0.000000 	 Time:3.76 Seconds
Solution: 1 19 36 31 37 23 8 14 49 22 7 21 28 17 16 35 20 42 41 9 39 24 2 34 45 6 32 15 4 44 46 40 27 10 29 12 26 11 43 30 48 13 50 3 25 47 18 38 33 5 

Inst_Index:9517 	 City_Num:50 	 Concorde:6.081630 	 MCTS:6.081630 Improve:0.000000 	 Time:3.76 Seconds
Solution: 1 28 37 23 26 12 8 14 19 2 50 6 11 4 15 18 48 31 32 16 42 44 17 39 10 30 25 24 35 33 22 29 46 49 9 5 13 41 38 20 45 47 3 43 40 21 36 7 27 34 

Inst_Index:9518 	 City_Num:50 	 Concorde:5.911468 	 MCTS:5.911468 Improve:0.000000 	 Time:3.77 Seconds
Solution: 1 49 20 18 4 12 46 27 26 32 3 6 30 33 50 13 19 40 10 11 38 21 35 14 28 9 39 47 36 17 45 43 24 34 23 44 37 15 31 16 8 7 2 41 22 42 48 25 5 29 

Inst_Index:9519 	 City_Num:50 	 Concorde:5.749561 	 MCTS:5.749561 Improve:0.000000 	 Time:3.76 Seconds
Solution: 1 42 5 22 8 12 4 17 26 50 2 49 35 30 7 29 31 15 25 45 38 40 27 14 20 44 9 39 33 13 18 46 21 47 19 16 48 10 41 36 3 6 34 37 32 24 23 11 28 43 

Inst_Index:9520 	 City_Num:50 	 Concorde:5.524692 	 MCTS:5.518588 Improve:0.006104 	 Time:3.77 Seconds
Solution: 1 46 20 14 28 38 6 19 35 4 26 21 36 40 23 9 10 24 7 27 34 22 13 15 2 31 25 18 17 41 43 44 12 32 5 45 49 3 30 42 37 48 39 33 29 11 8 16 47 50 

Inst_Index:9521 	 City_Num:50 	 Concorde:5.554466 	 MCTS:5.554466 Improve:-0.000000 	 Time:3.78 Seconds
Solution: 1 43 24 31 5 17 35 10 3 9 29 13 46 15 23 42 34 22 33 21 8 32 41 30 19 2 50 37 39 11 12 14 27 45 18 44 25 28 16 7 47 38 20 4 49 26 48 40 6 36 

Inst_Index:9522 	 City_Num:50 	 Concorde:6.050848 	 MCTS:6.050848 Improve:0.000000 	 Time:3.76 Seconds
Solution: 1 50 45 8 41 18 12 35 42 22 7 2 46 34 44 9 31 19 5 13 11 38 6 23 49 39 32 16 17 20 24 36 26 47 21 37 25 40 29 4 43 14 30 28 33 15 48 27 3 10 

Inst_Index:9523 	 City_Num:50 	 Concorde:5.796722 	 MCTS:5.796722 Improve:-0.000000 	 Time:3.75 Seconds
Solution: 1 2 19 16 23 28 43 25 20 27 41 22 18 38 21 9 44 47 5 46 15 11 30 42 50 35 48 7 36 32 24 49 26 45 10 13 37 12 3 4 6 31 29 17 40 8 33 39 34 14 

Inst_Index:9524 	 City_Num:50 	 Concorde:5.546747 	 MCTS:5.546322 Improve:0.000426 	 Time:3.76 Seconds
Solution: 1 32 3 20 39 46 10 38 43 8 40 25 18 22 24 7 23 16 2 12 6 13 34 4 26 28 21 44 41 19 5 45 9 42 47 36 27 17 50 14 49 15 30 37 31 29 35 48 11 33 

Inst_Index:9525 	 City_Num:50 	 Concorde:5.853184 	 MCTS:5.853184 Improve:0.000000 	 Time:3.76 Seconds
Solution: 1 30 25 12 49 14 44 7 27 13 19 40 38 32 10 37 29 18 46 33 39 5 35 8 47 34 42 36 3 50 26 48 45 17 20 22 16 31 6 28 2 43 24 23 9 15 41 11 21 4 

Inst_Index:9526 	 City_Num:50 	 Concorde:5.942487 	 MCTS:5.940026 Improve:0.002461 	 Time:3.76 Seconds
Solution: 1 14 2 37 8 44 31 18 21 38 46 42 17 16 28 36 15 29 3 48 19 34 7 5 35 33 41 39 12 22 4 49 9 30 47 32 50 13 26 43 45 40 27 24 25 6 11 10 23 20 

Inst_Index:9527 	 City_Num:50 	 Concorde:5.855545 	 MCTS:5.848600 Improve:0.006945 	 Time:3.77 Seconds
Solution: 1 9 28 21 30 43 16 50 36 4 13 46 38 18 33 40 45 10 6 35 25 7 3 44 29 42 20 48 24 32 17 34 22 8 26 47 5 49 14 12 2 27 11 23 37 19 15 41 31 39 

Inst_Index:9528 	 City_Num:50 	 Concorde:5.194387 	 MCTS:5.192895 Improve:0.001493 	 Time:3.76 Seconds
Solution: 1 47 25 16 31 14 20 41 39 37 9 32 4 3 24 26 46 7 27 21 5 50 23 28 10 12 43 18 11 42 6 30 44 38 13 35 40 33 45 34 8 48 29 36 2 15 22 17 49 19 

Inst_Index:9529 	 City_Num:50 	 Concorde:5.776221 	 MCTS:5.776221 Improve:-0.000000 	 Time:3.75 Seconds
Solution: 1 33 6 5 9 13 16 31 18 36 27 44 43 35 7 4 3 50 2 22 11 12 32 42 41 17 28 10 15 34 23 24 38 48 37 19 47 21 14 40 26 30 45 20 29 25 46 8 39 49 

Inst_Index:9530 	 City_Num:50 	 Concorde:5.586895 	 MCTS:5.582192 Improve:0.004703 	 Time:3.76 Seconds
Solution: 1 44 48 3 47 15 42 35 7 8 25 10 5 46 9 11 31 29 4 14 13 17 12 45 32 37 27 22 18 33 34 2 26 21 40 23 41 30 39 24 16 6 38 36 20 19 49 43 28 50 

Inst_Index:9531 	 City_Num:50 	 Concorde:6.027044 	 MCTS:6.026212 Improve:0.000832 	 Time:3.76 Seconds
Solution: 1 38 24 3 25 10 41 39 31 50 16 26 32 18 13 21 22 35 14 12 5 20 33 42 11 48 40 29 45 15 23 8 34 49 7 27 4 17 44 19 6 36 37 30 2 43 46 9 47 28 

Inst_Index:9532 	 City_Num:50 	 Concorde:5.740180 	 MCTS:5.738929 Improve:0.001251 	 Time:3.76 Seconds
Solution: 1 44 11 6 21 18 50 10 9 4 47 37 16 28 35 25 40 8 43 13 32 2 30 29 49 22 27 20 33 15 38 34 48 24 36 39 31 3 17 45 12 46 41 42 14 19 7 26 5 23 

Inst_Index:9533 	 City_Num:50 	 Concorde:5.857515 	 MCTS:5.857515 Improve:0.000000 	 Time:3.76 Seconds
Solution: 1 9 26 7 47 30 38 5 4 43 2 6 27 21 50 24 23 48 36 19 28 25 3 32 12 17 10 42 31 41 49 40 20 15 8 22 16 14 34 37 11 29 44 13 45 46 18 39 33 35 

Inst_Index:9534 	 City_Num:50 	 Concorde:5.532734 	 MCTS:5.532734 Improve:-0.000000 	 Time:3.75 Seconds
Solution: 1 3 7 29 49 44 26 35 46 33 27 22 10 5 8 21 40 36 18 38 25 42 11 28 24 37 30 45 13 15 16 31 23 2 19 17 12 6 43 34 39 9 50 4 47 41 14 32 20 48 

Inst_Index:9535 	 City_Num:50 	 Concorde:5.817061 	 MCTS:5.813878 Improve:0.003183 	 Time:3.75 Seconds
Solution: 1 43 5 15 2 19 16 45 48 20 22 35 23 37 17 42 21 26 9 6 24 32 27 13 38 40 31 30 33 14 34 49 18 29 25 50 7 28 41 36 8 10 44 4 3 46 11 39 12 47 

Inst_Index:9536 	 City_Num:50 	 Concorde:6.025804 	 MCTS:6.024370 Improve:0.001433 	 Time:3.76 Seconds
Solution: 1 48 50 25 36 26 3 8 40 47 4 44 31 23 29 10 15 49 43 41 33 2 5 37 17 6 46 34 45 14 13 20 27 9 19 28 16 21 22 7 39 18 30 11 12 42 24 38 35 32 

Inst_Index:9537 	 City_Num:50 	 Concorde:5.692937 	 MCTS:5.692937 Improve:0.000000 	 Time:3.77 Seconds
Solution: 1 25 42 37 29 41 39 6 34 7 26 33 4 15 45 2 47 38 10 32 22 12 50 24 28 13 44 18 8 43 3 46 11 16 20 17 40 30 5 14 36 27 19 49 9 31 21 23 35 48 

Inst_Index:9538 	 City_Num:50 	 Concorde:5.480766 	 MCTS:5.480766 Improve:-0.000000 	 Time:3.76 Seconds
Solution: 1 8 39 34 28 44 16 22 13 32 41 43 18 10 33 14 50 26 23 2 7 29 15 17 24 31 25 9 12 4 6 46 27 21 35 42 5 11 40 19 36 30 38 47 49 37 3 20 48 45 

Inst_Index:9539 	 City_Num:50 	 Concorde:5.427113 	 MCTS:5.427113 Improve:-0.000000 	 Time:3.75 Seconds
Solution: 1 21 9 17 5 12 24 7 49 41 30 47 28 16 20 25 22 19 36 48 37 10 4 42 32 2 44 3 33 8 6 34 13 31 23 40 15 43 27 11 50 18 14 29 45 35 46 39 38 26 

Inst_Index:9540 	 City_Num:50 	 Concorde:5.847647 	 MCTS:5.847647 Improve:-0.000000 	 Time:3.75 Seconds
Solution: 1 20 33 5 41 43 27 32 35 39 9 36 21 7 11 42 49 40 46 15 29 30 38 19 13 6 3 48 50 45 26 23 37 16 12 4 34 25 17 47 24 28 44 8 31 10 18 2 22 14 

Inst_Index:9541 	 City_Num:50 	 Concorde:5.404012 	 MCTS:5.404012 Improve:0.000000 	 Time:3.76 Seconds
Solution: 1 28 4 9 12 35 50 37 49 10 20 2 15 5 32 3 41 46 24 11 18 34 43 38 6 30 47 44 21 14 31 7 40 8 23 33 16 27 45 48 25 39 36 42 26 19 22 29 17 13 

Inst_Index:9542 	 City_Num:50 	 Concorde:5.653755 	 MCTS:5.653755 Improve:-0.000000 	 Time:3.76 Seconds
Solution: 1 41 30 49 15 10 24 2 28 12 18 16 29 38 21 13 34 35 14 3 39 43 40 36 42 11 23 17 27 50 37 8 45 32 4 46 9 19 31 44 20 33 7 22 47 6 48 25 26 5 

Inst_Index:9543 	 City_Num:50 	 Concorde:6.029487 	 MCTS:6.029487 Improve:0.000000 	 Time:3.76 Seconds
Solution: 1 7 40 12 48 39 49 30 20 13 26 3 27 42 2 38 14 28 6 41 36 25 10 22 16 43 21 19 45 46 17 18 32 24 33 29 11 8 4 31 34 9 5 35 37 47 50 23 15 44 

Inst_Index:9544 	 City_Num:50 	 Concorde:5.604811 	 MCTS:5.597268 Improve:0.007543 	 Time:3.75 Seconds
Solution: 1 9 19 31 16 11 47 44 15 32 26 49 50 18 29 23 37 30 33 4 36 6 8 14 3 42 27 45 7 12 40 21 10 22 39 5 48 43 46 38 35 28 34 25 17 13 20 2 41 24 

Inst_Index:9545 	 City_Num:50 	 Concorde:6.269841 	 MCTS:6.269841 Improve:0.000000 	 Time:3.75 Seconds
Solution: 1 9 19 24 16 26 25 22 37 33 43 17 36 14 12 11 23 35 6 27 3 15 41 28 40 46 7 38 5 4 31 21 8 32 18 42 10 30 29 48 44 34 45 2 50 49 20 39 13 47 

Inst_Index:9546 	 City_Num:50 	 Concorde:5.866975 	 MCTS:5.866975 Improve:-0.000000 	 Time:3.76 Seconds
Solution: 1 43 30 15 48 6 33 9 7 40 41 44 12 17 21 50 31 29 37 28 34 42 8 23 11 19 2 4 10 26 25 22 35 45 5 49 18 36 47 39 27 14 38 24 3 20 16 46 13 32 

Inst_Index:9547 	 City_Num:50 	 Concorde:5.510074 	 MCTS:5.509298 Improve:0.000777 	 Time:3.76 Seconds
Solution: 1 43 40 28 32 37 13 46 15 49 20 9 25 12 45 42 4 34 11 39 21 7 6 10 19 47 38 17 30 18 2 24 33 14 27 8 5 26 3 22 35 41 16 50 29 44 31 36 48 23 

Inst_Index:9548 	 City_Num:50 	 Concorde:5.895454 	 MCTS:5.893292 Improve:0.002162 	 Time:3.75 Seconds
Solution: 1 16 22 40 43 6 35 23 2 48 15 30 9 26 41 32 44 17 29 12 21 7 33 50 25 3 31 39 28 11 14 49 8 45 46 24 13 27 34 4 42 37 18 38 20 5 10 47 19 36 

Inst_Index:9549 	 City_Num:50 	 Concorde:5.574494 	 MCTS:5.574494 Improve:0.000000 	 Time:3.76 Seconds
Solution: 1 32 41 24 26 4 15 2 44 42 36 17 50 5 27 12 28 18 30 33 31 11 34 6 13 9 39 49 14 10 23 29 43 48 37 21 20 16 7 38 35 3 25 8 22 46 40 45 47 19 

Inst_Index:9550 	 City_Num:50 	 Concorde:5.482329 	 MCTS:5.475732 Improve:0.006598 	 Time:3.76 Seconds
Solution: 1 44 9 43 47 39 3 48 32 11 26 23 22 6 46 21 50 49 12 35 41 7 30 19 25 18 29 14 24 45 36 31 40 37 33 13 2 20 17 5 4 16 42 8 34 27 38 10 28 15 

Inst_Index:9551 	 City_Num:50 	 Concorde:5.784723 	 MCTS:5.784723 Improve:-0.000000 	 Time:3.76 Seconds
Solution: 1 7 21 23 26 10 38 13 15 20 6 9 48 22 47 25 35 29 18 8 34 39 2 33 43 50 42 4 16 37 46 24 19 40 5 44 12 11 28 31 30 14 36 27 17 3 41 49 32 45 

Inst_Index:9552 	 City_Num:50 	 Concorde:5.484686 	 MCTS:5.484413 Improve:0.000273 	 Time:3.76 Seconds
Solution: 1 19 30 23 2 35 14 44 22 50 47 26 48 6 20 39 38 29 21 13 37 40 31 28 45 12 4 5 42 24 33 43 3 16 34 49 15 46 18 25 9 11 41 36 17 7 32 27 10 8 

Inst_Index:9553 	 City_Num:50 	 Concorde:5.623394 	 MCTS:5.623290 Improve:0.000104 	 Time:3.77 Seconds
Solution: 1 27 3 8 42 7 22 29 38 2 41 10 11 19 14 4 40 15 23 50 35 47 32 34 20 39 31 46 5 37 49 21 43 45 28 33 16 12 13 18 48 25 24 26 36 9 30 44 6 17 

Inst_Index:9554 	 City_Num:50 	 Concorde:5.379164 	 MCTS:5.378710 Improve:0.000455 	 Time:3.76 Seconds
Solution: 1 5 3 37 29 32 33 48 28 43 17 25 34 19 10 23 13 16 38 36 11 44 12 2 30 21 39 7 6 9 35 49 22 18 4 47 41 42 40 31 20 27 14 24 15 26 8 50 46 45 

Inst_Index:9555 	 City_Num:50 	 Concorde:5.390241 	 MCTS:5.390241 Improve:-0.000000 	 Time:3.78 Seconds
Solution: 1 28 43 14 46 21 20 48 4 6 19 38 37 10 3 24 29 11 31 49 39 5 30 13 33 9 23 32 26 50 7 40 42 22 16 17 2 35 12 25 45 15 44 27 18 34 8 47 41 36 

Inst_Index:9556 	 City_Num:50 	 Concorde:5.699420 	 MCTS:5.699420 Improve:0.000000 	 Time:3.75 Seconds
Solution: 1 17 2 29 9 21 24 42 23 40 47 33 18 32 12 48 45 41 11 36 35 26 4 50 5 15 3 8 25 14 10 27 44 13 30 34 22 28 39 38 7 20 31 19 49 37 16 46 6 43 

Inst_Index:9557 	 City_Num:50 	 Concorde:6.038135 	 MCTS:6.038135 Improve:-0.000000 	 Time:3.76 Seconds
Solution: 1 31 48 23 40 49 42 7 34 18 26 20 41 50 12 10 44 30 36 14 32 9 6 15 4 5 16 21 28 11 19 2 35 13 45 33 24 46 39 8 25 47 3 27 38 43 37 17 29 22 

Inst_Index:9558 	 City_Num:50 	 Concorde:5.641365 	 MCTS:5.641365 Improve:-0.000000 	 Time:3.76 Seconds
Solution: 1 33 35 28 4 31 43 2 32 7 45 50 40 16 24 12 25 8 48 17 14 39 42 11 18 21 37 15 5 10 26 41 34 47 30 29 6 19 20 9 44 3 38 23 13 27 46 36 49 22 

Inst_Index:9559 	 City_Num:50 	 Concorde:5.809397 	 MCTS:5.809397 Improve:-0.000000 	 Time:3.77 Seconds
Solution: 1 37 26 38 28 8 2 12 43 16 39 46 22 5 3 49 9 7 48 35 44 10 24 32 34 30 17 31 20 36 27 11 21 4 40 23 45 33 47 25 41 42 14 13 18 6 29 50 15 19 

Inst_Index:9560 	 City_Num:50 	 Concorde:5.344161 	 MCTS:5.341935 Improve:0.002226 	 Time:3.76 Seconds
Solution: 1 42 26 41 50 2 19 34 3 6 47 7 37 17 22 27 31 20 35 11 39 38 24 25 8 49 28 14 36 40 46 15 13 30 44 32 23 10 16 29 5 18 9 45 43 21 4 12 48 33 

Inst_Index:9561 	 City_Num:50 	 Concorde:5.687399 	 MCTS:5.687399 Improve:0.000000 	 Time:3.75 Seconds
Solution: 1 15 25 16 32 43 2 47 3 35 40 29 26 42 38 14 49 28 18 50 45 5 8 44 10 46 7 6 17 36 24 31 9 12 4 39 30 33 22 19 48 34 41 37 13 23 11 20 21 27 

Inst_Index:9562 	 City_Num:50 	 Concorde:5.892471 	 MCTS:5.892471 Improve:-0.000000 	 Time:3.76 Seconds
Solution: 1 44 42 10 28 25 21 17 3 23 11 19 50 47 4 30 12 22 38 5 8 31 14 33 9 27 24 41 39 15 29 20 34 18 37 45 16 7 6 40 26 2 35 49 32 36 48 13 46 43 

Inst_Index:9563 	 City_Num:50 	 Concorde:5.594484 	 MCTS:5.594484 Improve:-0.000000 	 Time:3.75 Seconds
Solution: 1 20 26 49 50 42 39 21 38 30 23 33 41 29 46 37 19 14 40 34 32 43 24 22 31 16 44 13 25 5 7 4 6 2 35 27 3 18 9 45 17 36 11 10 12 8 48 47 15 28 

Inst_Index:9564 	 City_Num:50 	 Concorde:5.657657 	 MCTS:5.644395 Improve:0.013262 	 Time:3.76 Seconds
Solution: 1 39 17 26 16 32 7 29 23 36 41 49 31 48 47 40 18 25 6 9 45 34 8 30 24 46 20 19 37 2 21 14 11 10 13 28 4 50 22 38 27 44 15 35 33 3 43 12 5 42 

Inst_Index:9565 	 City_Num:50 	 Concorde:5.246584 	 MCTS:5.245689 Improve:0.000894 	 Time:3.78 Seconds
Solution: 1 50 32 44 14 25 38 35 8 47 49 18 3 28 29 48 13 11 12 7 36 2 40 6 23 4 19 21 5 26 16 24 27 31 39 10 46 30 43 17 15 45 9 22 33 42 34 37 20 41 

Inst_Index:9566 	 City_Num:50 	 Concorde:5.905647 	 MCTS:5.905647 Improve:-0.000000 	 Time:3.78 Seconds
Solution: 1 21 42 39 11 19 26 46 28 3 13 20 41 29 5 23 47 9 17 2 16 18 43 6 33 38 24 40 37 48 32 45 22 35 4 27 36 10 25 8 14 30 15 7 34 31 49 50 44 12 

Inst_Index:9567 	 City_Num:50 	 Concorde:5.773336 	 MCTS:5.773336 Improve:-0.000000 	 Time:3.76 Seconds
Solution: 1 43 31 37 30 33 3 47 2 16 27 38 32 41 49 11 17 50 18 36 29 42 8 5 9 13 20 15 35 22 45 7 40 26 4 19 48 24 46 34 39 21 10 23 28 44 6 12 14 25 

Inst_Index:9568 	 City_Num:50 	 Concorde:5.805988 	 MCTS:5.805988 Improve:0.000000 	 Time:3.76 Seconds
Solution: 1 2 30 22 32 50 11 4 47 42 12 17 25 38 16 46 49 41 33 8 7 45 31 19 21 40 24 39 37 15 9 43 6 44 14 26 5 27 23 3 28 18 36 29 20 48 10 35 34 13 

Inst_Index:9569 	 City_Num:50 	 Concorde:5.990851 	 MCTS:5.990626 Improve:0.000224 	 Time:3.78 Seconds
Solution: 1 4 24 8 3 50 21 39 15 48 38 30 12 28 27 7 47 35 20 19 5 17 49 44 18 43 36 29 42 9 32 6 34 37 41 23 31 2 40 10 22 11 13 14 45 16 25 46 33 26 

Inst_Index:9570 	 City_Num:50 	 Concorde:5.535985 	 MCTS:5.532879 Improve:0.003105 	 Time:3.77 Seconds
Solution: 1 4 11 25 37 32 7 17 10 22 45 21 42 6 14 33 49 13 24 43 38 44 2 46 18 12 29 5 30 35 36 19 15 48 3 27 23 39 50 47 34 8 9 16 41 40 26 20 28 31 

Inst_Index:9571 	 City_Num:50 	 Concorde:5.882488 	 MCTS:5.879573 Improve:0.002916 	 Time:3.76 Seconds
Solution: 1 40 46 50 37 12 33 17 20 43 21 31 32 35 36 22 47 7 27 4 41 10 16 25 44 14 24 15 45 2 34 29 13 6 48 49 8 23 3 5 18 19 26 42 9 11 30 28 38 39 

Inst_Index:9572 	 City_Num:50 	 Concorde:5.881394 	 MCTS:5.881394 Improve:-0.000000 	 Time:3.75 Seconds
Solution: 1 48 49 47 28 29 31 13 39 41 9 33 4 44 5 15 21 27 46 35 8 22 40 24 6 18 17 50 7 25 43 12 30 38 3 32 20 16 42 37 11 26 2 23 36 19 10 14 45 34 

Inst_Index:9573 	 City_Num:50 	 Concorde:5.634617 	 MCTS:5.634617 Improve:-0.000000 	 Time:3.75 Seconds
Solution: 1 22 18 48 25 13 11 36 43 10 2 45 38 35 46 7 24 3 23 40 4 21 39 32 49 15 26 42 41 19 14 5 31 44 20 28 29 16 30 6 8 37 17 12 50 34 33 47 9 27 

Inst_Index:9574 	 City_Num:50 	 Concorde:5.880832 	 MCTS:5.880832 Improve:-0.000000 	 Time:3.75 Seconds
Solution: 1 13 25 14 15 20 42 23 36 5 41 4 28 47 46 39 49 7 24 3 18 30 8 43 44 16 22 26 21 6 33 2 32 29 17 40 34 10 50 12 38 9 35 11 45 48 27 19 37 31 

Inst_Index:9575 	 City_Num:50 	 Concorde:5.478641 	 MCTS:5.473395 Improve:0.005246 	 Time:3.76 Seconds
Solution: 1 23 20 31 4 12 18 11 14 17 32 33 47 40 41 37 16 29 13 28 44 9 10 39 36 48 38 43 42 49 22 26 50 27 30 45 5 7 2 25 8 46 15 35 3 6 19 21 34 24 

Inst_Index:9576 	 City_Num:50 	 Concorde:5.558602 	 MCTS:5.556271 Improve:0.002331 	 Time:3.75 Seconds
Solution: 1 34 27 47 22 11 13 5 49 17 30 6 32 28 44 23 3 35 33 37 10 45 29 2 50 14 48 46 7 21 42 25 15 39 43 20 12 16 9 38 40 41 18 26 31 36 8 24 19 4 

Inst_Index:9577 	 City_Num:50 	 Concorde:5.966459 	 MCTS:5.966459 Improve:-0.000000 	 Time:3.77 Seconds
Solution: 1 45 3 6 38 17 7 2 11 46 21 15 31 18 25 35 28 22 10 32 43 23 40 13 19 42 27 5 16 44 24 41 26 49 29 8 39 12 4 30 48 47 33 36 14 34 20 9 37 50 

Inst_Index:9578 	 City_Num:50 	 Concorde:5.630976 	 MCTS:5.630501 Improve:0.000475 	 Time:3.78 Seconds
Solution: 1 2 11 6 9 15 42 45 22 19 17 47 23 13 21 7 41 4 31 14 32 30 46 29 16 12 27 34 24 50 20 48 10 33 25 44 26 28 37 3 49 35 40 39 38 43 8 5 18 36 

Inst_Index:9579 	 City_Num:50 	 Concorde:5.804139 	 MCTS:5.804139 Improve:-0.000000 	 Time:3.77 Seconds
Solution: 1 45 43 12 22 25 14 24 2 41 29 44 11 30 10 39 31 9 38 49 17 33 42 27 6 37 4 40 19 50 18 5 46 3 21 48 16 32 26 35 15 28 8 36 20 23 47 13 7 34 

Inst_Index:9580 	 City_Num:50 	 Concorde:5.465103 	 MCTS:5.465103 Improve:-0.000000 	 Time:3.77 Seconds
Solution: 1 17 8 4 3 46 30 37 32 13 11 10 43 15 42 7 48 20 2 50 26 39 31 49 29 35 9 12 28 33 38 21 44 24 19 47 14 45 18 5 34 40 25 6 41 27 16 22 36 23 

Inst_Index:9581 	 City_Num:50 	 Concorde:5.573447 	 MCTS:5.572757 Improve:0.000690 	 Time:3.75 Seconds
Solution: 1 40 4 26 35 41 28 14 49 16 10 13 45 12 27 50 46 21 48 39 29 3 33 7 43 34 17 8 25 44 2 31 19 20 15 37 23 22 36 38 5 6 30 24 42 47 32 18 9 11 

Inst_Index:9582 	 City_Num:50 	 Concorde:5.595591 	 MCTS:5.595591 Improve:0.000000 	 Time:3.76 Seconds
Solution: 1 41 7 26 21 14 34 19 9 35 44 13 20 49 46 27 47 22 25 33 28 38 31 45 2 11 50 42 24 10 36 37 32 5 8 17 12 15 4 16 30 18 29 3 40 23 48 39 43 6 

Inst_Index:9583 	 City_Num:50 	 Concorde:5.925782 	 MCTS:5.925782 Improve:0.000000 	 Time:3.77 Seconds
Solution: 1 3 11 33 19 49 42 44 41 46 40 18 13 24 4 31 25 9 16 14 12 47 7 43 21 5 30 26 48 37 23 2 15 20 27 32 28 50 36 10 17 6 8 45 39 34 29 22 38 35 

Inst_Index:9584 	 City_Num:50 	 Concorde:5.663494 	 MCTS:5.663494 Improve:0.000000 	 Time:3.75 Seconds
Solution: 1 34 26 37 50 35 42 43 27 10 17 36 32 47 7 44 15 41 24 5 12 39 40 3 22 45 23 28 49 33 46 16 29 38 2 25 8 30 14 48 20 21 18 4 6 11 19 13 31 9 

Inst_Index:9585 	 City_Num:50 	 Concorde:5.849007 	 MCTS:5.849007 Improve:0.000000 	 Time:3.78 Seconds
Solution: 1 50 42 3 7 18 11 35 29 38 14 28 20 36 12 24 27 23 8 46 21 43 40 17 31 33 45 30 15 2 22 39 19 47 13 10 5 48 49 26 25 34 41 4 32 37 44 6 16 9 

Inst_Index:9586 	 City_Num:50 	 Concorde:5.909684 	 MCTS:5.909684 Improve:-0.000000 	 Time:3.76 Seconds
Solution: 1 43 41 35 13 6 8 29 21 20 18 2 5 7 4 9 27 32 24 11 45 28 23 26 25 38 17 19 15 14 3 44 34 48 16 40 31 39 30 50 42 10 12 37 36 46 47 22 33 49 

Inst_Index:9587 	 City_Num:50 	 Concorde:5.774065 	 MCTS:5.774065 Improve:0.000000 	 Time:3.76 Seconds
Solution: 1 20 31 35 34 18 47 29 41 16 11 40 42 8 6 7 15 36 28 22 43 13 4 3 10 48 49 30 33 32 25 45 5 39 44 2 37 19 17 38 26 21 23 24 12 14 46 9 27 50 

Inst_Index:9588 	 City_Num:50 	 Concorde:5.609427 	 MCTS:5.609427 Improve:-0.000000 	 Time:3.76 Seconds
Solution: 1 6 18 47 20 17 26 43 4 36 45 42 34 44 27 13 40 12 32 48 5 15 24 16 3 22 14 28 31 46 8 39 29 33 2 21 10 41 49 37 30 11 23 38 19 25 7 50 9 35 

Inst_Index:9589 	 City_Num:50 	 Concorde:5.663486 	 MCTS:5.663486 Improve:0.000000 	 Time:3.75 Seconds
Solution: 1 45 21 12 33 41 30 13 29 31 14 3 49 46 19 39 8 32 47 36 48 5 28 24 23 37 25 34 7 43 15 18 38 4 22 10 50 26 6 20 40 42 35 27 44 11 9 2 16 17 

Inst_Index:9590 	 City_Num:50 	 Concorde:5.932279 	 MCTS:5.932279 Improve:-0.000000 	 Time:3.76 Seconds
Solution: 1 10 45 28 31 4 33 41 49 14 34 21 25 48 36 18 37 11 16 30 50 20 17 40 26 7 43 9 5 39 44 46 19 3 22 27 32 13 23 35 38 24 8 15 2 6 12 47 29 42 

Inst_Index:9591 	 City_Num:50 	 Concorde:5.431693 	 MCTS:5.431693 Improve:-0.000000 	 Time:3.75 Seconds
Solution: 1 28 43 36 39 25 31 5 12 34 30 26 20 47 8 44 4 11 48 17 15 35 27 24 23 10 7 9 13 46 14 19 18 6 49 21 50 42 29 40 41 38 3 33 16 37 32 22 45 2 

Inst_Index:9592 	 City_Num:50 	 Concorde:5.804776 	 MCTS:5.803729 Improve:0.001047 	 Time:3.76 Seconds
Solution: 1 43 50 10 2 21 15 16 12 34 8 46 42 24 6 49 22 27 41 4 20 37 26 7 40 48 13 30 44 5 18 28 45 47 36 17 35 33 3 29 31 25 23 38 39 19 14 11 32 9 

Inst_Index:9593 	 City_Num:50 	 Concorde:5.438670 	 MCTS:5.437016 Improve:0.001653 	 Time:3.75 Seconds
Solution: 1 49 3 42 23 2 43 6 31 22 40 24 4 17 18 16 28 33 36 46 44 39 14 9 13 19 45 37 15 38 41 11 5 34 29 12 26 25 27 10 7 32 35 50 21 20 48 8 47 30 

Inst_Index:9594 	 City_Num:50 	 Concorde:5.512557 	 MCTS:5.512500 Improve:0.000056 	 Time:3.76 Seconds
Solution: 1 47 33 2 40 30 8 46 35 44 38 3 45 20 27 26 12 34 43 41 17 29 39 4 7 19 5 28 49 6 16 9 32 48 23 24 22 11 42 10 36 18 31 50 13 14 25 21 37 15 

Inst_Index:9595 	 City_Num:50 	 Concorde:5.590146 	 MCTS:5.590146 Improve:0.000000 	 Time:3.77 Seconds
Solution: 1 26 31 44 9 47 29 45 40 20 6 21 15 32 34 10 43 18 48 50 19 13 33 49 24 23 28 35 27 25 16 14 5 37 38 41 2 30 22 4 11 12 46 36 7 39 3 8 42 17 

Inst_Index:9596 	 City_Num:50 	 Concorde:5.869847 	 MCTS:5.867110 Improve:0.002737 	 Time:3.76 Seconds
Solution: 1 26 38 13 5 42 41 7 4 21 30 37 28 23 36 35 24 10 6 9 33 12 11 8 27 19 17 48 25 43 46 32 31 15 2 34 16 39 29 50 18 20 49 47 45 44 22 14 40 3 

Inst_Index:9597 	 City_Num:50 	 Concorde:5.384865 	 MCTS:5.384865 Improve:0.000000 	 Time:3.75 Seconds
Solution: 1 25 27 16 43 45 48 35 42 50 31 11 32 23 7 34 20 49 30 26 36 15 13 14 10 22 33 18 21 3 4 19 2 41 39 46 5 38 8 47 29 40 12 6 37 9 24 17 44 28 

Inst_Index:9598 	 City_Num:50 	 Concorde:5.823955 	 MCTS:5.823955 Improve:-0.000000 	 Time:3.77 Seconds
Solution: 1 26 20 6 19 15 21 3 11 5 34 30 35 36 9 46 42 29 2 7 17 44 14 4 28 13 10 47 38 48 16 8 43 49 31 23 32 39 12 27 18 25 41 40 33 37 22 45 50 24 

Inst_Index:9599 	 City_Num:50 	 Concorde:5.566242 	 MCTS:5.566242 Improve:0.000000 	 Time:3.75 Seconds
Solution: 1 28 37 45 26 47 44 17 11 16 42 20 48 8 27 30 35 34 19 13 43 41 7 32 24 6 33 5 49 21 23 31 25 40 4 39 38 2 22 50 12 9 29 10 36 14 15 18 3 46 

Inst_Index:9600 	 City_Num:50 	 Concorde:5.863754 	 MCTS:5.863442 Improve:0.000312 	 Time:3.76 Seconds
Solution: 1 17 7 9 32 14 13 16 36 20 49 42 35 41 25 40 44 21 24 19 2 11 37 3 12 8 33 5 39 31 28 4 46 45 38 22 43 26 34 48 50 23 10 18 27 6 47 29 30 15 

Inst_Index:9601 	 City_Num:50 	 Concorde:5.956038 	 MCTS:5.956038 Improve:0.000000 	 Time:3.76 Seconds
Solution: 1 16 24 41 42 43 12 44 11 28 33 19 45 17 8 36 46 20 2 30 5 38 23 35 34 15 32 47 4 26 10 6 40 49 25 13 29 48 9 7 18 31 21 39 27 37 14 50 3 22 

Inst_Index:9602 	 City_Num:50 	 Concorde:5.654847 	 MCTS:5.654645 Improve:0.000202 	 Time:3.77 Seconds
Solution: 1 44 23 4 18 37 16 14 30 10 5 11 43 35 2 28 39 25 7 50 19 13 41 29 36 9 48 6 31 3 40 22 33 17 12 34 27 15 24 49 46 47 20 26 32 45 42 38 21 8 

Inst_Index:9603 	 City_Num:50 	 Concorde:5.730291 	 MCTS:5.730122 Improve:0.000169 	 Time:3.76 Seconds
Solution: 1 6 36 37 34 41 45 38 23 18 5 4 28 30 10 24 25 50 27 12 7 19 22 42 48 35 9 14 21 31 15 47 16 11 44 33 26 40 49 2 20 13 39 8 43 29 32 17 3 46 

Inst_Index:9604 	 City_Num:50 	 Concorde:6.088470 	 MCTS:6.088470 Improve:-0.000000 	 Time:3.75 Seconds
Solution: 1 9 34 47 3 50 45 17 22 10 39 23 24 32 20 43 2 38 6 36 29 8 14 4 35 44 27 30 46 5 16 41 31 48 15 21 26 12 28 37 7 18 33 42 25 11 49 19 13 40 

Inst_Index:9605 	 City_Num:50 	 Concorde:5.813791 	 MCTS:5.813791 Improve:-0.000000 	 Time:3.75 Seconds
Solution: 1 26 2 7 33 13 43 30 15 4 6 37 48 49 25 42 38 44 20 27 29 24 28 14 16 12 9 40 47 3 41 19 46 45 23 5 8 34 21 11 35 18 22 17 36 50 10 31 39 32 

Inst_Index:9606 	 City_Num:50 	 Concorde:5.881621 	 MCTS:5.881621 Improve:-0.000000 	 Time:3.75 Seconds
Solution: 1 30 3 2 34 22 17 39 31 11 7 6 36 25 33 49 4 48 24 37 26 45 8 50 35 46 47 15 43 9 16 14 20 27 23 44 40 12 41 29 18 42 38 13 21 28 19 10 32 5 

Inst_Index:9607 	 City_Num:50 	 Concorde:5.512170 	 MCTS:5.506422 Improve:0.005748 	 Time:3.76 Seconds
Solution: 1 36 41 14 38 35 30 19 32 33 4 12 26 5 28 24 40 11 45 8 6 42 10 48 37 21 2 39 31 17 47 25 7 49 22 23 13 16 46 3 43 15 27 20 9 29 34 18 44 50 

Inst_Index:9608 	 City_Num:50 	 Concorde:5.639518 	 MCTS:5.639518 Improve:0.000000 	 Time:3.76 Seconds
Solution: 1 38 46 40 2 18 22 37 33 45 29 25 9 3 12 31 8 28 30 10 50 39 44 23 24 7 42 13 20 32 35 14 43 11 27 4 6 5 34 15 26 21 49 17 48 19 41 16 47 36 

Inst_Index:9609 	 City_Num:50 	 Concorde:6.145415 	 MCTS:6.145415 Improve:0.000000 	 Time:3.75 Seconds
Solution: 1 32 26 23 50 30 13 46 38 29 28 10 40 7 5 14 24 34 36 12 27 48 3 20 39 21 31 19 45 15 22 33 41 35 49 18 6 9 44 47 17 4 8 43 2 25 16 42 37 11 

Inst_Index:9610 	 City_Num:50 	 Concorde:5.743858 	 MCTS:5.743858 Improve:-0.000000 	 Time:3.75 Seconds
Solution: 1 2 17 21 15 50 29 10 14 47 3 26 32 40 49 36 13 37 39 9 42 11 6 4 44 23 46 5 27 8 16 38 12 24 25 22 30 43 45 35 41 28 18 34 7 19 31 48 33 20 

Inst_Index:9611 	 City_Num:50 	 Concorde:6.002067 	 MCTS:5.995857 Improve:0.006210 	 Time:3.76 Seconds
Solution: 1 30 31 38 17 23 37 26 49 7 33 46 2 9 11 40 25 13 43 4 20 32 41 10 19 22 44 47 29 24 3 5 18 16 6 39 48 42 21 28 45 14 36 27 12 50 35 15 8 34 

Inst_Index:9612 	 City_Num:50 	 Concorde:5.950381 	 MCTS:5.950381 Improve:0.000000 	 Time:3.76 Seconds
Solution: 1 29 33 15 43 40 11 10 2 26 41 37 30 25 35 47 14 39 46 5 31 27 45 16 38 50 19 17 4 8 7 49 12 24 13 21 42 36 22 44 23 20 34 32 3 6 28 9 18 48 

Inst_Index:9613 	 City_Num:50 	 Concorde:5.593496 	 MCTS:5.593496 Improve:0.000000 	 Time:3.77 Seconds
Solution: 1 10 19 31 8 5 22 39 14 25 9 17 27 50 33 15 47 21 45 20 24 48 11 7 37 16 23 4 12 13 35 30 18 29 49 34 6 28 42 2 38 32 41 44 26 36 3 43 46 40 

Inst_Index:9614 	 City_Num:50 	 Concorde:5.751429 	 MCTS:5.751429 Improve:-0.000000 	 Time:3.76 Seconds
Solution: 1 30 28 32 40 9 3 13 36 26 42 44 17 47 12 2 39 49 31 8 46 38 5 15 48 22 6 35 21 24 45 43 11 25 19 23 29 4 18 14 37 10 50 33 16 34 27 41 7 20 

Inst_Index:9615 	 City_Num:50 	 Concorde:5.681867 	 MCTS:5.681867 Improve:-0.000000 	 Time:3.76 Seconds
Solution: 1 7 48 49 17 23 47 28 13 44 6 3 24 21 29 38 36 18 14 11 4 2 32 22 37 46 16 5 30 27 34 41 45 43 19 8 42 50 20 9 31 33 25 26 35 10 12 15 40 39 

Inst_Index:9616 	 City_Num:50 	 Concorde:5.705911 	 MCTS:5.704258 Improve:0.001652 	 Time:3.76 Seconds
Solution: 1 46 48 18 27 15 49 29 20 40 37 44 19 16 7 12 38 6 11 34 45 32 24 23 39 30 5 41 36 35 25 4 42 21 10 26 17 8 33 43 3 47 22 31 28 13 14 9 50 2 

Inst_Index:9617 	 City_Num:50 	 Concorde:5.666419 	 MCTS:5.662900 Improve:0.003519 	 Time:3.76 Seconds
Solution: 1 30 22 8 47 48 41 16 7 14 44 13 2 15 23 17 45 4 12 24 42 35 31 46 10 32 19 36 49 28 29 43 20 39 18 5 38 9 25 34 21 11 6 40 37 26 27 3 33 50 

Inst_Index:9618 	 City_Num:50 	 Concorde:5.532084 	 MCTS:5.532084 Improve:-0.000000 	 Time:3.77 Seconds
Solution: 1 50 32 41 26 16 2 49 10 20 13 31 44 38 21 4 35 8 11 46 48 45 33 40 14 28 3 34 37 27 23 9 25 5 15 17 39 12 43 6 18 19 22 36 30 7 47 42 29 24 

Inst_Index:9619 	 City_Num:50 	 Concorde:5.535901 	 MCTS:5.535901 Improve:0.000000 	 Time:3.75 Seconds
Solution: 1 39 13 21 44 24 43 29 45 36 3 22 5 9 47 6 35 46 11 48 8 33 26 16 23 17 34 4 50 27 25 12 7 41 32 40 15 28 19 38 20 37 2 14 10 30 49 31 42 18 

Inst_Index:9620 	 City_Num:50 	 Concorde:5.368691 	 MCTS:5.368691 Improve:-0.000000 	 Time:3.77 Seconds
Solution: 1 22 3 49 14 29 26 13 8 32 20 33 25 24 21 30 11 39 15 10 48 18 38 41 34 19 4 46 9 47 40 37 43 50 2 23 36 35 28 44 31 12 45 16 42 6 17 7 5 27 

Inst_Index:9621 	 City_Num:50 	 Concorde:5.505060 	 MCTS:5.505060 Improve:0.000000 	 Time:3.76 Seconds
Solution: 1 47 33 41 15 20 13 6 23 35 27 16 48 26 4 32 12 22 17 25 3 29 42 38 28 19 34 50 46 30 49 21 31 37 2 11 8 24 7 5 40 39 10 43 9 18 36 44 14 45 

Inst_Index:9622 	 City_Num:50 	 Concorde:5.589817 	 MCTS:5.589817 Improve:0.000000 	 Time:3.76 Seconds
Solution: 1 14 6 45 31 29 5 35 11 50 15 39 13 46 32 28 20 37 48 47 8 36 24 40 9 3 41 18 10 43 25 34 19 16 26 27 7 4 12 30 23 49 21 42 22 2 33 17 44 38 

Inst_Index:9623 	 City_Num:50 	 Concorde:5.647877 	 MCTS:5.644394 Improve:0.003483 	 Time:3.77 Seconds
Solution: 1 14 21 23 18 16 42 11 39 8 46 49 22 24 10 3 19 36 45 32 43 47 4 38 40 29 27 41 15 30 2 31 35 5 34 9 50 17 44 28 25 20 12 33 26 6 48 7 13 37 

Inst_Index:9624 	 City_Num:50 	 Concorde:5.344231 	 MCTS:5.344231 Improve:0.000000 	 Time:3.76 Seconds
Solution: 1 3 35 14 5 44 21 30 38 40 15 48 24 22 43 18 8 27 32 23 45 17 26 47 12 41 46 10 6 50 2 37 49 42 19 9 4 11 36 39 7 33 29 20 13 28 25 16 34 31 

Inst_Index:9625 	 City_Num:50 	 Concorde:5.625520 	 MCTS:5.625520 Improve:0.000000 	 Time:3.77 Seconds
Solution: 1 27 50 10 14 24 11 12 35 18 31 42 34 9 40 25 8 16 38 32 4 41 13 26 22 30 17 15 28 44 6 46 20 47 2 45 39 36 3 21 7 49 33 5 37 19 29 23 48 43 

Inst_Index:9626 	 City_Num:50 	 Concorde:5.623511 	 MCTS:5.623511 Improve:0.000000 	 Time:3.75 Seconds
Solution: 1 42 23 30 8 19 36 12 47 43 18 4 3 21 50 37 48 28 26 33 11 32 25 22 46 41 34 44 10 5 40 27 6 39 20 15 49 31 7 2 38 24 14 29 9 17 13 45 35 16 

Inst_Index:9627 	 City_Num:50 	 Concorde:5.442988 	 MCTS:5.442988 Improve:0.000000 	 Time:3.75 Seconds
Solution: 1 5 30 37 16 43 40 6 21 27 18 25 13 48 3 28 7 31 15 39 14 50 29 2 10 33 12 42 35 34 8 47 17 11 44 32 45 24 22 20 4 41 19 46 49 36 38 9 23 26 

Inst_Index:9628 	 City_Num:50 	 Concorde:5.904792 	 MCTS:5.904684 Improve:0.000108 	 Time:3.77 Seconds
Solution: 1 32 15 8 3 23 35 41 13 16 40 36 9 4 39 11 20 26 34 2 28 24 46 45 21 5 22 14 44 42 6 19 18 31 33 38 29 49 30 10 47 27 50 7 25 43 37 17 48 12 

Inst_Index:9629 	 City_Num:50 	 Concorde:5.580799 	 MCTS:5.579335 Improve:0.001464 	 Time:3.76 Seconds
Solution: 1 4 28 12 47 18 42 2 31 34 10 8 11 27 6 39 46 15 43 41 36 48 49 9 17 35 45 13 7 44 24 37 21 29 5 40 33 30 23 38 50 26 3 14 22 32 19 25 20 16 

Inst_Index:9630 	 City_Num:50 	 Concorde:5.860347 	 MCTS:5.860347 Improve:0.000000 	 Time:3.77 Seconds
Solution: 1 49 15 50 44 31 35 38 37 7 11 34 25 40 14 32 10 20 22 46 33 30 28 3 16 12 19 24 45 18 47 39 26 42 13 43 5 4 21 2 17 36 27 48 9 8 6 29 23 41 

Inst_Index:9631 	 City_Num:50 	 Concorde:6.235827 	 MCTS:6.227143 Improve:0.008684 	 Time:3.77 Seconds
Solution: 1 4 43 7 32 29 18 50 2 16 13 14 30 15 40 35 5 48 41 39 21 31 33 17 44 49 45 10 19 25 34 28 11 23 22 38 3 12 9 42 36 46 20 37 47 27 6 26 24 8 

Inst_Index:9632 	 City_Num:50 	 Concorde:5.106630 	 MCTS:5.103656 Improve:0.002973 	 Time:3.76 Seconds
Solution: 1 41 7 15 30 12 33 31 11 14 48 6 8 24 19 50 43 4 28 18 10 20 35 37 17 49 26 39 13 46 5 3 9 38 36 34 21 32 22 23 25 16 27 47 45 44 29 42 2 40 

Inst_Index:9633 	 City_Num:50 	 Concorde:5.748050 	 MCTS:5.748050 Improve:0.000000 	 Time:3.77 Seconds
Solution: 1 33 32 6 8 14 16 29 3 15 13 24 45 25 47 12 23 39 38 27 42 20 48 26 2 11 43 21 34 41 37 22 19 9 30 7 35 10 28 4 46 18 49 31 44 5 50 40 36 17 

Inst_Index:9634 	 City_Num:50 	 Concorde:5.667426 	 MCTS:5.667426 Improve:0.000000 	 Time:3.76 Seconds
Solution: 1 24 8 46 44 14 20 5 15 47 28 25 22 19 31 27 29 21 12 3 38 33 16 10 26 41 11 39 42 49 23 4 18 13 32 34 2 7 17 37 35 30 45 6 9 50 36 40 43 48 

Inst_Index:9635 	 City_Num:50 	 Concorde:5.672735 	 MCTS:5.672735 Improve:-0.000000 	 Time:3.76 Seconds
Solution: 1 23 31 16 19 29 35 47 30 9 22 24 36 3 7 38 18 45 13 21 39 6 5 15 42 8 11 27 17 34 44 46 28 33 10 43 2 4 50 20 37 48 14 26 32 49 40 12 25 41 

Inst_Index:9636 	 City_Num:50 	 Concorde:5.760401 	 MCTS:5.760401 Improve:0.000000 	 Time:3.75 Seconds
Solution: 1 14 47 20 17 50 11 15 5 7 37 6 33 21 4 31 42 39 27 8 2 25 13 30 29 18 32 22 44 46 23 10 43 3 9 16 12 34 45 24 28 19 36 41 49 38 26 48 40 35 

Inst_Index:9637 	 City_Num:50 	 Concorde:5.389991 	 MCTS:5.389027 Improve:0.000964 	 Time:3.75 Seconds
Solution: 1 21 4 45 20 5 48 18 32 41 39 28 11 43 50 13 30 40 14 46 17 10 24 23 34 22 19 49 25 31 6 26 42 29 47 27 12 7 2 9 15 3 33 8 16 37 35 38 44 36 

Inst_Index:9638 	 City_Num:50 	 Concorde:5.988341 	 MCTS:5.987668 Improve:0.000673 	 Time:3.76 Seconds
Solution: 1 13 21 42 11 29 10 43 24 15 38 4 32 28 30 47 41 23 31 8 35 50 25 36 48 45 12 34 39 5 27 40 44 2 14 49 7 19 46 18 26 9 20 6 33 16 3 22 37 17 

Inst_Index:9639 	 City_Num:50 	 Concorde:5.894310 	 MCTS:5.894226 Improve:0.000084 	 Time:3.75 Seconds
Solution: 1 12 13 46 16 42 19 23 18 33 24 15 7 21 48 37 4 39 14 41 26 49 20 5 44 36 2 11 45 32 31 47 30 25 50 29 3 35 38 8 43 34 9 22 28 40 27 10 6 17 

Inst_Index:9640 	 City_Num:50 	 Concorde:5.680563 	 MCTS:5.680563 Improve:-0.000000 	 Time:3.76 Seconds
Solution: 1 23 42 34 8 28 13 31 17 38 44 33 32 39 35 45 16 3 4 43 10 18 7 15 9 29 47 6 22 41 37 19 27 40 20 12 36 5 48 50 26 14 11 2 24 25 49 21 30 46 

Inst_Index:9641 	 City_Num:50 	 Concorde:5.457404 	 MCTS:5.457404 Improve:-0.000000 	 Time:3.76 Seconds
Solution: 1 40 23 16 30 5 41 8 13 45 7 9 48 21 25 17 29 46 39 15 47 28 2 42 49 6 34 31 22 35 32 24 38 37 12 11 44 36 19 3 50 33 18 14 27 4 20 43 26 10 

Inst_Index:9642 	 City_Num:50 	 Concorde:5.531042 	 MCTS:5.531042 Improve:-0.000000 	 Time:3.75 Seconds
Solution: 1 40 42 36 25 41 16 12 34 37 8 38 30 13 7 48 35 10 33 23 15 11 47 4 28 6 50 26 45 18 29 17 14 44 24 22 31 39 3 20 5 43 2 49 46 27 19 32 9 21 

Inst_Index:9643 	 City_Num:50 	 Concorde:5.727314 	 MCTS:5.727314 Improve:0.000000 	 Time:3.75 Seconds
Solution: 1 33 6 35 14 28 49 41 32 40 34 10 4 36 50 9 43 21 42 2 25 8 29 13 48 15 45 27 12 5 26 7 37 22 16 31 30 44 20 17 38 46 3 19 23 47 18 39 24 11 

Inst_Index:9644 	 City_Num:50 	 Concorde:5.353508 	 MCTS:5.353508 Improve:0.000000 	 Time:3.77 Seconds
Solution: 1 15 32 39 47 24 20 10 46 29 19 5 31 4 11 8 22 44 28 14 12 27 2 23 34 49 48 42 41 21 35 17 6 38 43 50 40 16 7 9 26 36 18 25 45 30 3 33 13 37 

Inst_Index:9645 	 City_Num:50 	 Concorde:5.636209 	 MCTS:5.635738 Improve:0.000472 	 Time:3.76 Seconds
Solution: 1 22 36 30 11 35 14 4 46 15 12 21 41 24 43 2 33 40 47 39 44 23 38 32 42 26 17 29 3 28 45 19 25 5 48 8 10 9 50 37 16 18 34 20 6 49 27 31 7 13 

Inst_Index:9646 	 City_Num:50 	 Concorde:5.908501 	 MCTS:5.908501 Improve:0.000000 	 Time:3.77 Seconds
Solution: 1 21 4 41 35 20 34 14 44 2 13 3 33 19 37 30 38 25 7 29 22 11 28 10 48 8 18 49 9 17 27 43 45 16 32 42 15 5 50 31 12 36 23 47 46 6 40 24 39 26 

Inst_Index:9647 	 City_Num:50 	 Concorde:5.684762 	 MCTS:5.683270 Improve:0.001492 	 Time:3.76 Seconds
Solution: 1 14 27 11 29 20 38 16 32 30 22 15 39 17 49 50 4 45 36 24 44 3 42 2 13 33 23 28 6 7 37 25 43 31 18 41 9 40 35 5 21 8 46 26 12 19 48 10 34 47 

Inst_Index:9648 	 City_Num:50 	 Concorde:6.131961 	 MCTS:6.131961 Improve:-0.000000 	 Time:3.77 Seconds
Solution: 1 6 10 19 46 49 26 32 39 30 43 5 41 36 2 7 8 21 14 4 3 16 22 29 9 23 15 42 27 47 25 17 40 31 12 20 35 24 28 13 38 33 48 37 44 45 18 50 34 11 

Inst_Index:9649 	 City_Num:50 	 Concorde:5.940471 	 MCTS:5.940471 Improve:0.000000 	 Time:3.76 Seconds
Solution: 1 20 22 29 43 21 14 19 44 13 2 39 16 5 47 24 33 40 37 41 31 36 34 8 18 49 26 30 45 48 50 11 6 9 46 25 38 10 42 27 7 28 17 12 15 35 4 32 23 3 

Inst_Index:9650 	 City_Num:50 	 Concorde:5.922419 	 MCTS:5.922419 Improve:0.000000 	 Time:3.76 Seconds
Solution: 1 35 25 28 36 34 29 47 49 16 45 10 26 13 6 19 48 7 24 4 50 3 18 21 15 44 11 17 8 46 9 32 43 5 38 20 22 27 30 39 41 33 2 42 23 31 12 14 40 37 

Inst_Index:9651 	 City_Num:50 	 Concorde:5.540467 	 MCTS:5.540467 Improve:-0.000000 	 Time:3.76 Seconds
Solution: 1 42 25 48 3 2 6 49 4 34 21 35 46 26 18 45 31 36 22 12 20 43 11 50 38 19 40 32 16 29 33 10 41 27 30 28 14 9 7 5 44 15 24 8 17 39 37 23 13 47 

Inst_Index:9652 	 City_Num:50 	 Concorde:6.151139 	 MCTS:6.151139 Improve:-0.000000 	 Time:3.76 Seconds
Solution: 1 33 28 24 11 19 23 9 45 12 10 35 15 42 37 36 34 3 16 31 4 17 18 26 30 39 22 49 40 41 47 2 44 43 5 27 48 25 7 20 46 38 6 50 13 29 14 32 21 8 

Inst_Index:9653 	 City_Num:50 	 Concorde:5.441701 	 MCTS:5.441701 Improve:0.000000 	 Time:3.75 Seconds
Solution: 1 42 48 9 13 45 20 3 4 7 14 43 15 28 47 35 11 16 12 33 29 18 8 23 2 32 19 25 10 22 40 27 5 21 37 50 44 36 17 26 6 49 38 41 24 34 46 39 31 30 

Inst_Index:9654 	 City_Num:50 	 Concorde:6.011792 	 MCTS:6.011792 Improve:-0.000000 	 Time:3.77 Seconds
Solution: 1 20 9 19 30 49 41 40 29 37 13 4 39 42 31 45 33 50 43 44 32 5 34 28 18 38 25 8 22 2 36 47 26 14 3 17 24 46 6 15 10 7 11 35 23 27 16 21 48 12 

Inst_Index:9655 	 City_Num:50 	 Concorde:5.661184 	 MCTS:5.661184 Improve:-0.000000 	 Time:3.78 Seconds
Solution: 1 35 36 23 26 5 24 10 12 3 19 13 47 7 49 15 50 38 28 33 2 30 11 8 21 39 41 44 25 34 6 42 18 40 46 17 22 45 20 14 32 31 27 9 48 4 16 43 37 29 

Inst_Index:9656 	 City_Num:50 	 Concorde:6.271492 	 MCTS:6.265224 Improve:0.006268 	 Time:3.76 Seconds
Solution: 1 8 40 38 45 2 13 47 19 6 46 32 5 9 50 18 41 33 34 26 16 10 3 36 29 12 25 22 43 21 4 11 17 44 31 7 48 20 15 28 14 42 39 27 49 23 30 35 37 24 

Inst_Index:9657 	 City_Num:50 	 Concorde:5.736722 	 MCTS:5.736722 Improve:0.000000 	 Time:3.75 Seconds
Solution: 1 9 44 27 17 38 36 7 19 48 20 6 22 45 12 33 50 43 5 32 13 24 34 49 28 41 40 37 46 16 15 31 18 25 3 8 21 26 39 47 29 23 14 10 42 11 4 30 2 35 

Inst_Index:9658 	 City_Num:50 	 Concorde:5.797128 	 MCTS:5.797128 Improve:-0.000000 	 Time:3.76 Seconds
Solution: 1 49 15 3 21 22 31 13 23 2 47 27 34 42 8 7 12 33 48 26 35 30 20 32 46 29 28 5 11 17 45 18 25 16 9 38 24 43 10 37 39 36 40 41 44 6 14 4 19 50 

Inst_Index:9659 	 City_Num:50 	 Concorde:5.324912 	 MCTS:5.322543 Improve:0.002369 	 Time:3.76 Seconds
Solution: 1 20 48 45 37 18 15 38 47 22 2 39 29 49 32 23 26 14 30 35 19 4 8 3 46 43 11 21 28 10 50 36 5 42 25 24 9 34 44 16 40 31 7 17 12 13 41 33 6 27 

Inst_Index:9660 	 City_Num:50 	 Concorde:5.619435 	 MCTS:5.619435 Improve:0.000000 	 Time:3.77 Seconds
Solution: 1 35 28 45 27 20 6 2 41 47 46 31 25 38 44 3 29 5 49 13 9 10 22 30 37 17 48 43 24 33 19 8 21 36 16 15 42 34 7 23 32 4 26 12 40 14 18 39 11 50 

Inst_Index:9661 	 City_Num:50 	 Concorde:6.262521 	 MCTS:6.262143 Improve:0.000377 	 Time:3.78 Seconds
Solution: 1 31 33 10 32 24 29 34 20 4 47 27 50 30 37 36 48 44 39 7 17 9 38 12 23 5 2 11 21 40 16 3 28 41 26 49 14 35 19 42 15 45 18 46 22 8 43 25 13 6 

Inst_Index:9662 	 City_Num:50 	 Concorde:5.565270 	 MCTS:5.563467 Improve:0.001803 	 Time:3.76 Seconds
Solution: 1 41 42 21 17 36 22 37 9 28 27 29 6 30 4 33 12 39 25 7 45 31 18 40 50 47 48 46 38 34 49 15 3 14 13 11 10 32 2 23 16 44 20 43 19 35 24 8 26 5 

Inst_Index:9663 	 City_Num:50 	 Concorde:5.900029 	 MCTS:5.897814 Improve:0.002215 	 Time:3.77 Seconds
Solution: 1 49 42 27 13 23 26 18 46 21 28 4 7 24 6 47 12 15 33 25 9 45 48 10 31 41 16 17 44 35 43 8 29 30 40 2 11 50 3 22 20 19 37 32 39 14 38 36 34 5 

Inst_Index:9664 	 City_Num:50 	 Concorde:5.740529 	 MCTS:5.740529 Improve:0.000000 	 Time:3.75 Seconds
Solution: 1 48 11 9 12 30 18 16 28 22 13 40 7 3 37 17 50 4 46 44 10 19 32 33 39 34 43 14 29 45 23 5 24 15 2 41 8 6 36 38 31 49 20 25 27 35 47 21 26 42 

Inst_Index:9665 	 City_Num:50 	 Concorde:5.257599 	 MCTS:5.257599 Improve:0.000000 	 Time:3.75 Seconds
Solution: 1 45 49 23 36 30 40 16 4 24 6 42 39 21 35 27 10 26 5 18 47 33 48 3 13 43 34 41 44 12 28 46 19 22 31 7 15 9 14 37 11 17 2 50 29 8 32 38 20 25 

Inst_Index:9666 	 City_Num:50 	 Concorde:5.754619 	 MCTS:5.754619 Improve:0.000000 	 Time:3.75 Seconds
Solution: 1 39 5 38 22 24 46 33 14 11 7 43 19 20 29 34 28 8 49 2 17 41 32 37 21 47 6 44 4 36 25 15 3 40 45 35 26 42 50 12 27 9 10 16 31 18 48 13 23 30 

Inst_Index:9667 	 City_Num:50 	 Concorde:5.456280 	 MCTS:5.449961 Improve:0.006319 	 Time:3.77 Seconds
Solution: 1 30 7 37 20 28 49 44 35 22 6 29 2 46 8 33 4 36 14 41 27 5 9 25 39 11 21 24 48 17 10 18 45 15 32 3 43 13 47 26 38 34 12 42 50 16 31 40 19 23 

Inst_Index:9668 	 City_Num:50 	 Concorde:5.386512 	 MCTS:5.386512 Improve:0.000000 	 Time:3.75 Seconds
Solution: 1 50 21 12 24 38 42 43 35 48 10 32 17 6 16 40 39 18 47 19 4 25 22 31 27 33 14 44 49 30 29 46 13 11 2 3 5 9 37 34 23 15 41 28 8 26 36 45 7 20 

Inst_Index:9669 	 City_Num:50 	 Concorde:6.042227 	 MCTS:6.040233 Improve:0.001994 	 Time:3.77 Seconds
Solution: 1 3 30 14 38 29 12 26 42 33 16 18 19 17 43 24 50 44 39 15 37 13 2 25 20 9 46 28 5 21 47 23 8 31 48 7 36 35 11 4 32 22 41 6 27 45 40 34 49 10 

Inst_Index:9670 	 City_Num:50 	 Concorde:5.555132 	 MCTS:5.555132 Improve:-0.000000 	 Time:3.76 Seconds
Solution: 1 22 47 24 16 17 35 10 43 42 30 7 26 5 20 8 38 25 46 50 18 40 3 31 29 37 48 19 14 41 34 23 12 49 39 11 4 33 44 27 13 32 36 6 15 9 45 28 21 2 

Inst_Index:9671 	 City_Num:50 	 Concorde:5.607195 	 MCTS:5.607195 Improve:0.000000 	 Time:3.76 Seconds
Solution: 1 23 27 42 49 22 8 20 21 26 38 15 43 35 9 13 36 46 28 24 17 4 29 39 7 31 25 34 11 2 18 19 50 45 3 16 5 47 12 41 48 40 30 33 14 6 37 10 44 32 

Inst_Index:9672 	 City_Num:50 	 Concorde:5.309230 	 MCTS:5.308969 Improve:0.000260 	 Time:3.76 Seconds
Solution: 1 4 33 11 28 10 2 27 22 3 19 6 8 20 29 25 43 47 31 30 16 40 39 37 14 13 5 24 18 42 45 26 50 49 12 23 15 32 34 41 17 9 21 36 38 7 48 35 44 46 

Inst_Index:9673 	 City_Num:50 	 Concorde:5.654256 	 MCTS:5.654256 Improve:0.000000 	 Time:3.78 Seconds
Solution: 1 22 26 17 12 31 8 42 44 5 45 48 6 13 2 21 50 18 25 43 23 47 32 16 39 14 27 40 3 10 30 19 29 41 4 35 34 46 24 9 36 37 33 38 49 11 20 15 28 7 

Inst_Index:9674 	 City_Num:50 	 Concorde:5.821888 	 MCTS:5.821888 Improve:0.000000 	 Time:3.78 Seconds
Solution: 1 46 41 4 44 16 3 43 39 24 36 35 21 15 8 11 28 50 14 47 40 9 7 37 13 18 19 5 17 45 2 33 23 32 6 22 34 42 20 10 31 26 25 48 27 29 49 30 38 12 

Inst_Index:9675 	 City_Num:50 	 Concorde:5.868443 	 MCTS:5.864751 Improve:0.003693 	 Time:3.76 Seconds
Solution: 1 17 26 29 9 3 44 46 48 15 30 18 38 33 5 49 37 23 20 27 2 16 28 40 41 4 45 39 13 47 25 14 36 10 12 35 42 22 24 11 8 6 34 50 7 31 32 43 21 19 

Inst_Index:9676 	 City_Num:50 	 Concorde:6.063186 	 MCTS:6.063186 Improve:0.000000 	 Time:3.76 Seconds
Solution: 1 42 18 10 8 7 4 11 17 39 16 28 30 41 36 40 44 19 29 21 26 3 49 35 31 23 14 47 15 32 37 33 12 45 48 9 34 46 24 2 22 6 25 27 5 20 43 13 38 50 

Inst_Index:9677 	 City_Num:50 	 Concorde:5.475358 	 MCTS:5.475358 Improve:-0.000000 	 Time:3.76 Seconds
Solution: 1 3 20 45 30 48 11 50 46 43 19 34 7 44 39 38 5 40 41 6 8 16 33 14 29 13 22 31 18 42 9 27 26 4 49 12 35 15 47 25 23 32 28 2 21 17 37 24 36 10 

Inst_Index:9678 	 City_Num:50 	 Concorde:5.961857 	 MCTS:5.960358 Improve:0.001499 	 Time:3.75 Seconds
Solution: 1 47 35 10 34 29 38 13 43 30 50 40 48 12 15 19 28 45 11 22 17 4 21 7 5 2 49 37 3 20 23 31 16 14 24 44 25 6 27 9 26 36 8 41 18 33 39 32 42 46 

Inst_Index:9679 	 City_Num:50 	 Concorde:5.538659 	 MCTS:5.534897 Improve:0.003761 	 Time:3.77 Seconds
Solution: 1 35 50 12 33 23 11 48 49 7 15 13 37 17 30 21 34 20 9 22 18 3 2 44 10 32 47 19 38 40 36 28 31 29 8 39 46 26 6 5 4 14 43 16 25 27 42 24 41 45 

Inst_Index:9680 	 City_Num:50 	 Concorde:5.975388 	 MCTS:5.972237 Improve:0.003152 	 Time:3.76 Seconds
Solution: 1 7 45 39 40 6 18 25 22 36 5 30 48 46 13 47 32 16 34 21 8 4 31 12 49 43 23 10 24 19 2 33 41 20 38 37 44 26 50 9 28 3 15 29 27 14 11 35 42 17 

Inst_Index:9681 	 City_Num:50 	 Concorde:5.683366 	 MCTS:5.683366 Improve:0.000000 	 Time:3.78 Seconds
Solution: 1 17 34 42 36 9 13 2 11 39 10 35 50 12 3 7 40 28 5 22 38 25 44 23 15 47 49 24 48 18 30 6 26 4 14 43 21 41 20 19 27 46 8 16 37 33 31 29 32 45 

Inst_Index:9682 	 City_Num:50 	 Concorde:5.392632 	 MCTS:5.392632 Improve:-0.000000 	 Time:3.76 Seconds
Solution: 1 17 32 48 9 50 49 27 26 31 10 3 42 24 21 35 8 2 6 18 11 16 45 13 12 43 7 47 38 4 23 25 22 28 44 40 36 46 5 39 41 20 37 34 30 15 29 33 14 19 

Inst_Index:9683 	 City_Num:50 	 Concorde:5.418102 	 MCTS:5.418102 Improve:0.000000 	 Time:3.75 Seconds
Solution: 1 28 7 30 14 27 13 29 34 46 5 49 11 35 8 32 23 43 22 18 48 3 20 6 41 16 44 26 10 40 24 4 15 21 37 17 25 31 47 33 19 39 45 50 2 12 38 36 42 9 

Inst_Index:9684 	 City_Num:50 	 Concorde:5.280386 	 MCTS:5.280386 Improve:0.000000 	 Time:3.76 Seconds
Solution: 1 21 8 17 4 6 34 20 44 3 43 41 46 13 36 38 29 18 32 48 10 14 2 31 49 45 39 26 16 23 11 30 42 35 50 5 19 47 25 15 28 7 33 12 37 24 9 22 40 27 

Inst_Index:9685 	 City_Num:50 	 Concorde:5.774418 	 MCTS:5.774418 Improve:0.000000 	 Time:3.76 Seconds
Solution: 1 10 27 35 18 32 4 29 42 22 19 24 13 7 34 45 14 48 3 41 20 25 38 8 2 23 39 21 47 46 37 50 30 44 16 5 28 31 43 11 15 17 26 49 36 6 33 9 12 40 

Inst_Index:9686 	 City_Num:50 	 Concorde:5.580521 	 MCTS:5.580521 Improve:-0.000000 	 Time:3.76 Seconds
Solution: 1 14 31 12 46 27 49 43 24 42 23 32 33 5 4 39 19 28 10 41 35 45 17 2 15 26 6 36 34 8 9 18 21 22 44 50 25 7 20 16 47 30 13 40 48 38 3 29 37 11 

Inst_Index:9687 	 City_Num:50 	 Concorde:6.217738 	 MCTS:6.217738 Improve:0.000000 	 Time:3.75 Seconds
Solution: 1 13 46 5 12 27 42 29 15 7 24 22 14 31 16 17 18 33 47 39 50 36 8 4 48 19 40 49 6 3 30 41 35 10 23 37 25 28 44 43 2 34 32 9 45 26 21 38 11 20 

Inst_Index:9688 	 City_Num:50 	 Concorde:5.800728 	 MCTS:5.795757 Improve:0.004971 	 Time:3.76 Seconds
Solution: 1 13 48 30 27 15 31 20 28 11 5 37 12 24 47 9 8 44 42 29 32 40 35 25 19 6 34 49 43 21 4 33 26 41 2 50 46 45 3 36 38 39 14 18 17 23 10 16 22 7 

Inst_Index:9689 	 City_Num:50 	 Concorde:5.696125 	 MCTS:5.696125 Improve:-0.000000 	 Time:3.77 Seconds
Solution: 1 27 22 37 38 7 36 40 28 12 26 35 20 41 13 43 24 4 39 18 21 5 45 10 17 14 32 3 25 6 16 23 2 47 48 29 19 11 46 42 8 33 30 50 49 15 31 9 44 34 

Inst_Index:9690 	 City_Num:50 	 Concorde:5.826906 	 MCTS:5.826906 Improve:0.000000 	 Time:3.76 Seconds
Solution: 1 36 9 48 7 16 30 28 18 19 26 6 23 17 31 2 21 44 8 3 22 4 47 40 14 5 35 13 50 45 39 38 15 42 25 27 49 12 46 24 11 29 10 37 32 34 41 20 33 43 

Inst_Index:9691 	 City_Num:50 	 Concorde:5.295987 	 MCTS:5.295987 Improve:0.000000 	 Time:3.78 Seconds
Solution: 1 48 31 21 17 14 16 18 13 19 29 25 41 5 32 44 33 42 30 28 27 47 3 34 6 39 38 26 20 11 37 8 49 45 10 36 35 7 24 22 9 50 46 12 15 23 43 40 4 2 

Inst_Index:9692 	 City_Num:50 	 Concorde:5.829025 	 MCTS:5.829025 Improve:0.000000 	 Time:3.75 Seconds
Solution: 1 21 14 33 50 36 11 31 30 17 8 43 46 10 23 2 28 35 5 22 39 42 16 4 34 37 27 19 9 3 47 49 15 6 45 29 48 18 40 13 38 41 7 26 25 24 20 44 12 32 

Inst_Index:9693 	 City_Num:50 	 Concorde:5.436173 	 MCTS:5.430960 Improve:0.005213 	 Time:3.76 Seconds
Solution: 1 38 35 15 40 13 49 28 31 12 48 44 26 17 32 16 9 8 45 34 42 33 2 30 47 6 11 18 24 27 43 29 10 46 50 23 39 7 41 3 36 19 14 21 20 22 4 5 37 25 

Inst_Index:9694 	 City_Num:50 	 Concorde:5.682463 	 MCTS:5.681078 Improve:0.001385 	 Time:3.75 Seconds
Solution: 1 34 11 12 15 5 9 32 19 16 20 28 3 41 38 33 46 7 21 43 30 2 24 10 31 22 29 45 25 47 48 4 26 44 50 17 36 35 14 13 40 37 6 39 49 18 42 23 27 8 

Inst_Index:9695 	 City_Num:50 	 Concorde:5.391142 	 MCTS:5.390499 Improve:0.000642 	 Time:3.76 Seconds
Solution: 1 28 24 44 34 35 14 49 47 43 25 11 12 31 45 50 8 42 10 17 27 6 3 18 20 26 46 33 37 13 21 19 32 36 9 7 41 4 29 39 38 15 30 23 48 2 16 5 40 22 

Inst_Index:9696 	 City_Num:50 	 Concorde:6.034785 	 MCTS:6.034785 Improve:0.000000 	 Time:3.77 Seconds
Solution: 1 43 36 44 6 47 2 22 13 46 3 40 19 28 29 24 8 12 7 17 14 27 31 26 15 16 18 33 32 37 42 45 38 21 50 39 35 25 23 10 5 49 11 30 4 9 41 20 34 48 

Inst_Index:9697 	 City_Num:50 	 Concorde:5.497977 	 MCTS:5.497977 Improve:0.000000 	 Time:3.76 Seconds
Solution: 1 31 25 24 27 2 39 41 8 16 40 35 20 10 5 18 46 32 26 33 47 49 14 36 15 21 12 45 23 43 38 6 42 3 30 4 9 34 22 50 13 28 17 37 48 44 7 29 19 11 

Inst_Index:9698 	 City_Num:50 	 Concorde:5.870989 	 MCTS:5.870989 Improve:-0.000000 	 Time:3.75 Seconds
Solution: 1 21 31 18 29 19 30 37 32 7 4 12 42 14 20 48 2 34 36 16 13 39 45 40 41 15 17 43 44 47 38 49 25 26 8 11 35 3 9 46 28 23 10 6 24 33 27 50 22 5 

Inst_Index:9699 	 City_Num:50 	 Concorde:5.417922 	 MCTS:5.417922 Improve:-0.000000 	 Time:3.76 Seconds
Solution: 1 14 28 43 30 25 26 11 37 20 21 41 4 47 33 42 48 45 10 50 5 31 18 17 8 36 49 16 44 27 12 46 22 38 39 23 24 3 15 2 29 9 32 34 13 40 7 19 35 6 

Inst_Index:9700 	 City_Num:50 	 Concorde:5.604373 	 MCTS:5.604373 Improve:0.000000 	 Time:3.76 Seconds
Solution: 1 47 21 39 38 10 37 35 9 32 18 28 8 23 49 6 36 5 13 43 44 41 11 45 27 24 22 42 50 4 33 30 46 16 29 3 40 31 17 12 15 14 34 7 48 26 2 19 20 25 

Inst_Index:9701 	 City_Num:50 	 Concorde:5.674331 	 MCTS:5.674331 Improve:-0.000000 	 Time:3.75 Seconds
Solution: 1 36 10 40 20 11 28 13 38 19 9 31 17 49 50 45 5 18 14 29 44 2 21 27 24 47 25 48 3 16 7 22 30 43 35 37 39 26 12 32 8 42 41 34 23 15 33 6 4 46 

Inst_Index:9702 	 City_Num:50 	 Concorde:5.539435 	 MCTS:5.539435 Improve:-0.000000 	 Time:3.76 Seconds
Solution: 1 16 41 33 9 47 45 11 32 10 5 29 21 8 23 6 31 39 17 44 50 46 12 48 25 15 26 4 30 20 36 7 35 40 3 24 27 38 18 22 14 13 19 28 43 34 42 2 49 37 

Inst_Index:9703 	 City_Num:50 	 Concorde:5.459731 	 MCTS:5.459731 Improve:0.000000 	 Time:3.75 Seconds
Solution: 1 23 39 26 11 9 13 47 30 24 12 8 16 3 43 49 25 6 36 17 48 34 4 22 38 45 19 50 14 27 2 35 37 15 31 18 10 41 20 21 32 5 29 46 44 40 7 42 33 28 


Avg_Concorde_Distance: 5.700769 Avg_MCTS_Distance: 5.699809 Avg_Gap: -0.000170 Total_Time: 1178.17 Seconds 
 Beat_Best_Known_Times: 107 Match_Best_Known_Times: 206 Miss_Best_Known_Times: 0 
