Number_of_Instances_In_Current_Batch: 313

Inst_Index:3444 	 City_Num:50 	 Concorde:5.656252 	 MCTS:5.655981 Improve:0.000271 	 Time:3.76 Seconds
Solution: 1 26 13 40 42 36 17 49 21 3 25 24 47 28 11 2 45 39 19 34 32 20 18 38 50 9 4 15 37 6 22 10 48 41 5 46 16 8 7 12 27 14 33 23 29 43 44 31 30 35 

Inst_Index:3445 	 City_Num:50 	 Concorde:6.086829 	 MCTS:6.086464 Improve:0.000365 	 Time:3.75 Seconds
Solution: 1 21 14 22 37 6 15 28 2 30 27 12 11 35 25 49 18 43 19 17 5 4 16 44 26 38 41 46 23 47 34 48 31 20 24 33 42 39 36 29 32 3 50 7 13 40 45 9 10 8 

Inst_Index:3446 	 City_Num:50 	 Concorde:5.872339 	 MCTS:5.872254 Improve:0.000085 	 Time:3.77 Seconds
Solution: 1 3 23 37 45 19 50 30 43 47 6 46 10 35 40 49 12 48 5 17 27 26 33 21 15 24 34 7 25 4 18 14 20 13 32 38 36 39 28 9 44 31 42 41 29 2 11 22 8 16 

Inst_Index:3447 	 City_Num:50 	 Concorde:5.754896 	 MCTS:5.754896 Improve:0.000000 	 Time:3.75 Seconds
Solution: 1 9 40 13 32 45 33 39 26 50 27 49 18 28 10 43 6 34 23 5 38 47 19 7 42 11 3 17 36 31 15 14 44 24 29 2 46 22 30 4 16 41 37 25 12 35 8 20 48 21 

Inst_Index:3448 	 City_Num:50 	 Concorde:5.337038 	 MCTS:5.332261 Improve:0.004777 	 Time:3.77 Seconds
Solution: 1 20 2 46 40 26 12 32 42 4 29 18 44 14 35 37 25 49 23 47 11 34 13 36 27 6 24 17 50 28 43 3 41 22 19 48 33 16 39 38 30 5 31 7 45 9 21 10 15 8 

Inst_Index:3449 	 City_Num:50 	 Concorde:5.746598 	 MCTS:5.746598 Improve:0.000000 	 Time:3.76 Seconds
Solution: 1 12 26 17 50 36 2 8 45 19 20 5 11 29 27 10 38 7 43 34 6 14 44 32 21 24 37 23 13 18 41 48 31 33 39 40 46 30 35 47 4 22 15 28 9 49 16 25 3 42 

Inst_Index:3450 	 City_Num:50 	 Concorde:5.738567 	 MCTS:5.738567 Improve:-0.000000 	 Time:3.75 Seconds
Solution: 1 24 48 27 29 26 22 33 35 30 41 42 39 20 14 9 12 18 40 50 38 46 25 45 6 4 2 32 3 49 7 31 36 23 15 28 47 13 34 44 21 43 19 11 16 37 17 8 10 5 

Inst_Index:3451 	 City_Num:50 	 Concorde:5.610058 	 MCTS:5.609792 Improve:0.000266 	 Time:3.77 Seconds
Solution: 1 22 28 10 15 38 8 42 31 50 7 30 4 19 43 40 33 12 44 20 35 29 25 41 23 21 37 13 34 36 26 2 14 9 27 17 49 6 46 45 3 18 47 32 5 48 39 16 24 11 

Inst_Index:3452 	 City_Num:50 	 Concorde:6.040977 	 MCTS:6.040977 Improve:-0.000000 	 Time:3.75 Seconds
Solution: 1 42 22 34 2 39 35 44 30 36 10 25 13 18 23 49 21 12 5 15 43 8 4 41 28 32 29 40 27 47 38 3 9 16 17 45 37 14 24 6 20 7 31 46 48 11 19 33 50 26 

Inst_Index:3453 	 City_Num:50 	 Concorde:5.851320 	 MCTS:5.850759 Improve:0.000561 	 Time:3.75 Seconds
Solution: 1 39 29 3 27 46 37 45 6 15 8 34 9 7 5 21 12 11 36 30 25 24 47 19 22 2 33 31 16 10 17 50 48 14 20 23 43 13 42 28 4 26 49 35 41 40 32 44 38 18 

Inst_Index:3454 	 City_Num:50 	 Concorde:5.744304 	 MCTS:5.744304 Improve:0.000000 	 Time:3.76 Seconds
Solution: 1 27 11 38 15 18 42 25 49 41 4 6 50 13 26 48 9 5 34 43 12 10 28 32 40 17 7 8 3 39 20 22 35 21 24 47 2 30 31 37 23 45 16 14 19 36 46 44 33 29 

Inst_Index:3455 	 City_Num:50 	 Concorde:5.803638 	 MCTS:5.803638 Improve:-0.000000 	 Time:3.76 Seconds
Solution: 1 41 23 24 4 13 37 6 38 48 22 49 27 11 18 2 31 26 17 12 7 46 29 19 30 36 47 10 16 9 43 5 20 50 28 8 44 14 25 33 40 3 39 42 21 15 34 45 35 32 

Inst_Index:3456 	 City_Num:50 	 Concorde:6.182407 	 MCTS:6.182407 Improve:0.000000 	 Time:3.76 Seconds
Solution: 1 17 15 18 47 21 29 25 30 24 14 42 6 38 13 48 32 4 41 36 40 45 8 2 11 20 10 12 22 5 37 16 44 19 46 49 7 9 27 3 35 50 43 31 23 34 26 39 33 28 

Inst_Index:3457 	 City_Num:50 	 Concorde:5.850816 	 MCTS:5.850816 Improve:0.000000 	 Time:3.75 Seconds
Solution: 1 32 13 8 26 39 3 25 41 36 19 9 40 50 22 23 29 10 11 27 16 21 48 37 47 24 5 4 46 33 12 14 7 20 49 42 17 45 28 44 38 43 31 6 2 35 18 15 30 34 

Inst_Index:3458 	 City_Num:50 	 Concorde:5.228046 	 MCTS:5.228046 Improve:0.000000 	 Time:3.75 Seconds
Solution: 1 29 50 3 21 25 8 32 17 42 44 4 48 33 36 2 38 41 6 45 30 11 39 31 16 47 49 43 10 22 7 19 15 13 27 40 12 24 28 18 26 34 14 37 35 9 5 23 20 46 

Inst_Index:3459 	 City_Num:50 	 Concorde:5.737086 	 MCTS:5.737078 Improve:0.000008 	 Time:3.75 Seconds
Solution: 1 31 27 32 35 21 49 39 25 5 50 37 16 22 24 14 6 28 8 4 33 18 17 44 15 29 7 13 41 23 38 12 20 45 26 43 36 34 11 3 40 46 10 2 30 47 9 19 42 48 

Inst_Index:3460 	 City_Num:50 	 Concorde:6.054030 	 MCTS:6.052348 Improve:0.001683 	 Time:3.77 Seconds
Solution: 1 44 9 8 11 19 33 4 46 24 22 34 27 31 20 25 16 30 13 3 32 49 2 10 50 23 12 43 42 36 35 29 5 21 14 40 7 48 41 37 18 28 26 45 6 47 15 38 17 39 

Inst_Index:3461 	 City_Num:50 	 Concorde:5.937395 	 MCTS:5.935699 Improve:0.001696 	 Time:3.76 Seconds
Solution: 1 47 5 7 25 50 46 27 49 33 31 17 4 40 37 32 2 29 16 12 45 41 39 26 19 23 43 3 21 22 20 38 35 9 42 18 8 28 34 15 36 14 13 44 11 24 30 6 10 48 

Inst_Index:3462 	 City_Num:50 	 Concorde:5.569289 	 MCTS:5.569289 Improve:0.000000 	 Time:3.75 Seconds
Solution: 1 27 21 34 37 49 18 24 11 35 36 30 28 23 20 25 44 40 45 9 15 10 38 47 33 50 48 16 3 41 14 31 8 42 4 2 17 13 7 6 46 12 29 39 43 26 22 32 19 5 

Inst_Index:3463 	 City_Num:50 	 Concorde:5.300168 	 MCTS:5.300168 Improve:-0.000000 	 Time:3.75 Seconds
Solution: 1 31 43 35 25 14 44 37 48 8 12 41 5 30 29 17 10 33 21 45 28 22 15 7 18 34 36 11 46 47 3 20 26 50 23 42 19 9 40 38 16 2 13 32 6 39 49 27 4 24 

Inst_Index:3464 	 City_Num:50 	 Concorde:5.724230 	 MCTS:5.713205 Improve:0.011025 	 Time:3.76 Seconds
Solution: 1 34 14 42 31 12 13 6 49 32 46 30 25 39 20 10 48 24 22 9 2 18 43 33 38 40 27 47 8 35 44 7 17 28 37 45 23 16 26 41 36 5 29 11 50 3 4 19 21 15 

Inst_Index:3465 	 City_Num:50 	 Concorde:5.425157 	 MCTS:5.423587 Improve:0.001570 	 Time:3.75 Seconds
Solution: 1 44 10 9 21 12 14 31 40 4 33 19 8 3 34 16 37 24 23 27 2 49 17 26 25 42 6 28 22 7 39 47 30 43 45 11 32 46 13 5 41 48 38 15 18 20 35 36 29 50 

Inst_Index:3466 	 City_Num:50 	 Concorde:5.858408 	 MCTS:5.858189 Improve:0.000219 	 Time:3.75 Seconds
Solution: 1 37 33 24 15 21 23 30 18 34 2 48 49 27 31 47 25 20 17 40 11 42 26 41 13 50 9 14 3 4 16 45 8 5 46 35 7 43 28 6 19 36 32 39 10 29 44 38 22 12 

Inst_Index:3467 	 City_Num:50 	 Concorde:5.634391 	 MCTS:5.634391 Improve:-0.000000 	 Time:3.77 Seconds
Solution: 1 46 9 40 38 45 29 15 3 13 14 2 8 35 49 10 4 25 47 27 11 18 34 48 12 41 5 21 42 30 26 24 6 39 37 33 17 20 31 44 50 19 43 22 36 28 16 32 23 7 

Inst_Index:3468 	 City_Num:50 	 Concorde:5.680056 	 MCTS:5.680056 Improve:-0.000000 	 Time:3.76 Seconds
Solution: 1 32 17 7 16 48 26 15 47 39 20 35 6 24 46 3 50 11 13 28 31 33 23 38 29 37 34 44 2 18 9 42 43 19 36 25 21 5 8 40 45 12 30 4 27 14 22 41 49 10 

Inst_Index:3469 	 City_Num:50 	 Concorde:5.424083 	 MCTS:5.416076 Improve:0.008007 	 Time:3.75 Seconds
Solution: 1 26 49 45 32 22 16 19 27 7 41 50 15 31 4 33 29 8 40 28 3 30 13 12 48 23 2 34 42 38 36 10 47 18 43 37 35 20 24 21 17 9 44 39 25 5 6 46 14 11 

Inst_Index:3470 	 City_Num:50 	 Concorde:5.690732 	 MCTS:5.690732 Improve:0.000000 	 Time:3.76 Seconds
Solution: 1 21 30 40 18 10 25 36 39 9 8 27 38 24 33 23 22 7 44 49 3 46 20 26 35 32 16 13 14 4 6 47 41 42 17 48 15 45 50 43 31 37 11 34 12 2 5 29 19 28 

Inst_Index:3471 	 City_Num:50 	 Concorde:5.341554 	 MCTS:5.341004 Improve:0.000550 	 Time:3.75 Seconds
Solution: 1 31 13 10 4 46 24 44 37 35 15 12 36 30 23 11 19 7 21 25 18 45 32 3 43 17 26 16 6 22 38 39 20 42 41 9 50 33 29 2 5 47 34 28 27 14 49 48 8 40 

Inst_Index:3472 	 City_Num:50 	 Concorde:5.995829 	 MCTS:5.994722 Improve:0.001108 	 Time:3.76 Seconds
Solution: 1 33 44 39 22 27 25 46 38 34 16 3 35 8 32 41 49 19 21 30 50 36 29 48 28 24 4 15 10 17 26 14 37 45 12 9 11 31 5 40 42 2 7 23 47 43 20 13 6 18 

Inst_Index:3473 	 City_Num:50 	 Concorde:6.066651 	 MCTS:6.065633 Improve:0.001018 	 Time:3.75 Seconds
Solution: 1 14 31 19 10 26 39 11 25 3 46 12 21 48 50 4 30 18 2 5 36 15 45 29 32 22 33 37 44 7 43 47 28 23 17 41 38 40 20 16 9 6 27 13 49 34 42 35 8 24 

Inst_Index:3474 	 City_Num:50 	 Concorde:5.860418 	 MCTS:5.860418 Improve:0.000000 	 Time:3.76 Seconds
Solution: 1 41 50 25 22 15 42 10 35 31 30 32 26 23 33 5 19 44 12 45 24 8 18 39 6 9 21 7 48 28 3 36 17 49 16 38 34 13 37 20 14 43 46 4 11 27 40 29 2 47 

Inst_Index:3475 	 City_Num:50 	 Concorde:5.912621 	 MCTS:5.912621 Improve:-0.000000 	 Time:3.77 Seconds
Solution: 1 31 39 26 20 37 9 35 41 40 22 12 32 16 24 15 2 38 43 21 4 33 27 18 8 30 50 28 36 10 48 19 45 44 29 6 7 11 42 25 47 13 34 3 17 14 23 49 46 5 

Inst_Index:3476 	 City_Num:50 	 Concorde:5.756033 	 MCTS:5.756033 Improve:0.000000 	 Time:3.77 Seconds
Solution: 1 49 27 7 23 13 30 22 40 32 21 48 2 34 16 39 44 17 43 33 3 18 28 11 9 46 14 29 4 47 25 6 8 10 24 12 41 36 50 31 20 19 5 37 15 45 26 38 42 35 

Inst_Index:3477 	 City_Num:50 	 Concorde:5.514746 	 MCTS:5.511752 Improve:0.002994 	 Time:3.76 Seconds
Solution: 1 50 24 21 16 10 45 3 2 23 41 11 39 35 20 18 17 19 40 25 13 43 31 22 15 7 12 8 47 49 30 4 34 42 26 27 29 48 44 33 14 6 38 28 5 37 32 36 46 9 

Inst_Index:3478 	 City_Num:50 	 Concorde:5.846708 	 MCTS:5.846708 Improve:-0.000000 	 Time:3.76 Seconds
Solution: 1 46 19 18 2 35 34 9 13 26 7 38 17 48 50 22 20 44 15 6 24 11 32 49 10 42 8 45 40 27 47 5 23 12 28 39 37 29 36 41 14 16 25 43 21 3 30 31 33 4 

Inst_Index:3479 	 City_Num:50 	 Concorde:5.573350 	 MCTS:5.565981 Improve:0.007368 	 Time:3.76 Seconds
Solution: 1 49 2 28 11 41 20 27 34 14 17 15 40 45 31 8 46 24 13 9 5 10 43 33 42 22 36 12 16 6 37 29 35 23 3 4 19 7 25 18 50 47 48 32 38 26 44 39 30 21 

Inst_Index:3480 	 City_Num:50 	 Concorde:5.531501 	 MCTS:5.528080 Improve:0.003421 	 Time:3.76 Seconds
Solution: 1 16 34 37 41 28 46 3 25 4 30 33 21 5 38 15 12 2 23 36 49 47 10 42 50 48 18 27 24 7 11 39 9 40 14 32 35 13 6 45 29 44 19 8 43 17 20 26 22 31 

Inst_Index:3481 	 City_Num:50 	 Concorde:5.654985 	 MCTS:5.654985 Improve:0.000000 	 Time:3.76 Seconds
Solution: 1 48 35 15 41 33 21 9 49 28 50 42 26 24 18 23 14 2 38 43 3 25 19 40 10 13 16 7 20 32 8 46 29 36 11 5 27 34 30 44 45 12 37 17 6 4 22 39 47 31 

Inst_Index:3482 	 City_Num:50 	 Concorde:6.103210 	 MCTS:6.103210 Improve:0.000000 	 Time:3.77 Seconds
Solution: 1 32 43 25 2 29 30 20 36 39 11 31 21 18 3 50 8 49 27 9 33 10 38 35 7 45 14 40 16 19 4 42 12 48 26 15 5 41 34 22 17 24 13 46 47 44 28 37 23 6 

Inst_Index:3483 	 City_Num:50 	 Concorde:6.159595 	 MCTS:6.159595 Improve:0.000000 	 Time:3.76 Seconds
Solution: 1 41 19 25 36 43 17 49 28 33 20 15 40 16 4 34 23 37 22 47 32 3 12 50 38 9 29 2 24 44 13 45 42 6 46 11 26 5 21 48 14 35 30 8 7 18 27 31 39 10 

Inst_Index:3484 	 City_Num:50 	 Concorde:5.869473 	 MCTS:5.869473 Improve:0.000000 	 Time:3.76 Seconds
Solution: 1 25 23 9 37 18 44 15 42 29 8 22 12 38 2 36 28 19 24 14 27 31 49 39 7 17 43 47 40 3 30 4 10 16 21 32 6 5 50 41 34 11 35 13 26 45 46 48 20 33 

Inst_Index:3485 	 City_Num:50 	 Concorde:5.540282 	 MCTS:5.535354 Improve:0.004927 	 Time:3.77 Seconds
Solution: 1 12 27 24 40 7 47 33 6 43 14 45 16 8 13 39 23 46 34 35 38 20 37 42 5 22 17 2 50 31 30 44 4 3 19 36 11 32 41 26 48 21 10 18 15 29 25 28 49 9 

Inst_Index:3486 	 City_Num:50 	 Concorde:5.580845 	 MCTS:5.580845 Improve:0.000000 	 Time:3.77 Seconds
Solution: 1 10 19 14 45 25 48 38 5 36 9 39 33 43 46 17 41 24 32 7 22 44 40 12 4 42 34 47 29 35 37 16 49 18 21 6 28 27 3 50 8 26 15 30 2 13 31 20 11 23 

Inst_Index:3487 	 City_Num:50 	 Concorde:5.942508 	 MCTS:5.942508 Improve:0.000000 	 Time:3.76 Seconds
Solution: 1 11 30 5 24 49 38 22 17 37 35 9 4 36 14 2 46 10 27 48 25 19 45 42 39 6 15 3 8 13 47 7 29 18 41 32 40 23 31 26 21 20 16 28 34 50 44 33 43 12 

Inst_Index:3488 	 City_Num:50 	 Concorde:5.615462 	 MCTS:5.615462 Improve:0.000000 	 Time:3.75 Seconds
Solution: 1 23 49 34 11 25 2 44 30 10 21 43 15 48 12 38 24 40 26 6 4 46 9 28 22 27 41 36 14 32 42 45 16 31 37 20 8 50 18 19 13 39 35 7 47 3 29 5 17 33 

Inst_Index:3489 	 City_Num:50 	 Concorde:5.977458 	 MCTS:5.970850 Improve:0.006607 	 Time:3.75 Seconds
Solution: 1 16 3 49 23 40 14 41 21 27 48 13 6 22 8 33 39 30 4 11 45 34 35 29 26 12 46 36 15 25 17 28 43 18 50 44 24 38 42 9 5 2 7 20 31 37 19 47 32 10 

Inst_Index:3490 	 City_Num:50 	 Concorde:5.362625 	 MCTS:5.362625 Improve:0.000000 	 Time:3.79 Seconds
Solution: 1 15 14 50 16 29 5 26 18 37 48 13 8 22 35 28 45 21 7 19 30 33 47 20 12 27 2 10 38 11 6 32 4 31 34 43 39 25 41 9 23 42 17 44 36 46 40 49 24 3 

Inst_Index:3491 	 City_Num:50 	 Concorde:6.003854 	 MCTS:6.001021 Improve:0.002832 	 Time:3.75 Seconds
Solution: 1 37 9 44 32 49 20 29 15 30 24 5 50 3 47 27 18 45 7 8 36 14 26 31 42 21 48 39 33 34 10 25 35 41 17 38 11 19 46 4 2 23 28 6 12 43 16 40 22 13 

Inst_Index:3492 	 City_Num:50 	 Concorde:5.901268 	 MCTS:5.894652 Improve:0.006616 	 Time:3.77 Seconds
Solution: 1 4 42 26 39 14 13 2 23 12 9 46 21 47 40 31 44 37 41 19 20 33 8 28 3 32 7 34 48 27 18 45 50 43 11 5 30 17 24 29 10 6 25 49 36 38 15 35 16 22 

Inst_Index:3493 	 City_Num:50 	 Concorde:5.735490 	 MCTS:5.731632 Improve:0.003858 	 Time:3.75 Seconds
Solution: 1 16 12 47 4 31 26 28 19 36 46 5 49 22 7 29 42 13 11 43 21 41 45 40 50 14 37 24 25 35 17 30 48 15 44 32 20 18 23 2 39 10 27 3 33 38 6 8 9 34 

Inst_Index:3494 	 City_Num:50 	 Concorde:5.959296 	 MCTS:5.959296 Improve:0.000000 	 Time:3.76 Seconds
Solution: 1 19 35 31 10 22 27 47 30 9 24 25 50 39 3 44 5 8 41 32 37 16 29 17 42 38 14 36 2 4 11 48 26 15 20 40 6 13 33 23 49 12 45 18 7 34 21 28 46 43 

Inst_Index:3495 	 City_Num:50 	 Concorde:5.698493 	 MCTS:5.690903 Improve:0.007590 	 Time:3.76 Seconds
Solution: 1 6 33 35 43 4 28 39 22 34 20 27 31 29 15 40 44 14 37 48 13 9 42 24 18 10 41 46 5 12 16 21 26 50 25 7 38 19 47 8 17 30 2 32 49 3 36 45 11 23 

Inst_Index:3496 	 City_Num:50 	 Concorde:5.790204 	 MCTS:5.790204 Improve:-0.000000 	 Time:3.76 Seconds
Solution: 1 33 6 9 37 8 45 39 26 29 15 40 24 19 34 7 35 42 4 31 27 16 28 41 23 32 25 43 11 30 46 21 5 20 22 13 38 17 12 3 48 14 44 47 50 49 18 2 36 10 

Inst_Index:3497 	 City_Num:50 	 Concorde:6.016026 	 MCTS:6.016026 Improve:-0.000000 	 Time:3.75 Seconds
Solution: 1 19 50 18 5 29 22 41 25 23 26 30 15 35 11 8 48 47 43 20 28 10 36 13 27 2 6 40 21 39 37 31 3 14 46 12 49 4 9 34 32 16 42 44 17 24 33 7 38 45 

Inst_Index:3498 	 City_Num:50 	 Concorde:5.475155 	 MCTS:5.468081 Improve:0.007074 	 Time:3.77 Seconds
Solution: 1 7 2 9 42 47 11 22 16 4 49 36 10 5 28 33 21 3 26 17 24 35 41 29 38 37 19 40 12 39 23 30 25 34 6 13 18 14 15 32 43 50 27 46 44 20 48 31 8 45 

Inst_Index:3499 	 City_Num:50 	 Concorde:5.826304 	 MCTS:5.826304 Improve:0.000000 	 Time:3.76 Seconds
Solution: 1 35 17 6 31 29 46 28 45 47 13 10 14 48 21 4 23 40 20 30 34 41 9 11 12 24 33 42 19 49 22 39 16 36 43 44 8 2 7 27 26 15 38 5 37 32 3 18 50 25 

Inst_Index:3500 	 City_Num:50 	 Concorde:5.495827 	 MCTS:5.487306 Improve:0.008521 	 Time:3.75 Seconds
Solution: 1 44 17 4 21 11 22 47 14 9 15 5 49 10 35 32 31 19 46 18 36 29 28 20 41 24 45 8 30 25 50 7 33 2 12 43 26 27 42 16 38 48 6 39 13 37 23 40 34 3 

Inst_Index:3501 	 City_Num:50 	 Concorde:5.964981 	 MCTS:5.958164 Improve:0.006817 	 Time:3.77 Seconds
Solution: 1 14 23 40 42 5 28 38 50 43 35 7 45 37 31 19 49 11 12 18 13 44 39 48 4 32 3 21 20 46 17 27 41 30 6 29 25 22 34 2 24 26 16 15 8 10 47 36 9 33 

Inst_Index:3502 	 City_Num:50 	 Concorde:5.507122 	 MCTS:5.507122 Improve:-0.000000 	 Time:3.76 Seconds
Solution: 1 44 14 32 38 41 33 50 37 36 12 35 30 19 25 28 31 49 11 21 9 17 6 20 22 34 29 8 45 3 46 5 48 39 2 16 7 43 42 18 10 47 13 26 40 15 24 23 27 4 

Inst_Index:3503 	 City_Num:50 	 Concorde:5.788395 	 MCTS:5.788395 Improve:-0.000000 	 Time:3.76 Seconds
Solution: 1 16 13 12 35 20 5 9 25 23 34 4 7 10 21 41 42 11 31 43 39 27 40 49 6 50 3 18 37 46 45 32 29 22 14 33 44 36 48 8 24 17 2 30 19 15 47 38 28 26 

Inst_Index:3504 	 City_Num:50 	 Concorde:6.004805 	 MCTS:6.000606 Improve:0.004199 	 Time:3.76 Seconds
Solution: 1 10 47 26 22 42 38 2 3 12 14 21 27 19 40 30 6 16 24 20 9 37 23 32 41 7 35 39 43 36 45 5 48 15 11 8 18 17 28 34 29 4 33 46 44 25 49 50 13 31 

Inst_Index:3505 	 City_Num:50 	 Concorde:5.864838 	 MCTS:5.864838 Improve:0.000000 	 Time:3.76 Seconds
Solution: 1 26 10 2 33 4 29 12 45 18 20 31 35 48 27 17 23 3 11 8 46 32 25 28 5 14 16 19 36 44 47 43 41 39 6 49 7 9 40 34 21 42 30 22 15 24 13 37 50 38 

Inst_Index:3506 	 City_Num:50 	 Concorde:5.679045 	 MCTS:5.679045 Improve:0.000000 	 Time:3.75 Seconds
Solution: 1 10 25 40 42 21 13 37 41 14 44 46 23 33 6 15 43 30 19 18 36 26 39 17 50 5 12 9 24 48 28 45 31 20 27 3 22 2 34 8 29 4 49 32 11 38 47 16 7 35 

Inst_Index:3507 	 City_Num:50 	 Concorde:5.432945 	 MCTS:5.432815 Improve:0.000130 	 Time:3.77 Seconds
Solution: 1 46 39 31 22 44 9 15 33 23 32 37 14 28 5 6 16 24 36 42 7 8 26 48 18 25 50 4 13 35 27 38 41 29 3 12 34 45 49 11 47 19 40 2 10 30 17 20 21 43 

Inst_Index:3508 	 City_Num:50 	 Concorde:5.601339 	 MCTS:5.601339 Improve:0.000000 	 Time:3.77 Seconds
Solution: 1 39 20 48 43 28 23 13 34 12 49 7 5 50 17 41 18 44 47 2 32 21 22 9 26 42 3 24 31 27 33 35 19 46 8 38 40 45 37 25 29 4 16 15 14 36 10 6 30 11 

Inst_Index:3509 	 City_Num:50 	 Concorde:5.502457 	 MCTS:5.502457 Improve:0.000000 	 Time:3.76 Seconds
Solution: 1 26 45 25 42 13 46 43 6 2 16 11 19 5 47 17 41 22 3 10 38 8 23 27 36 39 35 21 4 33 49 24 14 12 18 7 29 9 28 37 31 34 30 40 15 32 50 20 48 44 

Inst_Index:3510 	 City_Num:50 	 Concorde:5.609201 	 MCTS:5.605459 Improve:0.003742 	 Time:3.75 Seconds
Solution: 1 12 37 9 25 31 32 45 17 2 24 8 39 28 27 18 46 26 4 16 10 15 23 48 35 11 40 13 21 50 42 22 44 47 38 36 7 43 3 33 14 29 49 5 6 30 41 19 20 34 

Inst_Index:3511 	 City_Num:50 	 Concorde:5.568686 	 MCTS:5.568686 Improve:-0.000000 	 Time:3.76 Seconds
Solution: 1 30 29 26 46 6 21 14 2 19 18 20 23 41 3 47 43 40 36 24 42 5 31 9 35 16 22 37 12 10 48 8 13 33 11 49 27 25 17 44 50 4 7 45 32 15 34 39 28 38 

Inst_Index:3512 	 City_Num:50 	 Concorde:5.718026 	 MCTS:5.712249 Improve:0.005777 	 Time:3.77 Seconds
Solution: 1 36 37 31 39 42 14 38 11 34 32 22 43 17 6 2 46 10 7 47 18 49 23 19 8 45 20 33 24 3 12 15 5 35 44 41 13 9 48 25 26 50 4 29 40 28 30 16 21 27 

Inst_Index:3513 	 City_Num:50 	 Concorde:5.674976 	 MCTS:5.674976 Improve:-0.000000 	 Time:3.76 Seconds
Solution: 1 38 43 11 8 23 49 27 19 44 12 2 48 26 31 6 47 15 13 10 29 50 41 39 3 4 35 21 17 46 34 37 28 25 14 16 18 5 40 22 36 42 9 33 32 20 24 7 30 45 

Inst_Index:3514 	 City_Num:50 	 Concorde:5.577343 	 MCTS:5.577343 Improve:-0.000000 	 Time:3.78 Seconds
Solution: 1 43 24 22 17 31 50 11 20 8 39 16 36 12 42 34 9 46 14 10 13 6 18 38 47 45 3 28 48 33 37 49 32 7 19 23 41 15 40 4 2 25 29 5 35 26 27 44 21 30 

Inst_Index:3515 	 City_Num:50 	 Concorde:5.497530 	 MCTS:5.497530 Improve:0.000000 	 Time:3.76 Seconds
Solution: 1 24 49 48 47 6 15 31 37 40 44 43 29 30 2 22 39 41 26 14 18 9 21 28 36 45 3 17 4 35 12 42 5 13 11 32 50 16 8 25 46 27 34 23 10 19 7 20 33 38 

Inst_Index:3516 	 City_Num:50 	 Concorde:5.283475 	 MCTS:5.283475 Improve:0.000000 	 Time:3.76 Seconds
Solution: 1 11 9 14 46 5 40 33 26 22 32 45 41 19 20 30 42 2 25 31 7 8 29 50 48 44 34 23 27 15 39 43 18 6 37 21 28 13 16 12 3 4 49 35 38 36 47 24 10 17 

Inst_Index:3517 	 City_Num:50 	 Concorde:5.798884 	 MCTS:5.797308 Improve:0.001576 	 Time:3.77 Seconds
Solution: 1 3 49 47 14 46 38 24 21 35 5 45 10 20 30 26 27 36 29 34 39 17 37 41 19 33 7 44 42 12 32 18 15 22 48 16 23 40 4 2 11 6 50 9 25 13 28 8 31 43 

Inst_Index:3518 	 City_Num:50 	 Concorde:6.190190 	 MCTS:6.190190 Improve:-0.000000 	 Time:3.76 Seconds
Solution: 1 16 39 43 27 14 36 32 26 3 50 34 49 45 5 12 9 6 2 46 38 21 13 25 11 35 17 19 31 44 8 33 48 7 40 4 42 23 20 47 18 10 37 22 41 30 15 29 24 28 

Inst_Index:3519 	 City_Num:50 	 Concorde:5.334326 	 MCTS:5.334326 Improve:0.000000 	 Time:3.77 Seconds
Solution: 1 24 33 15 18 39 21 30 49 17 46 9 50 22 48 19 6 7 4 23 3 34 8 38 16 26 10 47 5 14 44 45 41 35 29 2 11 36 28 25 13 42 31 43 12 27 32 37 40 20 

Inst_Index:3520 	 City_Num:50 	 Concorde:5.561514 	 MCTS:5.561514 Improve:-0.000000 	 Time:3.76 Seconds
Solution: 1 48 33 17 4 30 49 41 13 25 45 46 3 44 7 12 8 22 31 15 39 27 11 23 43 18 38 2 24 5 32 36 6 37 28 35 16 29 47 40 26 14 19 42 9 34 21 20 10 50 

Inst_Index:3521 	 City_Num:50 	 Concorde:5.917886 	 MCTS:5.917886 Improve:0.000000 	 Time:3.76 Seconds
Solution: 1 26 48 46 11 18 39 17 8 12 33 7 25 23 19 9 13 21 20 15 30 16 44 38 10 40 49 6 2 5 50 4 45 35 14 34 3 28 32 27 29 31 43 42 47 22 36 41 37 24 

Inst_Index:3522 	 City_Num:50 	 Concorde:5.860646 	 MCTS:5.860646 Improve:-0.000000 	 Time:3.76 Seconds
Solution: 1 9 43 15 12 29 30 37 16 33 20 34 25 8 45 39 27 19 28 48 14 17 5 26 47 38 24 13 4 40 36 21 46 49 32 23 22 42 41 2 3 10 31 7 18 50 44 35 11 6 

Inst_Index:3523 	 City_Num:50 	 Concorde:5.586212 	 MCTS:5.582193 Improve:0.004019 	 Time:3.75 Seconds
Solution: 1 28 10 43 38 31 33 36 19 32 7 40 20 25 4 30 11 9 45 39 2 6 26 50 12 14 37 23 24 3 42 29 48 47 35 15 41 13 22 44 17 46 8 5 16 27 18 34 21 49 

Inst_Index:3524 	 City_Num:50 	 Concorde:6.090407 	 MCTS:6.086359 Improve:0.004048 	 Time:3.75 Seconds
Solution: 1 41 45 14 24 35 2 15 9 37 31 21 28 23 19 42 39 38 34 30 43 32 16 27 48 33 8 12 18 3 29 17 6 47 4 10 5 49 13 44 36 20 26 7 25 46 40 11 22 50 

Inst_Index:3525 	 City_Num:50 	 Concorde:5.769843 	 MCTS:5.766194 Improve:0.003649 	 Time:3.76 Seconds
Solution: 1 29 47 20 41 48 11 46 31 39 16 45 37 33 35 15 17 28 12 44 22 34 8 14 10 21 3 50 36 42 49 9 24 43 32 2 40 23 13 4 18 27 6 25 19 38 5 7 30 26 

Inst_Index:3526 	 City_Num:50 	 Concorde:5.206861 	 MCTS:5.206861 Improve:-0.000000 	 Time:3.75 Seconds
Solution: 1 24 16 50 11 22 15 17 26 42 34 13 12 14 30 6 27 43 46 39 41 23 7 44 33 2 21 20 45 18 29 40 19 8 4 25 5 9 48 47 3 35 31 10 38 32 36 28 49 37 

Inst_Index:3527 	 City_Num:50 	 Concorde:5.656405 	 MCTS:5.649697 Improve:0.006707 	 Time:3.77 Seconds
Solution: 1 3 13 35 11 47 38 30 34 50 2 10 49 40 27 25 18 46 39 5 15 31 48 41 16 33 12 26 44 17 4 29 32 28 19 22 9 21 7 45 24 36 43 8 42 23 6 20 37 14 

Inst_Index:3528 	 City_Num:50 	 Concorde:5.922996 	 MCTS:5.922323 Improve:0.000673 	 Time:3.76 Seconds
Solution: 1 18 25 20 3 48 6 49 46 15 31 21 12 13 4 43 37 11 44 27 34 33 30 19 36 38 26 5 39 24 23 41 22 50 17 10 32 35 29 14 2 47 9 16 40 8 45 7 42 28 

Inst_Index:3529 	 City_Num:50 	 Concorde:6.002507 	 MCTS:6.002507 Improve:0.000000 	 Time:3.76 Seconds
Solution: 1 4 21 48 14 6 12 19 30 7 44 22 35 38 46 26 17 28 39 36 47 40 50 25 13 20 8 5 24 3 11 15 34 45 18 9 27 42 41 43 10 29 33 37 31 23 16 2 32 49 

Inst_Index:3530 	 City_Num:50 	 Concorde:5.500386 	 MCTS:5.495520 Improve:0.004866 	 Time:3.76 Seconds
Solution: 1 12 38 48 37 7 30 2 6 45 23 8 49 14 41 29 50 10 16 34 4 35 40 33 44 13 21 43 9 20 39 19 47 24 25 42 15 5 36 26 28 27 3 17 32 31 46 22 18 11 

Inst_Index:3531 	 City_Num:50 	 Concorde:6.286411 	 MCTS:6.286411 Improve:-0.000000 	 Time:3.76 Seconds
Solution: 1 21 12 24 33 6 29 9 3 34 13 39 49 26 19 37 15 14 27 48 44 43 4 23 35 31 30 11 8 47 38 32 28 40 45 42 17 16 18 22 36 5 20 2 46 50 25 10 7 41 

Inst_Index:3532 	 City_Num:50 	 Concorde:5.624706 	 MCTS:5.624706 Improve:-0.000000 	 Time:3.77 Seconds
Solution: 1 35 8 13 50 27 33 46 18 29 2 10 4 19 40 47 38 49 32 30 22 11 24 12 23 5 3 41 43 37 20 44 36 39 14 7 34 17 45 48 6 15 25 16 42 28 26 9 21 31 

Inst_Index:3533 	 City_Num:50 	 Concorde:5.523607 	 MCTS:5.522942 Improve:0.000665 	 Time:3.77 Seconds
Solution: 1 15 43 14 39 48 34 42 26 29 18 31 28 24 36 45 50 30 47 9 8 38 35 40 33 49 16 7 32 12 41 46 2 17 19 25 22 10 3 4 37 13 11 23 21 6 44 20 27 5 

Inst_Index:3534 	 City_Num:50 	 Concorde:5.613684 	 MCTS:5.613684 Improve:-0.000000 	 Time:3.75 Seconds
Solution: 1 50 6 14 4 25 13 24 10 46 8 30 21 49 23 2 27 7 37 44 41 18 22 36 3 38 32 26 31 33 5 29 42 45 43 16 11 35 19 12 40 15 34 39 9 17 48 28 20 47 

Inst_Index:3535 	 City_Num:50 	 Concorde:5.273198 	 MCTS:5.273198 Improve:0.000000 	 Time:3.76 Seconds
Solution: 1 38 44 17 37 41 15 4 39 34 33 20 11 50 30 42 31 22 7 19 13 14 24 27 3 5 48 6 25 16 21 10 43 45 23 28 40 36 35 18 49 47 46 2 8 26 9 12 29 32 

Inst_Index:3536 	 City_Num:50 	 Concorde:5.504847 	 MCTS:5.504847 Improve:0.000000 	 Time:3.77 Seconds
Solution: 1 48 38 41 23 36 17 34 35 13 3 33 4 40 21 45 29 8 12 25 22 7 31 26 9 47 24 5 19 18 39 43 15 20 46 14 27 32 50 28 30 42 49 37 10 16 6 44 2 11 

Inst_Index:3537 	 City_Num:50 	 Concorde:5.905837 	 MCTS:5.905837 Improve:-0.000000 	 Time:3.77 Seconds
Solution: 1 3 36 7 30 12 15 47 50 44 31 9 11 6 21 39 17 4 46 42 26 20 37 14 49 5 27 16 33 13 2 18 24 25 38 32 22 40 23 10 41 45 43 28 19 8 35 34 48 29 

Inst_Index:3538 	 City_Num:50 	 Concorde:5.702825 	 MCTS:5.701635 Improve:0.001190 	 Time:3.76 Seconds
Solution: 1 47 34 35 40 3 41 24 25 31 13 32 20 33 6 27 50 46 19 2 42 11 43 8 12 22 16 37 5 7 45 9 10 14 38 30 15 18 17 44 4 39 48 26 28 49 23 36 29 21 

Inst_Index:3539 	 City_Num:50 	 Concorde:5.840942 	 MCTS:5.840942 Improve:-0.000000 	 Time:3.76 Seconds
Solution: 1 23 19 6 24 47 29 50 49 33 10 3 2 7 27 39 44 16 36 13 15 35 17 20 30 40 4 43 41 18 45 34 5 21 48 26 42 12 9 32 37 38 8 46 14 11 28 22 31 25 

Inst_Index:3540 	 City_Num:50 	 Concorde:5.656914 	 MCTS:5.656914 Improve:0.000000 	 Time:3.75 Seconds
Solution: 1 31 28 49 26 43 33 37 12 2 5 8 50 15 32 42 7 10 34 17 25 40 14 41 11 18 9 16 22 27 35 3 21 47 36 24 6 19 39 45 48 46 20 30 23 38 13 44 4 29 

Inst_Index:3541 	 City_Num:50 	 Concorde:5.771472 	 MCTS:5.771472 Improve:0.000000 	 Time:3.77 Seconds
Solution: 1 4 37 13 34 41 50 17 19 5 46 27 47 20 8 14 18 38 24 32 29 7 3 42 48 31 35 2 28 39 23 30 21 45 9 44 15 43 16 12 6 11 49 26 36 33 40 22 10 25 

Inst_Index:3542 	 City_Num:50 	 Concorde:5.656318 	 MCTS:5.656318 Improve:0.000000 	 Time:3.76 Seconds
Solution: 1 37 36 44 5 13 21 20 35 34 25 38 16 26 15 33 42 24 29 7 47 6 43 23 31 45 28 11 12 46 17 22 18 50 39 10 14 9 2 27 49 40 48 4 19 30 32 8 41 3 

Inst_Index:3543 	 City_Num:50 	 Concorde:5.947768 	 MCTS:5.947768 Improve:0.000000 	 Time:3.77 Seconds
Solution: 1 38 42 46 49 7 44 32 9 45 15 33 23 47 10 18 20 28 48 35 4 43 37 8 40 50 30 3 5 21 26 2 41 14 24 17 6 39 22 31 12 25 34 13 36 16 29 19 11 27 

Inst_Index:3544 	 City_Num:50 	 Concorde:6.095820 	 MCTS:6.095820 Improve:0.000000 	 Time:3.78 Seconds
Solution: 1 9 16 20 39 11 31 7 18 25 35 46 40 3 49 32 23 15 41 14 45 24 6 36 2 10 33 44 21 12 30 13 5 34 17 4 43 26 37 47 38 8 27 22 28 50 42 48 29 19 

Inst_Index:3545 	 City_Num:50 	 Concorde:5.479842 	 MCTS:5.479842 Improve:0.000000 	 Time:3.76 Seconds
Solution: 1 4 50 9 35 38 6 23 33 28 3 45 34 12 13 5 49 25 7 27 16 26 30 14 47 18 42 40 46 43 11 17 10 44 19 41 32 20 8 31 48 29 2 37 36 22 21 39 24 15 

Inst_Index:3546 	 City_Num:50 	 Concorde:5.858332 	 MCTS:5.858332 Improve:0.000000 	 Time:3.76 Seconds
Solution: 1 30 20 34 37 17 48 41 16 18 40 9 44 38 11 39 8 36 21 50 5 24 31 43 6 14 28 3 32 22 19 13 49 35 27 25 12 42 29 45 23 15 2 10 47 33 7 46 4 26 

Inst_Index:3547 	 City_Num:50 	 Concorde:5.460070 	 MCTS:5.451238 Improve:0.008831 	 Time:3.76 Seconds
Solution: 1 6 22 32 38 30 41 42 14 39 35 50 7 18 33 17 12 20 27 4 43 40 49 21 29 10 8 16 47 45 36 11 23 25 15 34 31 44 46 37 13 5 28 2 3 19 9 26 24 48 

Inst_Index:3548 	 City_Num:50 	 Concorde:5.924736 	 MCTS:5.924736 Improve:0.000000 	 Time:3.78 Seconds
Solution: 1 50 29 42 4 27 28 46 34 13 11 37 9 25 17 26 38 44 40 10 47 14 45 22 32 19 23 16 2 39 33 18 15 41 7 6 35 31 30 48 5 12 21 8 24 43 3 36 20 49 

Inst_Index:3549 	 City_Num:50 	 Concorde:5.389606 	 MCTS:5.389606 Improve:0.000000 	 Time:3.76 Seconds
Solution: 1 34 36 30 18 15 49 13 5 35 16 46 47 17 11 32 24 40 21 31 9 3 43 28 42 33 4 37 25 44 7 29 10 50 39 41 2 19 23 26 48 8 6 45 38 12 27 14 22 20 

Inst_Index:3550 	 City_Num:50 	 Concorde:5.482630 	 MCTS:5.482466 Improve:0.000165 	 Time:3.76 Seconds
Solution: 1 45 23 43 33 14 26 48 39 17 9 44 12 50 40 7 46 31 13 42 37 27 2 8 15 35 18 5 4 3 22 10 25 38 32 20 21 29 41 47 6 49 24 34 19 28 36 11 16 30 

Inst_Index:3551 	 City_Num:50 	 Concorde:5.515166 	 MCTS:5.515166 Improve:0.000000 	 Time:3.76 Seconds
Solution: 1 39 38 22 13 12 24 20 43 14 17 32 37 16 15 5 7 50 44 8 3 42 6 35 41 30 46 48 11 45 25 28 4 34 47 21 9 31 2 26 10 18 27 40 33 29 23 19 49 36 

Inst_Index:3552 	 City_Num:50 	 Concorde:5.457644 	 MCTS:5.457644 Improve:0.000000 	 Time:3.76 Seconds
Solution: 1 28 9 50 35 22 14 7 3 12 43 16 6 23 4 42 11 10 34 24 26 39 32 31 44 25 47 36 33 21 37 29 18 30 48 45 49 46 40 2 38 15 19 17 8 41 13 5 27 20 

Inst_Index:3553 	 City_Num:50 	 Concorde:5.432767 	 MCTS:5.430993 Improve:0.001774 	 Time:3.75 Seconds
Solution: 1 2 6 4 32 13 17 11 30 28 44 39 14 41 46 9 16 7 3 48 15 5 25 35 29 20 21 18 22 34 12 27 8 43 47 37 23 45 40 10 49 38 19 26 33 42 24 50 31 36 

Inst_Index:3554 	 City_Num:50 	 Concorde:5.504629 	 MCTS:5.504629 Improve:-0.000000 	 Time:3.76 Seconds
Solution: 1 28 46 29 30 13 39 23 44 17 4 2 45 43 27 3 5 47 22 42 48 6 8 7 31 18 11 19 50 10 33 25 15 49 12 37 35 20 34 9 41 38 21 32 26 24 36 16 40 14 

Inst_Index:3555 	 City_Num:50 	 Concorde:5.932936 	 MCTS:5.932936 Improve:0.000000 	 Time:3.77 Seconds
Solution: 1 5 16 50 4 2 19 42 44 41 31 38 21 33 49 23 27 20 28 22 18 34 39 10 46 3 9 7 8 25 29 17 26 36 30 40 43 32 37 6 24 11 48 14 15 12 47 45 35 13 

Inst_Index:3556 	 City_Num:50 	 Concorde:5.624159 	 MCTS:5.624159 Improve:0.000000 	 Time:3.75 Seconds
Solution: 1 43 10 11 5 25 29 14 38 26 7 22 9 6 31 45 27 28 48 18 39 3 16 17 4 46 42 41 13 50 19 8 2 33 32 20 24 37 49 21 40 23 47 15 30 12 35 34 36 44 

Inst_Index:3557 	 City_Num:50 	 Concorde:5.814870 	 MCTS:5.812409 Improve:0.002462 	 Time:3.76 Seconds
Solution: 1 20 39 10 26 41 44 9 38 7 33 25 45 4 22 2 13 37 35 43 23 19 49 14 16 28 30 24 11 40 50 47 3 27 17 36 42 29 32 18 46 8 21 6 34 12 31 48 15 5 

Inst_Index:3558 	 City_Num:50 	 Concorde:5.642059 	 MCTS:5.642059 Improve:0.000000 	 Time:3.75 Seconds
Solution: 1 5 18 7 29 2 8 10 30 39 28 50 46 20 24 13 6 40 49 22 4 26 11 44 33 31 12 21 27 14 43 23 38 36 35 47 45 3 15 25 34 9 48 41 16 19 37 42 32 17 

Inst_Index:3559 	 City_Num:50 	 Concorde:5.857690 	 MCTS:5.857690 Improve:-0.000000 	 Time:3.79 Seconds
Solution: 1 35 33 31 22 3 41 4 48 8 43 47 10 26 14 7 50 6 24 18 17 30 27 40 9 12 19 28 42 2 23 34 37 46 45 44 38 16 36 49 13 39 21 32 11 29 5 15 25 20 

Inst_Index:3560 	 City_Num:50 	 Concorde:5.690285 	 MCTS:5.690285 Improve:0.000000 	 Time:3.76 Seconds
Solution: 1 45 9 5 37 22 2 3 17 44 39 26 19 27 6 41 48 15 18 16 13 33 38 10 4 23 34 25 43 28 8 30 50 29 40 24 21 47 20 42 46 7 49 31 36 11 12 32 35 14 

Inst_Index:3561 	 City_Num:50 	 Concorde:5.624017 	 MCTS:5.624017 Improve:0.000000 	 Time:3.76 Seconds
Solution: 1 40 35 27 21 11 36 25 6 4 28 37 17 32 19 47 50 30 42 43 9 44 18 23 34 26 14 48 8 39 33 12 29 22 2 49 24 45 41 3 20 7 31 13 46 15 16 5 10 38 

Inst_Index:3562 	 City_Num:50 	 Concorde:5.942391 	 MCTS:5.942391 Improve:-0.000000 	 Time:3.77 Seconds
Solution: 1 5 14 12 44 26 28 39 35 10 11 19 33 47 6 20 30 25 21 4 18 2 49 8 3 16 46 38 48 40 23 7 13 31 9 27 17 42 36 45 37 41 22 32 24 29 15 50 43 34 

Inst_Index:3563 	 City_Num:50 	 Concorde:5.614236 	 MCTS:5.614236 Improve:-0.000000 	 Time:3.75 Seconds
Solution: 1 14 4 32 31 44 18 10 37 45 35 2 21 28 41 38 20 5 6 29 40 36 46 47 24 19 34 39 17 27 15 22 50 13 49 12 33 48 11 9 16 23 25 42 8 7 43 3 26 30 

Inst_Index:3564 	 City_Num:50 	 Concorde:4.906106 	 MCTS:4.906106 Improve:0.000000 	 Time:3.76 Seconds
Solution: 1 19 4 11 42 6 22 46 8 30 32 3 7 24 38 39 48 29 21 41 5 28 12 9 17 35 23 45 16 18 13 47 10 26 25 36 37 33 43 27 50 15 2 44 20 49 34 31 14 40 

Inst_Index:3565 	 City_Num:50 	 Concorde:5.426277 	 MCTS:5.426277 Improve:0.000000 	 Time:3.76 Seconds
Solution: 1 11 32 19 2 5 45 4 48 40 41 39 23 37 9 24 20 42 35 21 29 38 36 43 18 7 47 8 13 28 26 46 25 16 22 44 15 12 17 49 6 31 27 34 30 50 10 33 3 14 

Inst_Index:3566 	 City_Num:50 	 Concorde:5.701283 	 MCTS:5.701283 Improve:-0.000000 	 Time:3.75 Seconds
Solution: 1 19 9 36 43 39 10 35 24 46 15 4 27 13 12 42 26 18 28 47 21 17 29 38 37 49 30 5 33 32 25 44 7 14 31 2 45 8 40 48 41 23 22 20 11 6 34 50 16 3 

Inst_Index:3567 	 City_Num:50 	 Concorde:6.226235 	 MCTS:6.224431 Improve:0.001804 	 Time:3.76 Seconds
Solution: 1 14 41 18 35 17 44 37 31 38 16 32 12 26 19 8 28 10 22 48 33 49 34 6 43 30 5 27 4 21 39 47 7 2 15 36 42 23 29 40 25 46 50 11 20 3 24 9 45 13 

Inst_Index:3568 	 City_Num:50 	 Concorde:5.773876 	 MCTS:5.773876 Improve:0.000000 	 Time:3.76 Seconds
Solution: 1 42 6 4 40 36 11 45 49 30 33 22 37 47 15 25 50 8 28 14 41 20 46 23 39 29 3 32 19 13 9 31 16 44 26 5 2 17 34 38 27 24 12 18 7 35 10 48 43 21 

Inst_Index:3569 	 City_Num:50 	 Concorde:5.532930 	 MCTS:5.528554 Improve:0.004376 	 Time:3.76 Seconds
Solution: 1 50 35 23 12 29 33 26 22 46 10 28 13 34 11 44 24 4 16 31 32 27 6 43 5 48 17 8 45 36 18 20 41 3 21 47 25 30 37 19 15 14 49 7 2 39 9 38 42 40 

Inst_Index:3570 	 City_Num:50 	 Concorde:5.263487 	 MCTS:5.258990 Improve:0.004497 	 Time:3.76 Seconds
Solution: 1 47 39 50 27 7 22 40 6 2 3 14 30 21 5 31 37 49 35 32 38 44 9 28 19 29 17 41 13 36 34 45 18 46 10 20 23 12 43 48 8 25 42 15 26 24 11 4 33 16 

Inst_Index:3571 	 City_Num:50 	 Concorde:5.468163 	 MCTS:5.468163 Improve:0.000000 	 Time:3.76 Seconds
Solution: 1 17 14 43 16 12 10 25 5 13 28 11 37 9 45 15 48 23 26 6 32 50 7 3 27 21 38 42 30 8 49 46 39 29 36 20 22 40 44 4 19 47 31 2 41 34 18 35 33 24 

Inst_Index:3572 	 City_Num:50 	 Concorde:5.536291 	 MCTS:5.535850 Improve:0.000441 	 Time:3.76 Seconds
Solution: 1 41 29 28 12 20 34 23 27 39 42 31 11 49 47 3 45 48 6 15 22 13 2 7 36 5 21 4 19 9 43 14 50 16 37 30 32 40 44 17 38 33 25 10 8 26 46 24 18 35 

Inst_Index:3573 	 City_Num:50 	 Concorde:5.760934 	 MCTS:5.760934 Improve:-0.000000 	 Time:3.75 Seconds
Solution: 1 43 23 8 34 18 40 29 35 16 15 12 11 41 48 6 14 17 22 39 13 25 19 28 32 3 26 37 4 21 44 36 33 7 27 47 38 24 9 2 30 50 5 10 45 49 31 42 20 46 

Inst_Index:3574 	 City_Num:50 	 Concorde:5.261627 	 MCTS:5.261627 Improve:0.000000 	 Time:3.75 Seconds
Solution: 1 47 2 37 21 5 25 42 35 32 34 29 38 27 23 22 44 10 46 4 24 41 48 39 16 6 43 3 40 20 17 31 13 26 7 12 49 11 8 28 18 30 33 14 15 45 36 50 19 9 

Inst_Index:3575 	 City_Num:50 	 Concorde:5.621913 	 MCTS:5.619381 Improve:0.002532 	 Time:3.76 Seconds
Solution: 1 34 12 5 29 2 8 35 37 44 13 24 20 38 31 15 9 48 22 30 28 23 41 14 27 50 11 18 43 3 26 6 32 49 36 40 42 45 16 17 47 21 19 39 25 7 10 4 33 46 

Inst_Index:3576 	 City_Num:50 	 Concorde:5.452177 	 MCTS:5.452177 Improve:-0.000000 	 Time:3.78 Seconds
Solution: 1 42 6 30 29 44 48 9 14 23 26 4 21 40 17 37 41 22 16 2 39 35 5 33 32 36 15 50 13 10 12 7 28 3 31 49 47 19 43 46 25 11 34 45 18 27 8 20 24 38 

Inst_Index:3577 	 City_Num:50 	 Concorde:5.964445 	 MCTS:5.964445 Improve:0.000000 	 Time:3.77 Seconds
Solution: 1 43 40 38 42 3 14 30 44 36 18 9 45 27 32 41 20 13 39 31 17 33 28 25 49 24 10 16 7 23 5 4 21 11 6 34 19 26 12 2 22 29 46 48 50 47 35 37 8 15 

Inst_Index:3578 	 City_Num:50 	 Concorde:5.970426 	 MCTS:5.970426 Improve:0.000000 	 Time:3.76 Seconds
Solution: 1 31 41 45 16 17 10 38 7 20 46 24 42 32 33 13 35 40 14 5 29 6 9 36 11 15 28 37 39 19 21 18 30 48 44 50 22 23 26 47 27 49 43 4 12 25 3 34 2 8 

Inst_Index:3579 	 City_Num:50 	 Concorde:6.165017 	 MCTS:6.158107 Improve:0.006910 	 Time:3.77 Seconds
Solution: 1 33 35 17 18 3 30 14 26 44 38 39 21 50 25 27 32 10 47 2 42 6 28 23 5 40 13 43 36 45 29 46 19 12 11 31 15 49 22 34 8 37 9 4 41 7 20 48 16 24 

Inst_Index:3580 	 City_Num:50 	 Concorde:5.866860 	 MCTS:5.855963 Improve:0.010897 	 Time:3.76 Seconds
Solution: 1 36 35 31 49 41 7 34 13 17 23 10 37 25 38 5 2 40 14 39 46 3 42 50 47 43 30 21 44 18 9 22 15 8 11 24 48 26 27 32 12 4 45 28 16 20 19 6 29 33 

Inst_Index:3581 	 City_Num:50 	 Concorde:6.080734 	 MCTS:6.070477 Improve:0.010257 	 Time:3.77 Seconds
Solution: 1 39 36 5 35 42 19 32 9 20 31 28 22 21 17 13 18 43 14 34 30 48 8 33 50 24 29 37 6 26 10 4 3 23 7 16 45 38 27 49 2 11 44 46 41 15 40 25 12 47 

Inst_Index:3582 	 City_Num:50 	 Concorde:5.921657 	 MCTS:5.914253 Improve:0.007404 	 Time:3.77 Seconds
Solution: 1 26 42 20 38 12 28 15 43 14 18 32 37 13 23 4 24 45 2 19 10 7 25 33 30 29 8 17 46 41 36 21 27 31 6 11 16 35 49 9 5 40 47 44 48 34 3 22 39 50 

Inst_Index:3583 	 City_Num:50 	 Concorde:5.309367 	 MCTS:5.309367 Improve:0.000000 	 Time:3.76 Seconds
Solution: 1 29 31 43 49 13 10 40 12 50 6 46 28 22 8 27 25 36 7 41 37 19 14 18 2 35 3 42 44 38 45 47 30 15 20 24 33 26 11 32 9 23 48 4 16 21 17 5 34 39 

Inst_Index:3584 	 City_Num:50 	 Concorde:5.927317 	 MCTS:5.925077 Improve:0.002240 	 Time:3.76 Seconds
Solution: 1 48 44 10 25 37 50 15 5 49 40 3 38 6 17 45 46 27 43 31 19 11 42 14 7 9 34 13 2 28 8 41 36 47 16 23 26 35 20 12 4 24 30 33 29 21 22 32 39 18 

Inst_Index:3585 	 City_Num:50 	 Concorde:5.339160 	 MCTS:5.336506 Improve:0.002654 	 Time:3.75 Seconds
Solution: 1 18 32 41 35 49 22 26 7 15 50 23 39 17 24 27 8 3 11 42 20 47 13 46 33 28 43 38 25 45 2 6 40 4 14 34 29 16 5 48 9 30 44 31 36 37 19 10 12 21 

Inst_Index:3586 	 City_Num:50 	 Concorde:5.647670 	 MCTS:5.647670 Improve:0.000000 	 Time:3.77 Seconds
Solution: 1 31 13 39 26 10 29 47 33 24 42 6 17 25 44 41 30 50 49 4 46 34 23 18 7 20 19 8 22 14 9 35 3 40 37 32 48 38 21 5 15 12 16 2 36 11 45 27 43 28 

Inst_Index:3587 	 City_Num:50 	 Concorde:5.557575 	 MCTS:5.557575 Improve:0.000000 	 Time:3.76 Seconds
Solution: 1 17 4 23 14 38 22 8 24 7 48 37 13 15 43 34 44 11 35 2 31 16 39 47 30 18 9 28 3 10 50 12 26 21 5 19 20 42 25 45 41 33 46 40 27 49 36 6 32 29 

Inst_Index:3588 	 City_Num:50 	 Concorde:5.455864 	 MCTS:5.453192 Improve:0.002672 	 Time:3.75 Seconds
Solution: 1 27 12 48 11 9 50 20 44 23 5 6 15 19 10 47 42 31 36 8 18 35 49 24 16 7 29 38 26 34 46 17 33 22 2 41 21 39 13 30 37 25 28 45 14 40 43 3 4 32 

Inst_Index:3589 	 City_Num:50 	 Concorde:5.363776 	 MCTS:5.363682 Improve:0.000094 	 Time:3.76 Seconds
Solution: 1 23 11 6 17 16 29 40 9 19 42 15 21 3 27 8 33 25 28 30 41 34 35 22 4 26 20 2 37 13 49 43 45 32 44 47 24 18 36 7 39 14 12 31 46 48 5 38 10 50 

Inst_Index:3590 	 City_Num:50 	 Concorde:5.658277 	 MCTS:5.654981 Improve:0.003296 	 Time:3.75 Seconds
Solution: 1 28 46 31 6 3 48 33 36 49 13 18 14 26 22 47 39 8 41 2 32 21 43 23 29 17 27 45 35 19 9 34 7 5 42 40 20 11 50 25 10 15 16 12 37 4 38 24 30 44 

Inst_Index:3591 	 City_Num:50 	 Concorde:6.024626 	 MCTS:6.024626 Improve:0.000000 	 Time:3.76 Seconds
Solution: 1 15 34 35 10 41 12 45 40 6 17 7 49 2 43 4 18 22 21 32 50 9 28 48 27 39 8 29 38 37 25 30 26 33 3 5 31 44 24 13 47 20 42 14 11 23 19 16 36 46 

Inst_Index:3592 	 City_Num:50 	 Concorde:5.716667 	 MCTS:5.715496 Improve:0.001171 	 Time:3.75 Seconds
Solution: 1 25 41 9 31 36 29 44 23 19 40 38 26 24 35 45 49 21 17 5 2 32 27 28 43 18 4 3 12 16 15 34 7 30 22 6 8 47 13 37 50 39 33 10 14 11 42 46 20 48 

Inst_Index:3593 	 City_Num:50 	 Concorde:5.897693 	 MCTS:5.897693 Improve:-0.000000 	 Time:3.76 Seconds
Solution: 1 37 36 11 38 30 20 17 39 25 28 35 23 45 46 8 22 6 14 5 40 12 50 3 19 43 9 44 27 31 18 15 4 42 26 29 21 49 16 24 34 41 13 2 48 10 32 33 47 7 

Inst_Index:3594 	 City_Num:50 	 Concorde:5.422795 	 MCTS:5.414409 Improve:0.008386 	 Time:3.76 Seconds
Solution: 1 45 46 32 13 24 20 9 33 7 31 34 43 5 23 30 21 39 16 44 15 26 17 36 48 2 14 47 12 25 49 6 18 22 11 8 42 28 19 35 50 4 27 37 3 40 10 41 29 38 

Inst_Index:3595 	 City_Num:50 	 Concorde:5.476643 	 MCTS:5.476643 Improve:0.000000 	 Time:3.77 Seconds
Solution: 1 44 24 43 21 15 4 9 41 50 39 33 28 19 7 32 37 42 30 8 35 5 18 29 47 6 25 23 14 11 20 17 26 3 10 36 12 31 49 22 27 45 46 16 13 38 2 48 34 40 

Inst_Index:3596 	 City_Num:50 	 Concorde:4.834950 	 MCTS:4.832793 Improve:0.002157 	 Time:3.76 Seconds
Solution: 1 5 10 11 43 45 40 36 37 15 18 7 26 2 17 44 42 8 14 27 47 21 20 28 16 38 39 49 4 41 50 23 35 3 9 30 29 48 32 19 24 34 31 46 6 13 12 25 22 33 

Inst_Index:3597 	 City_Num:50 	 Concorde:5.885770 	 MCTS:5.885770 Improve:0.000000 	 Time:3.76 Seconds
Solution: 1 27 16 34 15 45 5 3 13 26 35 43 12 6 31 25 11 47 17 18 46 28 48 24 41 7 38 49 37 40 20 9 23 39 30 33 44 14 2 32 36 8 21 10 4 19 29 42 22 50 

Inst_Index:3598 	 City_Num:50 	 Concorde:5.579428 	 MCTS:5.578463 Improve:0.000965 	 Time:3.75 Seconds
Solution: 1 26 47 45 24 46 33 6 27 11 41 42 31 21 18 37 28 23 39 7 34 32 2 13 9 16 50 44 38 5 17 25 10 4 35 40 48 29 22 3 43 20 30 8 15 49 36 12 14 19 

Inst_Index:3599 	 City_Num:50 	 Concorde:5.462796 	 MCTS:5.457376 Improve:0.005420 	 Time:3.77 Seconds
Solution: 1 2 35 28 49 11 46 4 24 31 48 41 10 33 5 32 9 6 17 15 8 34 25 27 42 14 47 44 12 30 7 37 36 45 29 50 21 23 40 26 16 3 19 18 22 13 38 39 43 20 

Inst_Index:3600 	 City_Num:50 	 Concorde:5.504558 	 MCTS:5.504558 Improve:0.000000 	 Time:3.76 Seconds
Solution: 1 48 35 46 34 33 47 39 22 9 36 16 14 5 32 50 8 11 29 12 21 2 42 43 44 26 7 20 18 13 31 38 40 4 23 3 28 49 19 10 37 27 6 15 17 24 41 30 25 45 

Inst_Index:3601 	 City_Num:50 	 Concorde:5.549726 	 MCTS:5.549311 Improve:0.000414 	 Time:3.75 Seconds
Solution: 1 15 26 14 3 27 47 8 48 42 2 21 50 23 18 35 6 38 4 29 5 39 9 37 7 28 19 12 13 41 43 22 44 31 30 46 36 40 17 11 25 34 33 16 45 24 49 32 20 10 

Inst_Index:3602 	 City_Num:50 	 Concorde:5.294011 	 MCTS:5.292097 Improve:0.001915 	 Time:3.76 Seconds
Solution: 1 34 25 37 23 29 21 49 46 42 26 15 38 45 13 39 22 48 16 12 36 35 7 6 31 14 43 24 30 2 41 28 8 19 9 20 3 17 32 10 11 44 18 47 33 40 4 5 27 50 

Inst_Index:3603 	 City_Num:50 	 Concorde:5.563106 	 MCTS:5.563106 Improve:0.000000 	 Time:3.76 Seconds
Solution: 1 4 31 35 46 18 13 29 36 24 16 43 14 2 47 3 37 12 45 10 34 23 6 49 48 7 27 32 22 19 9 40 21 50 41 44 17 11 15 42 30 28 33 38 25 5 26 8 20 39 

Inst_Index:3604 	 City_Num:50 	 Concorde:5.587726 	 MCTS:5.587726 Improve:0.000000 	 Time:3.75 Seconds
Solution: 1 36 49 28 42 23 31 47 15 14 39 30 41 26 13 10 9 27 19 16 18 35 5 4 29 3 34 7 6 46 38 33 17 40 12 44 50 25 8 45 37 21 2 22 48 24 20 32 43 11 

Inst_Index:3605 	 City_Num:50 	 Concorde:5.751524 	 MCTS:5.751524 Improve:0.000000 	 Time:3.77 Seconds
Solution: 1 3 39 6 47 16 37 35 46 49 22 43 30 29 32 45 25 44 9 7 19 41 2 31 15 20 17 48 42 5 27 24 11 38 34 8 4 10 50 23 14 12 18 28 40 36 21 26 13 33 

Inst_Index:3606 	 City_Num:50 	 Concorde:5.602365 	 MCTS:5.602365 Improve:0.000000 	 Time:3.75 Seconds
Solution: 1 2 17 25 27 36 40 11 42 30 34 3 41 24 9 44 7 47 39 48 12 20 16 26 50 21 45 13 22 5 32 18 33 28 14 15 31 6 23 38 46 35 8 37 43 29 19 10 4 49 

Inst_Index:3607 	 City_Num:50 	 Concorde:6.004932 	 MCTS:6.004932 Improve:0.000000 	 Time:3.76 Seconds
Solution: 1 26 11 37 8 40 47 36 30 27 45 21 16 34 12 49 19 39 14 32 29 41 13 35 6 44 10 20 48 28 24 4 42 9 23 50 33 5 18 22 38 15 31 7 3 43 17 25 2 46 

Inst_Index:3608 	 City_Num:50 	 Concorde:5.703933 	 MCTS:5.703630 Improve:0.000303 	 Time:3.76 Seconds
Solution: 1 10 27 34 14 42 25 21 35 8 33 46 36 47 32 15 43 9 3 11 6 41 30 12 24 26 29 18 17 45 7 13 38 23 19 5 40 37 20 44 22 48 50 16 49 28 39 2 4 31 

Inst_Index:3609 	 City_Num:50 	 Concorde:5.596821 	 MCTS:5.596022 Improve:0.000799 	 Time:3.76 Seconds
Solution: 1 16 34 2 49 25 39 30 44 45 43 6 29 5 46 27 22 31 10 4 40 3 37 33 15 20 7 42 23 35 19 47 17 50 9 38 32 41 13 11 12 28 26 18 14 36 8 24 21 48 

Inst_Index:3610 	 City_Num:50 	 Concorde:5.251000 	 MCTS:5.251000 Improve:0.000000 	 Time:3.76 Seconds
Solution: 1 31 38 7 24 23 19 22 44 4 43 37 25 29 5 3 42 26 16 14 10 17 21 13 45 40 39 36 30 32 2 18 41 8 15 12 48 11 35 27 49 34 28 9 47 50 33 6 20 46 

Inst_Index:3611 	 City_Num:50 	 Concorde:6.059959 	 MCTS:6.054391 Improve:0.005568 	 Time:3.75 Seconds
Solution: 1 47 12 11 2 30 5 16 23 24 22 33 43 20 38 4 31 42 32 40 3 15 41 34 25 49 26 36 28 37 46 27 13 48 35 44 6 14 17 19 9 45 39 8 50 10 18 7 21 29 

Inst_Index:3612 	 City_Num:50 	 Concorde:5.563596 	 MCTS:5.563596 Improve:0.000000 	 Time:3.76 Seconds
Solution: 1 45 5 22 48 10 36 16 25 9 19 28 2 47 43 30 24 42 15 6 46 21 44 3 49 11 20 40 26 23 17 7 18 32 14 33 12 27 8 31 29 39 35 34 4 50 41 38 37 13 

Inst_Index:3613 	 City_Num:50 	 Concorde:5.675455 	 MCTS:5.675455 Improve:0.000000 	 Time:3.76 Seconds
Solution: 1 29 39 42 38 30 24 21 37 18 12 48 49 27 4 22 35 44 20 34 50 9 31 43 10 40 16 28 19 5 41 46 17 14 33 23 32 7 26 11 3 25 47 13 45 6 8 15 2 36 

Inst_Index:3614 	 City_Num:50 	 Concorde:5.194764 	 MCTS:5.194764 Improve:-0.000000 	 Time:3.75 Seconds
Solution: 1 33 47 2 19 11 4 32 37 49 50 20 39 27 23 9 31 22 7 16 17 5 10 12 21 29 25 36 38 44 26 40 8 14 35 28 15 24 42 41 18 6 13 46 48 30 45 43 3 34 

Inst_Index:3615 	 City_Num:50 	 Concorde:5.309792 	 MCTS:5.307066 Improve:0.002726 	 Time:3.75 Seconds
Solution: 1 4 15 44 42 6 24 47 25 30 11 5 3 27 35 46 2 36 48 41 31 45 8 10 23 50 13 37 32 40 21 12 49 38 22 28 29 17 39 26 43 7 16 18 33 19 34 20 9 14 

Inst_Index:3616 	 City_Num:50 	 Concorde:5.636196 	 MCTS:5.636196 Improve:0.000000 	 Time:3.77 Seconds
Solution: 1 19 45 49 29 48 20 39 21 23 36 14 17 22 5 33 35 44 2 4 12 6 31 27 41 42 38 32 18 43 9 47 15 13 3 11 34 24 40 16 10 7 8 37 50 28 25 30 26 46 

Inst_Index:3617 	 City_Num:50 	 Concorde:5.508048 	 MCTS:5.508048 Improve:-0.000000 	 Time:3.76 Seconds
Solution: 1 38 50 31 34 8 30 36 19 26 21 16 41 48 9 49 40 24 23 13 7 5 6 4 37 2 10 32 35 28 42 17 29 25 47 11 15 33 20 18 14 22 12 39 43 46 27 45 44 3 

Inst_Index:3618 	 City_Num:50 	 Concorde:5.587810 	 MCTS:5.587810 Improve:0.000000 	 Time:3.75 Seconds
Solution: 1 7 4 26 46 33 25 8 22 28 37 9 19 11 18 27 13 2 23 38 49 3 32 15 10 43 48 16 6 41 45 42 30 47 24 31 5 17 50 20 29 35 21 40 34 44 36 12 39 14 

Inst_Index:3619 	 City_Num:50 	 Concorde:5.620604 	 MCTS:5.617022 Improve:0.003582 	 Time:3.77 Seconds
Solution: 1 43 20 29 3 10 4 41 17 16 15 39 35 42 18 47 32 28 8 33 34 26 50 6 13 40 45 48 5 36 9 2 46 12 22 11 44 23 30 25 31 14 7 21 27 24 38 49 19 37 

Inst_Index:3620 	 City_Num:50 	 Concorde:5.342260 	 MCTS:5.342260 Improve:-0.000000 	 Time:3.77 Seconds
Solution: 1 18 30 24 41 45 36 43 28 37 5 26 27 50 42 14 47 23 48 29 20 8 2 34 11 39 49 13 21 33 6 12 32 3 16 31 35 46 15 19 17 38 25 44 4 10 7 40 9 22 

Inst_Index:3621 	 City_Num:50 	 Concorde:5.680831 	 MCTS:5.680831 Improve:-0.000000 	 Time:3.76 Seconds
Solution: 1 18 26 39 16 11 6 32 28 36 50 40 12 30 9 47 38 44 4 33 20 31 17 7 24 10 5 29 48 3 46 22 41 49 14 45 23 27 37 2 13 19 21 43 15 42 35 25 34 8 

Inst_Index:3622 	 City_Num:50 	 Concorde:5.283276 	 MCTS:5.283276 Improve:-0.000000 	 Time:3.76 Seconds
Solution: 1 24 17 36 16 42 7 15 10 37 11 19 27 31 45 14 28 12 41 30 4 22 18 6 26 44 48 43 29 35 39 32 2 46 23 34 20 13 49 38 3 25 47 5 8 33 21 9 40 50 

Inst_Index:3623 	 City_Num:50 	 Concorde:5.704181 	 MCTS:5.704181 Improve:-0.000000 	 Time:3.76 Seconds
Solution: 1 35 30 45 5 48 46 6 9 25 21 8 24 47 13 2 20 22 3 15 19 34 17 23 7 31 36 14 40 50 38 33 44 29 41 12 28 26 49 42 27 39 16 18 43 4 37 11 10 32 

Inst_Index:3624 	 City_Num:50 	 Concorde:5.895891 	 MCTS:5.895891 Improve:0.000000 	 Time:3.76 Seconds
Solution: 1 10 28 9 29 48 12 47 50 46 11 3 25 19 26 13 18 17 27 5 8 40 32 42 15 34 14 44 6 31 21 7 43 38 49 30 20 22 37 41 45 33 23 16 36 35 39 4 2 24 

Inst_Index:3625 	 City_Num:50 	 Concorde:5.930461 	 MCTS:5.930461 Improve:0.000000 	 Time:3.76 Seconds
Solution: 1 45 3 25 14 2 29 34 33 48 43 28 9 18 31 41 15 35 4 23 10 37 13 21 20 44 12 6 49 22 24 27 39 26 16 50 42 19 7 5 11 46 17 40 8 38 30 32 36 47 

Inst_Index:3626 	 City_Num:50 	 Concorde:5.945696 	 MCTS:5.945696 Improve:0.000000 	 Time:3.76 Seconds
Solution: 1 33 30 19 20 22 34 28 8 38 14 39 36 45 12 27 16 50 40 32 15 31 18 6 29 24 42 41 5 23 4 9 47 10 3 46 13 49 21 11 43 7 35 48 44 17 2 25 37 26 

Inst_Index:3627 	 City_Num:50 	 Concorde:5.562649 	 MCTS:5.561889 Improve:0.000760 	 Time:3.77 Seconds
Solution: 1 21 6 23 41 20 38 47 5 25 35 24 9 22 31 45 26 2 36 30 16 13 15 3 14 19 29 33 48 50 17 34 12 27 7 11 37 28 44 8 10 32 43 42 39 40 4 49 18 46 

Inst_Index:3628 	 City_Num:50 	 Concorde:5.765532 	 MCTS:5.763136 Improve:0.002396 	 Time:3.76 Seconds
Solution: 1 27 8 40 38 15 45 43 36 44 37 7 48 35 5 21 6 41 16 50 49 13 23 20 19 33 2 46 30 22 3 32 42 28 34 14 12 47 18 39 29 17 24 4 11 31 26 10 25 9 

Inst_Index:3629 	 City_Num:50 	 Concorde:5.856156 	 MCTS:5.856156 Improve:-0.000000 	 Time:3.75 Seconds
Solution: 1 14 7 12 15 37 22 10 47 30 48 2 3 13 23 24 38 6 31 4 27 40 8 17 20 49 19 36 9 44 28 11 32 50 43 26 34 42 45 33 41 39 18 35 5 25 21 16 29 46 

Inst_Index:3630 	 City_Num:50 	 Concorde:6.119737 	 MCTS:6.115124 Improve:0.004613 	 Time:3.76 Seconds
Solution: 1 41 9 7 40 25 11 49 43 6 42 45 32 47 18 48 23 29 4 10 15 20 12 37 19 44 38 33 22 31 2 46 27 3 21 36 24 30 34 28 26 50 13 5 35 39 14 8 16 17 

Inst_Index:3631 	 City_Num:50 	 Concorde:5.915710 	 MCTS:5.915710 Improve:-0.000000 	 Time:3.76 Seconds
Solution: 1 39 29 20 30 43 6 46 37 48 25 21 50 19 49 31 34 18 26 41 32 38 45 15 8 2 17 24 22 47 13 42 40 16 7 10 4 36 27 12 14 33 23 44 28 3 11 5 9 35 

Inst_Index:3632 	 City_Num:50 	 Concorde:5.139947 	 MCTS:5.139947 Improve:0.000000 	 Time:3.76 Seconds
Solution: 1 43 10 25 17 26 16 31 8 49 42 37 32 13 48 11 27 29 38 33 2 45 44 23 15 24 28 14 18 4 21 36 12 39 19 6 22 5 47 40 41 30 3 50 20 7 35 9 34 46 

Inst_Index:3633 	 City_Num:50 	 Concorde:5.862202 	 MCTS:5.862202 Improve:-0.000000 	 Time:3.77 Seconds
Solution: 1 17 27 29 7 38 41 47 3 18 46 34 16 14 8 48 5 45 24 36 10 23 13 49 40 21 26 33 44 37 35 32 19 4 9 15 22 2 43 31 39 20 25 11 30 6 28 12 50 42 

Inst_Index:3634 	 City_Num:50 	 Concorde:5.626250 	 MCTS:5.626250 Improve:-0.000000 	 Time:3.75 Seconds
Solution: 1 31 17 18 30 26 13 35 6 3 11 23 24 39 27 46 36 20 50 5 12 15 43 21 38 49 28 42 2 19 32 44 22 7 45 16 29 25 48 9 14 4 33 47 10 41 8 37 34 40 

Inst_Index:3635 	 City_Num:50 	 Concorde:5.392482 	 MCTS:5.390954 Improve:0.001528 	 Time:3.76 Seconds
Solution: 1 5 33 13 11 38 37 49 8 43 20 50 22 19 28 48 9 46 44 32 25 45 15 35 41 16 30 31 3 21 12 17 18 47 34 29 36 7 39 24 42 2 23 10 6 14 26 4 40 27 

Inst_Index:3636 	 City_Num:50 	 Concorde:6.034576 	 MCTS:6.033988 Improve:0.000588 	 Time:3.76 Seconds
Solution: 1 21 12 8 49 41 46 28 24 7 27 23 44 4 16 32 19 36 10 39 17 38 15 11 33 34 40 22 6 9 30 45 14 42 13 50 35 25 31 29 26 20 37 43 3 47 48 2 18 5 

Inst_Index:3637 	 City_Num:50 	 Concorde:5.556968 	 MCTS:5.554106 Improve:0.002862 	 Time:3.77 Seconds
Solution: 1 35 19 45 3 37 29 2 49 43 12 21 46 13 25 10 7 15 24 14 48 20 44 50 42 31 41 8 26 47 16 33 28 11 32 22 38 39 36 17 30 27 40 9 4 23 6 5 18 34 

Inst_Index:3638 	 City_Num:50 	 Concorde:5.552111 	 MCTS:5.549785 Improve:0.002326 	 Time:3.76 Seconds
Solution: 1 26 42 50 37 28 12 30 31 13 45 17 23 18 5 24 22 11 19 49 44 6 3 9 10 36 40 21 8 33 43 46 2 41 25 34 14 47 16 38 39 32 7 20 15 48 27 29 35 4 

Inst_Index:3639 	 City_Num:50 	 Concorde:5.292630 	 MCTS:5.285555 Improve:0.007075 	 Time:3.77 Seconds
Solution: 1 16 35 34 47 37 41 33 21 42 3 36 30 14 31 8 39 15 38 10 5 13 6 23 22 50 2 9 18 46 24 49 19 12 26 43 28 20 48 32 7 45 40 44 29 25 27 17 11 4 

Inst_Index:3640 	 City_Num:50 	 Concorde:5.625648 	 MCTS:5.625648 Improve:0.000000 	 Time:3.76 Seconds
Solution: 1 50 5 26 14 16 7 45 18 3 40 33 10 24 41 36 11 12 20 23 6 4 8 44 42 46 30 48 37 2 28 21 9 49 35 22 34 32 43 47 13 31 15 25 38 27 17 39 19 29 

Inst_Index:3641 	 City_Num:50 	 Concorde:5.934326 	 MCTS:5.934326 Improve:-0.000000 	 Time:3.76 Seconds
Solution: 1 25 37 3 24 47 8 43 35 19 18 36 2 15 44 22 39 45 13 9 38 11 32 41 6 27 5 26 40 28 14 12 21 7 30 42 16 46 10 50 33 48 23 31 4 29 49 20 17 34 

Inst_Index:3642 	 City_Num:50 	 Concorde:5.659650 	 MCTS:5.659650 Improve:-0.000000 	 Time:3.76 Seconds
Solution: 1 29 34 30 26 40 15 14 6 19 5 31 27 46 49 24 11 4 45 23 50 25 32 16 8 39 10 35 3 37 33 47 9 2 21 12 41 36 7 42 28 17 38 22 43 44 18 20 48 13 

Inst_Index:3643 	 City_Num:50 	 Concorde:5.930349 	 MCTS:5.928863 Improve:0.001486 	 Time:3.75 Seconds
Solution: 1 2 36 4 44 24 13 47 39 41 19 7 33 34 8 3 9 28 17 48 43 26 10 12 49 29 35 16 27 32 30 40 37 45 50 25 42 20 21 15 46 38 23 18 5 22 6 31 11 14 

Inst_Index:3644 	 City_Num:50 	 Concorde:6.052213 	 MCTS:6.052213 Improve:0.000000 	 Time:3.75 Seconds
Solution: 1 28 21 9 50 36 24 34 47 48 19 32 37 25 38 20 35 8 29 5 43 39 31 6 17 45 13 10 33 27 16 3 42 2 44 26 11 41 49 30 18 40 7 23 4 22 15 12 46 14 

Inst_Index:3645 	 City_Num:50 	 Concorde:6.040892 	 MCTS:6.039837 Improve:0.001056 	 Time:3.76 Seconds
Solution: 1 9 43 48 35 39 22 29 26 42 12 28 38 41 32 21 31 33 23 3 20 18 10 47 5 2 19 6 34 25 4 11 14 45 36 13 46 15 49 7 30 8 17 44 37 24 27 40 50 16 

Inst_Index:3646 	 City_Num:50 	 Concorde:5.726707 	 MCTS:5.721717 Improve:0.004990 	 Time:3.75 Seconds
Solution: 1 34 9 2 29 38 37 19 12 31 48 8 39 43 24 26 41 10 23 6 17 50 27 49 3 5 33 13 30 22 28 46 40 35 16 4 47 32 21 7 18 42 15 11 44 20 14 25 45 36 

Inst_Index:3647 	 City_Num:50 	 Concorde:5.263371 	 MCTS:5.263371 Improve:-0.000000 	 Time:3.76 Seconds
Solution: 1 47 8 16 36 25 37 21 13 4 38 12 6 46 9 29 23 32 10 20 19 3 35 15 17 30 44 40 18 5 41 28 43 14 39 7 45 42 27 50 34 11 49 26 24 48 33 2 31 22 

Inst_Index:3648 	 City_Num:50 	 Concorde:4.928803 	 MCTS:4.928803 Improve:0.000000 	 Time:3.76 Seconds
Solution: 1 33 44 46 20 2 27 18 50 45 24 15 19 16 17 38 29 42 40 6 43 9 39 12 32 36 8 3 30 4 14 13 26 47 37 5 28 49 7 35 41 10 31 34 25 11 21 22 23 48 

Inst_Index:3649 	 City_Num:50 	 Concorde:5.394901 	 MCTS:5.394901 Improve:-0.000000 	 Time:3.76 Seconds
Solution: 1 43 3 34 33 24 26 42 30 20 35 10 13 40 44 15 31 38 28 22 46 18 29 27 50 16 11 12 41 2 19 36 14 8 6 25 21 9 49 7 32 45 37 17 39 4 47 5 23 48 

Inst_Index:3650 	 City_Num:50 	 Concorde:6.040435 	 MCTS:6.040303 Improve:0.000132 	 Time:3.77 Seconds
Solution: 1 5 14 42 46 8 47 43 26 4 11 7 33 16 49 19 30 24 38 32 3 44 29 22 40 31 41 20 9 25 36 2 27 23 48 50 45 37 15 28 34 21 18 6 39 35 13 12 17 10 

Inst_Index:3651 	 City_Num:50 	 Concorde:5.812986 	 MCTS:5.812103 Improve:0.000883 	 Time:3.77 Seconds
Solution: 1 30 16 41 25 9 49 47 3 35 34 28 27 31 36 21 45 2 43 8 7 37 42 24 33 29 23 5 46 6 48 13 50 39 32 4 10 17 12 40 22 11 26 19 14 38 18 44 15 20 

Inst_Index:3652 	 City_Num:50 	 Concorde:5.157743 	 MCTS:5.150352 Improve:0.007391 	 Time:3.76 Seconds
Solution: 1 23 4 20 5 13 25 15 16 33 45 49 14 48 27 35 37 46 22 47 28 43 3 41 29 12 26 40 30 10 8 44 50 31 21 36 34 19 42 6 17 18 2 39 32 38 24 9 11 7 

Inst_Index:3653 	 City_Num:50 	 Concorde:5.405239 	 MCTS:5.405239 Improve:-0.000000 	 Time:3.76 Seconds
Solution: 1 37 17 6 26 3 11 5 4 8 13 41 18 50 27 45 42 22 2 23 38 12 19 21 40 25 10 49 16 29 44 32 14 31 30 47 24 35 36 33 48 28 39 34 20 7 15 46 43 9 

Inst_Index:3654 	 City_Num:50 	 Concorde:5.026735 	 MCTS:5.026735 Improve:-0.000000 	 Time:3.76 Seconds
Solution: 1 16 31 36 50 38 5 35 46 20 44 45 23 48 41 25 11 2 32 13 9 29 3 27 24 21 6 26 8 17 22 49 37 34 19 47 7 4 42 18 12 33 28 15 14 40 10 30 43 39 

Inst_Index:3655 	 City_Num:50 	 Concorde:5.816005 	 MCTS:5.816005 Improve:0.000000 	 Time:3.76 Seconds
Solution: 1 2 22 29 25 30 41 35 45 17 20 34 42 6 15 49 14 27 4 40 28 3 11 12 18 8 44 46 21 31 7 23 9 37 38 39 26 19 33 24 43 5 10 32 50 16 13 47 36 48 

Inst_Index:3656 	 City_Num:50 	 Concorde:5.725848 	 MCTS:5.724558 Improve:0.001290 	 Time:3.77 Seconds
Solution: 1 48 9 25 3 30 41 36 23 2 17 11 12 24 38 28 6 20 46 26 7 45 10 29 21 5 31 50 43 49 39 47 18 44 33 37 4 40 22 8 34 27 32 15 16 13 42 19 35 14 

Inst_Index:3657 	 City_Num:50 	 Concorde:5.345997 	 MCTS:5.345997 Improve:0.000000 	 Time:3.76 Seconds
Solution: 1 28 21 38 13 4 37 49 6 30 50 7 45 48 16 19 39 18 5 41 44 26 12 42 47 17 25 46 35 9 24 14 43 3 36 27 15 32 40 11 29 22 8 20 31 2 23 33 34 10 

Inst_Index:3658 	 City_Num:50 	 Concorde:5.569031 	 MCTS:5.569031 Improve:0.000000 	 Time:3.75 Seconds
Solution: 1 43 24 33 40 30 2 46 42 6 28 22 25 9 32 10 27 8 29 12 21 47 44 14 13 39 48 7 41 17 4 15 34 18 20 16 49 26 38 50 11 19 23 31 36 5 3 35 37 45 

Inst_Index:3659 	 City_Num:50 	 Concorde:5.809645 	 MCTS:5.806182 Improve:0.003463 	 Time:3.75 Seconds
Solution: 1 46 48 38 50 12 26 45 41 30 19 3 47 6 20 14 37 29 2 7 28 32 36 13 42 39 23 9 34 10 17 8 5 27 21 22 15 16 24 31 35 44 40 25 11 33 18 49 43 4 

Inst_Index:3660 	 City_Num:50 	 Concorde:5.762342 	 MCTS:5.762342 Improve:-0.000000 	 Time:3.75 Seconds
Solution: 1 27 46 2 17 31 42 30 18 50 44 16 24 22 38 9 36 14 45 3 32 41 33 29 49 10 19 25 21 28 23 4 20 7 48 35 11 6 13 47 43 5 34 40 26 39 37 12 15 8 

Inst_Index:3661 	 City_Num:50 	 Concorde:5.438026 	 MCTS:5.428239 Improve:0.009787 	 Time:3.77 Seconds
Solution: 1 10 25 2 17 18 20 47 39 19 44 41 4 24 27 42 16 12 48 23 32 29 28 8 38 31 33 9 35 37 7 36 30 40 6 11 22 45 21 50 3 14 13 5 15 34 26 43 46 49 

Inst_Index:3662 	 City_Num:50 	 Concorde:5.447253 	 MCTS:5.447253 Improve:0.000000 	 Time:3.77 Seconds
Solution: 1 6 3 34 30 5 2 31 38 45 37 21 4 11 41 24 47 46 27 29 18 44 25 35 28 32 15 39 20 42 16 22 40 19 14 48 43 10 23 26 7 9 12 49 36 13 33 50 17 8 

Inst_Index:3663 	 City_Num:50 	 Concorde:5.953185 	 MCTS:5.951829 Improve:0.001356 	 Time:3.77 Seconds
Solution: 1 24 42 41 21 10 20 19 27 4 26 12 17 36 46 29 32 43 16 47 50 6 9 23 35 37 15 31 2 39 33 5 18 13 11 28 48 38 49 44 25 34 30 3 22 8 7 45 14 40 

Inst_Index:3664 	 City_Num:50 	 Concorde:6.090902 	 MCTS:6.090902 Improve:0.000000 	 Time:3.78 Seconds
Solution: 1 4 48 22 5 11 21 42 14 10 6 45 18 43 32 3 39 9 26 27 7 15 25 12 28 35 41 47 34 50 37 40 31 29 38 46 19 49 33 30 13 44 17 8 36 16 24 20 23 2 

Inst_Index:3665 	 City_Num:50 	 Concorde:5.324993 	 MCTS:5.324993 Improve:0.000000 	 Time:3.75 Seconds
Solution: 1 13 35 26 3 21 50 39 42 24 45 33 4 44 37 27 15 5 19 38 7 12 22 48 11 16 31 28 40 20 6 41 2 36 8 25 49 46 43 10 18 23 29 47 32 30 9 17 14 34 

Inst_Index:3666 	 City_Num:50 	 Concorde:5.959045 	 MCTS:5.958834 Improve:0.000211 	 Time:3.76 Seconds
Solution: 1 28 4 9 45 48 39 3 43 17 30 29 31 46 49 10 5 6 7 37 14 16 36 50 8 47 13 35 2 22 15 38 41 32 33 27 40 19 44 11 24 26 42 18 23 25 12 20 34 21 

Inst_Index:3667 	 City_Num:50 	 Concorde:5.442000 	 MCTS:5.438458 Improve:0.003542 	 Time:3.76 Seconds
Solution: 1 7 26 34 50 49 46 47 39 38 14 23 28 21 35 18 32 22 42 45 19 17 27 44 3 4 43 13 6 37 11 25 5 48 24 20 41 31 15 12 8 16 2 40 10 36 30 33 29 9 

Inst_Index:3668 	 City_Num:50 	 Concorde:5.720382 	 MCTS:5.720382 Improve:0.000000 	 Time:3.76 Seconds
Solution: 1 43 21 32 6 39 48 38 44 19 28 20 24 27 42 41 36 11 3 9 22 18 2 5 14 23 34 30 45 40 7 33 25 49 16 15 12 50 13 35 31 37 29 26 4 10 8 46 17 47 

Inst_Index:3669 	 City_Num:50 	 Concorde:5.720269 	 MCTS:5.720269 Improve:0.000000 	 Time:3.76 Seconds
Solution: 1 38 34 17 37 46 16 12 6 13 26 31 30 24 9 28 2 43 42 15 25 4 48 18 33 11 36 21 41 29 27 10 19 44 39 49 23 5 40 22 20 8 7 35 32 3 47 14 45 50 

Inst_Index:3670 	 City_Num:50 	 Concorde:5.395044 	 MCTS:5.391727 Improve:0.003317 	 Time:3.77 Seconds
Solution: 1 5 34 13 40 18 35 46 37 16 25 32 15 45 26 12 6 17 31 39 22 11 21 10 30 48 24 27 4 33 20 23 8 38 44 41 2 49 42 14 19 29 9 7 28 50 47 43 36 3 

Inst_Index:3671 	 City_Num:50 	 Concorde:5.491685 	 MCTS:5.489367 Improve:0.002317 	 Time:3.77 Seconds
Solution: 1 32 22 48 15 23 39 27 21 45 30 29 5 49 11 2 7 8 43 37 33 19 38 31 24 9 6 17 41 28 50 35 16 44 40 34 26 3 4 20 42 36 18 46 14 10 13 25 47 12 

Inst_Index:3672 	 City_Num:50 	 Concorde:5.654041 	 MCTS:5.652515 Improve:0.001527 	 Time:3.76 Seconds
Solution: 1 5 13 3 15 11 30 23 26 42 21 48 39 25 4 24 38 18 14 20 50 2 35 32 17 43 8 41 49 40 16 31 34 45 10 44 36 27 29 22 7 12 6 37 9 33 19 28 46 47 

Inst_Index:3673 	 City_Num:50 	 Concorde:5.566583 	 MCTS:5.563018 Improve:0.003565 	 Time:3.77 Seconds
Solution: 1 2 42 32 9 21 50 39 45 41 23 33 46 7 29 25 13 47 30 11 12 35 6 34 15 8 27 22 44 49 40 10 28 38 19 14 17 16 31 24 5 26 3 48 4 18 36 20 43 37 

Inst_Index:3674 	 City_Num:50 	 Concorde:5.656676 	 MCTS:5.656676 Improve:0.000000 	 Time:3.76 Seconds
Solution: 1 24 36 12 37 23 16 19 7 17 44 13 47 38 33 9 4 5 32 10 30 8 29 45 35 43 34 21 48 31 39 18 22 26 42 46 28 15 27 40 41 3 25 50 11 20 14 6 49 2 

Inst_Index:3675 	 City_Num:50 	 Concorde:5.661345 	 MCTS:5.656288 Improve:0.005057 	 Time:3.76 Seconds
Solution: 1 5 34 2 23 39 36 47 22 48 6 43 38 12 30 10 3 35 4 19 49 50 41 21 24 14 40 13 37 9 11 26 15 44 32 20 17 16 27 28 46 45 8 33 7 25 18 42 29 31 

Inst_Index:3676 	 City_Num:50 	 Concorde:5.611395 	 MCTS:5.609824 Improve:0.001571 	 Time:3.77 Seconds
Solution: 1 47 17 28 44 39 31 20 48 22 29 25 26 24 3 2 30 49 12 10 8 16 27 46 14 23 5 34 38 18 7 9 33 42 11 19 6 15 36 50 43 37 45 35 40 32 13 41 4 21 

Inst_Index:3677 	 City_Num:50 	 Concorde:5.883391 	 MCTS:5.875384 Improve:0.008007 	 Time:3.76 Seconds
Solution: 1 20 15 36 6 7 48 30 39 18 49 33 8 37 38 29 26 27 28 25 47 10 9 42 11 45 35 12 16 40 5 43 21 31 44 22 14 50 23 19 4 3 13 34 41 32 46 17 2 24 

Inst_Index:3678 	 City_Num:50 	 Concorde:5.465077 	 MCTS:5.462686 Improve:0.002391 	 Time:3.76 Seconds
Solution: 1 39 23 37 21 50 47 7 3 22 25 10 49 9 26 38 16 20 11 34 4 19 36 17 46 12 48 13 45 29 15 8 6 31 35 14 28 44 2 43 42 40 41 27 30 5 18 24 32 33 

Inst_Index:3679 	 City_Num:50 	 Concorde:5.649205 	 MCTS:5.638984 Improve:0.010221 	 Time:3.77 Seconds
Solution: 1 47 9 15 23 45 22 48 11 46 30 31 41 17 5 2 50 20 14 7 21 39 19 29 26 34 4 32 24 36 43 44 8 10 35 40 27 18 13 16 38 3 25 33 49 6 12 28 42 37 

Inst_Index:3680 	 City_Num:50 	 Concorde:5.358033 	 MCTS:5.358033 Improve:0.000000 	 Time:3.76 Seconds
Solution: 1 44 12 13 25 47 37 38 29 45 6 33 14 19 3 46 41 10 5 40 17 23 35 30 15 24 27 16 39 32 22 49 4 21 9 7 50 28 8 2 31 18 48 34 11 36 42 20 26 43 

Inst_Index:3681 	 City_Num:50 	 Concorde:5.611433 	 MCTS:5.610742 Improve:0.000691 	 Time:3.78 Seconds
Solution: 1 48 17 39 14 13 46 25 8 27 37 6 24 30 49 35 10 28 23 31 42 29 32 33 47 19 22 9 16 44 43 34 2 36 18 11 12 40 50 45 26 15 3 41 38 20 7 21 5 4 

Inst_Index:3682 	 City_Num:50 	 Concorde:5.791165 	 MCTS:5.791165 Improve:0.000000 	 Time:3.76 Seconds
Solution: 1 47 21 14 49 28 2 32 41 4 42 26 19 8 37 43 46 33 17 29 38 20 6 13 35 18 34 12 23 24 30 15 3 44 16 50 25 40 39 10 45 48 36 5 9 11 27 22 31 7 

Inst_Index:3683 	 City_Num:50 	 Concorde:5.926085 	 MCTS:5.926085 Improve:-0.000000 	 Time:3.76 Seconds
Solution: 1 40 48 46 2 34 12 27 35 15 14 18 36 31 9 6 5 41 7 38 13 47 43 39 20 17 45 21 44 19 29 23 32 10 33 30 3 37 11 26 8 24 50 4 49 28 22 16 25 42 

Inst_Index:3684 	 City_Num:50 	 Concorde:5.810762 	 MCTS:5.809723 Improve:0.001039 	 Time:3.76 Seconds
Solution: 1 25 45 8 47 33 35 24 3 39 12 31 30 48 2 37 50 36 40 10 6 34 13 46 43 38 11 23 41 18 28 19 26 49 22 16 7 17 27 9 15 42 32 14 44 20 5 4 21 29 

Inst_Index:3685 	 City_Num:50 	 Concorde:5.252735 	 MCTS:5.252735 Improve:-0.000000 	 Time:3.76 Seconds
Solution: 1 5 27 41 36 6 11 49 47 25 37 3 21 30 24 18 26 42 43 29 28 35 31 9 46 39 33 10 2 50 45 40 32 19 4 16 48 12 15 13 23 14 34 17 7 20 44 8 38 22 

Inst_Index:3686 	 City_Num:50 	 Concorde:5.625725 	 MCTS:5.625725 Improve:-0.000000 	 Time:3.75 Seconds
Solution: 1 38 5 6 2 16 9 46 42 12 29 10 30 44 45 24 33 35 23 47 22 15 41 27 19 43 3 31 32 18 48 14 50 13 40 8 7 21 25 11 39 28 49 26 17 34 36 37 20 4 

Inst_Index:3687 	 City_Num:50 	 Concorde:5.958246 	 MCTS:5.958246 Improve:0.000000 	 Time:3.75 Seconds
Solution: 1 5 33 29 8 31 24 12 46 49 18 7 39 17 6 28 32 16 42 20 3 37 34 35 30 21 9 25 11 10 14 38 4 40 22 15 13 43 26 47 48 2 36 23 41 44 45 27 19 50 

Inst_Index:3688 	 City_Num:50 	 Concorde:5.181264 	 MCTS:5.181264 Improve:0.000000 	 Time:3.75 Seconds
Solution: 1 27 30 31 41 17 44 40 47 20 24 16 32 5 4 15 19 7 25 14 23 46 49 13 6 28 36 26 35 22 34 18 38 9 10 12 43 29 11 50 48 37 21 39 42 33 8 45 2 3 

Inst_Index:3689 	 City_Num:50 	 Concorde:6.025999 	 MCTS:6.025999 Improve:-0.000000 	 Time:3.78 Seconds
Solution: 1 48 14 41 33 13 25 39 19 36 11 24 21 30 45 37 27 2 34 46 50 42 6 4 9 16 8 3 15 7 22 49 35 28 23 17 31 40 29 47 18 32 43 5 38 26 10 44 12 20 

Inst_Index:3690 	 City_Num:50 	 Concorde:6.016330 	 MCTS:6.008594 Improve:0.007736 	 Time:3.75 Seconds
Solution: 1 27 21 35 31 8 26 15 23 5 20 22 7 34 3 44 49 11 38 46 25 4 47 6 37 32 14 36 40 50 12 41 17 33 39 48 10 24 42 13 2 18 9 45 43 30 29 16 28 19 

Inst_Index:3691 	 City_Num:50 	 Concorde:5.831087 	 MCTS:5.829790 Improve:0.001297 	 Time:3.75 Seconds
Solution: 1 9 6 37 50 23 15 13 14 16 20 12 21 22 10 36 26 19 34 31 3 7 30 2 28 32 25 17 41 43 45 4 38 40 42 11 29 46 8 18 5 39 49 27 35 48 24 47 33 44 

Inst_Index:3692 	 City_Num:50 	 Concorde:5.630740 	 MCTS:5.630740 Improve:-0.000000 	 Time:3.77 Seconds
Solution: 1 6 27 7 24 39 11 47 25 5 17 9 28 26 23 41 35 34 43 20 14 2 18 49 21 48 8 40 12 33 10 16 19 36 37 31 32 46 22 42 50 15 45 29 38 13 44 4 3 30 

Inst_Index:3693 	 City_Num:50 	 Concorde:5.567218 	 MCTS:5.567218 Improve:-0.000000 	 Time:3.76 Seconds
Solution: 1 16 11 43 39 41 49 18 34 24 35 48 36 31 7 4 47 27 44 21 10 14 20 13 30 12 3 5 8 32 22 26 42 6 38 33 17 40 19 37 23 28 29 50 15 2 9 46 45 25 

Inst_Index:3694 	 City_Num:50 	 Concorde:5.743207 	 MCTS:5.741135 Improve:0.002072 	 Time:3.76 Seconds
Solution: 1 31 16 12 17 38 30 2 44 13 21 8 3 37 4 19 5 20 15 43 50 11 34 46 32 18 47 22 42 27 24 9 36 48 6 49 7 39 40 28 45 35 33 23 14 25 26 29 41 10 

Inst_Index:3695 	 City_Num:50 	 Concorde:5.817819 	 MCTS:5.817819 Improve:0.000000 	 Time:3.76 Seconds
Solution: 1 22 4 18 41 44 36 29 12 45 13 15 49 28 21 20 24 10 3 34 26 8 37 50 31 9 42 14 33 19 25 6 2 32 38 30 40 27 7 43 5 11 23 46 39 35 47 16 17 48 

Inst_Index:3696 	 City_Num:50 	 Concorde:5.642223 	 MCTS:5.642223 Improve:0.000000 	 Time:3.76 Seconds
Solution: 1 4 5 39 50 28 37 19 20 42 41 46 45 6 11 2 40 9 24 16 35 21 47 7 18 25 12 13 49 8 32 15 23 3 10 26 30 27 33 31 44 36 14 48 17 22 38 29 34 43 

Inst_Index:3697 	 City_Num:50 	 Concorde:5.541827 	 MCTS:5.528482 Improve:0.013344 	 Time:3.76 Seconds
Solution: 1 34 8 4 20 50 43 47 13 41 38 16 45 36 24 33 37 49 30 29 11 48 40 35 39 44 32 6 17 42 21 46 10 28 15 19 2 14 27 25 31 7 3 23 18 9 12 22 5 26 

Inst_Index:3698 	 City_Num:50 	 Concorde:5.882973 	 MCTS:5.882973 Improve:0.000000 	 Time:3.76 Seconds
Solution: 1 23 45 16 28 21 9 18 15 46 8 5 43 35 2 50 10 32 13 41 20 22 30 19 44 34 4 38 26 6 39 14 24 12 36 7 47 42 40 48 31 25 49 11 29 37 27 33 17 3 

Inst_Index:3699 	 City_Num:50 	 Concorde:5.155445 	 MCTS:5.155445 Improve:0.000000 	 Time:3.76 Seconds
Solution: 1 33 30 24 40 48 23 27 8 11 31 2 38 39 45 22 28 37 9 42 7 3 15 46 18 17 14 25 50 16 29 19 6 41 26 44 35 20 13 21 32 47 10 5 43 12 4 36 49 34 

Inst_Index:3700 	 City_Num:50 	 Concorde:5.851096 	 MCTS:5.851096 Improve:0.000000 	 Time:3.76 Seconds
Solution: 1 29 7 12 35 26 36 8 21 19 4 48 17 45 42 20 44 2 40 13 41 30 46 6 34 38 24 14 15 25 27 23 43 47 37 39 31 5 28 32 3 18 10 33 49 11 16 9 50 22 

Inst_Index:3701 	 City_Num:50 	 Concorde:6.228467 	 MCTS:6.227122 Improve:0.001345 	 Time:3.75 Seconds
Solution: 1 50 42 34 18 11 24 47 25 22 46 9 39 12 23 5 30 6 28 26 33 32 29 4 45 48 38 49 8 36 41 7 44 20 15 35 2 13 27 37 10 21 40 19 43 3 16 17 31 14 

Inst_Index:3702 	 City_Num:50 	 Concorde:6.035300 	 MCTS:6.030234 Improve:0.005066 	 Time:3.76 Seconds
Solution: 1 37 38 46 11 3 44 2 13 5 24 29 6 47 39 18 10 50 40 17 42 23 32 36 34 15 30 9 49 25 14 4 20 45 33 48 8 21 19 31 28 43 35 16 41 22 7 12 27 26 

Inst_Index:3703 	 City_Num:50 	 Concorde:5.940791 	 MCTS:5.940791 Improve:0.000000 	 Time:3.76 Seconds
Solution: 1 40 9 19 17 31 12 18 35 46 28 16 43 24 26 23 29 45 6 42 14 11 32 33 38 41 10 22 39 5 37 50 8 3 48 15 13 2 27 47 30 36 44 34 21 7 4 49 20 25 

Inst_Index:3704 	 City_Num:50 	 Concorde:5.917345 	 MCTS:5.917231 Improve:0.000114 	 Time:3.76 Seconds
Solution: 1 32 17 43 27 7 5 3 19 39 31 34 22 28 14 37 47 10 25 44 38 20 9 12 33 4 40 49 48 30 26 35 6 29 2 36 15 23 46 41 45 18 16 50 13 42 11 21 24 8 

Inst_Index:3705 	 City_Num:50 	 Concorde:6.075071 	 MCTS:6.071349 Improve:0.003721 	 Time:3.77 Seconds
Solution: 1 24 4 2 18 48 3 41 31 25 14 28 11 9 6 43 15 22 46 49 7 19 16 21 20 17 12 29 47 26 38 45 23 27 40 13 37 32 30 8 34 35 42 44 5 39 36 33 50 10 

Inst_Index:3706 	 City_Num:50 	 Concorde:5.434761 	 MCTS:5.434761 Improve:0.000000 	 Time:3.77 Seconds
Solution: 1 38 48 4 26 22 32 47 36 21 15 13 44 41 6 16 49 29 10 8 46 28 45 20 14 31 33 30 7 50 34 27 43 3 2 25 37 11 40 42 18 19 23 12 17 9 35 5 24 39 

Inst_Index:3707 	 City_Num:50 	 Concorde:5.681056 	 MCTS:5.681056 Improve:-0.000000 	 Time:3.76 Seconds
Solution: 1 43 36 34 8 12 49 33 30 14 32 27 26 6 3 16 48 11 15 31 40 7 39 17 25 21 19 22 38 44 45 42 41 50 13 37 46 28 9 4 23 35 20 18 29 5 10 47 2 24 

Inst_Index:3708 	 City_Num:50 	 Concorde:5.786195 	 MCTS:5.782687 Improve:0.003508 	 Time:3.77 Seconds
Solution: 1 49 28 11 15 30 20 8 50 46 9 10 42 16 21 44 39 3 6 32 17 7 4 18 43 22 23 29 38 19 40 25 34 36 37 47 45 33 5 31 2 24 35 26 14 12 27 48 13 41 

Inst_Index:3709 	 City_Num:50 	 Concorde:5.926095 	 MCTS:5.926095 Improve:0.000000 	 Time:3.76 Seconds
Solution: 1 25 17 26 49 13 21 2 39 31 48 8 33 32 24 42 23 19 3 16 11 46 45 50 27 9 28 7 12 41 29 22 47 14 20 44 34 30 40 35 10 15 43 37 36 18 5 6 4 38 

Inst_Index:3710 	 City_Num:50 	 Concorde:5.505328 	 MCTS:5.505328 Improve:0.000000 	 Time:3.77 Seconds
Solution: 1 38 24 20 34 45 33 27 42 29 7 4 28 35 15 25 23 16 47 46 2 44 41 49 14 5 6 17 10 8 18 37 26 9 13 36 22 43 3 19 48 30 39 50 11 31 12 40 21 32 

Inst_Index:3711 	 City_Num:50 	 Concorde:5.501135 	 MCTS:5.501111 Improve:0.000024 	 Time:3.77 Seconds
Solution: 1 29 14 27 3 6 13 31 47 45 42 28 50 19 36 5 18 7 9 16 40 15 10 35 24 41 20 4 23 48 49 11 38 8 30 34 43 46 37 2 17 33 26 44 12 25 32 22 21 39 

Inst_Index:3712 	 City_Num:50 	 Concorde:5.886863 	 MCTS:5.886863 Improve:-0.000000 	 Time:3.77 Seconds
Solution: 1 33 28 40 39 7 38 50 6 21 45 3 37 35 26 27 43 30 9 24 48 4 5 31 19 47 14 22 29 49 8 41 32 12 17 15 25 23 20 13 46 18 11 10 16 42 36 2 44 34 

Inst_Index:3713 	 City_Num:50 	 Concorde:6.156349 	 MCTS:6.156349 Improve:-0.000000 	 Time:3.75 Seconds
Solution: 1 25 31 20 43 49 26 41 8 38 33 12 15 46 19 37 2 42 7 9 39 32 29 17 23 35 36 14 34 27 22 44 50 6 40 16 13 47 48 4 21 30 24 10 11 3 5 18 28 45 

Inst_Index:3714 	 City_Num:50 	 Concorde:5.472367 	 MCTS:5.472367 Improve:0.000000 	 Time:3.78 Seconds
Solution: 1 42 2 12 11 4 41 38 43 9 19 33 16 31 24 14 7 17 21 49 27 15 50 25 6 46 32 47 18 10 20 22 3 34 28 35 26 23 44 39 45 30 37 48 8 13 40 36 29 5 

Inst_Index:3715 	 City_Num:50 	 Concorde:5.671057 	 MCTS:5.671057 Improve:0.000000 	 Time:3.77 Seconds
Solution: 1 25 8 40 20 12 16 24 10 45 17 7 41 50 3 19 42 37 30 22 35 21 4 28 6 47 26 49 29 38 39 46 11 36 14 18 31 32 43 48 13 44 27 23 2 15 9 33 5 34 

Inst_Index:3716 	 City_Num:50 	 Concorde:6.081420 	 MCTS:6.081420 Improve:-0.000000 	 Time:3.77 Seconds
Solution: 1 2 12 11 40 6 7 28 20 18 15 26 34 44 31 10 14 42 23 25 22 48 35 4 13 3 24 27 38 43 30 46 5 39 8 49 9 37 29 47 45 21 41 36 16 50 32 33 19 17 

Inst_Index:3717 	 City_Num:50 	 Concorde:5.499906 	 MCTS:5.499906 Improve:0.000000 	 Time:3.77 Seconds
Solution: 1 19 29 32 10 22 46 27 25 23 33 26 18 31 20 11 47 24 14 49 45 40 39 38 36 6 50 41 13 44 8 43 2 7 5 35 37 4 9 15 12 34 42 48 30 16 17 3 21 28 

Inst_Index:3718 	 City_Num:50 	 Concorde:5.731447 	 MCTS:5.731085 Improve:0.000362 	 Time:3.76 Seconds
Solution: 1 48 35 36 13 17 44 11 9 46 8 16 19 37 10 6 38 39 28 5 25 2 4 33 50 31 12 22 15 18 29 26 40 34 7 47 20 49 24 30 41 43 14 27 21 23 42 3 45 32 

Inst_Index:3719 	 City_Num:50 	 Concorde:5.292662 	 MCTS:5.292662 Improve:0.000000 	 Time:3.75 Seconds
Solution: 1 46 39 31 4 41 9 28 22 29 42 20 34 3 49 8 13 32 25 6 50 47 35 40 10 16 37 36 27 14 17 30 11 45 23 5 38 7 21 43 2 15 24 26 12 19 18 44 33 48 

Inst_Index:3720 	 City_Num:50 	 Concorde:5.884451 	 MCTS:5.884451 Improve:-0.000000 	 Time:3.77 Seconds
Solution: 1 22 39 5 38 11 24 2 19 48 37 17 6 9 4 44 33 47 32 3 42 13 43 26 15 12 25 20 29 49 28 50 14 23 40 31 18 35 7 34 41 36 10 27 30 21 46 16 8 45 

Inst_Index:3721 	 City_Num:50 	 Concorde:6.306672 	 MCTS:6.305800 Improve:0.000872 	 Time:3.78 Seconds
Solution: 1 25 9 14 15 35 36 7 18 4 46 39 40 27 43 45 29 8 6 47 16 11 38 3 26 49 28 48 10 20 50 41 31 2 13 5 19 24 33 42 23 30 44 17 37 22 32 21 34 12 

Inst_Index:3722 	 City_Num:50 	 Concorde:5.805554 	 MCTS:5.805554 Improve:-0.000000 	 Time:3.76 Seconds
Solution: 1 23 47 21 48 18 25 44 30 36 27 6 41 37 46 16 9 38 7 4 17 20 12 2 50 49 35 40 28 39 11 10 14 29 26 3 42 8 31 33 43 32 5 34 24 15 45 19 22 13 

Inst_Index:3723 	 City_Num:50 	 Concorde:5.680712 	 MCTS:5.680712 Improve:0.000000 	 Time:3.76 Seconds
Solution: 1 17 21 32 11 2 40 4 18 36 12 15 34 28 29 13 5 27 20 49 43 38 50 16 6 3 31 35 7 44 24 25 42 33 47 45 23 26 46 10 9 22 48 39 41 37 14 19 30 8 

Inst_Index:3724 	 City_Num:50 	 Concorde:5.814898 	 MCTS:5.814898 Improve:0.000000 	 Time:3.76 Seconds
Solution: 1 44 46 27 17 30 13 26 45 20 40 2 7 3 22 43 5 35 49 50 14 36 6 41 8 11 10 42 47 19 9 15 21 33 28 4 37 16 29 12 38 48 23 34 24 39 31 25 32 18 

Inst_Index:3725 	 City_Num:50 	 Concorde:5.740158 	 MCTS:5.740158 Improve:0.000000 	 Time:3.77 Seconds
Solution: 1 7 20 10 32 50 39 44 13 3 36 43 9 27 47 21 37 4 45 33 38 30 41 15 11 31 42 18 2 19 8 5 29 28 46 35 25 26 24 23 14 34 22 48 40 49 6 16 12 17 

Inst_Index:3726 	 City_Num:50 	 Concorde:5.832866 	 MCTS:5.832866 Improve:0.000000 	 Time:3.76 Seconds
Solution: 1 17 6 33 31 38 2 24 15 47 44 40 10 11 27 37 35 45 23 28 48 5 14 32 46 30 16 41 49 20 34 8 26 22 18 3 21 25 39 42 19 9 36 7 29 50 4 12 13 43 

Inst_Index:3727 	 City_Num:50 	 Concorde:5.294810 	 MCTS:5.294810 Improve:0.000000 	 Time:3.75 Seconds
Solution: 1 28 39 2 33 13 7 5 50 27 12 6 14 35 37 25 23 32 49 48 34 43 45 15 3 19 24 9 20 16 46 4 11 29 17 21 31 26 38 8 30 22 47 44 42 41 40 18 10 36 

Inst_Index:3728 	 City_Num:50 	 Concorde:5.722118 	 MCTS:5.722118 Improve:0.000000 	 Time:3.76 Seconds
Solution: 1 5 48 24 4 13 31 43 16 20 50 42 27 9 26 36 25 39 33 49 29 2 18 47 22 45 32 19 34 15 11 37 14 21 44 3 46 28 7 41 23 30 38 12 8 17 35 40 10 6 

Inst_Index:3729 	 City_Num:50 	 Concorde:5.763056 	 MCTS:5.763056 Improve:-0.000000 	 Time:3.76 Seconds
Solution: 1 5 47 2 11 32 16 6 33 46 10 21 26 18 34 7 23 42 31 25 41 35 22 17 49 27 13 28 19 14 24 39 15 40 44 30 29 38 4 3 37 43 9 36 8 50 48 20 12 45 

Inst_Index:3730 	 City_Num:50 	 Concorde:5.573022 	 MCTS:5.573022 Improve:0.000000 	 Time:3.76 Seconds
Solution: 1 46 10 38 4 26 22 47 35 40 24 37 25 50 3 8 6 33 27 9 17 21 23 45 42 19 13 20 31 49 39 11 16 7 29 2 32 43 44 36 34 15 5 12 18 14 48 30 28 41 

Inst_Index:3731 	 City_Num:50 	 Concorde:5.401595 	 MCTS:5.401595 Improve:-0.000000 	 Time:3.75 Seconds
Solution: 1 19 17 21 32 5 36 2 29 49 28 31 35 37 6 42 41 25 4 11 38 12 40 22 7 34 20 43 24 45 3 18 16 46 10 9 23 30 44 26 48 13 8 47 39 27 14 33 50 15 

Inst_Index:3732 	 City_Num:50 	 Concorde:5.538764 	 MCTS:5.538764 Improve:0.000000 	 Time:3.76 Seconds
Solution: 1 22 41 25 12 40 29 10 15 45 4 27 23 9 16 19 30 6 43 26 17 21 8 7 28 5 39 13 33 50 24 48 35 3 31 11 47 20 42 14 36 32 49 37 44 34 46 18 38 2 

Inst_Index:3733 	 City_Num:50 	 Concorde:6.122516 	 MCTS:6.122516 Improve:0.000000 	 Time:3.79 Seconds
Solution: 1 11 34 9 10 8 47 29 18 13 28 39 17 20 7 44 46 42 50 14 31 22 32 15 35 41 36 49 25 12 4 33 3 38 16 6 19 5 45 30 27 23 40 37 48 43 21 26 24 2 

Inst_Index:3734 	 City_Num:50 	 Concorde:5.820190 	 MCTS:5.820190 Improve:0.000000 	 Time:3.78 Seconds
Solution: 1 39 45 37 30 31 43 22 40 28 41 17 18 9 7 11 4 49 24 10 27 48 47 46 50 5 6 36 16 3 33 20 34 26 2 25 19 32 29 14 15 8 12 35 23 44 38 21 13 42 

Inst_Index:3735 	 City_Num:50 	 Concorde:5.864389 	 MCTS:5.864389 Improve:0.000000 	 Time:3.76 Seconds
Solution: 1 14 9 29 46 10 35 50 7 33 37 19 48 49 40 13 16 28 18 26 11 22 32 42 34 31 4 41 44 5 43 30 12 39 23 15 6 8 21 38 27 45 47 17 20 3 24 25 2 36 

Inst_Index:3736 	 City_Num:50 	 Concorde:5.503816 	 MCTS:5.503816 Improve:0.000000 	 Time:3.76 Seconds
Solution: 1 15 22 12 44 5 3 31 4 23 36 17 49 38 6 9 50 14 29 35 46 48 24 10 16 39 18 8 30 7 19 28 32 11 33 45 21 43 41 37 13 40 2 26 34 20 47 25 42 27 

Inst_Index:3737 	 City_Num:50 	 Concorde:5.684043 	 MCTS:5.684043 Improve:-0.000000 	 Time:3.76 Seconds
Solution: 1 42 16 7 39 14 32 6 22 20 15 8 44 28 13 49 47 9 29 43 19 35 2 26 40 27 31 4 3 30 11 36 50 41 12 10 48 33 46 17 37 25 5 34 23 38 21 45 18 24 

Inst_Index:3738 	 City_Num:50 	 Concorde:5.945047 	 MCTS:5.941653 Improve:0.003394 	 Time:3.76 Seconds
Solution: 1 2 20 25 39 47 18 29 44 46 34 38 48 11 33 43 28 19 14 3 10 23 30 37 26 41 45 7 36 40 5 50 13 16 8 31 9 6 49 35 15 32 24 4 22 12 42 27 17 21 

Inst_Index:3739 	 City_Num:50 	 Concorde:5.637680 	 MCTS:5.637680 Improve:0.000000 	 Time:3.77 Seconds
Solution: 1 41 6 34 8 39 2 30 12 17 29 23 28 18 7 4 14 33 37 35 24 47 22 46 50 5 25 20 27 19 31 36 38 26 9 42 15 3 40 21 49 11 32 45 48 44 43 13 10 16 

Inst_Index:3740 	 City_Num:50 	 Concorde:6.065927 	 MCTS:6.065927 Improve:0.000000 	 Time:3.76 Seconds
Solution: 1 5 39 48 10 3 33 26 2 34 43 42 46 50 27 22 47 15 18 7 31 16 20 6 23 21 45 25 30 44 12 37 8 36 40 49 19 35 11 17 38 13 32 41 28 9 24 14 4 29 

Inst_Index:3741 	 City_Num:50 	 Concorde:5.881671 	 MCTS:5.879060 Improve:0.002611 	 Time:3.75 Seconds
Solution: 1 27 25 45 3 38 19 35 16 23 37 41 24 21 42 50 22 13 33 7 12 5 43 29 17 34 26 6 9 15 28 10 4 11 32 20 39 48 46 8 47 30 44 36 31 40 49 14 18 2 

Inst_Index:3742 	 City_Num:50 	 Concorde:5.429939 	 MCTS:5.429847 Improve:0.000092 	 Time:3.75 Seconds
Solution: 1 32 36 14 50 41 11 16 31 7 35 19 21 49 17 23 37 6 34 12 2 45 33 44 22 47 25 40 18 26 10 24 39 28 27 8 5 9 43 4 48 29 38 15 30 42 13 46 3 20 

Inst_Index:3743 	 City_Num:50 	 Concorde:5.713988 	 MCTS:5.713988 Improve:0.000000 	 Time:3.75 Seconds
Solution: 1 48 43 23 37 30 31 8 41 6 49 13 34 42 2 36 19 10 25 20 33 46 11 50 28 16 44 22 18 29 47 4 26 5 9 38 12 17 15 14 24 35 3 21 39 40 32 45 27 7 

Inst_Index:3744 	 City_Num:50 	 Concorde:6.078431 	 MCTS:6.078431 Improve:0.000000 	 Time:3.76 Seconds
Solution: 1 13 12 18 49 4 15 25 33 22 32 5 17 7 24 30 41 38 50 16 45 21 28 14 8 19 3 39 9 27 29 34 20 2 44 10 11 31 43 42 23 35 36 48 40 37 46 26 47 6 

Inst_Index:3745 	 City_Num:50 	 Concorde:5.298679 	 MCTS:5.298679 Improve:0.000000 	 Time:3.76 Seconds
Solution: 1 18 20 25 41 32 17 26 43 13 19 16 15 46 10 22 2 36 6 14 12 45 39 11 21 3 37 35 28 23 7 4 33 24 42 5 27 44 9 30 40 48 34 8 31 29 47 50 38 49 

Inst_Index:3746 	 City_Num:50 	 Concorde:6.109033 	 MCTS:6.109033 Improve:-0.000000 	 Time:3.76 Seconds
Solution: 1 50 40 42 43 9 13 47 4 25 8 17 37 2 15 39 19 45 20 14 30 12 10 49 35 38 16 5 6 27 32 18 23 28 41 7 36 33 34 24 48 29 11 26 22 46 3 31 21 44 

Inst_Index:3747 	 City_Num:50 	 Concorde:5.682341 	 MCTS:5.679581 Improve:0.002760 	 Time:3.76 Seconds
Solution: 1 20 25 42 50 32 23 14 5 31 16 11 24 6 19 41 9 33 35 34 38 10 49 22 43 7 13 30 8 4 48 36 21 2 17 15 29 3 46 27 28 47 45 44 12 40 39 37 18 26 

Inst_Index:3748 	 City_Num:50 	 Concorde:5.788593 	 MCTS:5.788256 Improve:0.000336 	 Time:3.77 Seconds
Solution: 1 9 24 49 29 33 31 39 23 10 6 28 42 7 30 48 50 21 22 12 45 2 27 32 19 26 13 47 3 43 15 20 16 37 38 8 44 4 46 25 34 36 41 35 40 14 5 18 11 17 

Inst_Index:3749 	 City_Num:50 	 Concorde:5.878022 	 MCTS:5.878022 Improve:-0.000000 	 Time:3.75 Seconds
Solution: 1 38 47 12 25 26 10 19 32 40 18 27 46 50 2 34 21 42 41 44 5 16 31 29 11 45 8 13 28 48 9 33 35 22 20 43 3 6 36 37 14 23 4 7 39 49 24 30 15 17 

Inst_Index:3750 	 City_Num:50 	 Concorde:5.918155 	 MCTS:5.914225 Improve:0.003930 	 Time:3.75 Seconds
Solution: 1 41 48 16 8 18 11 20 31 7 9 4 5 37 25 33 29 42 22 40 6 47 15 44 43 10 26 45 38 30 28 32 3 49 46 24 2 12 23 34 35 17 13 36 39 50 14 21 19 27 

Inst_Index:3751 	 City_Num:50 	 Concorde:5.744236 	 MCTS:5.744236 Improve:0.000000 	 Time:3.75 Seconds
Solution: 1 28 36 5 46 9 23 15 32 48 47 44 19 29 49 33 20 3 18 25 40 45 34 4 6 10 12 13 27 8 31 39 41 7 35 24 22 2 37 30 21 38 16 17 14 11 26 50 42 43 

Inst_Index:3752 	 City_Num:50 	 Concorde:5.852902 	 MCTS:5.852902 Improve:-0.000000 	 Time:3.75 Seconds
Solution: 1 25 35 49 34 10 9 47 13 14 37 5 21 50 6 29 43 38 12 18 41 28 3 23 19 32 17 33 30 2 36 27 7 40 22 44 48 11 4 39 15 16 31 46 20 8 42 45 26 24 

Inst_Index:3753 	 City_Num:50 	 Concorde:5.527373 	 MCTS:5.527373 Improve:-0.000000 	 Time:3.76 Seconds
Solution: 1 23 14 24 15 48 34 43 22 41 6 25 17 42 3 20 28 5 8 11 12 36 10 47 21 39 50 9 30 19 31 4 16 45 32 49 29 37 40 35 46 26 7 2 27 44 18 38 13 33 

Inst_Index:3754 	 City_Num:50 	 Concorde:5.773599 	 MCTS:5.770880 Improve:0.002718 	 Time:3.77 Seconds
Solution: 1 18 19 28 12 14 46 22 40 13 27 26 50 11 34 24 9 33 6 7 2 32 37 8 47 41 44 43 21 30 35 45 39 23 3 29 48 38 10 16 31 4 42 17 36 20 15 5 49 25 

Inst_Index:3755 	 City_Num:50 	 Concorde:5.879390 	 MCTS:5.879390 Improve:0.000000 	 Time:3.75 Seconds
Solution: 1 30 2 33 4 3 39 34 17 35 21 45 46 48 36 38 40 14 22 41 24 8 6 23 50 20 15 43 12 31 9 26 19 29 27 18 5 16 10 47 42 37 49 25 7 11 32 44 13 28 

Inst_Index:3756 	 City_Num:50 	 Concorde:5.794434 	 MCTS:5.794434 Improve:-0.000000 	 Time:3.75 Seconds
Solution: 1 26 27 25 35 43 32 22 30 42 33 8 15 49 18 23 37 16 17 46 3 9 4 20 48 38 36 34 19 5 44 21 45 40 41 10 29 31 7 2 13 6 12 50 14 11 28 24 39 47 


Avg_Concorde_Distance: 5.690151 Avg_MCTS_Distance: 5.688865 Avg_Gap: -0.000226 Total_Time: 1178.28 Seconds 
 Beat_Best_Known_Times: 121 Match_Best_Known_Times: 192 Miss_Best_Known_Times: 0 
