Number_of_Instances_In_Current_Batch: 313

Inst_Index:7513 	 City_Num:50 	 Concorde:5.962517 	 MCTS:5.962517 Improve:0.000000 	 Time:3.76 Seconds
Solution: 1 36 29 30 28 26 41 6 42 10 46 49 5 38 34 13 21 40 32 25 31 44 17 18 8 39 14 19 45 33 2 48 23 50 9 3 22 11 7 12 27 15 47 35 37 43 20 24 4 16 

Inst_Index:7514 	 City_Num:50 	 Concorde:5.678759 	 MCTS:5.678759 Improve:-0.000000 	 Time:3.75 Seconds
Solution: 1 9 14 8 41 27 17 4 43 46 22 24 15 35 29 28 5 21 36 39 38 16 48 31 19 18 40 50 42 44 11 20 25 3 47 13 45 12 34 49 30 10 2 26 37 33 32 6 7 23 

Inst_Index:7515 	 City_Num:50 	 Concorde:6.024393 	 MCTS:6.024393 Improve:0.000000 	 Time:3.76 Seconds
Solution: 1 29 12 19 40 47 35 41 13 2 20 34 38 39 6 17 27 7 3 37 45 26 14 50 9 21 32 16 5 48 4 10 30 31 28 18 22 33 24 43 8 36 44 23 42 49 25 46 11 15 

Inst_Index:7516 	 City_Num:50 	 Concorde:5.214373 	 MCTS:5.214373 Improve:0.000000 	 Time:3.75 Seconds
Solution: 1 50 7 38 42 18 33 36 39 49 44 25 30 4 10 32 40 11 20 34 26 8 48 13 46 35 41 14 21 43 6 23 15 29 16 27 3 9 24 17 2 19 45 12 22 31 28 5 37 47 

Inst_Index:7517 	 City_Num:50 	 Concorde:5.828858 	 MCTS:5.828858 Improve:0.000000 	 Time:3.76 Seconds
Solution: 1 37 30 49 27 6 19 43 34 10 3 42 15 22 45 12 4 44 18 47 38 17 9 36 20 13 25 7 14 48 5 11 26 23 46 28 8 16 2 29 33 35 41 40 24 31 21 39 50 32 

Inst_Index:7518 	 City_Num:50 	 Concorde:5.808638 	 MCTS:5.808638 Improve:0.000000 	 Time:3.76 Seconds
Solution: 1 21 46 13 22 40 43 44 20 33 2 8 5 7 45 4 15 18 31 32 16 3 39 11 6 38 26 28 19 9 27 12 36 42 14 35 48 29 49 47 30 25 50 23 41 34 10 37 17 24 

Inst_Index:7519 	 City_Num:50 	 Concorde:6.055856 	 MCTS:6.055856 Improve:0.000000 	 Time:3.75 Seconds
Solution: 1 24 46 45 8 49 10 11 25 26 15 33 31 20 50 35 47 41 32 42 6 14 44 17 7 34 16 18 29 5 30 3 38 4 27 39 19 22 23 37 36 21 2 40 43 9 28 13 48 12 

Inst_Index:7520 	 City_Num:50 	 Concorde:5.874057 	 MCTS:5.874057 Improve:0.000000 	 Time:3.77 Seconds
Solution: 1 14 20 38 4 36 26 39 11 45 18 9 15 50 2 40 46 41 23 49 21 17 30 29 42 31 10 47 32 13 7 19 24 33 35 37 5 48 6 43 12 27 22 25 16 3 8 28 44 34 

Inst_Index:7521 	 City_Num:50 	 Concorde:5.789860 	 MCTS:5.788028 Improve:0.001832 	 Time:3.77 Seconds
Solution: 1 47 14 28 12 31 9 34 15 29 49 38 2 35 50 5 13 11 6 27 36 26 18 8 10 41 46 44 23 19 21 4 43 32 16 7 17 33 48 22 39 37 40 25 30 24 3 42 20 45 

Inst_Index:7522 	 City_Num:50 	 Concorde:5.944155 	 MCTS:5.944155 Improve:-0.000000 	 Time:3.75 Seconds
Solution: 1 17 50 37 16 6 32 30 12 13 39 38 4 8 2 41 47 9 35 14 3 27 21 5 18 40 48 45 34 42 10 19 29 23 15 7 31 43 25 36 46 44 11 33 22 28 20 24 49 26 

Inst_Index:7523 	 City_Num:50 	 Concorde:5.464207 	 MCTS:5.462937 Improve:0.001270 	 Time:3.76 Seconds
Solution: 1 16 14 9 7 43 20 41 10 26 8 50 31 13 45 30 2 46 12 48 27 21 22 17 5 23 19 36 15 44 25 47 18 32 28 37 11 35 34 39 29 38 33 3 40 4 24 49 42 6 

Inst_Index:7524 	 City_Num:50 	 Concorde:5.692771 	 MCTS:5.692771 Improve:0.000000 	 Time:3.76 Seconds
Solution: 1 45 26 31 19 8 49 38 20 21 13 14 47 9 22 33 50 24 11 35 5 27 4 17 25 15 41 18 37 46 40 16 39 10 30 44 28 7 34 6 3 42 23 29 32 2 48 12 43 36 

Inst_Index:7525 	 City_Num:50 	 Concorde:5.912409 	 MCTS:5.912409 Improve:-0.000000 	 Time:3.76 Seconds
Solution: 1 16 30 19 22 7 26 23 33 12 35 6 45 34 31 8 39 9 5 40 17 41 38 14 21 18 15 11 4 32 29 10 47 36 27 42 43 13 2 20 28 46 24 44 3 25 50 49 37 48 

Inst_Index:7526 	 City_Num:50 	 Concorde:5.520146 	 MCTS:5.520146 Improve:0.000000 	 Time:3.76 Seconds
Solution: 1 32 50 48 8 42 20 11 18 2 6 35 9 17 10 40 47 31 7 24 28 45 21 33 16 49 15 44 25 37 39 29 3 36 4 46 19 23 5 22 38 43 41 26 34 14 12 27 13 30 

Inst_Index:7527 	 City_Num:50 	 Concorde:6.245510 	 MCTS:6.245510 Improve:0.000000 	 Time:3.77 Seconds
Solution: 1 9 26 20 5 31 41 38 2 46 47 15 7 17 12 24 27 14 6 13 30 36 34 4 45 35 49 18 25 22 33 10 42 11 43 40 39 23 44 16 48 50 3 21 37 29 19 8 28 32 

Inst_Index:7528 	 City_Num:50 	 Concorde:5.460173 	 MCTS:5.460173 Improve:0.000000 	 Time:3.75 Seconds
Solution: 1 17 41 12 32 44 27 45 8 48 19 23 2 7 29 33 11 25 38 37 10 50 28 9 22 5 35 21 14 46 24 31 43 4 36 18 3 47 30 40 39 13 34 20 26 42 15 6 49 16 

Inst_Index:7529 	 City_Num:50 	 Concorde:5.932315 	 MCTS:5.929349 Improve:0.002965 	 Time:3.75 Seconds
Solution: 1 23 46 15 16 45 9 3 47 8 38 44 33 37 29 25 6 35 12 32 43 13 31 21 30 40 50 22 11 7 10 27 2 49 24 19 36 5 26 18 39 28 42 34 41 20 48 17 4 14 

Inst_Index:7530 	 City_Num:50 	 Concorde:5.861899 	 MCTS:5.861899 Improve:0.000000 	 Time:3.76 Seconds
Solution: 1 44 37 28 49 14 5 41 26 15 23 36 31 25 18 43 4 34 7 13 24 8 9 3 16 46 12 29 45 40 50 6 11 35 27 38 42 22 47 21 19 33 39 32 10 17 30 20 2 48 

Inst_Index:7531 	 City_Num:50 	 Concorde:5.324193 	 MCTS:5.324193 Improve:-0.000000 	 Time:3.76 Seconds
Solution: 1 2 15 25 16 24 28 14 36 17 20 50 32 21 43 30 47 48 44 38 11 34 3 37 31 41 5 4 45 23 26 13 40 10 27 22 19 39 9 29 7 12 18 35 42 8 46 6 33 49 

Inst_Index:7532 	 City_Num:50 	 Concorde:5.859660 	 MCTS:5.859660 Improve:0.000000 	 Time:3.75 Seconds
Solution: 1 25 19 31 28 21 38 33 17 34 23 16 48 3 22 8 12 6 43 5 49 13 11 9 29 39 41 35 45 10 4 42 15 27 44 46 36 2 37 18 7 30 40 47 26 20 24 14 32 50 

Inst_Index:7533 	 City_Num:50 	 Concorde:5.715166 	 MCTS:5.711778 Improve:0.003388 	 Time:3.76 Seconds
Solution: 1 22 12 41 14 36 50 34 28 24 27 20 49 35 19 39 23 43 30 29 13 3 9 5 47 2 18 10 11 46 8 38 26 32 48 31 44 25 40 16 42 33 15 4 6 37 45 21 17 7 

Inst_Index:7534 	 City_Num:50 	 Concorde:6.013212 	 MCTS:6.013212 Improve:-0.000000 	 Time:3.76 Seconds
Solution: 1 26 37 47 45 30 19 24 42 39 12 16 46 31 33 9 29 43 38 22 48 3 4 6 7 17 25 13 2 5 28 41 8 20 23 11 14 15 50 49 36 10 40 44 32 35 27 34 21 18 

Inst_Index:7535 	 City_Num:50 	 Concorde:5.778221 	 MCTS:5.778221 Improve:0.000000 	 Time:3.75 Seconds
Solution: 1 40 21 31 27 34 9 11 48 30 14 43 38 5 25 36 10 39 35 44 6 3 22 32 7 45 50 41 17 33 16 23 15 47 4 8 37 12 13 2 28 46 20 19 49 18 42 24 26 29 

Inst_Index:7536 	 City_Num:50 	 Concorde:6.092958 	 MCTS:6.092958 Improve:0.000000 	 Time:3.77 Seconds
Solution: 1 31 19 34 30 6 38 32 39 40 14 20 47 25 9 23 50 26 48 22 12 28 33 21 29 18 35 16 11 2 27 5 15 44 49 43 17 10 13 7 24 46 36 42 8 4 3 45 37 41 

Inst_Index:7537 	 City_Num:50 	 Concorde:5.954598 	 MCTS:5.954598 Improve:0.000000 	 Time:3.77 Seconds
Solution: 1 41 20 23 21 47 14 37 5 24 12 36 3 49 16 34 15 9 8 25 18 28 42 35 4 13 38 40 32 26 2 43 33 48 30 39 19 50 45 44 6 7 17 29 46 10 22 11 27 31 

Inst_Index:7538 	 City_Num:50 	 Concorde:6.044753 	 MCTS:6.044753 Improve:-0.000000 	 Time:3.77 Seconds
Solution: 1 41 27 49 37 16 46 15 31 17 20 40 9 28 6 25 11 48 14 39 35 8 26 36 50 23 7 44 29 42 10 47 18 43 13 32 3 33 38 30 34 2 4 21 5 45 19 12 22 24 

Inst_Index:7539 	 City_Num:50 	 Concorde:5.671624 	 MCTS:5.671624 Improve:0.000000 	 Time:3.76 Seconds
Solution: 1 29 20 45 31 44 27 37 9 26 24 11 2 47 16 36 41 38 10 15 40 21 6 42 49 46 12 3 19 39 14 35 23 32 33 4 13 18 17 30 28 43 50 7 5 48 22 34 8 25 

Inst_Index:7540 	 City_Num:50 	 Concorde:5.806969 	 MCTS:5.806969 Improve:0.000000 	 Time:3.76 Seconds
Solution: 1 21 3 27 38 45 26 9 43 22 49 36 7 6 20 30 50 15 4 17 14 37 13 47 18 34 11 32 2 8 29 5 39 35 10 44 12 46 23 40 28 48 25 41 24 33 19 31 42 16 

Inst_Index:7541 	 City_Num:50 	 Concorde:5.428357 	 MCTS:5.428357 Improve:0.000000 	 Time:3.76 Seconds
Solution: 1 30 11 26 32 49 18 44 7 25 36 14 19 23 35 48 3 2 31 43 5 27 28 50 4 40 46 20 24 22 17 29 6 38 21 15 42 39 41 10 13 47 16 9 33 34 8 37 45 12 

Inst_Index:7542 	 City_Num:50 	 Concorde:5.909694 	 MCTS:5.909694 Improve:-0.000000 	 Time:3.76 Seconds
Solution: 1 25 10 38 13 21 20 31 24 19 9 2 46 30 42 33 22 3 23 12 4 26 29 7 27 50 8 43 17 47 5 39 49 45 36 15 18 11 48 6 34 40 14 37 28 32 16 44 35 41 

Inst_Index:7543 	 City_Num:50 	 Concorde:5.857619 	 MCTS:5.857376 Improve:0.000243 	 Time:3.76 Seconds
Solution: 1 37 2 24 44 26 47 41 18 50 22 19 40 8 32 48 4 39 42 43 36 28 38 16 46 33 6 10 21 27 35 20 3 45 14 15 13 30 49 7 9 25 17 23 12 5 11 29 31 34 

Inst_Index:7544 	 City_Num:50 	 Concorde:5.544649 	 MCTS:5.542051 Improve:0.002598 	 Time:3.76 Seconds
Solution: 1 15 13 10 17 3 25 44 36 41 35 49 48 42 14 24 2 22 40 9 5 38 16 21 29 45 6 33 7 47 12 37 46 39 28 27 8 34 23 20 31 50 11 4 30 43 26 32 18 19 

Inst_Index:7545 	 City_Num:50 	 Concorde:5.931757 	 MCTS:5.931757 Improve:-0.000000 	 Time:3.75 Seconds
Solution: 1 24 22 30 39 21 2 20 43 49 17 14 34 19 28 13 42 33 11 15 29 16 46 18 35 44 45 50 23 25 37 4 6 8 41 40 32 10 26 5 12 31 38 3 7 48 27 47 9 36 

Inst_Index:7546 	 City_Num:50 	 Concorde:5.494592 	 MCTS:5.494592 Improve:0.000000 	 Time:3.75 Seconds
Solution: 1 21 20 44 17 50 42 5 38 28 8 6 13 2 32 43 29 23 35 19 34 45 27 39 47 11 26 48 37 24 30 4 10 36 18 33 49 15 46 12 41 25 14 31 3 16 22 7 9 40 

Inst_Index:7547 	 City_Num:50 	 Concorde:5.529136 	 MCTS:5.528703 Improve:0.000433 	 Time:3.77 Seconds
Solution: 1 47 39 41 27 6 16 28 36 15 33 19 48 20 32 10 12 30 9 34 25 50 3 18 22 5 29 17 24 46 45 31 13 44 21 37 8 35 7 4 23 42 26 2 49 40 38 43 11 14 

Inst_Index:7548 	 City_Num:50 	 Concorde:5.859811 	 MCTS:5.859811 Improve:0.000000 	 Time:3.75 Seconds
Solution: 1 33 30 45 44 23 12 4 42 5 8 25 18 17 16 50 14 19 2 3 22 31 7 41 36 49 46 20 34 32 28 10 6 47 27 29 13 39 37 26 40 9 35 24 48 43 38 21 11 15 

Inst_Index:7549 	 City_Num:50 	 Concorde:5.985090 	 MCTS:5.985090 Improve:0.000000 	 Time:3.76 Seconds
Solution: 1 2 8 17 34 30 21 43 3 18 42 40 16 6 25 9 44 22 23 26 14 12 32 45 10 37 36 38 7 11 28 31 4 49 13 19 46 39 41 48 24 47 20 35 27 5 15 33 50 29 

Inst_Index:7550 	 City_Num:50 	 Concorde:6.187127 	 MCTS:6.186521 Improve:0.000605 	 Time:3.76 Seconds
Solution: 1 13 49 30 31 44 4 9 25 11 50 26 37 14 2 29 17 15 38 34 35 3 32 20 7 46 39 18 8 41 21 40 47 16 43 6 36 33 23 12 48 5 27 19 22 10 45 24 28 42 

Inst_Index:7551 	 City_Num:50 	 Concorde:5.653172 	 MCTS:5.653172 Improve:0.000000 	 Time:3.76 Seconds
Solution: 1 4 9 33 6 36 35 48 44 39 23 3 19 22 42 12 20 21 37 24 47 38 14 18 29 49 34 32 41 10 7 30 45 26 31 27 43 28 46 25 40 5 2 8 11 50 17 15 13 16 

Inst_Index:7552 	 City_Num:50 	 Concorde:5.588507 	 MCTS:5.586776 Improve:0.001731 	 Time:3.76 Seconds
Solution: 1 24 32 2 8 41 46 33 7 3 21 5 29 6 45 4 43 30 14 15 36 23 47 12 25 37 39 17 18 19 28 40 10 50 38 13 42 26 44 20 16 49 9 31 48 27 11 35 34 22 

Inst_Index:7553 	 City_Num:50 	 Concorde:6.124034 	 MCTS:6.124034 Improve:-0.000000 	 Time:3.77 Seconds
Solution: 1 33 45 19 30 32 11 21 41 38 37 17 4 3 20 44 26 23 7 10 14 25 16 43 48 22 6 31 28 12 9 50 36 27 29 40 8 24 42 15 35 18 49 34 47 46 2 39 13 5 

Inst_Index:7554 	 City_Num:50 	 Concorde:5.806807 	 MCTS:5.802246 Improve:0.004561 	 Time:3.75 Seconds
Solution: 1 5 8 6 3 34 15 23 44 45 30 7 48 42 43 2 12 35 19 11 20 16 41 50 10 22 38 24 37 36 4 14 40 32 13 27 33 31 39 29 49 26 47 46 18 21 9 17 25 28 

Inst_Index:7555 	 City_Num:50 	 Concorde:5.746155 	 MCTS:5.746155 Improve:0.000000 	 Time:3.77 Seconds
Solution: 1 13 43 19 38 48 41 26 45 22 39 6 5 7 16 12 46 32 50 18 9 21 4 31 36 33 28 2 3 49 23 15 40 25 17 44 8 20 29 30 14 47 34 27 11 42 24 10 35 37 

Inst_Index:7556 	 City_Num:50 	 Concorde:5.584461 	 MCTS:5.584461 Improve:0.000000 	 Time:3.75 Seconds
Solution: 1 6 37 41 50 9 21 8 13 16 49 7 47 44 29 19 45 14 38 22 46 35 4 43 40 34 33 25 18 26 48 3 20 24 5 36 23 27 30 11 28 17 39 12 32 10 15 31 42 2 

Inst_Index:7557 	 City_Num:50 	 Concorde:5.422937 	 MCTS:5.422937 Improve:-0.000000 	 Time:3.76 Seconds
Solution: 1 41 19 4 36 9 43 14 33 50 42 34 3 32 24 16 37 25 17 10 5 12 31 47 2 35 45 29 20 15 44 8 18 40 39 26 46 28 11 13 27 22 38 30 6 23 7 21 48 49 

Inst_Index:7558 	 City_Num:50 	 Concorde:5.626801 	 MCTS:5.626801 Improve:0.000000 	 Time:3.77 Seconds
Solution: 1 14 36 24 2 30 34 32 41 29 42 9 20 3 47 40 23 39 37 13 22 33 26 17 12 44 5 11 27 10 18 15 6 46 4 7 49 19 43 28 45 31 38 25 8 35 21 50 16 48 

Inst_Index:7559 	 City_Num:50 	 Concorde:5.430756 	 MCTS:5.430756 Improve:0.000000 	 Time:3.76 Seconds
Solution: 1 40 38 50 37 17 48 8 15 21 43 19 6 36 42 9 39 23 44 28 29 26 5 30 31 32 20 4 35 33 24 7 12 22 16 41 11 14 34 18 2 10 45 46 3 25 13 47 49 27 

Inst_Index:7560 	 City_Num:50 	 Concorde:5.754098 	 MCTS:5.747092 Improve:0.007005 	 Time:3.76 Seconds
Solution: 1 20 21 16 25 35 24 37 12 3 23 27 15 46 10 14 8 18 34 32 48 47 6 11 17 30 7 44 41 28 38 50 39 22 36 19 31 43 29 49 5 40 13 4 45 2 33 9 42 26 

Inst_Index:7561 	 City_Num:50 	 Concorde:5.517299 	 MCTS:5.515258 Improve:0.002040 	 Time:3.75 Seconds
Solution: 1 37 39 43 9 3 2 11 4 10 26 42 21 36 19 12 47 30 27 48 31 16 13 18 22 23 17 44 28 50 25 15 29 38 7 33 5 6 40 34 32 45 49 8 41 35 46 20 14 24 

Inst_Index:7562 	 City_Num:50 	 Concorde:5.984895 	 MCTS:5.984895 Improve:-0.000000 	 Time:3.76 Seconds
Solution: 1 16 7 43 14 6 26 25 10 48 46 17 36 27 2 21 32 37 50 49 40 18 31 5 11 39 29 15 4 42 45 44 3 41 33 38 19 8 23 22 28 24 13 12 20 35 9 47 34 30 

Inst_Index:7563 	 City_Num:50 	 Concorde:5.743314 	 MCTS:5.739679 Improve:0.003635 	 Time:3.76 Seconds
Solution: 1 25 3 28 47 19 29 11 18 14 38 36 2 7 16 45 48 46 23 9 41 12 30 10 5 24 6 17 32 37 15 22 39 27 26 35 8 31 20 49 21 34 43 13 33 50 40 4 42 44 

Inst_Index:7564 	 City_Num:50 	 Concorde:5.588904 	 MCTS:5.584784 Improve:0.004120 	 Time:3.75 Seconds
Solution: 1 48 26 14 16 11 23 38 9 47 13 5 31 37 50 15 39 25 42 36 43 40 27 49 18 8 7 32 17 21 12 29 44 46 30 6 10 28 45 4 33 34 24 20 19 2 3 41 35 22 

Inst_Index:7565 	 City_Num:50 	 Concorde:5.768831 	 MCTS:5.768831 Improve:-0.000000 	 Time:3.76 Seconds
Solution: 1 3 9 4 48 12 16 35 33 5 42 50 15 39 27 46 20 7 18 37 21 19 29 40 31 2 25 49 44 6 30 13 22 36 45 17 8 47 23 26 24 43 14 34 32 41 10 11 28 38 

Inst_Index:7566 	 City_Num:50 	 Concorde:5.454139 	 MCTS:5.452831 Improve:0.001308 	 Time:3.76 Seconds
Solution: 1 13 50 33 7 28 39 2 41 40 48 3 25 23 16 47 9 21 31 38 24 22 10 20 35 34 30 37 45 17 44 6 36 29 14 4 27 12 11 5 19 32 49 26 43 46 15 18 42 8 

Inst_Index:7567 	 City_Num:50 	 Concorde:5.704384 	 MCTS:5.704384 Improve:0.000000 	 Time:3.76 Seconds
Solution: 1 42 4 2 13 46 30 15 32 18 27 45 21 35 12 6 26 49 41 37 33 8 28 20 14 38 48 44 7 5 40 50 23 19 22 16 31 24 43 39 36 34 17 3 25 29 10 11 9 47 

Inst_Index:7568 	 City_Num:50 	 Concorde:5.699324 	 MCTS:5.699324 Improve:-0.000000 	 Time:3.75 Seconds
Solution: 1 38 23 45 32 21 13 8 35 3 44 24 12 41 22 43 17 5 9 10 25 28 26 33 20 18 50 2 40 39 30 42 31 34 15 6 48 36 11 19 47 4 49 7 27 46 37 16 29 14 

Inst_Index:7569 	 City_Num:50 	 Concorde:5.748062 	 MCTS:5.743864 Improve:0.004198 	 Time:3.77 Seconds
Solution: 1 19 50 25 38 36 24 18 15 7 6 26 35 31 46 27 9 28 37 21 34 45 33 44 20 17 2 47 30 42 12 4 41 10 48 8 40 14 32 13 3 39 49 22 11 29 16 23 43 5 

Inst_Index:7570 	 City_Num:50 	 Concorde:6.034985 	 MCTS:6.034985 Improve:0.000000 	 Time:3.76 Seconds
Solution: 1 26 23 3 39 22 27 32 40 19 10 42 5 41 24 20 50 38 45 14 7 35 47 48 13 8 15 9 16 25 28 33 43 4 2 34 44 37 30 49 17 31 12 29 36 21 18 11 6 46 

Inst_Index:7571 	 City_Num:50 	 Concorde:5.298034 	 MCTS:5.298034 Improve:0.000000 	 Time:3.75 Seconds
Solution: 1 5 50 43 20 23 15 26 38 31 36 47 27 39 33 18 8 7 28 40 45 42 16 17 25 24 48 2 34 12 4 22 44 19 49 14 21 32 9 6 13 37 11 3 41 10 29 30 35 46 

Inst_Index:7572 	 City_Num:50 	 Concorde:5.469758 	 MCTS:5.469758 Improve:-0.000000 	 Time:3.75 Seconds
Solution: 1 15 5 26 28 9 11 29 32 14 19 41 33 42 6 2 30 21 22 44 31 36 27 16 47 35 43 39 20 3 38 40 4 8 13 50 23 34 7 17 46 10 18 24 12 37 45 48 25 49 

Inst_Index:7573 	 City_Num:50 	 Concorde:6.057320 	 MCTS:6.057320 Improve:0.000000 	 Time:3.77 Seconds
Solution: 1 37 41 12 27 5 13 38 2 9 32 46 23 11 29 24 42 26 44 20 47 17 40 36 6 22 21 4 48 30 18 39 34 50 7 25 10 16 14 19 28 33 49 45 3 35 8 15 31 43 

Inst_Index:7574 	 City_Num:50 	 Concorde:5.421044 	 MCTS:5.411946 Improve:0.009099 	 Time:3.78 Seconds
Solution: 1 23 31 13 8 4 15 6 7 27 26 32 19 10 11 21 22 25 3 48 34 37 41 40 28 47 16 14 36 42 50 24 38 45 33 2 30 20 12 46 49 5 43 44 9 29 17 35 18 39 

Inst_Index:7575 	 City_Num:50 	 Concorde:5.553186 	 MCTS:5.547676 Improve:0.005510 	 Time:3.76 Seconds
Solution: 1 44 11 18 17 43 33 48 12 3 6 29 35 39 4 15 24 21 36 7 47 22 14 27 20 41 5 45 30 25 50 26 13 37 32 34 19 31 23 8 9 10 40 49 28 38 2 16 46 42 

Inst_Index:7576 	 City_Num:50 	 Concorde:5.557990 	 MCTS:5.557990 Improve:-0.000000 	 Time:3.77 Seconds
Solution: 1 42 19 35 30 26 49 18 2 4 5 22 9 12 34 3 41 33 13 29 14 28 32 16 31 36 8 25 45 11 38 15 40 39 17 21 27 43 48 20 7 46 47 10 50 24 23 44 37 6 

Inst_Index:7577 	 City_Num:50 	 Concorde:5.415200 	 MCTS:5.415200 Improve:0.000000 	 Time:3.77 Seconds
Solution: 1 36 25 7 26 3 37 2 50 5 41 38 27 39 19 49 18 30 6 10 29 44 34 4 9 46 22 15 16 48 43 40 35 28 14 42 31 11 45 21 23 47 32 8 12 20 33 17 13 24 

Inst_Index:7578 	 City_Num:50 	 Concorde:5.483904 	 MCTS:5.483904 Improve:-0.000000 	 Time:3.76 Seconds
Solution: 1 27 33 13 6 37 43 40 10 14 7 8 45 38 25 2 12 29 16 18 19 15 20 39 11 23 47 30 24 21 31 26 9 44 34 50 35 49 46 48 42 36 17 32 28 4 5 3 41 22 

Inst_Index:7579 	 City_Num:50 	 Concorde:5.694915 	 MCTS:5.694915 Improve:0.000000 	 Time:3.77 Seconds
Solution: 1 27 30 15 47 44 35 23 19 20 31 18 24 32 46 4 34 25 22 3 40 45 13 49 12 43 42 16 8 17 41 39 48 7 28 5 37 21 50 9 10 26 36 14 6 2 38 29 11 33 

Inst_Index:7580 	 City_Num:50 	 Concorde:5.030592 	 MCTS:5.030592 Improve:0.000000 	 Time:3.75 Seconds
Solution: 1 16 11 8 47 24 34 26 31 22 15 13 35 38 25 33 4 28 7 23 48 46 9 30 39 21 18 17 5 6 10 41 50 12 37 45 49 14 42 2 44 29 20 32 3 40 43 19 36 27 

Inst_Index:7581 	 City_Num:50 	 Concorde:4.970259 	 MCTS:4.965366 Improve:0.004893 	 Time:3.75 Seconds
Solution: 1 34 19 16 11 24 2 10 48 31 49 30 38 12 9 22 44 6 43 50 45 21 41 18 27 3 46 47 32 17 25 42 37 36 26 29 28 4 15 33 13 40 5 39 23 35 14 7 8 20 

Inst_Index:7582 	 City_Num:50 	 Concorde:5.870148 	 MCTS:5.869740 Improve:0.000408 	 Time:3.75 Seconds
Solution: 1 50 41 7 18 24 23 25 19 42 15 40 37 43 14 22 33 17 16 44 46 11 32 12 10 49 20 13 4 9 8 29 3 2 39 47 48 38 45 35 36 26 34 6 27 28 31 30 5 21 

Inst_Index:7583 	 City_Num:50 	 Concorde:5.434869 	 MCTS:5.431715 Improve:0.003154 	 Time:3.77 Seconds
Solution: 1 27 46 3 5 18 15 24 23 21 2 14 11 6 41 37 45 47 12 49 28 50 8 4 40 10 38 19 33 39 13 31 43 20 16 17 36 44 29 7 35 42 22 34 32 25 26 9 48 30 

Inst_Index:7584 	 City_Num:50 	 Concorde:6.012289 	 MCTS:6.012289 Improve:-0.000000 	 Time:3.75 Seconds
Solution: 1 47 43 8 34 40 7 3 48 20 21 45 24 26 35 23 38 30 50 25 44 13 4 36 14 16 42 15 17 19 22 33 11 37 46 31 39 28 9 2 49 27 41 10 32 29 12 5 6 18 

Inst_Index:7585 	 City_Num:50 	 Concorde:5.170243 	 MCTS:5.170243 Improve:0.000000 	 Time:3.76 Seconds
Solution: 1 31 15 40 12 16 20 22 46 5 30 36 6 17 3 10 2 21 28 38 33 34 7 41 49 47 24 11 9 25 48 23 35 19 37 27 26 39 18 44 13 43 45 29 42 4 32 50 8 14 

Inst_Index:7586 	 City_Num:50 	 Concorde:5.375961 	 MCTS:5.375961 Improve:0.000000 	 Time:3.75 Seconds
Solution: 1 3 42 7 14 12 15 32 38 49 41 33 47 16 23 35 22 45 13 11 20 10 28 2 37 21 44 27 43 39 9 50 46 24 17 36 6 26 18 31 4 8 5 29 48 30 34 40 19 25 

Inst_Index:7587 	 City_Num:50 	 Concorde:5.771520 	 MCTS:5.769378 Improve:0.002142 	 Time:3.75 Seconds
Solution: 1 13 8 33 31 12 14 49 5 17 24 19 3 25 30 28 32 23 22 35 16 18 36 9 4 45 34 26 44 47 41 40 2 20 39 43 48 50 11 46 37 27 7 38 15 21 10 6 42 29 

Inst_Index:7588 	 City_Num:50 	 Concorde:6.051323 	 MCTS:6.046184 Improve:0.005139 	 Time:3.77 Seconds
Solution: 1 9 43 23 21 35 4 31 20 24 16 2 7 8 48 33 28 15 13 49 22 3 39 14 29 44 25 50 26 42 6 32 34 41 37 40 30 38 46 45 36 12 47 5 18 11 19 17 27 10 

Inst_Index:7589 	 City_Num:50 	 Concorde:6.114139 	 MCTS:6.110389 Improve:0.003750 	 Time:3.76 Seconds
Solution: 1 32 46 37 11 26 29 21 13 50 20 30 16 38 39 43 8 36 17 10 4 12 3 19 35 34 6 7 41 45 47 49 28 15 24 27 14 33 25 22 2 23 5 48 18 40 9 42 31 44 

Inst_Index:7590 	 City_Num:50 	 Concorde:5.056305 	 MCTS:5.056305 Improve:-0.000000 	 Time:3.76 Seconds
Solution: 1 9 46 48 26 11 8 28 24 16 35 37 47 40 21 19 44 2 15 50 3 41 5 22 36 25 45 29 39 20 38 14 30 12 6 10 13 34 17 49 32 27 4 23 18 31 42 43 7 33 

Inst_Index:7591 	 City_Num:50 	 Concorde:5.786428 	 MCTS:5.786428 Improve:0.000000 	 Time:3.76 Seconds
Solution: 1 27 47 9 23 49 21 39 8 31 11 32 25 6 40 33 3 4 44 29 19 12 48 16 17 35 41 34 22 45 20 24 5 38 10 14 26 28 7 30 13 36 15 43 2 37 50 18 46 42 

Inst_Index:7592 	 City_Num:50 	 Concorde:5.866699 	 MCTS:5.866699 Improve:-0.000000 	 Time:3.76 Seconds
Solution: 1 30 29 26 27 15 2 8 47 13 16 9 18 6 33 21 39 5 46 23 38 17 32 43 45 4 50 25 19 42 20 10 12 31 11 40 49 3 44 48 36 41 37 28 24 34 14 35 7 22 

Inst_Index:7593 	 City_Num:50 	 Concorde:5.936177 	 MCTS:5.936177 Improve:-0.000000 	 Time:3.75 Seconds
Solution: 1 26 40 13 31 4 43 33 16 32 28 41 10 15 29 34 44 9 21 18 46 6 19 3 20 39 22 27 25 17 36 47 8 12 50 2 37 48 42 23 24 30 45 38 5 49 11 35 14 7 

Inst_Index:7594 	 City_Num:50 	 Concorde:5.826886 	 MCTS:5.824589 Improve:0.002297 	 Time:3.76 Seconds
Solution: 1 11 15 21 30 48 20 41 2 17 37 50 24 42 13 7 31 44 18 22 34 46 33 10 45 5 4 35 32 27 43 19 23 28 29 9 25 26 47 39 8 40 38 6 49 36 14 3 16 12 

Inst_Index:7595 	 City_Num:50 	 Concorde:5.705624 	 MCTS:5.705624 Improve:0.000000 	 Time:3.75 Seconds
Solution: 1 34 35 11 8 47 7 38 44 5 49 39 13 29 16 6 9 22 19 24 41 46 23 50 37 42 33 31 2 3 36 32 27 20 15 21 26 45 30 28 25 4 10 40 18 17 43 12 14 48 

Inst_Index:7596 	 City_Num:50 	 Concorde:5.708439 	 MCTS:5.708439 Improve:-0.000000 	 Time:3.77 Seconds
Solution: 1 27 47 26 38 3 18 12 42 22 19 6 10 15 23 31 36 45 43 2 29 32 33 34 11 35 39 30 4 17 37 24 5 25 40 44 14 41 13 21 20 8 7 46 28 48 50 16 49 9 

Inst_Index:7597 	 City_Num:50 	 Concorde:5.341087 	 MCTS:5.336042 Improve:0.005045 	 Time:3.77 Seconds
Solution: 1 28 22 17 19 10 26 36 48 31 47 37 6 4 43 3 39 33 40 16 2 23 49 41 9 24 34 11 29 50 42 38 35 8 46 18 14 20 5 21 13 45 7 15 12 44 32 25 30 27 

Inst_Index:7598 	 City_Num:50 	 Concorde:6.028509 	 MCTS:6.028509 Improve:-0.000000 	 Time:3.75 Seconds
Solution: 1 44 40 50 32 11 49 41 27 17 22 33 24 21 2 19 9 37 6 3 31 8 18 25 42 23 30 47 35 39 48 36 14 7 16 46 26 38 10 4 5 20 34 28 43 12 13 45 29 15 

Inst_Index:7599 	 City_Num:50 	 Concorde:6.333289 	 MCTS:6.333289 Improve:0.000000 	 Time:3.76 Seconds
Solution: 1 28 40 47 8 34 14 33 38 29 50 23 11 48 46 37 4 31 12 18 39 6 36 19 16 9 2 27 5 22 42 35 44 17 13 3 20 41 45 49 25 10 15 26 21 30 24 7 32 43 

Inst_Index:7600 	 City_Num:50 	 Concorde:5.585250 	 MCTS:5.585250 Improve:0.000000 	 Time:3.76 Seconds
Solution: 1 15 48 34 14 8 38 2 16 3 28 12 13 5 23 7 31 20 33 30 46 44 27 11 18 47 37 40 36 17 6 22 25 32 4 43 35 41 19 42 49 10 9 21 45 24 39 50 26 29 

Inst_Index:7601 	 City_Num:50 	 Concorde:5.939805 	 MCTS:5.939091 Improve:0.000714 	 Time:3.76 Seconds
Solution: 1 47 42 19 43 49 15 34 32 48 50 25 46 31 14 10 41 23 16 28 8 37 9 3 35 29 5 6 17 27 18 21 13 12 11 45 40 24 38 26 2 20 22 44 39 33 7 36 4 30 

Inst_Index:7602 	 City_Num:50 	 Concorde:5.467488 	 MCTS:5.467488 Improve:0.000000 	 Time:3.75 Seconds
Solution: 1 47 49 37 32 6 28 48 40 12 26 14 19 46 7 39 13 16 42 27 38 15 5 41 2 29 10 45 21 23 43 20 25 9 35 4 8 34 24 31 22 17 36 44 30 11 18 3 50 33 

Inst_Index:7603 	 City_Num:50 	 Concorde:5.221508 	 MCTS:5.221508 Improve:0.000000 	 Time:3.75 Seconds
Solution: 1 2 26 44 47 43 12 32 31 50 4 45 42 36 10 11 28 25 48 22 24 16 49 27 9 19 17 6 15 39 38 14 33 40 18 5 34 13 21 20 30 46 3 41 35 37 29 23 8 7 

Inst_Index:7604 	 City_Num:50 	 Concorde:5.949244 	 MCTS:5.949244 Improve:0.000000 	 Time:3.76 Seconds
Solution: 1 5 26 28 8 17 38 3 33 32 25 31 4 23 6 49 45 41 47 40 37 20 24 9 7 36 42 29 35 44 18 16 2 22 14 46 10 15 39 11 19 50 43 34 12 48 21 30 27 13 

Inst_Index:7605 	 City_Num:50 	 Concorde:6.111617 	 MCTS:6.111617 Improve:0.000000 	 Time:3.75 Seconds
Solution: 1 20 39 32 2 17 24 50 8 38 27 10 33 46 11 35 9 13 47 16 40 44 21 42 15 12 28 49 19 22 6 23 37 18 48 25 41 45 31 30 5 36 34 43 4 3 7 14 26 29 

Inst_Index:7606 	 City_Num:50 	 Concorde:5.384502 	 MCTS:5.384502 Improve:0.000000 	 Time:3.75 Seconds
Solution: 1 29 31 47 41 19 43 8 7 46 15 5 9 27 20 2 33 48 11 23 14 40 22 35 37 10 6 26 18 50 44 3 13 28 12 49 25 39 17 4 21 36 32 24 30 45 42 16 34 38 

Inst_Index:7607 	 City_Num:50 	 Concorde:5.923961 	 MCTS:5.923961 Improve:-0.000000 	 Time:3.75 Seconds
Solution: 1 46 45 47 40 42 8 38 3 43 36 28 11 44 41 48 12 4 13 33 25 2 17 18 24 34 19 21 30 6 32 27 26 49 22 50 35 16 23 39 14 10 20 29 31 5 37 7 9 15 

Inst_Index:7608 	 City_Num:50 	 Concorde:5.533917 	 MCTS:5.531776 Improve:0.002141 	 Time:3.77 Seconds
Solution: 1 41 2 13 47 27 46 48 44 12 21 38 35 22 45 14 33 30 28 24 19 26 16 50 15 34 11 5 7 6 25 10 36 40 17 32 4 37 42 23 3 43 39 9 29 8 18 20 31 49 

Inst_Index:7609 	 City_Num:50 	 Concorde:5.424237 	 MCTS:5.424237 Improve:0.000000 	 Time:3.76 Seconds
Solution: 1 19 5 43 44 20 16 40 4 6 11 42 23 30 13 34 47 9 26 27 36 32 35 31 38 48 50 17 15 25 7 41 3 10 18 28 12 33 14 49 37 22 46 2 29 45 21 8 24 39 

Inst_Index:7610 	 City_Num:50 	 Concorde:5.809997 	 MCTS:5.809997 Improve:0.000000 	 Time:3.76 Seconds
Solution: 1 23 29 26 39 25 13 36 44 12 42 46 10 8 49 2 32 22 19 37 28 33 18 9 6 34 48 47 43 27 50 3 4 17 40 45 5 38 20 15 24 14 31 7 11 16 30 41 21 35 

Inst_Index:7611 	 City_Num:50 	 Concorde:5.872852 	 MCTS:5.872852 Improve:0.000000 	 Time:3.77 Seconds
Solution: 1 17 45 42 39 19 23 20 47 3 11 44 5 25 30 49 46 15 2 13 43 40 16 34 29 24 6 38 22 37 27 26 33 14 7 41 36 31 28 4 18 21 35 50 12 8 32 9 48 10 

Inst_Index:7612 	 City_Num:50 	 Concorde:5.636854 	 MCTS:5.636854 Improve:-0.000000 	 Time:3.75 Seconds
Solution: 1 22 24 7 28 40 33 12 29 49 26 36 21 38 8 31 25 45 5 16 41 17 2 30 10 6 35 13 19 47 11 20 23 9 15 43 37 46 39 32 27 3 34 44 4 14 48 18 42 50 

Inst_Index:7613 	 City_Num:50 	 Concorde:5.592374 	 MCTS:5.592374 Improve:-0.000000 	 Time:3.75 Seconds
Solution: 1 26 14 17 21 10 36 6 13 8 22 37 27 45 39 34 18 7 25 49 41 4 47 16 32 20 15 35 48 31 44 2 28 12 30 19 23 42 43 50 38 33 3 40 24 29 11 46 9 5 

Inst_Index:7614 	 City_Num:50 	 Concorde:5.834017 	 MCTS:5.831404 Improve:0.002614 	 Time:3.75 Seconds
Solution: 1 34 20 38 44 19 26 36 23 41 5 11 2 21 24 17 43 32 42 14 49 25 27 33 35 37 46 4 31 40 30 6 29 48 28 3 22 7 8 47 50 18 45 13 39 9 16 15 12 10 

Inst_Index:7615 	 City_Num:50 	 Concorde:5.978568 	 MCTS:5.977538 Improve:0.001029 	 Time:3.76 Seconds
Solution: 1 12 31 36 42 24 48 44 14 6 13 34 47 8 37 23 33 28 17 39 45 41 49 18 21 46 3 32 2 16 38 5 27 4 19 10 11 50 35 20 22 9 29 7 25 15 40 26 43 30 

Inst_Index:7616 	 City_Num:50 	 Concorde:5.474305 	 MCTS:5.473038 Improve:0.001267 	 Time:3.76 Seconds
Solution: 1 10 31 35 2 22 33 19 24 42 21 3 36 37 32 38 41 12 23 46 4 34 27 43 14 11 16 50 44 28 47 45 29 5 13 15 48 39 9 7 26 30 6 17 18 25 40 49 8 20 

Inst_Index:7617 	 City_Num:50 	 Concorde:5.667289 	 MCTS:5.664229 Improve:0.003060 	 Time:3.77 Seconds
Solution: 1 17 7 40 18 23 46 2 10 6 47 13 26 31 39 44 50 12 15 48 37 4 19 22 28 9 38 30 41 14 11 33 32 8 36 34 43 25 49 24 29 21 20 16 3 45 35 27 5 42 

Inst_Index:7618 	 City_Num:50 	 Concorde:5.529293 	 MCTS:5.529293 Improve:0.000000 	 Time:3.76 Seconds
Solution: 1 10 47 30 3 21 50 16 9 29 43 11 4 41 7 15 46 49 14 36 17 26 37 19 22 28 12 6 33 24 34 45 42 5 31 35 20 38 13 48 39 8 18 44 23 27 32 25 40 2 

Inst_Index:7619 	 City_Num:50 	 Concorde:5.642306 	 MCTS:5.642306 Improve:0.000000 	 Time:3.75 Seconds
Solution: 1 34 35 17 43 9 37 24 39 11 6 30 28 45 12 5 26 40 50 47 22 38 8 41 13 44 42 7 25 3 29 23 48 14 20 49 27 33 2 10 4 15 32 36 46 31 19 16 18 21 

Inst_Index:7620 	 City_Num:50 	 Concorde:5.512234 	 MCTS:5.512234 Improve:0.000000 	 Time:3.79 Seconds
Solution: 1 22 44 37 15 33 16 28 39 13 18 34 27 26 17 36 30 25 2 3 47 31 46 11 24 8 12 5 20 4 42 48 50 29 6 38 10 35 45 23 19 14 7 49 40 32 9 21 43 41 

Inst_Index:7621 	 City_Num:50 	 Concorde:5.941572 	 MCTS:5.941572 Improve:0.000000 	 Time:3.75 Seconds
Solution: 1 21 36 39 18 3 17 27 24 32 9 26 11 38 33 6 20 8 10 35 29 42 47 44 37 43 19 23 5 13 45 49 15 28 46 31 14 7 41 4 30 50 2 22 40 25 48 34 12 16 

Inst_Index:7622 	 City_Num:50 	 Concorde:5.762679 	 MCTS:5.762653 Improve:0.000026 	 Time:3.77 Seconds
Solution: 1 35 30 50 12 33 27 13 14 36 2 7 19 6 9 32 11 37 22 26 38 34 43 39 28 44 17 24 25 15 21 48 3 18 41 49 4 5 47 46 42 45 31 29 8 10 40 16 20 23 

Inst_Index:7623 	 City_Num:50 	 Concorde:6.054384 	 MCTS:6.054384 Improve:0.000000 	 Time:3.78 Seconds
Solution: 1 29 8 21 13 36 49 6 31 10 18 30 4 42 11 27 9 23 28 38 32 34 17 24 22 33 2 19 7 44 48 39 3 5 15 16 12 47 41 43 46 50 14 40 45 20 26 35 25 37 

Inst_Index:7624 	 City_Num:50 	 Concorde:5.254519 	 MCTS:5.254298 Improve:0.000221 	 Time:3.76 Seconds
Solution: 1 24 32 41 13 16 27 8 33 12 10 22 39 23 31 49 6 15 3 11 5 29 48 30 2 17 35 20 50 47 44 7 38 21 42 37 28 36 14 19 4 18 26 43 25 40 34 9 46 45 

Inst_Index:7625 	 City_Num:50 	 Concorde:5.235681 	 MCTS:5.235681 Improve:-0.000000 	 Time:3.76 Seconds
Solution: 1 7 44 38 5 10 16 26 8 28 36 18 32 23 29 42 14 13 4 37 25 22 15 3 40 49 47 17 41 35 33 43 34 39 50 19 20 9 12 30 46 2 11 24 6 48 31 27 21 45 

Inst_Index:7626 	 City_Num:50 	 Concorde:5.597260 	 MCTS:5.597260 Improve:0.000000 	 Time:3.76 Seconds
Solution: 1 11 21 18 7 9 34 46 45 23 44 39 26 10 40 24 29 4 32 37 2 16 17 3 38 30 47 5 8 49 19 27 42 33 25 35 20 48 28 6 12 13 15 41 14 50 43 36 31 22 

Inst_Index:7627 	 City_Num:50 	 Concorde:5.056465 	 MCTS:5.056465 Improve:0.000000 	 Time:3.77 Seconds
Solution: 1 33 6 31 7 26 27 29 2 45 17 32 34 22 43 14 16 4 30 40 5 36 28 44 47 3 41 12 38 10 37 11 46 19 9 42 24 48 25 50 23 35 15 49 39 13 8 21 18 20 

Inst_Index:7628 	 City_Num:50 	 Concorde:5.339701 	 MCTS:5.339701 Improve:0.000000 	 Time:3.77 Seconds
Solution: 1 35 39 20 34 49 28 4 37 10 26 23 15 47 6 42 32 44 3 11 16 46 27 2 30 7 45 8 36 25 24 41 29 17 14 31 43 38 21 9 22 13 12 33 5 48 19 18 50 40 

Inst_Index:7629 	 City_Num:50 	 Concorde:6.331822 	 MCTS:6.331822 Improve:-0.000000 	 Time:3.76 Seconds
Solution: 1 8 37 46 22 20 7 12 40 41 5 10 31 15 29 27 23 38 30 28 21 4 39 24 18 47 25 6 19 26 11 13 9 45 43 48 32 17 36 49 33 2 14 35 50 44 16 3 34 42 

Inst_Index:7630 	 City_Num:50 	 Concorde:5.754190 	 MCTS:5.752131 Improve:0.002060 	 Time:3.75 Seconds
Solution: 1 13 44 27 29 43 7 48 22 12 20 34 38 4 8 14 33 15 24 42 16 49 6 17 39 45 23 30 18 36 37 50 41 5 11 9 35 28 21 3 19 32 46 47 26 31 10 25 2 40 

Inst_Index:7631 	 City_Num:50 	 Concorde:5.927780 	 MCTS:5.925492 Improve:0.002288 	 Time:3.75 Seconds
Solution: 1 10 5 50 41 22 6 30 26 19 40 11 14 27 3 43 9 35 21 23 29 17 13 38 24 47 48 16 15 28 34 2 36 37 8 20 44 33 32 4 18 31 49 46 25 12 45 42 39 7 

Inst_Index:7632 	 City_Num:50 	 Concorde:5.324915 	 MCTS:5.324915 Improve:0.000000 	 Time:3.77 Seconds
Solution: 1 16 29 45 2 13 14 48 22 9 18 40 46 28 19 49 47 12 30 7 41 20 39 50 17 21 44 24 4 26 27 38 35 8 32 43 11 23 36 6 33 34 25 3 15 31 37 5 10 42 

Inst_Index:7633 	 City_Num:50 	 Concorde:6.110227 	 MCTS:6.110227 Improve:0.000000 	 Time:3.76 Seconds
Solution: 1 14 23 41 50 10 15 24 2 5 29 28 34 4 16 48 26 25 49 46 37 30 36 31 6 47 3 8 45 42 33 7 12 11 35 39 38 40 32 19 22 17 27 13 18 9 43 20 21 44 

Inst_Index:7634 	 City_Num:50 	 Concorde:6.019810 	 MCTS:6.014778 Improve:0.005033 	 Time:3.75 Seconds
Solution: 1 46 20 43 11 34 10 41 39 7 30 40 8 47 29 14 37 4 3 28 50 42 2 18 31 24 6 16 13 48 26 49 33 22 32 45 27 15 12 35 44 36 38 19 25 17 9 23 21 5 

Inst_Index:7635 	 City_Num:50 	 Concorde:5.524458 	 MCTS:5.522401 Improve:0.002057 	 Time:3.76 Seconds
Solution: 1 34 17 36 41 4 28 10 33 21 19 16 7 45 9 42 40 50 39 24 27 22 30 14 20 5 8 48 43 29 3 47 44 6 35 26 12 23 49 11 32 13 37 46 18 38 31 2 25 15 

Inst_Index:7636 	 City_Num:50 	 Concorde:5.494139 	 MCTS:5.494139 Improve:0.000000 	 Time:3.77 Seconds
Solution: 1 8 41 16 9 42 19 33 34 21 26 11 4 24 5 7 14 46 43 12 32 50 20 2 44 31 38 25 27 15 28 22 18 29 30 6 3 47 35 45 23 40 37 39 10 13 48 17 36 49 

Inst_Index:7637 	 City_Num:50 	 Concorde:5.628240 	 MCTS:5.628240 Improve:0.000000 	 Time:3.76 Seconds
Solution: 1 30 33 25 8 39 14 10 49 34 32 41 26 3 13 40 42 36 23 12 19 9 48 11 6 21 16 2 29 31 46 45 22 28 43 18 44 20 24 38 4 37 7 35 5 15 47 17 27 50 

Inst_Index:7638 	 City_Num:50 	 Concorde:5.488676 	 MCTS:5.488676 Improve:0.000000 	 Time:3.76 Seconds
Solution: 1 25 43 18 50 5 30 44 4 26 9 12 38 39 20 14 37 31 46 36 15 23 35 11 47 10 7 33 27 16 19 45 3 8 34 48 21 49 28 22 41 29 6 32 40 24 42 17 2 13 

Inst_Index:7639 	 City_Num:50 	 Concorde:5.738801 	 MCTS:5.738801 Improve:0.000000 	 Time:3.75 Seconds
Solution: 1 32 25 2 24 6 19 12 16 7 37 21 36 34 8 17 48 39 9 33 23 43 20 28 22 18 30 38 15 44 45 29 35 46 26 27 47 42 49 31 13 50 40 3 14 4 10 41 11 5 

Inst_Index:7640 	 City_Num:50 	 Concorde:5.927552 	 MCTS:5.927552 Improve:-0.000000 	 Time:3.76 Seconds
Solution: 1 45 34 19 27 18 44 13 10 26 16 39 22 41 9 2 8 7 15 28 17 32 4 24 46 21 31 35 33 20 5 36 11 29 49 25 47 38 50 42 23 48 43 6 40 3 30 12 37 14 

Inst_Index:7641 	 City_Num:50 	 Concorde:5.914841 	 MCTS:5.914841 Improve:0.000000 	 Time:3.76 Seconds
Solution: 1 48 50 29 20 6 37 42 5 22 38 40 49 10 41 11 28 8 2 47 16 15 26 34 23 33 13 7 44 43 17 45 39 12 31 21 35 4 25 46 18 3 32 14 9 30 24 36 27 19 

Inst_Index:7642 	 City_Num:50 	 Concorde:5.283869 	 MCTS:5.280803 Improve:0.003066 	 Time:3.77 Seconds
Solution: 1 38 49 7 27 32 36 47 20 9 5 2 50 19 13 21 42 44 46 25 23 16 6 10 33 30 43 26 24 17 18 39 3 34 4 12 8 11 35 29 45 37 40 41 15 31 14 22 28 48 

Inst_Index:7643 	 City_Num:50 	 Concorde:5.980997 	 MCTS:5.980997 Improve:-0.000000 	 Time:3.76 Seconds
Solution: 1 32 50 3 29 38 26 37 46 5 47 20 41 27 42 34 48 14 2 28 21 7 30 45 4 25 12 18 16 8 24 11 33 6 17 19 44 36 10 9 35 23 31 13 15 22 49 43 40 39 

Inst_Index:7644 	 City_Num:50 	 Concorde:5.896223 	 MCTS:5.894297 Improve:0.001926 	 Time:3.77 Seconds
Solution: 1 14 6 47 13 10 38 11 36 31 39 28 15 18 27 7 22 30 24 42 45 17 50 8 3 2 34 21 40 32 49 43 19 26 23 5 46 48 25 20 41 37 33 12 16 44 4 9 35 29 

Inst_Index:7645 	 City_Num:50 	 Concorde:5.674471 	 MCTS:5.673365 Improve:0.001106 	 Time:3.76 Seconds
Solution: 1 14 32 34 23 22 44 39 50 40 19 4 46 42 7 17 13 6 36 9 49 43 27 5 30 18 48 2 20 3 28 11 25 33 15 26 47 37 21 45 24 29 41 38 31 35 16 12 8 10 

Inst_Index:7646 	 City_Num:50 	 Concorde:5.196777 	 MCTS:5.196777 Improve:-0.000000 	 Time:3.76 Seconds
Solution: 1 22 11 23 14 45 28 35 21 48 37 5 13 4 34 15 10 33 25 30 18 38 19 44 40 7 32 41 29 12 16 17 49 9 50 47 31 6 24 2 8 43 46 20 42 26 3 27 36 39 

Inst_Index:7647 	 City_Num:50 	 Concorde:5.956224 	 MCTS:5.951531 Improve:0.004692 	 Time:3.76 Seconds
Solution: 1 47 14 6 37 46 34 48 21 22 42 33 29 50 8 38 3 32 13 16 5 7 35 27 45 15 9 31 36 11 43 4 17 28 10 18 2 25 40 24 12 20 49 39 19 30 26 41 23 44 

Inst_Index:7648 	 City_Num:50 	 Concorde:5.789886 	 MCTS:5.789886 Improve:0.000000 	 Time:3.77 Seconds
Solution: 1 9 34 21 40 33 11 32 6 50 3 10 47 41 22 29 8 23 20 42 14 37 12 18 36 35 30 45 24 25 7 31 46 39 5 49 43 17 15 13 28 44 16 48 27 19 26 2 38 4 

Inst_Index:7649 	 City_Num:50 	 Concorde:5.820995 	 MCTS:5.817637 Improve:0.003359 	 Time:3.76 Seconds
Solution: 1 49 21 41 17 42 47 9 5 3 16 36 6 39 30 40 22 2 11 20 34 13 45 38 37 15 46 19 27 48 43 32 50 28 29 24 25 35 33 10 14 44 4 26 23 7 12 18 31 8 

Inst_Index:7650 	 City_Num:50 	 Concorde:6.086432 	 MCTS:6.086119 Improve:0.000314 	 Time:3.75 Seconds
Solution: 1 48 14 50 15 13 9 42 45 7 10 26 16 24 6 8 23 41 12 3 4 30 20 11 38 40 18 5 19 43 39 25 22 35 33 28 37 44 27 49 32 34 47 29 36 46 21 2 31 17 

Inst_Index:7651 	 City_Num:50 	 Concorde:5.456747 	 MCTS:5.453950 Improve:0.002798 	 Time:3.76 Seconds
Solution: 1 47 19 40 8 36 35 49 24 5 29 44 41 13 27 33 39 12 11 50 42 38 34 46 2 26 15 48 25 21 20 10 17 37 28 3 16 7 31 18 14 32 30 6 45 43 4 23 22 9 

Inst_Index:7652 	 City_Num:50 	 Concorde:5.730037 	 MCTS:5.730037 Improve:0.000000 	 Time:3.76 Seconds
Solution: 1 50 47 17 13 29 6 48 8 18 11 32 15 38 27 24 49 35 4 41 28 30 40 10 23 14 42 2 22 9 7 26 3 21 19 46 20 44 39 43 25 45 36 37 31 12 34 5 33 16 

Inst_Index:7653 	 City_Num:50 	 Concorde:5.692782 	 MCTS:5.692782 Improve:0.000000 	 Time:3.75 Seconds
Solution: 1 7 37 26 32 39 12 13 17 22 21 4 9 20 16 6 29 40 14 24 44 36 5 43 18 35 46 49 38 10 31 30 25 47 28 45 34 2 15 27 3 33 41 50 48 23 8 11 19 42 

Inst_Index:7654 	 City_Num:50 	 Concorde:5.684392 	 MCTS:5.684392 Improve:-0.000000 	 Time:3.75 Seconds
Solution: 1 34 11 39 15 30 28 41 49 36 38 3 33 14 7 48 2 10 47 23 26 20 27 31 9 29 35 44 19 13 18 37 24 50 12 8 4 43 6 32 42 22 16 21 25 17 5 40 46 45 

Inst_Index:7655 	 City_Num:50 	 Concorde:5.728396 	 MCTS:5.728396 Improve:0.000000 	 Time:3.76 Seconds
Solution: 1 15 2 21 42 46 32 10 43 31 36 38 25 20 44 12 16 40 18 7 11 3 35 6 37 34 47 49 45 41 30 13 19 4 22 14 23 50 27 5 17 9 8 48 29 39 24 33 26 28 

Inst_Index:7656 	 City_Num:50 	 Concorde:5.658733 	 MCTS:5.658733 Improve:0.000000 	 Time:3.76 Seconds
Solution: 1 10 44 32 49 21 14 39 7 31 29 42 36 13 24 22 33 12 8 43 11 26 37 9 25 2 46 20 35 23 27 40 5 28 50 34 45 41 17 38 48 30 6 19 16 18 47 3 4 15 

Inst_Index:7657 	 City_Num:50 	 Concorde:6.275566 	 MCTS:6.275566 Improve:-0.000000 	 Time:3.76 Seconds
Solution: 1 18 24 43 48 4 10 21 28 38 50 32 31 44 7 35 19 6 33 41 49 36 11 8 9 3 27 37 34 20 2 39 26 30 13 14 45 46 40 22 16 23 42 25 47 29 5 17 15 12 

Inst_Index:7658 	 City_Num:50 	 Concorde:6.032030 	 MCTS:6.032030 Improve:-0.000000 	 Time:3.76 Seconds
Solution: 1 31 37 23 43 19 48 22 11 26 36 29 47 30 39 40 18 10 34 49 46 17 41 8 2 20 15 21 38 45 6 14 27 9 5 33 25 3 7 13 28 16 24 35 12 44 32 4 42 50 

Inst_Index:7659 	 City_Num:50 	 Concorde:5.594551 	 MCTS:5.594551 Improve:0.000000 	 Time:3.76 Seconds
Solution: 1 31 2 20 10 24 32 48 29 19 42 43 12 39 23 6 25 35 33 40 36 46 41 26 16 14 9 27 38 45 7 5 47 21 15 18 44 37 11 3 49 28 30 34 4 50 22 8 13 17 

Inst_Index:7660 	 City_Num:50 	 Concorde:5.635067 	 MCTS:5.631956 Improve:0.003111 	 Time:3.75 Seconds
Solution: 1 43 15 20 32 29 31 46 41 47 3 14 5 21 6 49 24 25 26 27 30 38 8 13 34 4 2 40 50 7 39 48 11 42 45 23 37 28 18 10 44 9 33 17 36 12 22 16 19 35 

Inst_Index:7661 	 City_Num:50 	 Concorde:5.162493 	 MCTS:5.162493 Improve:-0.000000 	 Time:3.76 Seconds
Solution: 1 3 25 48 37 23 43 40 19 46 45 35 11 34 18 13 27 20 24 29 49 36 2 38 14 39 26 30 10 22 6 44 21 7 41 50 5 15 42 9 12 16 28 4 32 33 31 17 8 47 

Inst_Index:7662 	 City_Num:50 	 Concorde:5.456399 	 MCTS:5.456399 Improve:-0.000000 	 Time:3.76 Seconds
Solution: 1 3 23 24 44 6 22 28 12 31 26 46 32 9 38 43 49 41 4 47 14 33 20 17 13 34 39 50 8 36 37 25 16 11 18 7 2 40 29 15 48 10 45 30 19 27 42 35 21 5 

Inst_Index:7663 	 City_Num:50 	 Concorde:5.678527 	 MCTS:5.678527 Improve:0.000000 	 Time:3.76 Seconds
Solution: 1 20 44 48 25 49 5 15 37 41 17 12 24 18 22 23 30 14 7 26 6 28 33 3 21 13 31 43 50 46 45 9 2 36 40 27 42 32 47 19 29 35 38 10 8 39 4 34 11 16 

Inst_Index:7664 	 City_Num:50 	 Concorde:5.359562 	 MCTS:5.359562 Improve:-0.000000 	 Time:3.77 Seconds
Solution: 1 19 25 18 23 2 13 6 43 38 10 34 36 33 14 44 50 17 31 27 12 29 22 15 49 3 7 32 30 45 46 41 26 28 4 16 37 20 11 24 21 39 35 48 42 5 9 40 47 8 

Inst_Index:7665 	 City_Num:50 	 Concorde:5.980512 	 MCTS:5.980512 Improve:-0.000000 	 Time:3.76 Seconds
Solution: 1 2 5 16 12 45 20 10 34 18 43 19 29 33 30 8 50 37 7 39 41 28 23 36 13 6 49 24 32 48 46 38 42 35 47 27 4 9 25 31 22 44 11 40 3 17 14 26 21 15 

Inst_Index:7666 	 City_Num:50 	 Concorde:6.150686 	 MCTS:6.150686 Improve:0.000000 	 Time:3.76 Seconds
Solution: 1 22 13 17 8 44 41 32 18 20 28 50 35 37 11 34 15 45 4 24 14 12 5 23 30 40 29 21 2 46 26 19 39 33 16 27 47 7 10 6 25 36 42 49 48 38 9 3 43 31 

Inst_Index:7667 	 City_Num:50 	 Concorde:5.772027 	 MCTS:5.767832 Improve:0.004195 	 Time:3.75 Seconds
Solution: 1 4 24 37 14 40 16 21 45 12 22 38 48 41 11 6 19 5 15 42 2 20 17 39 18 43 9 31 13 7 34 26 25 23 44 49 35 33 36 3 29 47 8 50 10 27 46 30 32 28 

Inst_Index:7668 	 City_Num:50 	 Concorde:5.930292 	 MCTS:5.928839 Improve:0.001453 	 Time:3.76 Seconds
Solution: 1 48 23 37 49 2 31 46 21 33 4 24 10 26 20 18 39 40 44 25 30 42 13 9 27 28 50 34 11 17 5 47 35 3 36 16 22 43 32 41 7 14 8 6 19 45 38 12 29 15 

Inst_Index:7669 	 City_Num:50 	 Concorde:5.680775 	 MCTS:5.680775 Improve:0.000000 	 Time:3.76 Seconds
Solution: 1 19 11 27 33 21 23 49 48 42 9 41 35 28 5 10 8 24 45 32 30 3 50 29 38 4 43 15 13 20 40 6 7 34 36 18 37 31 14 2 25 22 46 12 44 47 17 16 26 39 

Inst_Index:7670 	 City_Num:50 	 Concorde:5.660619 	 MCTS:5.660619 Improve:0.000000 	 Time:3.75 Seconds
Solution: 1 46 6 42 5 23 9 11 24 14 19 22 17 45 37 49 26 18 32 16 29 35 44 50 40 33 41 34 12 4 2 7 39 20 43 36 10 25 21 48 15 27 38 8 13 3 47 30 31 28 

Inst_Index:7671 	 City_Num:50 	 Concorde:5.773002 	 MCTS:5.773002 Improve:0.000000 	 Time:3.76 Seconds
Solution: 1 41 43 36 34 46 11 38 2 27 5 26 18 28 14 19 23 29 37 22 47 16 9 35 3 31 32 13 4 30 10 50 7 17 39 21 42 24 45 8 33 49 40 25 12 44 15 6 20 48 

Inst_Index:7672 	 City_Num:50 	 Concorde:5.810617 	 MCTS:5.810617 Improve:0.000000 	 Time:3.75 Seconds
Solution: 1 20 5 28 41 25 11 34 29 49 18 30 12 32 9 43 14 17 31 3 26 4 50 2 16 10 15 35 13 48 24 45 19 44 47 6 21 42 39 7 33 38 36 27 8 37 40 23 22 46 

Inst_Index:7673 	 City_Num:50 	 Concorde:5.542620 	 MCTS:5.542620 Improve:0.000000 	 Time:3.76 Seconds
Solution: 1 47 46 17 39 41 13 27 10 20 38 12 40 49 15 14 9 34 11 29 42 48 3 5 16 36 32 4 21 50 8 2 45 24 44 30 22 31 25 6 33 23 7 37 19 18 28 35 43 26 

Inst_Index:7674 	 City_Num:50 	 Concorde:5.001204 	 MCTS:5.001204 Improve:-0.000000 	 Time:3.75 Seconds
Solution: 1 38 48 32 7 19 23 24 33 16 21 8 49 17 27 6 42 15 31 10 20 39 14 30 35 25 40 22 3 47 34 36 44 26 13 45 9 18 43 41 37 2 50 4 11 12 5 28 46 29 

Inst_Index:7675 	 City_Num:50 	 Concorde:5.696844 	 MCTS:5.690422 Improve:0.006422 	 Time:3.76 Seconds
Solution: 1 27 11 34 42 40 7 14 41 30 43 13 21 47 29 9 38 28 17 18 6 24 15 23 8 32 48 33 50 25 26 31 45 36 22 12 44 5 2 39 20 49 46 19 4 10 16 3 35 37 

Inst_Index:7676 	 City_Num:50 	 Concorde:6.119052 	 MCTS:6.119052 Improve:0.000000 	 Time:3.77 Seconds
Solution: 1 34 9 20 47 40 3 41 33 17 10 22 43 45 8 13 44 30 46 24 26 31 27 23 14 49 19 11 5 29 12 28 39 37 6 2 36 15 32 4 48 7 18 50 42 38 21 25 16 35 

Inst_Index:7677 	 City_Num:50 	 Concorde:5.666813 	 MCTS:5.666813 Improve:0.000000 	 Time:3.76 Seconds
Solution: 1 8 28 18 34 40 4 27 23 38 32 47 25 7 9 41 33 21 30 11 29 17 50 36 5 45 2 19 42 15 43 13 39 31 10 22 46 16 20 6 37 44 48 49 35 12 24 14 26 3 

Inst_Index:7678 	 City_Num:50 	 Concorde:5.720661 	 MCTS:5.720661 Improve:0.000000 	 Time:3.76 Seconds
Solution: 1 7 27 44 15 26 20 12 19 10 21 31 13 36 14 38 3 46 16 45 32 24 18 30 47 43 33 39 4 50 35 25 22 34 41 9 40 48 11 6 28 8 37 42 5 49 17 23 2 29 

Inst_Index:7679 	 City_Num:50 	 Concorde:5.604612 	 MCTS:5.604612 Improve:0.000000 	 Time:3.76 Seconds
Solution: 1 49 42 25 40 39 46 17 26 19 23 4 48 31 24 11 45 37 22 29 15 13 41 27 18 44 8 10 7 2 32 43 33 47 30 36 12 6 14 35 3 20 16 38 5 21 50 9 34 28 

Inst_Index:7680 	 City_Num:50 	 Concorde:5.557159 	 MCTS:5.557159 Improve:-0.000000 	 Time:3.76 Seconds
Solution: 1 43 9 29 24 45 21 34 47 33 10 49 19 25 4 35 37 2 46 23 16 11 39 6 41 17 18 12 32 13 3 44 22 36 30 7 42 8 26 40 38 20 50 5 28 48 27 14 15 31 

Inst_Index:7681 	 City_Num:50 	 Concorde:5.746339 	 MCTS:5.746339 Improve:-0.000000 	 Time:3.75 Seconds
Solution: 1 24 12 46 32 29 8 33 38 50 15 23 39 49 17 7 9 30 19 27 37 20 26 43 6 35 25 47 34 22 31 18 14 16 40 42 10 5 4 28 48 41 3 45 13 11 36 44 2 21 

Inst_Index:7682 	 City_Num:50 	 Concorde:5.568206 	 MCTS:5.568206 Improve:0.000000 	 Time:3.76 Seconds
Solution: 1 4 37 23 26 30 44 38 11 48 18 50 2 12 20 21 17 3 39 35 34 31 25 46 15 33 47 6 10 40 7 24 16 29 19 28 45 5 41 32 36 13 49 14 42 8 27 43 22 9 

Inst_Index:7683 	 City_Num:50 	 Concorde:5.767577 	 MCTS:5.762665 Improve:0.004912 	 Time:3.76 Seconds
Solution: 1 13 25 7 44 45 47 16 6 26 31 17 10 3 37 50 28 48 36 19 15 46 30 42 27 33 24 8 35 5 18 40 9 41 12 34 38 39 49 20 21 22 2 32 43 14 11 29 4 23 

Inst_Index:7684 	 City_Num:50 	 Concorde:5.723789 	 MCTS:5.719601 Improve:0.004188 	 Time:3.76 Seconds
Solution: 1 24 5 22 18 20 38 12 14 27 16 48 13 45 42 11 2 44 47 23 15 26 19 40 17 6 7 21 29 41 49 34 9 32 33 50 37 28 25 46 10 30 3 31 39 4 35 36 43 8 

Inst_Index:7685 	 City_Num:50 	 Concorde:5.425612 	 MCTS:5.425612 Improve:0.000000 	 Time:3.76 Seconds
Solution: 1 24 33 36 38 46 42 12 10 19 8 4 30 23 48 9 45 44 3 39 37 47 26 31 49 20 16 25 13 15 50 5 2 11 17 35 32 40 43 6 34 18 22 14 41 21 27 29 28 7 

Inst_Index:7686 	 City_Num:50 	 Concorde:6.301261 	 MCTS:6.301261 Improve:0.000000 	 Time:3.75 Seconds
Solution: 1 3 30 7 5 15 21 23 9 44 47 11 46 41 31 13 10 42 40 43 50 34 48 33 36 26 35 20 18 4 19 16 25 6 22 17 8 24 2 27 49 45 38 28 29 37 12 14 32 39 

Inst_Index:7687 	 City_Num:50 	 Concorde:5.683694 	 MCTS:5.682321 Improve:0.001373 	 Time:3.76 Seconds
Solution: 1 33 22 45 5 18 28 39 23 31 34 10 50 44 11 19 29 26 9 16 21 13 3 48 14 15 35 24 42 38 32 30 41 4 47 7 2 43 12 6 25 20 27 49 8 17 46 36 40 37 

Inst_Index:7688 	 City_Num:50 	 Concorde:5.683274 	 MCTS:5.683274 Improve:-0.000000 	 Time:3.76 Seconds
Solution: 1 14 23 44 36 22 38 33 37 35 27 17 30 13 21 25 6 28 5 41 43 4 16 46 50 15 31 47 11 10 8 9 2 26 48 39 20 29 7 3 24 45 42 18 12 34 19 49 32 40 

Inst_Index:7689 	 City_Num:50 	 Concorde:5.531140 	 MCTS:5.531140 Improve:0.000000 	 Time:3.75 Seconds
Solution: 1 6 43 9 50 37 44 48 35 38 5 18 31 21 7 23 28 4 40 36 2 12 39 32 26 29 25 41 45 30 34 3 10 27 22 17 24 47 11 42 13 15 8 14 16 46 33 19 49 20 

Inst_Index:7690 	 City_Num:50 	 Concorde:5.661103 	 MCTS:5.661103 Improve:0.000000 	 Time:3.77 Seconds
Solution: 1 20 42 17 37 38 14 47 7 15 8 24 33 41 39 18 48 34 22 16 36 40 5 31 3 35 12 27 46 4 45 43 30 29 10 25 50 32 44 6 9 28 21 11 13 49 19 2 26 23 

Inst_Index:7691 	 City_Num:50 	 Concorde:5.300465 	 MCTS:5.300465 Improve:-0.000000 	 Time:3.76 Seconds
Solution: 1 11 7 43 24 28 4 31 14 20 38 5 32 48 13 44 16 35 41 42 45 6 26 2 37 50 22 19 15 27 18 36 12 25 8 39 33 9 21 23 47 17 30 46 3 34 10 40 29 49 

Inst_Index:7692 	 City_Num:50 	 Concorde:5.733864 	 MCTS:5.733864 Improve:0.000000 	 Time:3.75 Seconds
Solution: 1 27 18 20 15 10 46 19 40 32 30 31 36 25 28 6 3 7 39 5 50 47 9 42 23 22 17 24 29 45 48 16 38 4 2 26 11 35 8 41 49 37 14 21 44 43 13 34 33 12 

Inst_Index:7693 	 City_Num:50 	 Concorde:5.849720 	 MCTS:5.846812 Improve:0.002908 	 Time:3.75 Seconds
Solution: 1 38 9 36 42 28 32 3 47 31 45 40 37 4 30 46 24 33 50 13 16 7 15 27 23 22 19 10 5 48 8 26 6 49 35 41 2 43 34 17 25 44 29 39 12 20 11 18 21 14 

Inst_Index:7694 	 City_Num:50 	 Concorde:5.542778 	 MCTS:5.542778 Improve:-0.000000 	 Time:3.77 Seconds
Solution: 1 4 10 9 38 50 13 7 47 17 36 42 34 24 3 35 14 26 25 40 32 16 12 19 31 28 27 15 37 46 21 23 11 39 29 44 43 5 2 45 30 20 22 18 49 41 8 48 33 6 

Inst_Index:7695 	 City_Num:50 	 Concorde:5.393912 	 MCTS:5.390380 Improve:0.003532 	 Time:3.75 Seconds
Solution: 1 27 49 15 39 18 8 33 13 44 31 42 9 16 26 40 34 23 11 45 22 41 14 36 30 3 29 38 50 10 35 43 46 19 20 28 5 7 21 47 2 4 24 37 25 12 6 48 17 32 

Inst_Index:7696 	 City_Num:50 	 Concorde:5.447082 	 MCTS:5.446784 Improve:0.000298 	 Time:3.75 Seconds
Solution: 1 12 26 29 16 2 31 4 40 17 37 14 9 8 47 48 22 28 5 33 30 42 32 43 45 50 25 24 49 21 44 38 13 6 35 27 36 39 11 18 15 46 23 41 10 20 19 7 34 3 

Inst_Index:7697 	 City_Num:50 	 Concorde:5.319089 	 MCTS:5.318937 Improve:0.000152 	 Time:3.75 Seconds
Solution: 1 48 23 42 46 6 47 11 45 31 12 10 4 20 28 41 21 22 3 44 29 27 34 17 30 7 14 40 16 13 35 25 50 43 5 36 38 19 8 24 39 18 2 26 37 33 15 9 32 49 

Inst_Index:7698 	 City_Num:50 	 Concorde:5.742589 	 MCTS:5.742589 Improve:-0.000000 	 Time:3.77 Seconds
Solution: 1 41 6 19 11 23 39 30 45 36 29 42 40 20 25 15 9 49 13 48 47 26 22 31 27 43 10 33 46 24 50 44 21 3 7 5 17 34 4 12 32 37 28 8 2 14 35 38 18 16 

Inst_Index:7699 	 City_Num:50 	 Concorde:5.870455 	 MCTS:5.869048 Improve:0.001407 	 Time:3.77 Seconds
Solution: 1 29 40 20 31 32 11 39 14 18 13 6 7 49 44 48 36 4 23 47 3 42 10 8 45 16 35 15 33 28 22 21 34 50 46 9 37 19 17 25 38 26 12 24 5 30 43 27 41 2 

Inst_Index:7700 	 City_Num:50 	 Concorde:6.204302 	 MCTS:6.193706 Improve:0.010596 	 Time:3.75 Seconds
Solution: 1 18 24 32 40 47 39 3 19 43 36 7 16 6 46 48 10 50 38 2 15 35 22 41 42 33 31 27 29 30 12 14 45 8 26 23 44 13 49 4 28 5 20 37 9 17 21 34 25 11 

Inst_Index:7701 	 City_Num:50 	 Concorde:5.201987 	 MCTS:5.201987 Improve:0.000000 	 Time:3.76 Seconds
Solution: 1 18 34 31 48 12 9 8 40 19 17 14 15 33 4 3 39 47 7 11 42 27 44 29 24 20 35 23 10 30 41 36 46 22 49 13 50 26 38 21 28 25 37 43 2 45 6 5 32 16 

Inst_Index:7702 	 City_Num:50 	 Concorde:5.430102 	 MCTS:5.428363 Improve:0.001738 	 Time:3.75 Seconds
Solution: 1 2 22 16 11 49 40 32 3 15 9 44 20 28 42 43 18 37 33 26 38 17 25 6 23 24 36 19 7 8 10 13 21 14 27 39 4 5 48 46 47 41 31 34 29 30 50 12 35 45 

Inst_Index:7703 	 City_Num:50 	 Concorde:5.291159 	 MCTS:5.291159 Improve:0.000000 	 Time:3.76 Seconds
Solution: 1 42 26 34 27 21 19 28 23 10 18 35 7 22 40 47 11 44 30 5 48 15 29 6 13 4 32 41 14 37 25 33 50 24 16 46 36 17 20 31 2 3 49 12 9 39 38 45 8 43 

Inst_Index:7704 	 City_Num:50 	 Concorde:5.823229 	 MCTS:5.823229 Improve:-0.000000 	 Time:3.76 Seconds
Solution: 1 49 3 5 29 39 18 13 38 6 31 12 9 2 46 32 34 33 36 47 19 26 22 41 25 20 50 7 14 21 27 4 48 28 42 43 24 37 17 11 16 44 15 40 45 10 30 8 23 35 

Inst_Index:7705 	 City_Num:50 	 Concorde:5.966292 	 MCTS:5.966292 Improve:0.000000 	 Time:3.76 Seconds
Solution: 1 33 3 32 27 35 41 49 50 17 8 47 26 46 38 11 45 5 48 25 16 24 37 44 6 40 9 23 19 29 13 15 34 21 14 36 18 28 31 7 12 2 43 30 42 10 39 22 20 4 

Inst_Index:7706 	 City_Num:50 	 Concorde:5.799300 	 MCTS:5.799300 Improve:0.000000 	 Time:3.78 Seconds
Solution: 1 18 15 38 48 40 49 33 5 3 47 42 12 20 17 14 24 44 27 36 35 32 39 30 13 6 41 37 9 31 21 46 45 19 11 26 43 2 7 34 22 50 4 25 16 8 23 10 29 28 

Inst_Index:7707 	 City_Num:50 	 Concorde:5.130098 	 MCTS:5.130098 Improve:0.000000 	 Time:3.76 Seconds
Solution: 1 39 4 24 27 16 25 30 32 11 6 14 48 5 44 18 31 41 42 33 40 47 35 13 21 46 12 2 15 43 26 10 19 38 9 7 8 50 49 20 36 3 17 29 45 23 34 37 22 28 

Inst_Index:7708 	 City_Num:50 	 Concorde:5.733124 	 MCTS:5.733124 Improve:0.000000 	 Time:3.76 Seconds
Solution: 1 36 40 11 34 48 12 4 50 9 35 41 49 13 5 7 42 28 15 43 6 29 10 8 37 38 19 20 22 14 46 27 16 39 30 45 25 26 3 31 18 44 21 24 17 47 2 32 23 33 

Inst_Index:7709 	 City_Num:50 	 Concorde:6.262907 	 MCTS:6.262907 Improve:0.000000 	 Time:3.77 Seconds
Solution: 1 22 40 21 7 10 24 3 38 26 43 27 29 23 48 30 34 44 4 13 42 5 14 19 45 25 8 37 49 6 28 2 16 20 9 47 32 33 35 50 15 39 36 12 41 31 11 46 18 17 

Inst_Index:7710 	 City_Num:50 	 Concorde:5.581016 	 MCTS:5.576760 Improve:0.004256 	 Time:3.78 Seconds
Solution: 1 21 28 17 23 4 32 31 7 30 36 34 14 19 46 22 50 9 11 16 20 8 48 47 45 43 6 35 12 18 33 37 24 3 39 38 15 5 42 49 40 25 41 26 13 10 27 2 44 29 

Inst_Index:7711 	 City_Num:50 	 Concorde:5.716875 	 MCTS:5.716850 Improve:0.000026 	 Time:3.75 Seconds
Solution: 1 34 21 10 18 50 40 27 39 20 8 28 35 6 31 25 22 48 41 4 30 38 47 42 37 49 3 5 17 44 7 45 46 9 43 13 32 15 23 33 16 14 2 19 12 36 24 26 11 29 

Inst_Index:7712 	 City_Num:50 	 Concorde:5.254502 	 MCTS:5.254502 Improve:0.000000 	 Time:3.75 Seconds
Solution: 1 37 17 6 16 36 33 11 47 41 29 8 5 48 12 28 23 21 18 24 31 43 20 45 32 46 19 44 15 9 34 4 49 30 39 3 14 35 26 50 42 27 10 13 2 7 22 25 38 40 

Inst_Index:7713 	 City_Num:50 	 Concorde:5.803492 	 MCTS:5.796460 Improve:0.007032 	 Time:3.78 Seconds
Solution: 1 5 10 19 47 36 12 42 2 38 27 16 14 15 49 46 33 35 26 22 34 30 4 7 6 45 31 28 32 29 24 41 20 39 44 13 11 8 21 25 37 23 3 40 50 18 17 9 48 43 

Inst_Index:7714 	 City_Num:50 	 Concorde:5.720968 	 MCTS:5.718057 Improve:0.002911 	 Time:3.76 Seconds
Solution: 1 47 26 3 45 5 29 27 10 8 14 40 33 25 23 35 37 50 34 22 9 13 2 24 36 6 46 31 44 11 38 42 32 18 49 15 41 19 48 21 28 7 39 43 17 20 16 12 4 30 

Inst_Index:7715 	 City_Num:50 	 Concorde:5.706957 	 MCTS:5.706957 Improve:0.000000 	 Time:3.76 Seconds
Solution: 1 36 23 42 39 15 35 46 40 41 48 17 37 5 31 18 43 13 30 2 32 6 14 11 20 27 22 34 24 3 8 44 9 21 19 16 29 4 38 50 7 10 33 45 25 49 12 28 47 26 

Inst_Index:7716 	 City_Num:50 	 Concorde:5.299716 	 MCTS:5.299716 Improve:0.000000 	 Time:3.76 Seconds
Solution: 1 42 46 43 6 13 21 32 44 17 25 34 8 49 45 23 10 30 11 50 31 29 37 15 41 33 48 7 39 40 20 38 18 47 27 36 28 16 2 3 9 22 12 4 5 35 14 26 24 19 

Inst_Index:7717 	 City_Num:50 	 Concorde:5.957617 	 MCTS:5.951367 Improve:0.006250 	 Time:3.78 Seconds
Solution: 1 16 34 29 35 32 41 6 13 7 17 26 10 9 21 14 23 47 22 27 11 8 46 45 49 37 39 5 44 38 30 4 20 3 33 42 18 12 36 28 2 15 31 50 48 19 24 25 40 43 

Inst_Index:7718 	 City_Num:50 	 Concorde:5.861585 	 MCTS:5.858996 Improve:0.002589 	 Time:3.78 Seconds
Solution: 1 38 5 48 23 41 9 33 25 47 22 14 45 24 49 37 4 6 10 32 11 35 50 15 46 17 13 3 31 39 18 8 30 26 20 7 43 21 19 40 28 36 12 29 42 27 16 34 2 44 

Inst_Index:7719 	 City_Num:50 	 Concorde:5.833355 	 MCTS:5.833355 Improve:0.000000 	 Time:3.76 Seconds
Solution: 1 29 20 9 16 31 42 22 17 19 10 38 7 24 3 28 36 48 37 12 41 21 6 34 50 47 5 2 49 30 25 44 13 40 14 8 4 43 27 39 32 46 15 33 45 18 23 35 11 26 

Inst_Index:7720 	 City_Num:50 	 Concorde:5.400165 	 MCTS:5.399495 Improve:0.000671 	 Time:3.78 Seconds
Solution: 1 49 43 15 35 20 27 46 41 45 19 16 48 29 11 44 6 8 33 24 23 21 42 32 2 40 30 47 50 39 36 5 14 37 34 26 3 10 31 4 7 22 9 38 12 28 25 13 17 18 

Inst_Index:7721 	 City_Num:50 	 Concorde:5.693133 	 MCTS:5.693133 Improve:-0.000000 	 Time:3.76 Seconds
Solution: 1 44 2 39 41 31 32 29 50 16 12 13 3 28 23 7 15 36 49 17 20 40 34 46 14 21 27 42 6 33 18 45 4 30 22 35 37 24 48 10 8 25 19 43 38 26 5 9 47 11 

Inst_Index:7722 	 City_Num:50 	 Concorde:6.018424 	 MCTS:6.018424 Improve:-0.000000 	 Time:3.77 Seconds
Solution: 1 3 15 26 29 39 22 27 2 44 12 46 49 32 16 6 8 34 33 23 14 20 42 4 31 30 25 41 9 28 5 45 24 35 38 40 21 43 13 7 10 48 36 47 18 19 17 11 37 50 

Inst_Index:7723 	 City_Num:50 	 Concorde:5.437557 	 MCTS:5.437557 Improve:-0.000000 	 Time:3.76 Seconds
Solution: 1 27 33 3 45 15 37 32 36 48 12 24 46 9 39 6 21 4 31 17 44 35 50 42 11 23 14 16 7 18 43 19 38 40 10 2 26 29 13 20 8 47 5 34 30 22 49 28 41 25 

Inst_Index:7724 	 City_Num:50 	 Concorde:5.743791 	 MCTS:5.743791 Improve:-0.000000 	 Time:3.77 Seconds
Solution: 1 36 26 4 30 41 13 9 15 23 8 18 5 17 27 2 28 7 46 35 24 32 16 22 33 34 50 37 42 45 39 19 25 38 10 11 20 49 14 47 44 29 6 21 43 3 12 40 31 48 

Inst_Index:7725 	 City_Num:50 	 Concorde:5.324056 	 MCTS:5.324056 Improve:0.000000 	 Time:3.78 Seconds
Solution: 1 48 2 37 43 19 49 7 9 41 46 14 3 20 6 10 22 36 11 42 8 17 21 13 33 18 27 24 23 31 12 29 28 45 25 34 32 30 38 4 44 47 26 50 15 40 5 39 35 16 

Inst_Index:7726 	 City_Num:50 	 Concorde:5.556731 	 MCTS:5.556731 Improve:-0.000000 	 Time:3.75 Seconds
Solution: 1 19 46 26 44 10 12 8 27 39 37 40 3 36 25 43 14 28 15 5 2 50 35 29 16 22 24 34 23 11 7 30 47 18 49 20 48 21 38 13 33 45 41 32 9 4 6 31 17 42 

Inst_Index:7727 	 City_Num:50 	 Concorde:5.727272 	 MCTS:5.727272 Improve:0.000000 	 Time:3.76 Seconds
Solution: 1 30 37 27 32 4 10 7 34 43 5 42 50 35 23 13 21 17 8 24 40 31 29 11 44 47 38 16 45 48 41 3 9 25 36 46 6 19 22 18 20 33 15 49 39 2 28 12 14 26 

Inst_Index:7728 	 City_Num:50 	 Concorde:5.506007 	 MCTS:5.506007 Improve:0.000000 	 Time:3.77 Seconds
Solution: 1 48 40 45 3 2 28 9 36 17 44 33 35 4 50 11 49 47 7 6 13 42 38 15 37 34 14 23 18 19 41 10 20 39 46 12 24 21 26 43 25 22 32 16 27 30 5 8 29 31 

Inst_Index:7729 	 City_Num:50 	 Concorde:5.560668 	 MCTS:5.560668 Improve:0.000000 	 Time:3.76 Seconds
Solution: 1 22 7 26 13 3 44 45 27 4 9 43 5 36 50 31 41 10 20 12 25 38 16 29 30 32 47 18 35 40 42 17 8 33 15 19 37 34 11 14 2 49 46 39 24 21 28 6 23 48 

Inst_Index:7730 	 City_Num:50 	 Concorde:5.629679 	 MCTS:5.629679 Improve:0.000000 	 Time:3.76 Seconds
Solution: 1 20 13 2 24 40 32 38 30 11 47 37 44 21 25 16 12 27 46 34 8 22 14 33 49 9 18 17 50 41 31 15 23 29 39 42 28 19 6 45 48 36 43 5 26 7 4 3 35 10 

Inst_Index:7731 	 City_Num:50 	 Concorde:5.869803 	 MCTS:5.865450 Improve:0.004352 	 Time:3.79 Seconds
Solution: 1 17 28 27 37 19 26 30 39 7 47 9 3 33 12 46 15 41 38 48 31 21 22 13 5 50 42 10 11 4 2 32 40 25 8 44 43 45 24 14 23 20 35 49 36 6 18 16 29 34 

Inst_Index:7732 	 City_Num:50 	 Concorde:5.382227 	 MCTS:5.377711 Improve:0.004516 	 Time:3.77 Seconds
Solution: 1 22 18 37 20 31 46 42 38 30 29 44 32 23 36 35 14 2 49 17 8 34 7 21 47 6 45 48 3 16 39 25 27 28 50 15 24 41 5 9 10 26 19 4 11 12 33 13 43 40 

Inst_Index:7733 	 City_Num:50 	 Concorde:5.607752 	 MCTS:5.607752 Improve:-0.000000 	 Time:3.75 Seconds
Solution: 1 16 45 37 30 44 29 47 6 3 19 24 50 7 26 2 41 46 27 31 12 8 14 48 15 34 11 42 35 13 36 25 40 49 39 18 5 10 21 9 22 28 4 23 20 17 38 33 32 43 

Inst_Index:7734 	 City_Num:50 	 Concorde:5.796714 	 MCTS:5.796134 Improve:0.000579 	 Time:3.76 Seconds
Solution: 1 2 50 40 31 9 22 33 46 41 37 39 15 23 49 29 17 35 12 21 8 44 16 30 3 32 43 11 26 18 5 13 20 34 6 14 19 42 25 24 48 45 36 47 28 10 27 7 38 4 

Inst_Index:7735 	 City_Num:50 	 Concorde:5.609288 	 MCTS:5.609288 Improve:0.000000 	 Time:3.76 Seconds
Solution: 1 19 33 8 42 3 13 18 39 37 6 14 40 27 36 12 45 34 17 49 41 10 20 43 11 26 47 46 24 38 9 32 28 4 7 25 5 15 31 23 29 30 16 44 35 22 48 2 21 50 

Inst_Index:7736 	 City_Num:50 	 Concorde:5.808631 	 MCTS:5.808631 Improve:0.000000 	 Time:3.76 Seconds
Solution: 1 49 50 18 31 33 40 6 38 27 45 10 29 41 25 22 3 12 32 9 19 2 42 23 21 47 11 15 48 4 30 34 44 14 37 17 13 5 20 35 36 28 7 26 43 24 16 8 46 39 

Inst_Index:7737 	 City_Num:50 	 Concorde:5.644147 	 MCTS:5.644147 Improve:-0.000000 	 Time:3.76 Seconds
Solution: 1 48 5 6 25 19 7 49 10 24 15 41 31 43 17 3 38 20 16 12 34 42 9 46 14 40 18 22 50 45 37 44 23 26 21 13 27 2 11 30 4 36 39 33 32 29 28 8 47 35 

Inst_Index:7738 	 City_Num:50 	 Concorde:5.975016 	 MCTS:5.975016 Improve:-0.000000 	 Time:3.76 Seconds
Solution: 1 5 21 24 34 32 40 18 47 2 41 36 12 42 26 23 44 3 49 35 20 31 50 25 39 30 43 17 29 45 9 22 4 46 7 10 11 33 6 27 28 19 16 38 8 48 15 14 37 13 

Inst_Index:7739 	 City_Num:50 	 Concorde:5.626896 	 MCTS:5.620149 Improve:0.006747 	 Time:3.76 Seconds
Solution: 1 4 34 50 7 41 17 27 35 13 25 31 40 2 47 46 29 49 16 12 43 28 39 9 26 32 21 19 24 37 15 30 22 18 45 23 33 11 6 42 3 38 5 8 20 44 10 48 14 36 

Inst_Index:7740 	 City_Num:50 	 Concorde:5.631940 	 MCTS:5.630532 Improve:0.001408 	 Time:3.76 Seconds
Solution: 1 48 24 2 31 26 29 34 5 4 45 43 10 18 21 3 47 50 13 19 28 30 16 42 37 7 8 35 20 9 14 36 46 38 6 49 32 44 22 12 39 15 40 25 27 41 11 33 17 23 

Inst_Index:7741 	 City_Num:50 	 Concorde:5.654162 	 MCTS:5.650992 Improve:0.003170 	 Time:3.76 Seconds
Solution: 1 26 49 20 18 6 35 8 17 34 7 12 47 46 25 5 11 33 14 41 42 24 28 48 31 32 21 15 36 2 9 29 43 23 44 16 4 19 40 45 13 30 27 38 3 37 39 50 22 10 

Inst_Index:7742 	 City_Num:50 	 Concorde:6.256486 	 MCTS:6.254270 Improve:0.002216 	 Time:3.76 Seconds
Solution: 1 14 4 48 41 23 10 11 22 35 18 33 42 12 44 40 2 15 17 47 9 5 43 31 20 46 45 3 25 6 34 28 7 29 8 36 27 26 39 49 24 38 50 16 13 37 32 19 30 21 

Inst_Index:7743 	 City_Num:50 	 Concorde:5.817522 	 MCTS:5.810393 Improve:0.007129 	 Time:3.76 Seconds
Solution: 1 31 16 30 45 49 25 34 37 29 46 48 47 2 9 36 17 11 50 22 33 4 18 19 20 13 24 14 35 8 43 5 42 21 6 28 41 10 23 39 15 7 12 27 3 40 38 44 32 26 

Inst_Index:7744 	 City_Num:50 	 Concorde:5.581078 	 MCTS:5.576017 Improve:0.005061 	 Time:3.79 Seconds
Solution: 1 42 22 23 19 34 32 15 30 38 37 40 16 11 4 7 39 17 49 47 24 28 48 26 9 27 2 35 50 12 46 6 29 21 31 36 33 8 44 3 5 25 14 20 18 13 45 43 10 41 

Inst_Index:7745 	 City_Num:50 	 Concorde:4.915260 	 MCTS:4.915260 Improve:0.000000 	 Time:3.77 Seconds
Solution: 1 32 30 20 44 28 4 8 45 15 36 7 25 43 38 41 17 3 22 29 11 24 26 6 16 47 21 50 33 23 5 19 37 2 31 49 40 48 42 39 34 10 35 13 18 46 12 14 9 27 

Inst_Index:7746 	 City_Num:50 	 Concorde:5.272334 	 MCTS:5.270833 Improve:0.001501 	 Time:3.75 Seconds
Solution: 1 11 15 47 10 29 39 30 36 18 3 49 40 28 17 41 27 31 33 4 22 25 12 42 20 48 7 9 19 38 24 26 32 44 45 6 8 14 50 43 34 35 46 23 21 37 13 5 2 16 

Inst_Index:7747 	 City_Num:50 	 Concorde:5.982051 	 MCTS:5.982051 Improve:-0.000000 	 Time:3.76 Seconds
Solution: 1 33 48 20 47 25 44 49 29 42 21 23 7 36 8 18 39 34 32 37 16 19 30 28 24 14 11 27 31 35 3 6 13 45 9 38 2 50 17 10 41 40 43 46 15 12 4 22 26 5 

Inst_Index:7748 	 City_Num:50 	 Concorde:5.552370 	 MCTS:5.552370 Improve:-0.000000 	 Time:3.75 Seconds
Solution: 1 20 6 46 37 7 10 34 39 49 3 9 50 8 44 45 13 36 2 5 27 18 48 33 38 28 16 25 21 47 4 29 43 24 31 22 14 19 23 40 15 41 32 30 11 35 26 17 12 42 

Inst_Index:7749 	 City_Num:50 	 Concorde:5.944897 	 MCTS:5.942954 Improve:0.001944 	 Time:3.77 Seconds
Solution: 1 47 4 16 31 18 40 34 26 23 30 28 32 15 10 17 9 12 14 7 45 19 5 46 50 8 37 21 44 25 41 3 48 2 33 20 38 42 36 11 29 49 6 27 43 35 22 24 39 13 

Inst_Index:7750 	 City_Num:50 	 Concorde:5.389236 	 MCTS:5.388132 Improve:0.001105 	 Time:3.77 Seconds
Solution: 1 28 19 15 2 25 4 16 6 37 13 38 8 3 35 44 34 12 41 7 31 22 14 33 39 43 48 47 26 23 46 5 29 49 45 9 21 40 17 30 24 32 20 10 18 50 11 42 27 36 

Inst_Index:7751 	 City_Num:50 	 Concorde:5.691284 	 MCTS:5.691284 Improve:0.000000 	 Time:3.77 Seconds
Solution: 1 20 29 41 15 8 6 18 34 38 30 24 9 3 39 11 43 7 17 45 13 27 31 36 49 16 28 32 19 48 12 35 44 37 22 33 2 25 4 10 47 26 14 21 46 50 23 42 40 5 

Inst_Index:7752 	 City_Num:50 	 Concorde:4.948291 	 MCTS:4.943417 Improve:0.004873 	 Time:3.76 Seconds
Solution: 1 18 44 16 41 20 43 48 30 26 11 24 7 8 2 37 14 49 35 45 17 42 31 4 15 6 36 28 47 34 39 29 50 46 27 9 22 32 5 10 23 12 13 21 19 25 3 33 38 40 

Inst_Index:7753 	 City_Num:50 	 Concorde:5.627509 	 MCTS:5.627137 Improve:0.000373 	 Time:3.76 Seconds
Solution: 1 45 8 28 21 3 40 31 7 9 48 17 10 47 34 20 49 43 27 46 44 37 11 14 30 42 36 6 22 19 35 4 32 25 13 39 23 41 5 12 2 33 16 15 38 26 50 18 24 29 

Inst_Index:7754 	 City_Num:50 	 Concorde:5.756921 	 MCTS:5.756095 Improve:0.000826 	 Time:3.76 Seconds
Solution: 1 6 35 43 42 22 26 45 33 5 49 21 38 27 17 32 37 4 40 31 14 30 50 13 24 29 20 25 46 34 23 28 39 12 7 9 11 16 10 19 48 15 47 44 2 8 36 41 3 18 

Inst_Index:7755 	 City_Num:50 	 Concorde:5.546268 	 MCTS:5.546268 Improve:-0.000000 	 Time:3.76 Seconds
Solution: 1 2 10 37 40 18 13 41 35 28 14 19 47 17 24 6 31 48 23 9 39 3 8 4 49 46 16 7 34 38 22 30 50 33 29 27 20 21 44 25 42 5 36 45 32 26 11 12 15 43 

Inst_Index:7756 	 City_Num:50 	 Concorde:5.920497 	 MCTS:5.920497 Improve:0.000000 	 Time:3.76 Seconds
Solution: 1 8 45 2 41 25 50 15 32 30 38 4 17 10 3 36 42 6 21 7 46 35 48 28 43 12 27 34 13 29 47 9 31 16 23 49 33 20 44 22 5 24 11 37 18 14 19 26 40 39 

Inst_Index:7757 	 City_Num:50 	 Concorde:5.969714 	 MCTS:5.969714 Improve:0.000000 	 Time:3.76 Seconds
Solution: 1 6 14 2 8 31 26 40 30 49 11 19 42 13 18 20 3 29 12 9 38 16 15 44 10 35 43 17 50 34 24 41 28 46 47 36 21 33 25 5 4 37 39 22 32 48 45 7 23 27 

Inst_Index:7758 	 City_Num:50 	 Concorde:5.624104 	 MCTS:5.623894 Improve:0.000211 	 Time:3.76 Seconds
Solution: 1 3 49 13 47 44 31 39 4 32 46 35 5 14 45 16 28 7 33 2 21 27 25 41 26 34 8 15 17 37 6 9 38 50 48 24 30 12 11 40 23 36 43 20 22 42 10 18 29 19 

Inst_Index:7759 	 City_Num:50 	 Concorde:6.171556 	 MCTS:6.171556 Improve:0.000000 	 Time:3.75 Seconds
Solution: 1 32 27 41 7 19 28 44 13 2 11 21 4 45 22 16 12 17 35 31 15 40 25 34 33 47 39 38 36 26 5 9 42 46 20 37 6 8 29 3 49 14 43 24 30 18 50 10 23 48 

Inst_Index:7760 	 City_Num:50 	 Concorde:5.765665 	 MCTS:5.765665 Improve:0.000000 	 Time:3.76 Seconds
Solution: 1 37 34 4 48 3 14 2 20 12 18 24 30 9 8 43 36 32 49 41 23 39 31 16 6 44 45 15 46 7 27 42 40 13 21 19 17 50 47 5 38 11 10 22 28 29 26 35 25 33 

Inst_Index:7761 	 City_Num:50 	 Concorde:5.489149 	 MCTS:5.488425 Improve:0.000724 	 Time:3.76 Seconds
Solution: 1 45 47 12 48 24 13 34 46 18 2 29 25 16 26 40 3 20 39 41 22 14 31 42 4 44 6 11 33 9 37 28 15 30 36 50 5 32 27 19 23 49 8 10 21 38 7 17 35 43 

Inst_Index:7762 	 City_Num:50 	 Concorde:5.412998 	 MCTS:5.408621 Improve:0.004377 	 Time:3.76 Seconds
Solution: 1 22 7 33 17 29 36 21 48 31 13 45 11 37 35 12 16 24 23 8 42 39 30 3 28 4 27 9 10 18 46 43 20 41 47 40 2 44 38 32 34 15 26 19 6 5 25 14 50 49 

Inst_Index:7763 	 City_Num:50 	 Concorde:5.658400 	 MCTS:5.658400 Improve:-0.000000 	 Time:3.75 Seconds
Solution: 1 15 49 46 12 32 5 47 14 8 18 7 24 33 44 34 3 4 22 50 23 31 30 19 40 21 45 35 11 26 37 9 36 29 20 42 41 48 13 10 27 28 17 2 43 25 6 39 38 16 

Inst_Index:7764 	 City_Num:50 	 Concorde:5.968116 	 MCTS:5.968116 Improve:0.000000 	 Time:3.75 Seconds
Solution: 1 18 49 48 9 22 47 28 21 26 3 24 17 2 4 37 33 42 10 32 8 6 35 14 16 46 40 38 11 29 7 23 36 15 31 5 25 19 13 34 50 45 41 39 30 44 12 27 43 20 

Inst_Index:7765 	 City_Num:50 	 Concorde:5.874089 	 MCTS:5.871017 Improve:0.003072 	 Time:3.75 Seconds
Solution: 1 18 44 40 32 20 39 33 50 7 36 5 45 34 12 30 23 25 8 49 46 17 14 47 37 3 29 2 41 6 16 28 13 26 21 10 48 43 31 22 35 42 27 11 4 15 9 19 24 38 

Inst_Index:7766 	 City_Num:50 	 Concorde:6.100345 	 MCTS:6.100345 Improve:-0.000000 	 Time:3.75 Seconds
Solution: 1 5 37 41 32 27 4 7 30 29 13 43 33 19 50 48 18 44 36 6 20 9 35 3 15 10 31 49 24 46 45 8 21 17 47 28 11 39 16 25 14 23 34 26 38 40 2 22 12 42 

Inst_Index:7767 	 City_Num:50 	 Concorde:5.135215 	 MCTS:5.135215 Improve:-0.000000 	 Time:3.76 Seconds
Solution: 1 38 17 32 39 16 18 12 13 50 19 44 9 33 26 15 30 6 42 14 10 46 5 41 28 3 21 25 43 47 11 2 27 34 20 49 24 45 22 29 31 7 8 40 48 35 23 4 37 36 

Inst_Index:7768 	 City_Num:50 	 Concorde:5.521226 	 MCTS:5.521226 Improve:-0.000000 	 Time:3.76 Seconds
Solution: 1 36 27 33 25 7 38 12 50 11 49 15 31 6 2 21 43 8 14 42 18 29 10 17 23 28 19 22 37 9 34 30 45 47 35 44 41 20 13 39 40 24 5 32 3 16 26 46 4 48 

Inst_Index:7769 	 City_Num:50 	 Concorde:5.467061 	 MCTS:5.467061 Improve:0.000000 	 Time:3.76 Seconds
Solution: 1 22 34 37 19 17 32 25 31 23 5 13 15 26 43 9 28 3 12 21 18 47 39 44 41 38 7 36 45 30 29 46 33 16 50 40 35 49 27 20 42 14 11 24 10 8 4 2 48 6 

Inst_Index:7770 	 City_Num:50 	 Concorde:5.687399 	 MCTS:5.687399 Improve:-0.000000 	 Time:3.77 Seconds
Solution: 1 31 40 22 4 2 5 19 6 30 21 23 37 43 15 12 41 13 38 7 18 26 20 9 33 14 28 16 39 3 50 49 48 46 44 47 34 24 8 35 11 45 42 17 27 36 32 29 10 25 

Inst_Index:7771 	 City_Num:50 	 Concorde:5.529701 	 MCTS:5.529701 Improve:0.000000 	 Time:3.77 Seconds
Solution: 1 13 18 47 48 46 34 20 40 31 25 9 6 27 5 19 7 16 28 36 50 24 21 15 33 32 4 23 29 43 49 30 39 45 14 38 41 8 35 42 2 44 11 17 37 26 22 3 12 10 

Inst_Index:7772 	 City_Num:50 	 Concorde:5.500142 	 MCTS:5.492343 Improve:0.007799 	 Time:3.76 Seconds
Solution: 1 25 15 10 42 45 48 44 8 21 32 3 18 34 29 49 12 2 24 27 6 5 35 50 37 4 14 26 22 23 40 16 30 20 28 39 11 17 9 31 33 38 7 46 19 47 36 41 13 43 

Inst_Index:7773 	 City_Num:50 	 Concorde:5.794599 	 MCTS:5.794599 Improve:-0.000000 	 Time:3.75 Seconds
Solution: 1 26 3 17 6 5 33 36 15 19 50 38 12 45 21 46 27 9 40 11 22 28 4 10 31 49 13 32 25 39 14 23 44 20 7 8 48 34 43 42 29 24 41 35 16 47 18 2 37 30 

Inst_Index:7774 	 City_Num:50 	 Concorde:5.662836 	 MCTS:5.662836 Improve:0.000000 	 Time:3.77 Seconds
Solution: 1 48 18 14 11 16 32 44 15 46 21 24 10 40 17 38 8 28 26 13 29 12 47 9 45 22 5 25 37 2 36 39 4 6 50 30 27 41 20 33 35 19 31 3 49 34 7 42 23 43 

Inst_Index:7775 	 City_Num:50 	 Concorde:5.581426 	 MCTS:5.579161 Improve:0.002265 	 Time:3.76 Seconds
Solution: 1 43 29 42 38 41 11 48 3 16 36 12 40 27 24 17 31 19 5 44 10 13 23 37 45 6 28 26 49 21 15 50 47 35 7 4 18 30 9 20 25 8 14 2 34 32 46 33 22 39 

Inst_Index:7776 	 City_Num:50 	 Concorde:5.230068 	 MCTS:5.227466 Improve:0.002603 	 Time:3.75 Seconds
Solution: 1 45 10 17 47 22 40 5 34 12 20 2 38 11 6 36 7 32 41 31 44 48 29 23 16 24 43 8 50 33 37 35 46 14 15 21 18 30 49 4 26 39 3 19 9 25 28 27 13 42 

Inst_Index:7777 	 City_Num:50 	 Concorde:6.040793 	 MCTS:6.040793 Improve:0.000000 	 Time:3.75 Seconds
Solution: 1 19 42 43 45 8 24 11 35 17 3 25 6 15 20 33 46 47 49 9 39 36 48 21 10 27 4 2 44 12 23 18 50 5 14 28 38 40 22 16 37 31 13 32 41 30 26 7 34 29 

Inst_Index:7778 	 City_Num:50 	 Concorde:5.776706 	 MCTS:5.773284 Improve:0.003422 	 Time:3.77 Seconds
Solution: 1 27 31 42 13 17 29 9 22 18 26 41 32 40 28 20 45 44 30 37 8 38 23 24 7 15 34 39 43 2 4 48 36 21 50 49 16 6 46 10 14 11 25 5 12 19 47 35 33 3 

Inst_Index:7779 	 City_Num:50 	 Concorde:5.713448 	 MCTS:5.713448 Improve:-0.000000 	 Time:3.76 Seconds
Solution: 1 37 40 39 21 36 20 14 42 5 34 33 31 13 11 17 7 25 50 46 2 43 27 48 41 3 6 29 47 30 49 12 23 32 9 26 10 19 38 18 4 45 8 15 44 16 24 22 35 28 

Inst_Index:7780 	 City_Num:50 	 Concorde:5.298178 	 MCTS:5.298178 Improve:0.000000 	 Time:3.75 Seconds
Solution: 1 20 13 4 26 11 27 21 37 9 22 42 6 18 23 32 16 46 41 19 12 7 33 8 45 29 10 14 39 34 2 44 25 17 48 40 36 31 50 38 28 15 30 47 43 3 49 35 5 24 

Inst_Index:7781 	 City_Num:50 	 Concorde:5.559618 	 MCTS:5.559618 Improve:-0.000000 	 Time:3.75 Seconds
Solution: 1 32 33 19 27 8 50 14 18 21 44 49 25 4 31 22 35 5 46 12 38 24 29 10 17 7 2 34 30 42 9 41 26 36 45 13 20 40 11 48 6 39 23 37 47 28 3 15 16 43 

Inst_Index:7782 	 City_Num:50 	 Concorde:5.584575 	 MCTS:5.581564 Improve:0.003011 	 Time:3.76 Seconds
Solution: 1 47 7 19 50 11 13 10 21 17 2 4 28 48 9 39 14 23 42 18 34 36 16 20 31 43 3 12 35 41 46 6 24 44 30 33 8 15 49 45 5 38 32 37 27 25 26 22 40 29 

Inst_Index:7783 	 City_Num:50 	 Concorde:5.381601 	 MCTS:5.371782 Improve:0.009819 	 Time:3.76 Seconds
Solution: 1 8 13 21 50 45 30 22 47 41 15 37 38 3 28 18 36 10 4 23 39 11 33 24 46 43 12 35 34 31 19 26 16 9 7 14 2 49 25 29 40 6 5 17 32 27 48 20 44 42 

Inst_Index:7784 	 City_Num:50 	 Concorde:5.444373 	 MCTS:5.444373 Improve:0.000000 	 Time:3.76 Seconds
Solution: 1 13 28 35 49 23 34 31 3 47 25 50 20 18 6 8 48 7 46 17 2 4 24 43 44 26 32 30 45 15 14 10 27 42 37 40 36 22 41 39 9 5 29 21 38 19 33 16 11 12 

Inst_Index:7785 	 City_Num:50 	 Concorde:6.116416 	 MCTS:6.116416 Improve:0.000000 	 Time:3.76 Seconds
Solution: 1 15 35 36 14 4 38 31 32 7 27 24 44 40 37 16 5 25 19 39 30 2 43 22 26 10 42 48 21 28 49 33 3 18 11 8 45 6 12 23 17 9 13 29 20 47 46 34 50 41 

Inst_Index:7786 	 City_Num:50 	 Concorde:5.323511 	 MCTS:5.323511 Improve:0.000000 	 Time:3.76 Seconds
Solution: 1 22 4 21 17 9 42 39 50 35 36 28 43 18 27 16 46 41 23 15 49 38 6 48 8 47 30 13 45 33 32 31 5 2 24 19 40 44 11 26 3 37 34 7 10 20 25 14 29 12 

Inst_Index:7787 	 City_Num:50 	 Concorde:5.715936 	 MCTS:5.715936 Improve:-0.000000 	 Time:3.76 Seconds
Solution: 1 14 28 32 33 30 4 12 20 15 37 6 42 24 10 31 7 50 16 17 21 23 44 29 19 5 47 2 36 38 9 18 43 48 26 34 3 8 13 27 11 46 22 41 25 39 35 49 40 45 

Inst_Index:7788 	 City_Num:50 	 Concorde:5.621395 	 MCTS:5.621395 Improve:-0.000000 	 Time:3.78 Seconds
Solution: 1 42 40 22 21 8 34 30 4 24 28 9 37 46 12 31 36 48 20 6 33 23 11 19 45 29 10 27 44 2 18 47 14 35 38 17 26 15 13 39 25 50 49 5 7 43 41 3 32 16 

Inst_Index:7789 	 City_Num:50 	 Concorde:5.710907 	 MCTS:5.710907 Improve:0.000000 	 Time:3.77 Seconds
Solution: 1 9 33 25 16 22 11 39 49 31 10 30 26 7 13 18 24 35 27 44 50 20 29 47 48 42 45 21 37 41 4 40 32 28 43 8 14 46 3 2 23 36 15 12 5 19 17 38 6 34 

Inst_Index:7790 	 City_Num:50 	 Concorde:5.431614 	 MCTS:5.429403 Improve:0.002212 	 Time:3.75 Seconds
Solution: 1 38 20 49 47 17 46 13 30 42 22 12 27 48 19 45 15 31 5 3 37 44 14 18 40 34 25 11 8 9 4 28 39 36 23 41 10 21 6 2 32 43 35 24 16 33 26 7 50 29 

Inst_Index:7791 	 City_Num:50 	 Concorde:5.785317 	 MCTS:5.781178 Improve:0.004140 	 Time:3.75 Seconds
Solution: 1 4 40 41 44 29 45 32 15 17 6 26 30 27 13 11 36 14 5 35 8 42 46 19 47 33 38 28 12 21 43 7 37 2 25 23 18 34 16 39 22 10 20 49 48 3 24 9 31 50 

Inst_Index:7792 	 City_Num:50 	 Concorde:5.566606 	 MCTS:5.564746 Improve:0.001861 	 Time:3.76 Seconds
Solution: 1 19 47 41 38 4 39 18 46 15 6 3 49 43 25 12 21 26 24 29 28 13 30 36 32 34 2 27 48 14 50 10 9 22 8 42 31 45 33 37 40 44 17 20 35 16 5 7 11 23 

Inst_Index:7793 	 City_Num:50 	 Concorde:5.552364 	 MCTS:5.552364 Improve:0.000000 	 Time:3.75 Seconds
Solution: 1 43 2 18 13 6 31 29 7 20 17 30 12 24 5 35 4 36 8 47 37 45 44 9 14 21 38 15 26 16 50 3 42 11 46 32 49 19 40 10 34 23 48 33 25 22 27 39 41 28 

Inst_Index:7794 	 City_Num:50 	 Concorde:5.461187 	 MCTS:5.461187 Improve:-0.000000 	 Time:3.76 Seconds
Solution: 1 44 31 25 35 43 13 8 46 48 16 38 41 39 40 17 50 49 36 14 20 5 28 18 4 7 15 47 22 30 27 10 11 9 37 29 24 42 26 33 12 34 23 45 21 32 6 3 2 19 

Inst_Index:7795 	 City_Num:50 	 Concorde:5.242675 	 MCTS:5.242675 Improve:-0.000000 	 Time:3.76 Seconds
Solution: 1 30 41 33 8 29 12 26 36 25 22 28 5 16 10 15 44 13 43 45 21 50 3 34 37 46 20 7 4 38 48 47 35 27 2 49 32 18 11 14 19 9 42 40 6 17 31 39 23 24 

Inst_Index:7796 	 City_Num:50 	 Concorde:5.276990 	 MCTS:5.276990 Improve:-0.000000 	 Time:3.75 Seconds
Solution: 1 30 3 16 19 43 40 31 33 39 41 32 11 21 2 13 27 17 14 42 24 20 45 29 35 18 5 28 23 44 49 9 25 47 6 22 10 15 12 38 48 50 36 37 46 34 26 4 8 7 

Inst_Index:7797 	 City_Num:50 	 Concorde:5.395011 	 MCTS:5.395011 Improve:-0.000000 	 Time:3.77 Seconds
Solution: 1 20 35 38 17 24 30 47 41 33 39 32 36 42 2 46 37 18 7 15 28 23 10 6 34 12 49 27 8 48 25 9 19 26 16 40 45 29 14 11 44 22 3 4 13 5 50 21 43 31 

Inst_Index:7798 	 City_Num:50 	 Concorde:5.496692 	 MCTS:5.496254 Improve:0.000438 	 Time:3.76 Seconds
Solution: 1 43 26 17 50 12 3 18 45 21 16 29 2 4 32 42 13 10 41 11 22 14 15 30 20 33 19 6 47 40 44 48 38 35 8 31 23 24 46 36 28 49 5 9 37 39 7 34 27 25 

Inst_Index:7799 	 City_Num:50 	 Concorde:5.677829 	 MCTS:5.677829 Improve:0.000000 	 Time:3.75 Seconds
Solution: 1 14 24 25 16 21 26 23 46 22 11 13 9 8 27 30 48 43 34 42 19 32 29 3 15 10 39 28 2 40 49 6 45 7 50 44 37 20 41 36 18 31 4 47 12 33 38 5 17 35 

Inst_Index:7800 	 City_Num:50 	 Concorde:5.396503 	 MCTS:5.396503 Improve:0.000000 	 Time:3.75 Seconds
Solution: 1 33 21 4 36 41 23 12 24 35 8 5 3 11 40 22 32 44 42 34 19 16 38 39 7 13 25 30 47 15 49 45 26 14 43 27 2 18 48 50 9 20 6 46 17 29 28 31 10 37 

Inst_Index:7801 	 City_Num:50 	 Concorde:5.401857 	 MCTS:5.401857 Improve:-0.000000 	 Time:3.76 Seconds
Solution: 1 28 8 11 22 12 21 13 35 10 33 5 45 25 40 39 16 9 18 17 7 29 15 24 3 26 20 36 42 46 38 27 32 50 48 2 41 47 43 37 49 31 19 6 30 14 44 4 34 23 

Inst_Index:7802 	 City_Num:50 	 Concorde:5.553051 	 MCTS:5.553051 Improve:0.000000 	 Time:3.77 Seconds
Solution: 1 40 31 32 41 28 27 11 47 13 9 19 17 25 4 42 30 44 48 10 23 46 39 33 45 22 38 5 50 12 6 21 20 7 18 15 49 2 34 29 24 14 36 26 3 35 16 43 8 37 

Inst_Index:7803 	 City_Num:50 	 Concorde:5.845133 	 MCTS:5.845133 Improve:0.000000 	 Time:3.77 Seconds
Solution: 1 28 37 6 32 44 5 38 20 15 34 8 41 16 42 10 49 45 18 17 29 19 23 14 12 13 3 11 22 2 43 46 9 33 35 48 4 47 50 39 31 25 26 24 27 7 36 40 30 21 

Inst_Index:7804 	 City_Num:50 	 Concorde:5.668784 	 MCTS:5.655624 Improve:0.013161 	 Time:3.77 Seconds
Solution: 1 44 23 32 6 47 48 5 22 26 9 27 33 14 10 19 28 15 38 46 11 50 7 17 20 25 36 29 34 39 16 4 49 18 24 45 13 8 3 35 41 40 30 42 31 2 21 43 37 12 

Inst_Index:7805 	 City_Num:50 	 Concorde:5.813981 	 MCTS:5.811661 Improve:0.002320 	 Time:3.77 Seconds
Solution: 1 36 21 7 32 2 45 34 28 39 24 50 41 18 4 10 35 30 27 8 19 29 22 5 16 40 26 43 47 6 46 14 33 20 44 37 25 9 48 38 49 23 12 15 13 31 17 11 3 42 

Inst_Index:7806 	 City_Num:50 	 Concorde:6.081776 	 MCTS:6.081776 Improve:0.000000 	 Time:3.77 Seconds
Solution: 1 43 25 6 16 21 13 38 12 49 17 11 28 44 8 2 48 34 39 23 18 46 20 5 31 10 40 45 26 9 30 7 19 35 4 36 33 32 37 47 15 50 24 22 41 27 14 29 42 3 

Inst_Index:7807 	 City_Num:50 	 Concorde:5.618172 	 MCTS:5.618172 Improve:-0.000000 	 Time:3.75 Seconds
Solution: 1 42 24 47 13 9 23 17 28 37 40 3 33 44 15 10 4 32 20 38 46 50 43 21 8 5 31 48 6 22 49 35 18 2 26 14 19 39 11 36 29 7 41 16 27 34 30 45 12 25 

Inst_Index:7808 	 City_Num:50 	 Concorde:5.717254 	 MCTS:5.717254 Improve:0.000000 	 Time:3.76 Seconds
Solution: 1 43 25 37 10 46 29 6 9 30 36 12 42 33 13 8 31 35 17 20 22 34 41 27 11 26 40 5 2 7 44 15 47 28 45 16 19 23 49 39 24 3 32 14 48 50 18 4 38 21 

Inst_Index:7809 	 City_Num:50 	 Concorde:5.344002 	 MCTS:5.344002 Improve:0.000000 	 Time:3.75 Seconds
Solution: 1 40 29 33 8 18 3 47 42 17 45 27 23 39 25 31 38 10 19 46 12 15 22 48 37 28 49 41 30 32 24 43 2 26 4 14 50 13 20 5 9 6 16 35 11 36 7 44 21 34 

Inst_Index:7810 	 City_Num:50 	 Concorde:6.000187 	 MCTS:6.000187 Improve:-0.000000 	 Time:3.76 Seconds
Solution: 1 27 6 39 4 41 11 38 49 43 14 26 47 36 15 19 31 48 30 50 9 29 16 24 37 25 20 42 22 5 35 8 12 21 10 33 34 2 18 45 23 32 3 28 13 44 46 17 7 40 

Inst_Index:7811 	 City_Num:50 	 Concorde:5.520223 	 MCTS:5.519616 Improve:0.000607 	 Time:3.76 Seconds
Solution: 1 18 39 2 48 25 17 45 10 31 11 5 8 32 36 9 7 34 21 33 37 13 28 24 16 35 41 47 49 38 27 20 46 30 50 6 22 42 4 19 15 40 29 14 23 3 26 44 43 12 

Inst_Index:7812 	 City_Num:50 	 Concorde:5.534840 	 MCTS:5.534635 Improve:0.000205 	 Time:3.76 Seconds
Solution: 1 48 36 3 35 29 50 10 49 40 2 6 5 47 37 32 15 45 22 43 23 17 41 9 14 25 12 33 18 46 26 30 21 42 31 24 20 38 39 13 28 44 7 11 34 16 27 4 19 8 

Inst_Index:7813 	 City_Num:50 	 Concorde:5.545692 	 MCTS:5.545692 Improve:0.000000 	 Time:3.77 Seconds
Solution: 1 9 2 10 21 18 46 19 48 13 50 12 3 44 23 6 4 42 17 20 39 49 40 24 34 28 7 25 30 29 36 26 15 38 43 35 41 31 27 47 37 45 33 8 22 16 14 32 11 5 

Inst_Index:7814 	 City_Num:50 	 Concorde:5.969406 	 MCTS:5.969406 Improve:-0.000000 	 Time:3.76 Seconds
Solution: 1 45 36 18 26 28 15 5 2 49 9 11 7 44 34 6 19 8 17 39 3 32 22 4 21 43 40 41 31 27 13 46 38 25 50 48 30 12 29 14 23 20 47 37 42 10 24 33 35 16 

Inst_Index:7815 	 City_Num:50 	 Concorde:5.697117 	 MCTS:5.697117 Improve:-0.000000 	 Time:3.76 Seconds
Solution: 1 26 18 28 15 6 42 13 36 49 7 48 41 44 20 25 22 10 47 43 32 29 4 38 3 23 24 37 17 34 19 5 50 46 11 45 31 16 40 35 30 33 8 39 14 12 21 27 9 2 

Inst_Index:7816 	 City_Num:50 	 Concorde:5.745058 	 MCTS:5.744839 Improve:0.000219 	 Time:3.76 Seconds
Solution: 1 50 15 14 47 9 43 20 19 39 34 28 6 16 46 3 30 48 4 25 36 5 35 40 21 33 24 27 32 11 17 8 41 23 22 7 12 49 38 18 42 2 31 13 26 45 37 29 10 44 

Inst_Index:7817 	 City_Num:50 	 Concorde:5.622720 	 MCTS:5.620395 Improve:0.002325 	 Time:3.75 Seconds
Solution: 1 42 22 6 34 14 33 46 24 12 8 39 18 23 25 11 10 45 38 30 41 44 36 32 35 4 2 26 17 5 20 21 43 16 7 19 48 29 37 15 9 13 47 28 40 49 3 31 50 27 

Inst_Index:7818 	 City_Num:50 	 Concorde:5.101294 	 MCTS:5.096876 Improve:0.004417 	 Time:3.75 Seconds
Solution: 1 15 20 44 10 31 12 14 3 28 45 29 24 33 17 2 25 36 49 43 13 23 30 35 46 5 4 37 8 7 11 26 16 6 41 19 22 42 40 32 48 21 9 39 38 47 50 34 18 27 

Inst_Index:7819 	 City_Num:50 	 Concorde:5.402804 	 MCTS:5.402804 Improve:0.000000 	 Time:3.76 Seconds
Solution: 1 12 38 10 15 29 34 35 20 31 47 39 42 40 3 44 19 16 26 43 37 36 9 32 18 27 13 23 25 49 8 14 48 30 46 50 11 5 24 6 22 17 45 2 4 7 41 28 33 21 

Inst_Index:7820 	 City_Num:50 	 Concorde:5.810987 	 MCTS:5.810987 Improve:0.000000 	 Time:3.77 Seconds
Solution: 1 2 41 30 13 47 38 46 27 9 25 22 40 48 23 36 26 45 37 42 14 10 39 29 12 20 44 35 21 19 6 11 17 50 15 7 24 32 8 18 31 33 28 16 4 3 5 49 43 34 

Inst_Index:7821 	 City_Num:50 	 Concorde:5.327261 	 MCTS:5.327261 Improve:0.000000 	 Time:3.76 Seconds
Solution: 1 36 5 19 48 13 38 4 24 39 8 3 49 41 18 17 29 6 50 9 7 22 34 20 46 30 45 31 15 23 26 43 14 33 21 2 35 44 10 42 37 25 12 32 40 27 16 47 11 28 

Inst_Index:7822 	 City_Num:50 	 Concorde:5.589684 	 MCTS:5.589684 Improve:0.000000 	 Time:3.75 Seconds
Solution: 1 16 32 19 34 28 31 26 8 4 7 49 10 43 20 18 37 24 6 39 21 13 35 11 44 45 2 30 23 14 22 40 9 3 5 25 15 38 27 46 12 42 36 33 17 50 41 48 47 29 

Inst_Index:7823 	 City_Num:50 	 Concorde:5.601420 	 MCTS:5.601420 Improve:-0.000000 	 Time:3.75 Seconds
Solution: 1 18 9 30 27 45 8 23 21 3 34 42 17 15 43 24 49 6 44 50 29 10 38 31 5 22 13 4 28 7 46 35 20 12 37 25 16 19 41 47 48 32 2 33 14 11 39 26 36 40 

Inst_Index:7824 	 City_Num:50 	 Concorde:5.237459 	 MCTS:5.237459 Improve:0.000000 	 Time:3.76 Seconds
Solution: 1 46 5 25 37 11 15 6 13 8 36 22 12 29 31 41 44 3 38 45 33 23 39 10 24 30 43 35 40 49 16 20 42 18 26 32 4 27 2 17 19 47 28 50 7 21 14 34 9 48 

Inst_Index:7825 	 City_Num:50 	 Concorde:5.409254 	 MCTS:5.405683 Improve:0.003572 	 Time:3.76 Seconds
Solution: 1 8 29 7 30 48 10 38 49 34 13 5 27 3 50 33 12 36 35 9 40 2 23 41 24 6 28 25 32 15 47 4 22 14 46 44 11 21 42 18 45 16 31 37 39 20 17 43 19 26 


Avg_Concorde_Distance: 5.670135 Avg_MCTS_Distance: 5.669139 Avg_Gap: -0.000176 Total_Time: 1178.01 Seconds 
 Beat_Best_Known_Times: 103 Match_Best_Known_Times: 210 Miss_Best_Known_Times: 0 
