Number_of_Instances_In_Current_Batch: 313

Inst_Index:8139 	 City_Num:50 	 Concorde:5.607955 	 MCTS:5.607955 Improve:0.000000 	 Time:3.77 Seconds
Solution: 1 39 19 37 48 36 4 8 11 28 41 17 32 24 50 47 13 40 45 7 20 18 9 29 31 46 27 30 14 23 44 35 25 22 26 49 12 33 43 42 34 2 6 3 10 38 15 16 5 21 

Inst_Index:8140 	 City_Num:50 	 Concorde:5.821382 	 MCTS:5.818413 Improve:0.002969 	 Time:3.76 Seconds
Solution: 1 2 23 13 14 4 49 18 8 15 12 24 27 44 39 41 50 42 37 34 10 30 3 16 33 38 20 31 7 19 43 40 35 22 5 6 25 21 47 46 28 26 9 45 48 36 17 32 11 29 

Inst_Index:8141 	 City_Num:50 	 Concorde:5.683896 	 MCTS:5.682171 Improve:0.001726 	 Time:3.75 Seconds
Solution: 1 38 50 41 33 43 30 9 13 5 19 24 27 42 23 45 21 7 16 47 39 35 2 32 36 4 6 8 49 34 14 12 3 31 28 20 48 44 10 17 40 18 25 22 15 29 11 46 26 37 

Inst_Index:8142 	 City_Num:50 	 Concorde:5.491028 	 MCTS:5.487763 Improve:0.003265 	 Time:3.75 Seconds
Solution: 1 4 39 45 26 8 3 29 16 15 27 24 38 46 13 37 22 33 25 2 12 44 6 19 48 9 36 42 47 34 20 31 5 28 49 50 32 21 41 43 18 30 10 35 7 11 40 23 17 14 

Inst_Index:8143 	 City_Num:50 	 Concorde:6.336479 	 MCTS:6.336479 Improve:-0.000000 	 Time:3.78 Seconds
Solution: 1 19 3 28 13 36 32 8 11 46 12 49 9 33 16 44 17 50 45 35 14 43 4 23 40 27 42 7 47 21 10 5 24 6 41 38 34 15 37 25 2 22 20 31 18 48 30 26 29 39 

Inst_Index:8144 	 City_Num:50 	 Concorde:5.628736 	 MCTS:5.628736 Improve:-0.000000 	 Time:3.76 Seconds
Solution: 1 44 10 9 41 12 19 11 48 14 30 35 43 22 6 50 8 34 28 25 31 32 5 45 17 46 20 2 27 26 7 40 42 38 24 16 13 33 18 49 36 3 37 29 47 21 4 39 23 15 

Inst_Index:8145 	 City_Num:50 	 Concorde:5.853489 	 MCTS:5.853489 Improve:-0.000000 	 Time:3.76 Seconds
Solution: 1 18 48 39 40 20 14 27 47 34 33 25 24 29 45 50 43 41 38 31 13 5 35 10 49 2 9 30 36 4 28 21 15 3 19 23 6 17 12 46 42 8 7 16 22 37 26 11 32 44 

Inst_Index:8146 	 City_Num:50 	 Concorde:6.052356 	 MCTS:6.052331 Improve:0.000025 	 Time:3.76 Seconds
Solution: 1 6 33 9 49 17 29 15 20 38 43 46 16 21 25 47 28 8 2 44 24 31 42 40 19 11 48 13 26 7 4 35 30 45 32 50 3 27 37 14 12 36 41 18 23 22 34 39 10 5 

Inst_Index:8147 	 City_Num:50 	 Concorde:5.040221 	 MCTS:5.040221 Improve:0.000000 	 Time:3.76 Seconds
Solution: 1 32 11 17 5 22 6 10 15 49 30 24 40 27 35 8 41 37 19 16 4 23 25 44 46 2 31 45 34 21 12 29 3 38 14 50 43 18 20 33 26 9 47 42 39 36 28 7 48 13 

Inst_Index:8148 	 City_Num:50 	 Concorde:5.732043 	 MCTS:5.732043 Improve:-0.000000 	 Time:3.75 Seconds
Solution: 1 42 12 5 22 40 8 21 13 33 43 15 46 6 9 36 4 49 25 23 29 44 32 10 3 39 17 50 11 37 35 31 24 18 38 34 27 28 19 47 2 14 41 45 48 26 20 16 7 30 

Inst_Index:8149 	 City_Num:50 	 Concorde:6.377861 	 MCTS:6.372787 Improve:0.005074 	 Time:3.75 Seconds
Solution: 1 15 40 43 23 45 25 36 12 34 13 3 26 28 7 31 46 32 16 24 9 6 39 18 11 42 4 33 29 17 20 2 48 19 30 27 10 47 50 14 44 8 35 49 37 38 5 41 21 22 

Inst_Index:8150 	 City_Num:50 	 Concorde:5.408565 	 MCTS:5.408565 Improve:-0.000000 	 Time:3.76 Seconds
Solution: 1 26 40 23 12 49 6 24 42 16 37 21 11 31 29 27 19 17 38 44 47 28 41 20 2 15 3 48 13 36 46 39 18 4 32 35 10 43 30 7 25 50 9 5 8 14 34 33 22 45 

Inst_Index:8151 	 City_Num:50 	 Concorde:5.814161 	 MCTS:5.814161 Improve:-0.000000 	 Time:3.75 Seconds
Solution: 1 29 27 14 15 2 50 18 38 7 11 30 4 49 48 22 3 21 5 23 25 36 35 6 26 39 45 19 47 46 9 8 31 24 33 16 20 43 44 37 40 41 34 42 32 10 13 28 17 12 

Inst_Index:8152 	 City_Num:50 	 Concorde:5.755277 	 MCTS:5.755277 Improve:0.000000 	 Time:3.76 Seconds
Solution: 1 43 50 25 5 11 3 20 4 2 28 26 22 12 13 27 47 6 14 49 8 16 39 40 24 44 41 42 17 38 7 35 34 37 18 19 48 15 30 21 31 23 36 9 32 33 10 46 29 45 

Inst_Index:8153 	 City_Num:50 	 Concorde:5.743927 	 MCTS:5.737647 Improve:0.006280 	 Time:3.76 Seconds
Solution: 1 16 43 12 38 18 40 49 17 6 45 46 32 25 24 2 34 36 23 10 42 9 44 7 4 28 13 47 5 27 50 33 22 8 3 20 48 26 41 31 35 11 15 21 39 19 30 14 37 29 

Inst_Index:8154 	 City_Num:50 	 Concorde:5.915796 	 MCTS:5.915796 Improve:0.000000 	 Time:3.76 Seconds
Solution: 1 44 15 9 29 34 37 42 11 50 31 28 22 41 26 4 35 39 6 2 30 18 27 49 7 17 38 20 10 14 47 40 8 25 45 43 48 3 33 21 46 23 19 12 16 13 36 32 5 24 

Inst_Index:8155 	 City_Num:50 	 Concorde:6.064924 	 MCTS:6.064261 Improve:0.000663 	 Time:3.75 Seconds
Solution: 1 50 24 14 35 6 2 10 28 15 41 25 17 40 22 44 16 11 45 8 21 18 19 5 20 13 23 34 32 27 43 49 48 9 37 4 33 31 12 46 26 42 36 7 47 3 29 38 39 30 

Inst_Index:8156 	 City_Num:50 	 Concorde:6.073123 	 MCTS:6.073123 Improve:0.000000 	 Time:3.77 Seconds
Solution: 1 16 8 17 18 10 14 30 40 21 36 45 13 41 47 50 7 26 34 19 46 42 37 39 28 15 35 38 24 12 3 31 43 4 9 49 22 11 29 25 2 33 5 44 23 27 6 20 32 48 

Inst_Index:8157 	 City_Num:50 	 Concorde:5.825199 	 MCTS:5.825199 Improve:0.000000 	 Time:3.76 Seconds
Solution: 1 47 24 4 19 18 2 40 43 29 38 9 45 37 46 48 36 34 33 44 3 30 20 32 17 23 13 15 50 16 21 6 22 7 10 12 5 42 41 49 26 27 11 39 25 31 8 35 14 28 

Inst_Index:8158 	 City_Num:50 	 Concorde:6.021674 	 MCTS:6.021674 Improve:0.000000 	 Time:3.76 Seconds
Solution: 1 45 5 41 48 20 37 17 4 32 13 33 25 42 3 23 8 14 16 46 27 12 7 35 40 19 11 34 22 10 21 24 47 30 2 44 31 28 39 29 50 49 36 9 6 43 18 38 26 15 

Inst_Index:8159 	 City_Num:50 	 Concorde:5.963304 	 MCTS:5.963304 Improve:-0.000000 	 Time:3.76 Seconds
Solution: 1 48 26 47 42 13 39 35 23 24 11 41 36 18 10 2 3 22 45 38 31 28 49 17 9 30 50 46 20 15 43 33 8 40 16 4 19 44 14 29 12 27 32 34 21 7 6 37 25 5 

Inst_Index:8160 	 City_Num:50 	 Concorde:5.731961 	 MCTS:5.731961 Improve:0.000000 	 Time:3.76 Seconds
Solution: 1 22 32 7 10 48 24 5 38 19 27 3 11 37 40 29 44 33 47 9 16 25 18 26 2 20 15 46 41 30 31 13 35 12 14 8 45 43 36 28 34 23 50 42 4 49 21 39 6 17 

Inst_Index:8161 	 City_Num:50 	 Concorde:5.779454 	 MCTS:5.773986 Improve:0.005468 	 Time:3.77 Seconds
Solution: 1 47 30 39 16 5 12 29 44 32 4 13 31 42 34 24 23 7 48 45 37 2 14 11 40 20 6 35 9 28 10 17 3 27 25 49 15 22 43 50 21 26 18 8 46 19 36 41 38 33 

Inst_Index:8162 	 City_Num:50 	 Concorde:5.710396 	 MCTS:5.710396 Improve:-0.000000 	 Time:3.76 Seconds
Solution: 1 22 36 39 23 20 21 42 10 18 32 6 11 26 29 19 25 30 2 34 9 3 37 13 41 46 48 38 24 28 47 35 8 5 12 7 15 14 50 49 31 17 44 45 33 27 4 16 40 43 

Inst_Index:8163 	 City_Num:50 	 Concorde:5.841677 	 MCTS:5.840157 Improve:0.001520 	 Time:3.75 Seconds
Solution: 1 48 31 43 14 25 12 17 47 21 32 40 36 10 42 44 37 19 38 46 28 27 39 15 7 45 41 11 18 35 9 13 24 20 6 3 49 5 26 29 2 33 50 34 30 22 23 8 4 16 

Inst_Index:8164 	 City_Num:50 	 Concorde:5.530546 	 MCTS:5.527279 Improve:0.003268 	 Time:3.76 Seconds
Solution: 1 24 46 32 33 47 13 43 20 2 27 49 36 8 40 50 39 45 29 16 48 30 41 15 12 11 26 17 37 22 31 38 10 9 42 6 3 44 4 18 14 23 35 34 25 5 7 28 21 19 

Inst_Index:8165 	 City_Num:50 	 Concorde:6.003076 	 MCTS:6.003076 Improve:0.000000 	 Time:3.78 Seconds
Solution: 1 10 38 46 18 9 15 50 28 30 22 42 40 26 43 45 24 23 16 2 12 8 5 17 21 37 44 11 31 41 14 49 39 36 19 48 6 47 3 20 13 29 34 27 25 33 7 4 35 32 

Inst_Index:8166 	 City_Num:50 	 Concorde:5.805448 	 MCTS:5.805448 Improve:0.000000 	 Time:3.75 Seconds
Solution: 1 42 41 43 10 13 38 35 9 19 23 3 16 37 6 33 7 45 5 21 31 18 22 49 29 2 11 44 28 20 15 12 17 34 32 50 40 47 4 8 46 25 26 24 30 27 36 39 48 14 

Inst_Index:8167 	 City_Num:50 	 Concorde:5.393233 	 MCTS:5.391179 Improve:0.002054 	 Time:3.77 Seconds
Solution: 1 23 7 21 12 14 39 3 26 28 4 44 49 19 29 15 18 8 37 22 20 32 25 30 33 46 31 45 36 5 16 43 50 24 17 6 27 13 48 10 9 34 38 42 35 2 47 40 41 11 

Inst_Index:8168 	 City_Num:50 	 Concorde:5.702195 	 MCTS:5.702195 Improve:-0.000000 	 Time:3.76 Seconds
Solution: 1 44 46 11 2 48 14 28 39 43 35 15 50 12 41 30 8 42 21 17 4 5 49 25 9 7 3 16 24 13 20 47 37 40 26 6 32 33 22 36 23 18 31 34 27 19 38 29 10 45 

Inst_Index:8169 	 City_Num:50 	 Concorde:5.563889 	 MCTS:5.563889 Improve:-0.000000 	 Time:3.75 Seconds
Solution: 1 9 19 21 38 41 5 32 31 40 24 37 48 12 6 3 7 27 44 45 43 34 23 25 15 35 16 47 30 14 11 17 49 10 28 26 42 36 50 33 13 22 29 2 39 4 20 18 8 46 

Inst_Index:8170 	 City_Num:50 	 Concorde:5.773390 	 MCTS:5.773390 Improve:0.000000 	 Time:3.75 Seconds
Solution: 1 4 26 2 28 27 44 46 14 49 9 17 5 29 8 48 35 18 34 30 21 3 15 7 39 11 19 36 13 33 45 16 41 42 47 22 24 20 38 6 10 12 31 25 23 37 32 50 43 40 

Inst_Index:8171 	 City_Num:50 	 Concorde:5.558293 	 MCTS:5.558293 Improve:0.000000 	 Time:3.76 Seconds
Solution: 1 45 12 24 22 31 49 19 9 23 21 18 11 41 37 25 32 4 26 29 46 20 2 10 13 33 5 35 3 47 30 48 40 28 16 6 8 43 50 36 17 38 27 7 44 15 39 34 14 42 

Inst_Index:8172 	 City_Num:50 	 Concorde:5.568434 	 MCTS:5.568434 Improve:-0.000000 	 Time:3.76 Seconds
Solution: 1 41 15 39 27 16 4 46 9 31 26 40 17 32 30 49 8 14 2 21 36 13 19 33 7 44 5 45 35 25 23 50 34 28 18 12 20 43 29 48 42 38 11 47 22 10 37 6 24 3 

Inst_Index:8173 	 City_Num:50 	 Concorde:5.922772 	 MCTS:5.922772 Improve:0.000000 	 Time:3.75 Seconds
Solution: 1 16 37 31 20 21 33 5 9 22 10 43 14 2 24 39 50 8 30 25 15 26 7 40 42 34 35 19 6 3 38 47 46 28 48 41 27 23 12 18 29 36 11 49 44 45 13 32 4 17 

Inst_Index:8174 	 City_Num:50 	 Concorde:5.602508 	 MCTS:5.602508 Improve:0.000000 	 Time:3.75 Seconds
Solution: 1 5 38 37 4 31 36 14 12 8 13 27 16 3 24 34 15 7 26 6 18 22 29 9 39 25 35 44 10 43 41 2 40 32 47 50 45 30 23 49 48 19 33 46 21 28 20 17 11 42 

Inst_Index:8175 	 City_Num:50 	 Concorde:5.949869 	 MCTS:5.949869 Improve:-0.000000 	 Time:3.76 Seconds
Solution: 1 17 42 20 19 12 5 46 34 3 47 40 30 16 10 49 33 9 43 39 38 2 4 23 14 18 31 32 50 28 29 6 24 15 48 37 44 21 41 11 35 22 45 26 25 13 27 8 7 36 

Inst_Index:8176 	 City_Num:50 	 Concorde:5.861204 	 MCTS:5.857384 Improve:0.003819 	 Time:3.75 Seconds
Solution: 1 41 36 16 50 22 32 39 6 33 2 43 44 23 29 3 42 37 25 14 15 45 4 20 24 27 8 38 46 7 47 28 19 18 13 35 17 12 11 21 10 40 31 5 9 48 49 26 30 34 

Inst_Index:8177 	 City_Num:50 	 Concorde:5.982982 	 MCTS:5.982982 Improve:-0.000000 	 Time:3.76 Seconds
Solution: 1 3 46 36 40 10 50 9 4 45 29 23 7 14 33 44 6 12 22 34 15 27 21 25 20 31 37 16 19 49 47 43 35 30 38 11 5 13 26 32 39 28 48 42 2 8 41 17 18 24 

Inst_Index:8178 	 City_Num:50 	 Concorde:6.055470 	 MCTS:6.055470 Improve:0.000000 	 Time:3.76 Seconds
Solution: 1 5 43 14 36 10 48 6 22 15 29 8 7 45 40 37 50 28 18 42 38 33 46 12 31 47 49 26 23 34 32 27 25 19 20 11 44 35 3 24 16 39 9 17 21 4 41 30 13 2 

Inst_Index:8179 	 City_Num:50 	 Concorde:5.636819 	 MCTS:5.636819 Improve:0.000000 	 Time:3.76 Seconds
Solution: 1 9 46 13 41 22 35 45 47 4 18 6 43 27 16 49 44 30 39 32 40 29 48 15 36 17 31 37 42 14 7 24 38 11 5 28 23 26 3 12 8 33 50 34 2 20 21 10 25 19 

Inst_Index:8180 	 City_Num:50 	 Concorde:5.880595 	 MCTS:5.880595 Improve:0.000000 	 Time:3.75 Seconds
Solution: 1 7 30 46 20 27 16 38 28 3 45 47 34 6 39 26 8 13 49 43 40 23 33 24 44 12 48 17 19 5 18 21 14 36 4 37 32 29 2 11 15 41 35 50 42 9 10 22 31 25 

Inst_Index:8181 	 City_Num:50 	 Concorde:5.602750 	 MCTS:5.601138 Improve:0.001612 	 Time:3.76 Seconds
Solution: 1 17 33 29 37 8 3 39 6 46 2 22 34 20 24 21 9 48 30 14 28 42 31 45 43 7 27 4 40 26 35 11 47 38 12 15 18 36 25 13 19 50 49 32 41 44 5 23 10 16 

Inst_Index:8182 	 City_Num:50 	 Concorde:5.742209 	 MCTS:5.737431 Improve:0.004777 	 Time:3.77 Seconds
Solution: 1 36 38 41 9 23 15 32 21 35 2 34 44 47 14 39 50 17 11 31 42 10 25 12 46 5 7 43 40 20 48 26 16 29 49 33 27 13 18 8 45 30 37 22 4 28 19 24 6 3 

Inst_Index:8183 	 City_Num:50 	 Concorde:5.437885 	 MCTS:5.437885 Improve:0.000000 	 Time:3.78 Seconds
Solution: 1 10 29 46 30 32 36 19 16 11 18 40 48 49 26 25 20 21 34 17 13 6 8 7 9 43 39 14 28 38 4 44 27 3 31 50 45 42 12 33 47 22 41 23 37 35 5 15 2 24 

Inst_Index:8184 	 City_Num:50 	 Concorde:6.003493 	 MCTS:5.995554 Improve:0.007940 	 Time:3.75 Seconds
Solution: 1 28 39 15 2 4 47 40 20 9 49 30 38 46 35 25 19 36 41 17 8 45 18 6 22 50 14 29 32 24 42 44 3 43 7 26 48 13 10 21 16 23 34 5 11 27 12 31 33 37 

Inst_Index:8185 	 City_Num:50 	 Concorde:5.533703 	 MCTS:5.533703 Improve:0.000000 	 Time:3.75 Seconds
Solution: 1 40 4 15 3 16 44 17 5 9 2 27 20 19 38 34 45 32 11 33 22 28 43 29 10 50 47 41 46 21 8 48 26 18 49 30 13 31 25 37 42 7 23 14 12 39 6 36 35 24 

Inst_Index:8186 	 City_Num:50 	 Concorde:5.682985 	 MCTS:5.682985 Improve:0.000000 	 Time:3.77 Seconds
Solution: 1 7 45 23 16 35 24 44 32 41 25 43 33 13 26 14 17 50 46 38 49 28 31 29 18 22 6 3 5 9 34 21 40 42 11 10 8 19 37 30 2 20 27 48 47 36 12 15 4 39 

Inst_Index:8187 	 City_Num:50 	 Concorde:5.435705 	 MCTS:5.435705 Improve:0.000000 	 Time:3.76 Seconds
Solution: 1 4 28 18 38 47 9 36 15 42 34 48 44 31 13 24 5 26 46 21 10 43 2 19 16 12 37 29 23 35 17 8 11 3 39 32 6 7 50 14 20 45 49 40 22 30 33 41 25 27 

Inst_Index:8188 	 City_Num:50 	 Concorde:5.735569 	 MCTS:5.735569 Improve:-0.000000 	 Time:3.76 Seconds
Solution: 1 43 32 14 40 18 45 48 50 33 3 7 22 2 36 8 49 27 20 46 13 26 30 44 47 42 41 21 12 34 10 19 15 23 4 39 9 16 24 38 28 17 5 25 31 35 29 37 11 6 

Inst_Index:8189 	 City_Num:50 	 Concorde:5.187653 	 MCTS:5.187653 Improve:0.000000 	 Time:3.75 Seconds
Solution: 1 46 44 10 41 47 34 22 9 45 17 39 48 36 13 27 26 14 6 15 49 50 32 23 12 42 3 30 33 2 21 37 18 8 38 16 5 4 19 40 20 24 43 7 28 29 35 31 11 25 

Inst_Index:8190 	 City_Num:50 	 Concorde:5.856998 	 MCTS:5.856998 Improve:-0.000000 	 Time:3.75 Seconds
Solution: 1 29 2 17 5 26 22 42 40 14 24 3 38 36 31 44 20 43 46 18 12 35 19 48 28 47 7 33 45 27 37 11 30 16 8 13 6 32 10 21 23 9 4 34 41 50 49 25 39 15 

Inst_Index:8191 	 City_Num:50 	 Concorde:5.588421 	 MCTS:5.588421 Improve:-0.000000 	 Time:3.77 Seconds
Solution: 1 25 18 26 38 20 21 33 45 50 13 31 16 9 5 4 17 15 39 30 49 22 29 27 28 3 7 8 34 43 37 23 10 44 41 11 2 36 12 42 32 24 46 14 19 47 48 35 40 6 

Inst_Index:8192 	 City_Num:50 	 Concorde:6.036026 	 MCTS:6.036026 Improve:0.000000 	 Time:3.76 Seconds
Solution: 1 11 30 41 6 7 46 34 47 26 8 16 38 20 43 22 49 50 31 19 5 9 32 4 15 37 27 21 44 35 45 13 14 33 29 2 36 23 10 17 48 28 42 39 3 12 40 18 24 25 

Inst_Index:8193 	 City_Num:50 	 Concorde:5.614227 	 MCTS:5.614227 Improve:0.000000 	 Time:3.75 Seconds
Solution: 1 37 31 27 26 22 21 50 40 35 9 7 13 20 24 12 39 10 23 19 14 8 28 17 43 48 41 5 30 38 18 34 49 45 2 16 11 42 25 15 46 32 3 36 47 6 44 29 4 33 

Inst_Index:8194 	 City_Num:50 	 Concorde:5.316460 	 MCTS:5.316460 Improve:0.000000 	 Time:3.79 Seconds
Solution: 1 7 33 3 25 28 18 14 13 24 12 38 42 40 26 5 50 36 34 4 48 31 2 43 16 20 45 37 17 39 29 44 9 23 6 35 46 21 10 19 32 22 41 27 11 49 8 30 15 47 

Inst_Index:8195 	 City_Num:50 	 Concorde:5.800896 	 MCTS:5.799022 Improve:0.001874 	 Time:3.75 Seconds
Solution: 1 17 47 20 37 9 42 39 48 40 32 27 11 22 5 46 44 10 6 38 50 49 2 34 15 31 18 33 41 3 30 16 26 7 45 19 29 28 36 43 25 24 23 14 12 8 13 21 35 4 

Inst_Index:8196 	 City_Num:50 	 Concorde:5.070387 	 MCTS:5.066454 Improve:0.003933 	 Time:3.75 Seconds
Solution: 1 20 13 3 14 30 39 25 34 4 10 15 26 27 49 21 31 8 42 24 46 11 45 43 7 33 9 40 48 37 18 32 38 2 17 16 12 41 28 35 19 22 23 6 47 44 36 5 29 50 

Inst_Index:8197 	 City_Num:50 	 Concorde:5.940685 	 MCTS:5.940685 Improve:0.000000 	 Time:3.76 Seconds
Solution: 1 45 49 43 11 35 42 40 25 31 28 7 13 47 38 34 30 3 48 21 33 6 24 41 39 17 32 20 23 12 36 4 37 15 9 22 44 18 5 26 14 27 46 2 19 8 29 16 10 50 

Inst_Index:8198 	 City_Num:50 	 Concorde:5.877104 	 MCTS:5.877104 Improve:0.000000 	 Time:3.76 Seconds
Solution: 1 46 47 15 38 23 50 30 7 4 44 8 35 2 28 16 22 49 11 26 14 5 25 32 39 19 9 34 10 40 36 31 17 42 20 43 3 21 45 37 12 41 13 18 29 24 33 48 6 27 

Inst_Index:8199 	 City_Num:50 	 Concorde:6.051503 	 MCTS:6.051503 Improve:0.000000 	 Time:3.76 Seconds
Solution: 1 22 29 20 27 10 45 40 39 25 49 5 9 12 7 4 17 36 33 8 46 28 11 30 26 47 13 34 50 2 23 35 31 19 32 14 3 24 37 43 41 18 6 44 42 21 16 38 15 48 

Inst_Index:8200 	 City_Num:50 	 Concorde:5.861129 	 MCTS:5.861129 Improve:0.000000 	 Time:3.78 Seconds
Solution: 1 31 13 35 19 12 38 6 17 28 3 14 8 42 30 32 11 25 48 7 47 49 39 41 5 24 44 18 20 23 37 22 46 9 10 40 21 36 45 2 43 16 4 27 26 34 50 29 15 33 

Inst_Index:8201 	 City_Num:50 	 Concorde:5.778975 	 MCTS:5.776514 Improve:0.002461 	 Time:3.75 Seconds
Solution: 1 26 11 49 18 45 41 36 30 38 19 17 14 39 2 5 15 16 44 4 6 20 3 29 8 13 47 32 24 40 27 31 25 33 35 21 46 48 50 43 12 37 23 10 34 42 28 9 22 7 

Inst_Index:8202 	 City_Num:50 	 Concorde:5.403632 	 MCTS:5.402685 Improve:0.000947 	 Time:3.75 Seconds
Solution: 1 14 27 36 19 4 31 5 29 12 11 43 7 24 44 13 17 46 35 50 40 2 10 34 15 9 30 25 48 38 39 37 20 8 21 49 45 42 6 23 16 32 33 26 41 22 3 18 47 28 

Inst_Index:8203 	 City_Num:50 	 Concorde:6.134590 	 MCTS:6.132202 Improve:0.002388 	 Time:3.78 Seconds
Solution: 1 33 39 10 37 35 23 42 24 26 31 43 6 48 29 17 40 8 45 22 49 20 28 34 50 16 41 7 18 30 4 14 25 38 11 36 46 47 9 15 3 27 32 12 5 21 13 2 44 19 

Inst_Index:8204 	 City_Num:50 	 Concorde:5.829238 	 MCTS:5.829238 Improve:0.000000 	 Time:3.76 Seconds
Solution: 1 5 9 24 10 35 25 12 23 11 7 4 8 17 19 18 32 14 47 29 16 21 28 43 3 39 13 37 36 20 49 2 41 40 6 46 50 45 34 27 33 48 22 26 15 31 44 30 42 38 

Inst_Index:8205 	 City_Num:50 	 Concorde:5.724901 	 MCTS:5.724901 Improve:0.000000 	 Time:3.75 Seconds
Solution: 1 3 16 12 43 9 5 46 26 41 29 39 13 33 21 37 48 49 7 11 30 47 10 27 40 44 35 17 31 22 2 38 36 24 23 14 18 32 8 19 45 6 25 50 4 15 34 28 42 20 

Inst_Index:8206 	 City_Num:50 	 Concorde:5.556412 	 MCTS:5.556412 Improve:0.000000 	 Time:3.76 Seconds
Solution: 1 49 34 20 40 11 48 7 17 37 31 33 18 23 5 38 50 24 42 22 26 45 28 10 3 14 32 46 47 27 30 15 2 25 16 41 35 12 8 44 6 36 21 9 39 43 29 4 19 13 

Inst_Index:8207 	 City_Num:50 	 Concorde:5.824266 	 MCTS:5.824266 Improve:-0.000000 	 Time:3.78 Seconds
Solution: 1 42 27 35 10 34 8 46 5 24 23 16 13 15 31 26 47 45 33 25 30 43 3 20 6 4 17 2 41 28 9 50 7 22 38 40 37 32 14 19 39 36 49 21 18 29 44 48 12 11 

Inst_Index:8208 	 City_Num:50 	 Concorde:5.748494 	 MCTS:5.746941 Improve:0.001553 	 Time:3.76 Seconds
Solution: 1 3 18 22 39 40 33 47 6 16 48 38 13 5 27 8 28 37 42 45 44 24 21 23 43 9 17 15 12 34 50 41 11 26 4 2 30 10 36 25 19 35 14 31 7 46 20 49 32 29 

Inst_Index:8209 	 City_Num:50 	 Concorde:5.765774 	 MCTS:5.764645 Improve:0.001129 	 Time:3.76 Seconds
Solution: 1 40 14 24 37 4 13 5 35 38 33 44 22 46 2 23 45 48 28 6 21 11 36 10 8 3 7 17 39 34 15 41 9 47 12 29 50 32 42 19 49 18 30 16 27 25 26 43 20 31 

Inst_Index:8210 	 City_Num:50 	 Concorde:5.883765 	 MCTS:5.881913 Improve:0.001852 	 Time:3.76 Seconds
Solution: 1 23 32 47 19 45 20 14 26 44 25 4 35 43 40 38 8 10 31 34 17 12 21 24 22 39 3 37 11 6 36 30 7 13 50 2 41 46 33 15 16 28 9 42 27 48 49 29 18 5 

Inst_Index:8211 	 City_Num:50 	 Concorde:5.992512 	 MCTS:5.992512 Improve:-0.000000 	 Time:3.75 Seconds
Solution: 1 45 42 49 43 39 19 40 35 28 29 18 12 7 16 32 50 6 2 47 46 41 17 11 8 25 33 44 9 4 48 26 31 34 36 5 20 24 3 37 10 13 15 14 27 22 30 21 23 38 

Inst_Index:8212 	 City_Num:50 	 Concorde:5.482395 	 MCTS:5.481325 Improve:0.001070 	 Time:3.75 Seconds
Solution: 1 36 38 13 25 7 21 17 47 20 6 24 11 37 44 40 35 8 4 49 31 2 22 16 45 10 18 14 12 30 9 48 41 23 33 32 46 26 3 15 39 27 29 50 5 19 28 43 34 42 

Inst_Index:8213 	 City_Num:50 	 Concorde:5.686450 	 MCTS:5.686450 Improve:0.000000 	 Time:3.76 Seconds
Solution: 1 38 25 22 29 37 18 34 42 23 13 35 44 43 33 6 10 32 47 27 48 19 20 39 3 5 7 21 50 16 30 49 41 24 15 4 28 14 46 26 45 2 40 8 17 11 12 31 9 36 

Inst_Index:8214 	 City_Num:50 	 Concorde:5.360581 	 MCTS:5.360581 Improve:0.000000 	 Time:3.75 Seconds
Solution: 1 26 45 48 36 47 35 16 3 22 24 29 23 25 9 4 13 32 27 20 31 14 5 40 2 50 42 17 11 37 18 28 34 21 19 12 33 15 41 44 38 30 10 49 7 6 43 39 8 46 

Inst_Index:8215 	 City_Num:50 	 Concorde:5.754988 	 MCTS:5.754988 Improve:-0.000000 	 Time:3.77 Seconds
Solution: 1 46 22 50 3 5 16 49 38 2 36 9 44 41 24 30 43 15 48 26 47 4 45 11 42 17 19 35 18 13 7 40 23 14 34 28 29 10 8 21 32 25 33 27 12 39 37 31 20 6 

Inst_Index:8216 	 City_Num:50 	 Concorde:5.811486 	 MCTS:5.808988 Improve:0.002498 	 Time:3.78 Seconds
Solution: 1 40 29 18 26 50 30 44 39 33 42 17 49 16 25 2 19 47 6 14 48 28 38 15 21 10 3 46 43 31 23 37 45 41 4 12 20 36 24 13 11 34 9 22 32 7 27 5 8 35 

Inst_Index:8217 	 City_Num:50 	 Concorde:5.331009 	 MCTS:5.331009 Improve:-0.000000 	 Time:3.77 Seconds
Solution: 1 22 14 17 11 49 44 4 34 31 10 48 21 9 29 40 50 27 32 36 6 35 30 46 19 2 45 18 28 20 5 43 24 13 15 23 25 41 8 7 47 12 26 39 38 33 37 3 42 16 

Inst_Index:8218 	 City_Num:50 	 Concorde:5.966516 	 MCTS:5.966516 Improve:0.000000 	 Time:3.77 Seconds
Solution: 1 3 33 50 18 23 13 20 48 29 22 39 31 19 42 40 25 45 46 7 15 5 28 41 30 10 44 2 43 14 17 12 26 34 35 24 27 38 37 49 36 6 47 4 8 32 16 21 11 9 

Inst_Index:8219 	 City_Num:50 	 Concorde:6.032357 	 MCTS:6.032357 Improve:-0.000000 	 Time:3.75 Seconds
Solution: 1 15 32 46 3 48 41 10 24 6 43 5 18 19 36 13 11 20 44 31 8 4 17 34 38 21 23 22 49 39 29 27 40 45 14 12 7 37 50 35 28 33 25 42 16 47 2 26 30 9 

Inst_Index:8220 	 City_Num:50 	 Concorde:5.387793 	 MCTS:5.387793 Improve:0.000000 	 Time:3.75 Seconds
Solution: 1 28 19 38 33 9 21 44 35 29 31 45 26 5 13 24 43 25 22 42 7 30 46 50 37 41 10 6 16 4 8 12 47 34 3 27 48 14 23 15 49 17 40 2 20 36 11 39 18 32 

Inst_Index:8221 	 City_Num:50 	 Concorde:5.808656 	 MCTS:5.808656 Improve:-0.000000 	 Time:3.76 Seconds
Solution: 1 6 7 45 39 44 8 11 21 33 15 34 2 49 29 12 23 10 14 47 26 46 35 27 20 41 18 4 43 48 40 5 38 37 24 13 9 32 42 50 36 17 28 16 25 22 19 3 31 30 

Inst_Index:8222 	 City_Num:50 	 Concorde:5.694086 	 MCTS:5.694086 Improve:0.000000 	 Time:3.77 Seconds
Solution: 1 18 20 30 36 31 38 23 17 4 10 35 42 11 27 34 39 26 41 40 48 6 37 43 14 46 19 32 13 12 29 25 44 24 45 21 50 8 16 7 9 3 28 2 5 49 33 22 15 47 

Inst_Index:8223 	 City_Num:50 	 Concorde:5.510270 	 MCTS:5.510270 Improve:-0.000000 	 Time:3.76 Seconds
Solution: 1 5 25 42 47 29 24 41 16 6 32 34 13 43 35 50 19 23 28 33 49 38 21 45 2 8 7 14 22 10 30 4 36 26 27 37 48 39 12 20 44 46 31 11 9 18 15 3 17 40 

Inst_Index:8224 	 City_Num:50 	 Concorde:6.039298 	 MCTS:6.037696 Improve:0.001603 	 Time:3.76 Seconds
Solution: 1 46 31 34 24 37 12 20 9 21 36 23 47 15 18 44 42 25 16 43 32 11 4 14 50 8 28 3 26 22 30 41 27 6 38 10 49 7 5 13 19 2 48 45 17 39 35 40 33 29 

Inst_Index:8225 	 City_Num:50 	 Concorde:5.597837 	 MCTS:5.597837 Improve:0.000000 	 Time:3.77 Seconds
Solution: 1 20 9 10 24 18 45 11 41 36 13 48 39 37 7 35 33 4 28 43 49 32 14 34 21 25 26 12 2 31 50 30 22 44 23 47 5 6 42 40 38 17 29 27 19 8 15 16 3 46 

Inst_Index:8226 	 City_Num:50 	 Concorde:5.676980 	 MCTS:5.674939 Improve:0.002042 	 Time:3.76 Seconds
Solution: 1 12 38 35 13 50 41 25 48 49 26 21 11 3 42 18 22 24 15 17 36 20 33 9 10 4 32 14 27 44 5 37 30 43 28 39 45 6 40 31 7 8 47 46 23 34 2 19 16 29 

Inst_Index:8227 	 City_Num:50 	 Concorde:5.827432 	 MCTS:5.827131 Improve:0.000301 	 Time:3.76 Seconds
Solution: 1 15 13 34 36 35 43 3 10 49 7 5 45 25 21 41 17 33 38 4 50 6 16 27 22 31 48 18 32 47 30 2 12 39 24 23 11 20 9 26 14 44 28 42 37 19 40 29 8 46 

Inst_Index:8228 	 City_Num:50 	 Concorde:5.595538 	 MCTS:5.595538 Improve:0.000000 	 Time:3.75 Seconds
Solution: 1 44 38 48 2 41 5 11 33 4 16 7 29 46 10 30 36 49 27 15 47 42 50 23 8 28 6 22 35 14 17 26 39 24 43 40 37 25 31 3 18 32 45 13 20 12 19 9 34 21 

Inst_Index:8229 	 City_Num:50 	 Concorde:5.408584 	 MCTS:5.408537 Improve:0.000046 	 Time:3.75 Seconds
Solution: 1 13 28 42 36 5 21 22 40 19 29 9 26 32 38 14 47 46 16 6 33 20 50 35 11 18 44 37 25 10 23 15 31 34 7 12 30 49 4 27 48 41 24 8 3 43 17 2 39 45 

Inst_Index:8230 	 City_Num:50 	 Concorde:5.583952 	 MCTS:5.580125 Improve:0.003828 	 Time:3.75 Seconds
Solution: 1 31 46 26 16 14 8 36 39 33 17 21 28 38 32 3 40 6 48 47 15 24 44 37 41 9 42 18 35 5 19 10 20 22 2 29 50 34 7 11 4 23 25 13 49 30 12 43 27 45 

Inst_Index:8231 	 City_Num:50 	 Concorde:5.901061 	 MCTS:5.901061 Improve:0.000000 	 Time:3.76 Seconds
Solution: 1 34 24 16 44 8 14 39 5 18 33 46 28 21 7 9 11 42 17 47 37 26 10 35 23 32 49 27 30 20 13 15 2 41 48 43 6 38 31 29 22 19 45 4 3 25 36 40 12 50 

Inst_Index:8232 	 City_Num:50 	 Concorde:5.841057 	 MCTS:5.841057 Improve:-0.000000 	 Time:3.76 Seconds
Solution: 1 25 22 23 9 4 31 6 35 15 46 10 3 42 45 19 37 14 41 17 39 33 36 40 24 28 38 48 32 13 16 34 2 44 43 26 29 50 27 11 20 5 30 49 18 21 12 8 7 47 

Inst_Index:8233 	 City_Num:50 	 Concorde:5.939498 	 MCTS:5.939498 Improve:0.000000 	 Time:3.76 Seconds
Solution: 1 11 35 16 49 43 22 12 31 36 26 4 10 7 47 25 46 21 44 50 19 27 17 28 48 20 5 40 18 42 37 3 6 34 41 13 30 24 38 39 33 8 32 15 23 14 29 2 9 45 

Inst_Index:8234 	 City_Num:50 	 Concorde:5.932041 	 MCTS:5.932041 Improve:0.000000 	 Time:3.77 Seconds
Solution: 1 34 28 46 19 16 17 9 22 3 33 18 11 37 6 47 48 14 29 44 26 39 8 41 7 36 10 13 45 20 27 12 49 50 2 38 23 5 35 21 40 30 24 42 25 15 4 43 32 31 

Inst_Index:8235 	 City_Num:50 	 Concorde:5.293716 	 MCTS:5.293716 Improve:-0.000000 	 Time:3.76 Seconds
Solution: 1 33 37 47 28 26 17 36 18 49 40 25 8 9 3 48 41 5 39 15 20 12 30 29 4 44 45 38 14 19 24 10 32 21 50 42 13 43 34 23 2 22 6 16 27 46 11 7 31 35 

Inst_Index:8236 	 City_Num:50 	 Concorde:5.660250 	 MCTS:5.660250 Improve:-0.000000 	 Time:3.75 Seconds
Solution: 1 9 27 5 8 13 36 38 21 31 30 22 4 44 28 46 10 7 43 39 41 37 35 11 42 29 47 17 26 25 45 19 18 2 48 32 50 40 23 34 15 12 14 49 6 33 20 16 24 3 

Inst_Index:8237 	 City_Num:50 	 Concorde:5.565011 	 MCTS:5.565011 Improve:0.000000 	 Time:3.76 Seconds
Solution: 1 26 33 4 46 27 14 11 40 31 47 6 38 48 8 42 45 22 30 43 19 17 37 5 7 34 25 18 2 24 12 32 44 10 9 15 39 3 50 21 29 49 35 13 20 23 41 28 36 16 

Inst_Index:8238 	 City_Num:50 	 Concorde:5.656727 	 MCTS:5.653618 Improve:0.003108 	 Time:3.75 Seconds
Solution: 1 36 4 7 25 18 39 31 48 12 24 35 33 21 45 43 27 5 41 15 17 42 47 22 49 28 10 2 38 40 44 46 8 6 20 23 9 14 11 32 13 30 16 50 26 19 37 29 3 34 

Inst_Index:8239 	 City_Num:50 	 Concorde:5.403401 	 MCTS:5.403401 Improve:-0.000000 	 Time:3.76 Seconds
Solution: 1 10 22 39 41 32 48 17 24 2 26 31 35 37 19 42 38 45 6 4 8 12 5 46 43 30 50 47 27 49 18 34 20 40 25 13 14 28 9 16 23 44 7 11 36 15 29 3 21 33 

Inst_Index:8240 	 City_Num:50 	 Concorde:5.679295 	 MCTS:5.679295 Improve:0.000000 	 Time:3.76 Seconds
Solution: 1 49 4 40 17 19 42 32 18 5 37 33 35 25 43 20 48 9 8 12 22 23 41 36 28 27 7 11 47 14 50 38 2 30 10 13 16 46 44 29 3 15 24 31 34 6 45 39 21 26 

Inst_Index:8241 	 City_Num:50 	 Concorde:5.318943 	 MCTS:5.318943 Improve:-0.000000 	 Time:3.76 Seconds
Solution: 1 19 6 35 33 13 37 39 30 15 28 24 47 43 14 10 4 49 26 8 2 27 9 44 20 45 18 7 32 50 5 25 46 29 48 40 34 17 12 42 16 31 41 22 23 3 38 11 21 36 

Inst_Index:8242 	 City_Num:50 	 Concorde:5.731741 	 MCTS:5.731741 Improve:0.000000 	 Time:3.76 Seconds
Solution: 1 25 50 33 26 38 10 46 5 15 22 45 18 23 11 2 28 41 24 6 21 16 29 17 42 3 12 32 14 4 43 44 48 39 36 37 27 30 8 9 35 34 49 40 19 31 13 20 47 7 

Inst_Index:8243 	 City_Num:50 	 Concorde:5.612592 	 MCTS:5.610383 Improve:0.002208 	 Time:3.75 Seconds
Solution: 1 23 15 17 12 38 21 28 9 44 31 41 30 20 48 26 11 50 7 40 25 18 45 6 4 34 8 19 2 39 29 5 32 33 35 27 3 10 42 37 16 46 14 49 24 22 13 36 43 47 

Inst_Index:8244 	 City_Num:50 	 Concorde:5.770678 	 MCTS:5.770678 Improve:0.000000 	 Time:3.75 Seconds
Solution: 1 44 36 23 42 49 30 19 22 16 26 32 50 10 29 21 9 31 25 12 48 5 47 8 3 4 46 7 37 45 11 18 35 15 40 33 13 28 6 38 43 39 17 34 20 14 27 2 41 24 

Inst_Index:8245 	 City_Num:50 	 Concorde:5.847942 	 MCTS:5.847942 Improve:0.000000 	 Time:3.76 Seconds
Solution: 1 19 7 30 15 27 38 44 20 26 33 18 5 17 46 45 49 9 47 39 24 36 22 12 40 2 8 11 21 31 34 28 14 42 16 3 32 6 41 10 37 13 4 23 25 50 35 29 48 43 

Inst_Index:8246 	 City_Num:50 	 Concorde:5.642177 	 MCTS:5.642177 Improve:0.000000 	 Time:3.76 Seconds
Solution: 1 32 23 33 48 9 24 41 43 8 2 16 14 7 50 44 30 35 15 19 38 28 49 36 37 34 27 6 42 47 21 40 46 4 29 22 45 26 25 20 10 17 12 3 18 5 11 13 39 31 

Inst_Index:8247 	 City_Num:50 	 Concorde:5.647952 	 MCTS:5.647952 Improve:-0.000000 	 Time:3.77 Seconds
Solution: 1 43 5 33 27 18 10 8 30 24 31 47 25 44 48 12 50 35 23 36 2 19 17 13 32 39 40 15 11 45 29 28 4 49 16 3 14 46 6 9 34 7 21 42 22 38 20 26 41 37 

Inst_Index:8248 	 City_Num:50 	 Concorde:5.594119 	 MCTS:5.589008 Improve:0.005111 	 Time:3.76 Seconds
Solution: 1 12 47 25 49 11 17 23 24 7 16 35 18 44 34 42 36 22 27 4 45 10 41 39 13 9 43 40 6 26 8 50 5 32 28 15 29 38 2 20 30 19 3 48 37 31 33 46 14 21 

Inst_Index:8249 	 City_Num:50 	 Concorde:5.786696 	 MCTS:5.786696 Improve:-0.000000 	 Time:3.75 Seconds
Solution: 1 9 25 39 28 19 23 44 14 18 41 40 31 34 22 10 15 32 38 8 2 35 17 45 30 46 48 12 21 36 37 6 33 24 11 13 16 20 3 27 42 4 29 5 49 26 50 7 43 47 

Inst_Index:8250 	 City_Num:50 	 Concorde:5.564615 	 MCTS:5.563946 Improve:0.000669 	 Time:3.77 Seconds
Solution: 1 8 41 33 9 18 2 35 27 15 49 21 4 36 16 19 39 20 37 44 17 31 45 26 14 3 24 46 42 10 12 30 13 34 48 29 22 11 50 23 32 43 25 38 40 5 47 28 7 6 

Inst_Index:8251 	 City_Num:50 	 Concorde:6.236113 	 MCTS:6.236113 Improve:0.000000 	 Time:3.75 Seconds
Solution: 1 36 18 15 41 37 35 25 32 24 7 11 9 28 3 48 49 17 46 29 47 42 38 19 40 16 22 43 39 27 10 33 34 13 21 20 8 4 31 2 14 50 45 5 26 12 44 30 23 6 

Inst_Index:8252 	 City_Num:50 	 Concorde:5.489810 	 MCTS:5.489209 Improve:0.000601 	 Time:3.75 Seconds
Solution: 1 13 21 27 26 6 9 33 30 38 3 47 49 5 18 14 15 10 12 20 17 43 23 36 50 29 25 22 4 37 28 46 48 41 40 8 11 42 35 39 19 24 45 31 32 16 34 44 2 7 

Inst_Index:8253 	 City_Num:50 	 Concorde:5.319082 	 MCTS:5.319082 Improve:-0.000000 	 Time:3.75 Seconds
Solution: 1 43 14 15 10 37 17 45 44 50 46 47 31 21 11 39 9 34 16 28 38 26 40 2 12 23 8 6 29 25 36 18 5 48 33 3 4 35 24 49 13 22 20 30 7 19 42 41 27 32 

Inst_Index:8254 	 City_Num:50 	 Concorde:5.612197 	 MCTS:5.598542 Improve:0.013655 	 Time:3.76 Seconds
Solution: 1 17 20 48 3 50 23 46 4 32 12 16 49 40 7 35 15 5 29 45 9 44 43 10 34 30 24 41 2 38 18 39 37 22 31 25 8 47 14 19 42 28 33 11 27 26 21 36 13 6 

Inst_Index:8255 	 City_Num:50 	 Concorde:6.106246 	 MCTS:6.106246 Improve:0.000000 	 Time:3.75 Seconds
Solution: 1 16 36 9 38 17 19 28 41 39 35 10 48 42 12 44 23 24 2 27 29 46 40 6 3 30 7 37 45 22 50 15 8 13 47 11 4 43 34 25 26 31 20 18 5 32 21 49 14 33 

Inst_Index:8256 	 City_Num:50 	 Concorde:5.528694 	 MCTS:5.528694 Improve:0.000000 	 Time:3.76 Seconds
Solution: 1 8 44 14 18 13 43 39 28 21 47 6 32 9 48 20 12 50 33 2 49 25 34 41 35 36 16 17 4 38 42 11 23 37 19 3 22 30 5 26 10 7 27 15 40 46 29 24 31 45 

Inst_Index:8257 	 City_Num:50 	 Concorde:5.454382 	 MCTS:5.454382 Improve:-0.000000 	 Time:3.76 Seconds
Solution: 1 35 34 18 31 5 39 40 25 6 44 10 38 43 42 23 46 15 45 8 14 24 17 50 41 19 36 27 28 16 33 26 21 47 22 7 32 37 9 20 2 11 4 29 12 49 3 30 48 13 

Inst_Index:8258 	 City_Num:50 	 Concorde:5.817405 	 MCTS:5.816836 Improve:0.000569 	 Time:3.76 Seconds
Solution: 1 6 27 30 49 8 9 2 50 40 14 13 43 22 42 5 47 17 24 31 32 20 39 11 36 25 19 23 15 35 10 33 7 45 34 28 18 37 46 48 41 16 26 4 21 38 12 44 3 29 

Inst_Index:8259 	 City_Num:50 	 Concorde:5.762468 	 MCTS:5.761097 Improve:0.001371 	 Time:3.76 Seconds
Solution: 1 41 20 34 44 38 42 40 16 2 21 18 27 45 12 4 28 39 23 10 19 46 13 50 9 30 37 14 31 47 3 49 36 15 32 7 26 33 8 25 29 24 48 22 43 17 6 11 5 35 

Inst_Index:8260 	 City_Num:50 	 Concorde:5.849501 	 MCTS:5.843668 Improve:0.005833 	 Time:3.75 Seconds
Solution: 1 43 45 25 30 15 9 26 22 11 46 27 17 3 50 41 36 38 20 5 21 23 34 47 49 10 7 40 24 6 8 18 33 14 37 48 2 16 13 29 12 42 19 4 32 44 39 35 28 31 

Inst_Index:8261 	 City_Num:50 	 Concorde:5.441234 	 MCTS:5.439141 Improve:0.002093 	 Time:3.75 Seconds
Solution: 1 17 24 5 44 32 39 3 27 46 7 28 10 25 18 41 40 22 15 29 19 6 16 38 37 14 31 26 42 43 35 2 9 21 36 30 48 49 4 11 34 47 8 13 50 23 45 33 20 12 

Inst_Index:8262 	 City_Num:50 	 Concorde:5.652423 	 MCTS:5.652423 Improve:0.000000 	 Time:3.76 Seconds
Solution: 1 48 40 32 47 44 34 5 22 42 37 45 36 43 12 11 26 41 17 50 8 4 15 16 38 3 31 6 29 13 21 28 23 39 9 46 30 25 18 7 2 20 14 24 35 19 33 27 10 49 

Inst_Index:8263 	 City_Num:50 	 Concorde:5.726200 	 MCTS:5.720759 Improve:0.005441 	 Time:3.77 Seconds
Solution: 1 50 4 39 19 30 36 12 27 16 37 32 28 35 49 5 48 29 24 45 18 13 8 14 11 25 43 38 7 31 44 42 2 26 22 3 10 34 9 17 33 21 20 15 40 23 47 46 41 6 

Inst_Index:8264 	 City_Num:50 	 Concorde:5.428894 	 MCTS:5.428894 Improve:0.000000 	 Time:3.76 Seconds
Solution: 1 49 3 35 36 33 30 13 27 25 18 28 10 32 26 41 12 7 42 46 31 50 4 21 24 43 29 23 34 11 40 38 17 14 45 2 8 20 9 39 15 6 16 37 19 47 22 44 48 5 

Inst_Index:8265 	 City_Num:50 	 Concorde:5.427086 	 MCTS:5.427086 Improve:0.000000 	 Time:3.76 Seconds
Solution: 1 49 42 2 17 4 20 12 32 44 38 26 43 6 3 13 37 35 33 11 40 5 22 24 25 14 45 34 36 50 47 16 31 46 18 30 9 27 29 39 28 48 7 21 10 41 23 19 8 15 

Inst_Index:8266 	 City_Num:50 	 Concorde:5.691166 	 MCTS:5.691166 Improve:-0.000000 	 Time:3.76 Seconds
Solution: 1 38 32 21 12 37 6 8 30 49 3 44 50 17 47 41 19 18 43 25 29 39 27 34 16 35 48 20 5 42 11 23 45 7 15 22 40 46 10 26 33 13 2 14 36 24 9 4 31 28 

Inst_Index:8267 	 City_Num:50 	 Concorde:5.697463 	 MCTS:5.697463 Improve:0.000000 	 Time:3.76 Seconds
Solution: 1 33 50 40 27 21 9 11 30 42 7 46 8 43 28 34 45 2 5 47 26 31 6 16 35 38 4 14 25 22 49 24 15 41 32 44 12 48 36 13 39 18 20 3 23 29 19 10 37 17 

Inst_Index:8268 	 City_Num:50 	 Concorde:5.680885 	 MCTS:5.679982 Improve:0.000903 	 Time:3.75 Seconds
Solution: 1 3 43 44 20 18 33 31 37 35 15 14 22 41 39 45 6 9 48 47 26 16 40 7 12 36 10 21 4 24 11 42 23 13 27 50 49 19 34 29 8 46 38 2 28 30 17 32 25 5 

Inst_Index:8269 	 City_Num:50 	 Concorde:5.917046 	 MCTS:5.915053 Improve:0.001993 	 Time:3.76 Seconds
Solution: 1 39 50 27 40 37 31 9 4 35 25 32 13 33 16 46 26 30 48 43 28 45 41 42 14 36 15 10 19 11 49 8 47 24 12 23 44 6 2 18 34 5 17 29 21 38 20 7 3 22 

Inst_Index:8270 	 City_Num:50 	 Concorde:5.807955 	 MCTS:5.807955 Improve:0.000000 	 Time:3.76 Seconds
Solution: 1 10 26 22 15 25 14 33 49 9 23 37 34 7 40 32 50 46 13 19 6 2 47 8 18 17 45 27 24 36 29 42 21 48 31 11 5 35 28 38 20 39 12 3 44 43 4 41 16 30 

Inst_Index:8271 	 City_Num:50 	 Concorde:5.732358 	 MCTS:5.729572 Improve:0.002787 	 Time:3.75 Seconds
Solution: 1 11 12 36 40 15 17 29 20 47 48 34 4 30 18 44 28 32 19 24 26 35 42 5 2 9 45 38 50 23 41 16 10 14 31 8 46 49 3 7 43 6 13 22 25 21 27 37 33 39 

Inst_Index:8272 	 City_Num:50 	 Concorde:5.579562 	 MCTS:5.570828 Improve:0.008734 	 Time:3.77 Seconds
Solution: 1 12 13 32 41 31 15 18 34 10 27 4 14 39 24 9 26 50 3 25 16 28 38 22 43 2 36 5 44 11 17 8 42 46 7 49 6 33 47 35 40 29 20 21 30 19 37 48 23 45 

Inst_Index:8273 	 City_Num:50 	 Concorde:5.391471 	 MCTS:5.391471 Improve:0.000000 	 Time:3.76 Seconds
Solution: 1 21 14 6 44 46 32 47 26 34 33 42 29 20 18 30 19 49 10 23 17 15 39 27 8 11 43 22 5 25 9 36 48 24 28 38 7 2 16 4 37 13 3 40 31 35 50 41 12 45 

Inst_Index:8274 	 City_Num:50 	 Concorde:5.801329 	 MCTS:5.801329 Improve:0.000000 	 Time:3.76 Seconds
Solution: 1 35 50 25 46 20 27 47 29 13 17 49 10 23 48 41 40 22 39 44 34 43 24 16 28 18 15 45 26 11 4 3 7 42 19 38 2 5 21 33 37 30 36 8 14 12 31 9 6 32 

Inst_Index:8275 	 City_Num:50 	 Concorde:5.890355 	 MCTS:5.890355 Improve:0.000000 	 Time:3.77 Seconds
Solution: 1 19 33 22 27 36 21 38 40 31 29 10 43 4 8 28 3 17 32 6 34 5 2 9 26 14 37 44 13 16 18 15 11 39 35 46 45 48 25 42 24 7 20 49 47 50 12 23 30 41 

Inst_Index:8276 	 City_Num:50 	 Concorde:5.400695 	 MCTS:5.400614 Improve:0.000082 	 Time:3.76 Seconds
Solution: 1 10 11 38 28 31 35 37 8 43 48 29 2 44 16 40 6 30 42 12 7 13 24 22 18 4 15 47 23 34 9 41 50 27 20 3 36 33 19 17 14 5 21 25 46 32 39 49 26 45 

Inst_Index:8277 	 City_Num:50 	 Concorde:5.307062 	 MCTS:5.307062 Improve:0.000000 	 Time:3.75 Seconds
Solution: 1 48 36 18 8 22 4 49 20 26 9 45 46 38 37 44 31 40 15 10 24 6 2 50 5 17 42 12 29 13 33 47 23 11 27 39 16 32 43 25 41 19 14 28 30 21 35 34 7 3 

Inst_Index:8278 	 City_Num:50 	 Concorde:5.801300 	 MCTS:5.801300 Improve:0.000000 	 Time:3.75 Seconds
Solution: 1 35 24 31 30 36 13 19 14 20 12 21 27 9 39 16 32 50 25 41 4 29 33 47 23 5 44 34 48 49 8 11 15 46 37 42 2 10 3 45 17 22 40 38 43 26 18 28 7 6 

Inst_Index:8279 	 City_Num:50 	 Concorde:5.291177 	 MCTS:5.291177 Improve:0.000000 	 Time:3.77 Seconds
Solution: 1 22 46 47 2 29 48 43 9 21 3 36 7 28 44 42 33 23 11 30 26 35 8 49 20 50 12 38 31 18 37 24 4 25 34 32 10 41 40 17 15 19 45 13 39 14 27 16 6 5 

Inst_Index:8280 	 City_Num:50 	 Concorde:6.059138 	 MCTS:6.059138 Improve:0.000000 	 Time:3.77 Seconds
Solution: 1 48 17 28 46 44 6 20 7 8 33 15 22 9 31 14 25 42 5 24 13 3 38 2 43 21 49 29 45 34 47 35 18 19 40 12 37 4 41 10 36 27 16 26 32 30 11 50 23 39 

Inst_Index:8281 	 City_Num:50 	 Concorde:5.200700 	 MCTS:5.200700 Improve:0.000000 	 Time:3.75 Seconds
Solution: 1 6 30 42 38 35 44 43 40 47 50 45 13 18 19 49 17 32 7 46 8 15 3 9 22 33 28 11 34 37 29 48 23 39 12 31 2 16 20 36 4 5 26 27 21 41 25 24 10 14 

Inst_Index:8282 	 City_Num:50 	 Concorde:6.268189 	 MCTS:6.268189 Improve:0.000000 	 Time:3.76 Seconds
Solution: 1 23 39 11 49 35 37 27 24 20 6 5 42 28 12 48 19 26 46 14 4 45 10 41 22 16 47 8 50 17 18 3 13 36 38 44 34 31 9 21 30 7 32 40 33 43 29 2 15 25 

Inst_Index:8283 	 City_Num:50 	 Concorde:6.109774 	 MCTS:6.106853 Improve:0.002921 	 Time:3.75 Seconds
Solution: 1 4 45 20 33 10 49 22 42 8 25 7 35 16 13 28 41 19 26 36 14 30 44 40 27 11 34 21 31 48 46 17 9 6 24 3 2 37 5 47 23 15 32 39 38 12 18 50 29 43 

Inst_Index:8284 	 City_Num:50 	 Concorde:5.618384 	 MCTS:5.618384 Improve:0.000000 	 Time:3.76 Seconds
Solution: 1 31 8 34 3 41 18 46 27 35 19 30 2 43 32 36 9 13 16 25 50 44 29 45 5 38 40 15 37 11 24 4 20 48 21 49 22 10 7 39 42 28 14 33 47 12 17 6 23 26 

Inst_Index:8285 	 City_Num:50 	 Concorde:5.624411 	 MCTS:5.624411 Improve:0.000000 	 Time:3.75 Seconds
Solution: 1 16 45 2 37 26 41 17 36 11 46 15 25 6 7 31 21 12 33 9 42 49 23 48 22 35 13 40 38 4 34 14 27 20 24 18 30 44 32 19 28 10 50 5 8 29 47 43 3 39 

Inst_Index:8286 	 City_Num:50 	 Concorde:5.732769 	 MCTS:5.732769 Improve:0.000000 	 Time:3.77 Seconds
Solution: 1 16 28 39 42 48 2 21 46 3 36 18 49 35 31 34 12 37 9 19 40 33 7 22 45 10 4 5 44 26 8 24 27 14 50 47 43 15 30 20 11 25 23 13 29 32 6 38 17 41 

Inst_Index:8287 	 City_Num:50 	 Concorde:5.459379 	 MCTS:5.456866 Improve:0.002513 	 Time:3.76 Seconds
Solution: 1 32 28 5 35 43 8 12 22 44 49 16 14 19 3 7 24 6 10 50 11 21 25 29 46 15 2 45 37 13 41 23 30 20 31 36 48 4 17 9 39 47 40 34 42 27 38 26 33 18 

Inst_Index:8288 	 City_Num:50 	 Concorde:5.566661 	 MCTS:5.566661 Improve:0.000000 	 Time:3.77 Seconds
Solution: 1 39 26 47 12 44 9 19 11 37 42 48 21 22 38 15 43 34 46 17 33 20 28 2 14 8 25 36 29 23 50 3 18 4 13 40 27 30 16 32 41 5 6 24 45 35 7 31 10 49 

Inst_Index:8289 	 City_Num:50 	 Concorde:5.669412 	 MCTS:5.657854 Improve:0.011558 	 Time:3.76 Seconds
Solution: 1 25 27 46 4 44 22 23 26 3 12 5 19 37 11 32 35 43 21 20 18 2 41 31 7 29 38 14 33 6 24 50 48 13 47 10 9 42 16 40 30 15 36 28 49 39 8 17 45 34 

Inst_Index:8290 	 City_Num:50 	 Concorde:5.946808 	 MCTS:5.942340 Improve:0.004469 	 Time:3.76 Seconds
Solution: 1 8 41 33 25 42 24 21 36 38 9 43 34 19 7 35 17 13 32 26 47 18 15 23 29 4 10 37 5 30 2 16 44 28 6 49 31 12 11 27 39 40 3 50 45 20 22 48 46 14 

Inst_Index:8291 	 City_Num:50 	 Concorde:5.625855 	 MCTS:5.625855 Improve:-0.000000 	 Time:3.77 Seconds
Solution: 1 4 24 25 45 12 29 15 10 35 49 22 7 31 43 2 23 16 13 40 36 5 37 27 3 30 14 21 41 18 38 44 42 47 50 6 39 9 17 8 48 46 34 20 32 19 26 33 11 28 

Inst_Index:8292 	 City_Num:50 	 Concorde:5.817015 	 MCTS:5.814690 Improve:0.002325 	 Time:3.76 Seconds
Solution: 1 8 7 29 6 27 39 20 14 25 45 32 24 28 50 42 41 11 43 26 4 31 5 22 23 10 44 30 48 40 46 2 33 34 49 15 18 13 17 36 3 16 9 47 19 21 37 12 35 38 

Inst_Index:8293 	 City_Num:50 	 Concorde:5.625444 	 MCTS:5.625444 Improve:0.000000 	 Time:3.76 Seconds
Solution: 1 2 36 35 22 14 3 49 8 29 28 13 19 31 45 43 5 6 16 34 41 23 15 30 9 4 48 47 25 38 42 40 20 7 24 50 33 18 12 32 44 27 11 10 37 46 26 21 39 17 

Inst_Index:8294 	 City_Num:50 	 Concorde:5.608524 	 MCTS:5.608524 Improve:0.000000 	 Time:3.78 Seconds
Solution: 1 13 9 19 11 23 38 20 37 24 46 41 7 2 6 48 45 18 35 3 4 27 17 36 16 15 50 12 43 34 25 32 22 26 5 29 30 31 28 8 10 49 21 14 44 47 39 40 42 33 

Inst_Index:8295 	 City_Num:50 	 Concorde:5.495048 	 MCTS:5.493611 Improve:0.001437 	 Time:3.75 Seconds
Solution: 1 48 22 13 28 31 7 40 30 20 8 32 25 33 49 6 21 2 35 27 34 23 39 45 46 3 18 17 19 47 5 26 41 37 11 29 50 14 44 4 38 16 10 36 42 15 12 9 43 24 

Inst_Index:8296 	 City_Num:50 	 Concorde:5.453943 	 MCTS:5.452300 Improve:0.001643 	 Time:3.76 Seconds
Solution: 1 45 37 23 12 17 29 24 32 27 3 47 15 18 28 38 36 43 9 40 35 41 46 21 14 7 5 26 20 10 13 25 31 22 4 44 50 33 16 8 19 2 30 34 49 42 48 6 11 39 

Inst_Index:8297 	 City_Num:50 	 Concorde:5.273198 	 MCTS:5.273198 Improve:0.000000 	 Time:3.76 Seconds
Solution: 1 47 35 17 13 32 34 3 39 42 8 18 21 10 44 12 11 30 27 31 24 46 6 4 2 38 49 45 36 19 28 43 22 40 5 41 14 48 26 7 15 20 16 9 33 37 29 25 50 23 

Inst_Index:8298 	 City_Num:50 	 Concorde:5.690951 	 MCTS:5.687748 Improve:0.003203 	 Time:3.76 Seconds
Solution: 1 27 39 28 32 23 11 5 8 7 30 2 12 4 24 18 35 43 49 25 14 31 38 41 16 3 48 29 46 9 42 6 34 45 47 37 22 15 26 40 10 21 17 50 19 44 33 36 20 13 

Inst_Index:8299 	 City_Num:50 	 Concorde:5.992468 	 MCTS:5.986696 Improve:0.005772 	 Time:3.77 Seconds
Solution: 1 16 38 10 23 28 5 42 35 47 27 24 18 12 48 32 50 22 6 19 17 39 25 41 46 33 9 15 40 7 3 2 26 20 36 31 43 30 44 8 49 37 14 13 21 34 45 11 29 4 

Inst_Index:8300 	 City_Num:50 	 Concorde:5.506541 	 MCTS:5.505488 Improve:0.001053 	 Time:3.77 Seconds
Solution: 1 34 30 15 45 3 12 22 33 44 13 49 40 41 50 37 5 43 29 17 32 14 19 28 36 46 26 4 23 9 27 7 47 16 48 2 31 6 20 18 25 42 10 24 11 39 35 8 21 38 

Inst_Index:8301 	 City_Num:50 	 Concorde:5.720053 	 MCTS:5.720053 Improve:-0.000000 	 Time:3.77 Seconds
Solution: 1 36 34 14 46 32 2 48 12 27 39 35 26 13 10 33 11 20 7 22 42 17 31 29 6 30 44 16 24 4 23 43 18 5 49 25 15 9 8 37 40 45 19 21 50 41 3 38 47 28 

Inst_Index:8302 	 City_Num:50 	 Concorde:5.812807 	 MCTS:5.812807 Improve:-0.000000 	 Time:3.77 Seconds
Solution: 1 25 50 24 29 40 48 13 16 33 20 46 9 8 42 23 36 14 3 17 6 4 39 30 34 15 2 11 19 47 22 7 27 26 12 10 18 45 43 5 49 32 21 41 31 37 35 28 44 38 

Inst_Index:8303 	 City_Num:50 	 Concorde:5.919866 	 MCTS:5.919866 Improve:0.000000 	 Time:3.75 Seconds
Solution: 1 8 43 16 33 46 6 29 35 31 42 47 2 10 36 50 4 19 45 37 41 23 30 22 13 20 40 14 27 49 15 21 18 12 25 44 3 7 11 48 24 39 32 5 28 34 38 17 26 9 

Inst_Index:8304 	 City_Num:50 	 Concorde:5.532708 	 MCTS:5.532641 Improve:0.000067 	 Time:3.76 Seconds
Solution: 1 3 41 9 23 40 46 33 34 11 19 36 10 14 6 21 13 15 28 7 5 48 50 24 26 22 38 39 16 2 31 12 18 4 37 43 8 20 49 44 27 25 47 45 29 42 17 32 30 35 

Inst_Index:8305 	 City_Num:50 	 Concorde:5.647489 	 MCTS:5.647489 Improve:-0.000000 	 Time:3.76 Seconds
Solution: 1 28 20 10 33 41 25 40 37 22 26 38 4 18 31 6 12 48 39 16 45 29 35 23 27 9 34 5 46 47 2 50 17 42 43 3 21 7 32 14 15 36 49 19 30 8 44 13 24 11 

Inst_Index:8306 	 City_Num:50 	 Concorde:5.913632 	 MCTS:5.913632 Improve:-0.000000 	 Time:3.76 Seconds
Solution: 1 43 9 46 4 16 36 47 3 12 6 29 48 35 30 5 8 26 45 44 10 37 13 19 2 17 50 39 15 40 34 11 27 25 49 24 41 23 32 7 38 42 20 21 28 14 33 18 31 22 

Inst_Index:8307 	 City_Num:50 	 Concorde:5.652379 	 MCTS:5.652379 Improve:-0.000000 	 Time:3.76 Seconds
Solution: 1 34 16 50 39 18 21 29 19 15 48 10 9 32 5 6 45 25 41 3 43 35 33 46 17 26 23 24 14 8 44 37 30 47 49 12 22 31 11 7 36 28 42 4 27 40 20 13 2 38 

Inst_Index:8308 	 City_Num:50 	 Concorde:5.763924 	 MCTS:5.763924 Improve:-0.000000 	 Time:3.75 Seconds
Solution: 1 17 46 15 35 20 36 22 37 29 31 11 43 39 26 38 14 25 16 3 49 41 21 33 5 40 18 28 50 2 13 24 45 27 4 6 32 9 47 19 42 8 7 23 34 10 48 30 12 44 

Inst_Index:8309 	 City_Num:50 	 Concorde:5.540569 	 MCTS:5.540050 Improve:0.000519 	 Time:3.76 Seconds
Solution: 1 38 19 49 39 41 48 47 20 16 28 32 46 6 27 29 50 40 5 2 23 34 24 3 17 13 42 25 31 22 21 12 18 10 33 35 30 14 36 15 26 7 43 11 44 45 37 8 4 9 

Inst_Index:8310 	 City_Num:50 	 Concorde:5.581987 	 MCTS:5.579217 Improve:0.002770 	 Time:3.77 Seconds
Solution: 1 21 25 22 47 6 31 10 23 37 11 4 2 13 24 49 15 35 28 12 14 41 43 7 34 44 40 26 19 32 9 39 20 30 5 33 17 48 8 46 18 45 16 27 29 3 38 50 42 36 

Inst_Index:8311 	 City_Num:50 	 Concorde:6.024883 	 MCTS:6.019394 Improve:0.005489 	 Time:3.77 Seconds
Solution: 1 41 33 12 18 5 50 21 37 11 40 6 16 39 14 48 49 30 28 2 3 25 36 29 34 9 19 32 38 46 17 13 44 22 24 27 7 26 43 31 42 45 47 20 10 4 8 23 35 15 

Inst_Index:8312 	 City_Num:50 	 Concorde:5.476579 	 MCTS:5.476579 Improve:0.000000 	 Time:3.76 Seconds
Solution: 1 26 36 39 25 10 24 32 44 20 23 18 31 40 42 27 38 13 5 4 7 35 45 34 28 37 33 9 48 30 16 21 43 8 49 46 11 3 50 6 29 2 15 12 41 14 17 19 22 47 

Inst_Index:8313 	 City_Num:50 	 Concorde:5.630358 	 MCTS:5.630358 Improve:-0.000000 	 Time:3.76 Seconds
Solution: 1 34 50 8 30 6 43 13 2 9 21 23 42 27 7 5 46 26 44 4 17 39 29 49 33 36 12 38 31 41 19 35 37 32 48 25 20 28 40 22 10 47 24 15 16 18 3 11 14 45 

Inst_Index:8314 	 City_Num:50 	 Concorde:5.558399 	 MCTS:5.558399 Improve:-0.000000 	 Time:3.76 Seconds
Solution: 1 38 10 50 41 18 47 33 7 17 20 44 8 48 28 35 39 23 13 40 27 29 19 11 9 3 12 49 15 30 32 37 2 26 46 16 42 34 25 21 43 22 24 5 45 4 14 31 36 6 

Inst_Index:8315 	 City_Num:50 	 Concorde:5.532658 	 MCTS:5.529863 Improve:0.002794 	 Time:3.77 Seconds
Solution: 1 43 2 37 42 44 24 33 46 14 22 17 49 39 40 47 18 36 8 45 30 12 31 27 11 9 35 26 48 16 25 19 32 38 15 23 6 4 7 13 50 34 5 3 41 10 28 29 21 20 

Inst_Index:8316 	 City_Num:50 	 Concorde:5.544665 	 MCTS:5.544665 Improve:0.000000 	 Time:3.77 Seconds
Solution: 1 17 21 25 14 43 42 49 28 37 18 48 32 26 40 29 10 27 45 7 2 9 30 16 12 15 8 35 46 6 34 20 3 50 23 5 4 33 13 44 24 11 31 19 22 39 36 38 41 47 

Inst_Index:8317 	 City_Num:50 	 Concorde:5.560990 	 MCTS:5.560990 Improve:0.000000 	 Time:3.76 Seconds
Solution: 1 43 39 36 2 10 6 41 13 35 20 14 18 26 40 37 44 3 32 29 22 17 34 8 48 12 16 45 46 4 30 23 24 15 19 9 28 21 25 27 50 38 49 7 31 5 11 33 47 42 

Inst_Index:8318 	 City_Num:50 	 Concorde:6.005090 	 MCTS:6.005090 Improve:0.000000 	 Time:3.76 Seconds
Solution: 1 6 31 40 9 39 34 37 35 5 16 23 43 22 18 20 32 15 36 48 27 49 33 41 45 7 21 17 44 30 47 28 42 50 14 19 3 8 38 29 46 24 26 4 12 25 10 2 11 13 

Inst_Index:8319 	 City_Num:50 	 Concorde:5.722227 	 MCTS:5.722227 Improve:0.000000 	 Time:3.76 Seconds
Solution: 1 17 47 4 15 27 33 24 11 3 38 7 6 43 45 5 23 30 25 36 44 16 37 26 2 50 8 12 14 40 22 48 18 19 31 28 41 32 13 20 46 29 49 39 9 21 42 35 34 10 

Inst_Index:8320 	 City_Num:50 	 Concorde:6.292801 	 MCTS:6.292801 Improve:-0.000000 	 Time:3.76 Seconds
Solution: 1 13 20 8 6 45 35 46 29 15 2 19 22 3 24 10 14 11 21 37 38 36 43 30 5 25 23 39 26 47 31 32 17 50 44 49 9 40 28 7 4 34 33 41 16 27 48 12 18 42 

Inst_Index:8321 	 City_Num:50 	 Concorde:5.777540 	 MCTS:5.777540 Improve:0.000000 	 Time:3.76 Seconds
Solution: 1 8 39 31 41 15 6 3 28 4 23 49 12 33 45 18 13 22 25 17 50 9 26 5 38 44 20 36 27 40 24 48 34 47 14 43 19 11 7 30 10 16 42 35 21 29 46 37 32 2 

Inst_Index:8322 	 City_Num:50 	 Concorde:5.733413 	 MCTS:5.730822 Improve:0.002591 	 Time:3.75 Seconds
Solution: 1 9 21 15 16 2 31 12 33 41 42 18 24 28 46 7 44 47 49 50 10 19 43 14 6 27 3 37 23 25 36 35 4 29 11 34 45 17 40 22 5 13 8 48 20 32 30 38 39 26 

Inst_Index:8323 	 City_Num:50 	 Concorde:5.863288 	 MCTS:5.848651 Improve:0.014636 	 Time:3.76 Seconds
Solution: 1 10 32 22 19 3 46 27 30 14 7 13 36 5 4 6 24 44 50 2 18 40 41 29 34 17 8 49 48 25 16 47 28 12 15 43 20 42 38 11 35 21 33 39 26 31 9 37 23 45 

Inst_Index:8324 	 City_Num:50 	 Concorde:5.385791 	 MCTS:5.383593 Improve:0.002199 	 Time:3.76 Seconds
Solution: 1 38 11 6 22 36 34 26 31 46 43 15 14 21 45 33 28 39 42 49 10 3 40 32 24 48 29 30 8 7 16 41 18 27 47 19 37 25 2 50 44 13 9 4 23 35 20 5 12 17 

Inst_Index:8325 	 City_Num:50 	 Concorde:5.692903 	 MCTS:5.692356 Improve:0.000547 	 Time:3.76 Seconds
Solution: 1 16 42 50 31 40 19 3 32 30 20 21 2 47 25 48 17 33 14 41 27 35 9 18 8 34 49 39 5 23 24 28 11 36 12 4 43 7 46 15 44 26 37 29 45 22 38 13 6 10 

Inst_Index:8326 	 City_Num:50 	 Concorde:5.774424 	 MCTS:5.774424 Improve:-0.000000 	 Time:3.76 Seconds
Solution: 1 32 15 42 30 43 8 13 29 46 48 26 4 21 2 7 25 47 17 11 18 12 39 10 22 41 14 31 3 36 20 35 40 34 27 24 44 9 23 16 50 19 5 37 49 38 6 45 33 28 

Inst_Index:8327 	 City_Num:50 	 Concorde:5.642345 	 MCTS:5.640959 Improve:0.001386 	 Time:3.76 Seconds
Solution: 1 26 8 34 32 49 48 17 40 42 20 23 31 45 35 9 38 25 41 29 33 13 14 12 7 18 46 47 11 39 27 50 10 21 15 43 3 28 36 5 44 37 4 19 2 6 22 16 30 24 

Inst_Index:8328 	 City_Num:50 	 Concorde:5.526423 	 MCTS:5.526423 Improve:0.000000 	 Time:3.75 Seconds
Solution: 1 29 45 17 34 39 42 18 5 30 8 16 44 48 33 4 7 28 13 21 38 35 19 10 41 11 26 46 49 36 47 3 2 37 40 12 15 24 43 14 6 22 31 32 25 9 20 23 27 50 

Inst_Index:8329 	 City_Num:50 	 Concorde:5.425939 	 MCTS:5.425939 Improve:0.000000 	 Time:3.75 Seconds
Solution: 1 6 26 34 12 36 32 25 41 37 38 20 21 45 18 30 19 31 35 39 10 5 29 13 47 24 49 9 17 22 42 3 46 44 27 4 50 40 8 14 7 48 16 15 11 28 23 33 43 2 

Inst_Index:8330 	 City_Num:50 	 Concorde:5.665674 	 MCTS:5.665674 Improve:-0.000000 	 Time:3.78 Seconds
Solution: 1 6 49 47 35 20 39 24 23 27 7 16 48 2 13 5 41 30 8 22 33 4 17 15 3 26 12 42 45 28 9 43 25 29 10 40 18 11 44 37 38 46 19 14 34 50 31 21 36 32 

Inst_Index:8331 	 City_Num:50 	 Concorde:5.273948 	 MCTS:5.273948 Improve:-0.000000 	 Time:3.75 Seconds
Solution: 1 30 35 13 28 25 16 39 36 18 27 26 20 2 33 32 50 14 49 15 11 40 6 47 12 3 5 44 10 21 29 24 22 38 7 9 37 34 19 48 17 45 46 8 41 43 23 4 31 42 

Inst_Index:8332 	 City_Num:50 	 Concorde:5.942690 	 MCTS:5.942690 Improve:-0.000000 	 Time:3.76 Seconds
Solution: 1 23 11 44 3 33 40 47 29 14 43 20 15 10 22 34 49 39 19 41 4 7 30 48 5 9 31 32 46 42 8 24 25 16 6 50 38 36 13 28 35 2 45 17 18 21 12 37 26 27 

Inst_Index:8333 	 City_Num:50 	 Concorde:6.051301 	 MCTS:6.051301 Improve:-0.000000 	 Time:3.76 Seconds
Solution: 1 47 10 3 49 20 31 2 6 12 32 16 22 37 43 5 27 50 38 48 34 25 42 33 7 8 23 19 26 44 40 39 15 13 4 28 9 30 24 21 11 17 41 46 36 29 18 35 14 45 

Inst_Index:8334 	 City_Num:50 	 Concorde:5.968835 	 MCTS:5.968835 Improve:0.000000 	 Time:3.76 Seconds
Solution: 1 28 41 5 38 40 4 10 14 20 48 33 12 45 26 39 42 25 19 43 21 2 27 50 47 13 37 30 17 11 31 7 24 6 29 22 49 9 36 46 44 8 15 3 34 18 23 35 32 16 

Inst_Index:8335 	 City_Num:50 	 Concorde:5.889882 	 MCTS:5.889882 Improve:-0.000000 	 Time:3.75 Seconds
Solution: 1 21 25 40 14 17 12 9 44 6 47 37 28 50 45 31 7 41 19 3 46 42 38 30 5 2 27 22 49 4 23 18 32 16 35 36 15 26 34 33 39 43 29 10 11 20 48 8 24 13 

Inst_Index:8336 	 City_Num:50 	 Concorde:5.840206 	 MCTS:5.840206 Improve:0.000000 	 Time:3.76 Seconds
Solution: 1 45 50 7 13 31 36 16 40 21 23 25 24 17 32 30 38 43 3 22 2 11 26 48 15 19 6 18 47 20 27 37 14 4 44 35 39 49 5 46 8 28 9 29 12 34 41 42 33 10 

Inst_Index:8337 	 City_Num:50 	 Concorde:5.934433 	 MCTS:5.931094 Improve:0.003339 	 Time:3.76 Seconds
Solution: 1 31 47 50 10 46 36 15 26 27 2 18 49 20 22 38 3 17 5 45 12 8 16 19 6 23 24 4 7 37 28 32 42 11 30 39 21 25 44 35 48 29 41 33 13 14 40 43 34 9 

Inst_Index:8338 	 City_Num:50 	 Concorde:5.586581 	 MCTS:5.586225 Improve:0.000356 	 Time:3.77 Seconds
Solution: 1 47 12 41 8 14 2 32 38 39 40 7 18 36 22 20 26 21 3 48 23 46 17 19 10 50 24 49 16 9 44 27 30 4 37 33 11 42 28 35 6 5 31 34 29 43 25 15 13 45 

Inst_Index:8339 	 City_Num:50 	 Concorde:5.666581 	 MCTS:5.664027 Improve:0.002554 	 Time:3.77 Seconds
Solution: 1 24 48 25 20 36 35 26 34 21 4 22 12 29 45 43 40 37 27 10 46 33 39 9 30 47 49 44 32 15 3 18 2 11 38 31 17 41 42 5 6 23 16 19 8 28 13 7 50 14 

Inst_Index:8340 	 City_Num:50 	 Concorde:6.012120 	 MCTS:6.008090 Improve:0.004030 	 Time:3.76 Seconds
Solution: 1 39 6 13 31 49 46 34 38 28 2 20 4 18 36 9 14 47 15 29 42 7 3 17 44 25 26 43 27 50 5 19 11 12 41 21 10 40 30 45 22 37 32 16 23 33 8 48 35 24 

Inst_Index:8341 	 City_Num:50 	 Concorde:5.336271 	 MCTS:5.336271 Improve:-0.000000 	 Time:3.77 Seconds
Solution: 1 27 30 23 45 15 7 46 5 38 39 40 48 24 44 26 6 3 13 12 21 37 35 18 34 33 22 16 29 36 49 41 31 10 19 17 43 4 9 42 2 47 25 14 28 8 32 50 20 11 

Inst_Index:8342 	 City_Num:50 	 Concorde:5.513274 	 MCTS:5.513274 Improve:-0.000000 	 Time:3.75 Seconds
Solution: 1 4 14 25 31 41 8 27 23 34 26 50 24 42 32 13 5 2 30 40 15 29 48 43 3 18 36 39 46 49 20 33 38 44 7 28 19 12 37 11 47 9 17 16 10 22 6 35 45 21 

Inst_Index:8343 	 City_Num:50 	 Concorde:6.085926 	 MCTS:6.085926 Improve:0.000000 	 Time:3.76 Seconds
Solution: 1 14 40 4 2 3 27 36 22 13 39 45 34 24 30 32 26 21 46 20 19 29 18 37 48 6 44 38 50 28 43 7 9 8 35 23 47 31 15 12 41 42 25 16 17 5 11 33 10 49 

Inst_Index:8344 	 City_Num:50 	 Concorde:5.343082 	 MCTS:5.343082 Improve:0.000000 	 Time:3.76 Seconds
Solution: 1 44 28 9 49 2 32 17 23 38 8 41 39 19 35 21 15 31 5 11 33 26 14 50 10 20 25 30 4 34 27 46 3 29 48 7 16 22 13 42 45 24 37 36 40 18 12 43 6 47 

Inst_Index:8345 	 City_Num:50 	 Concorde:5.932918 	 MCTS:5.932918 Improve:0.000000 	 Time:3.76 Seconds
Solution: 1 7 39 8 42 23 49 5 31 6 25 22 2 12 29 21 20 40 28 17 26 14 16 44 19 33 11 9 3 32 13 18 37 48 4 41 30 15 35 10 47 46 27 45 24 38 50 36 43 34 

Inst_Index:8346 	 City_Num:50 	 Concorde:5.549850 	 MCTS:5.547798 Improve:0.002052 	 Time:3.76 Seconds
Solution: 1 29 37 42 46 6 23 43 11 34 44 22 28 48 18 14 32 47 12 45 38 25 17 30 5 26 49 39 35 4 36 8 50 40 27 10 20 41 13 7 3 9 21 16 31 2 15 33 24 19 

Inst_Index:8347 	 City_Num:50 	 Concorde:5.369928 	 MCTS:5.356697 Improve:0.013232 	 Time:3.76 Seconds
Solution: 1 24 35 29 12 44 23 50 33 20 15 36 22 13 37 31 32 28 3 17 46 40 4 21 48 49 11 16 38 19 6 43 9 45 2 10 34 42 8 30 25 5 41 18 7 47 39 14 27 26 

Inst_Index:8348 	 City_Num:50 	 Concorde:5.430706 	 MCTS:5.430706 Improve:-0.000000 	 Time:3.77 Seconds
Solution: 1 4 18 50 5 44 24 15 48 3 12 47 16 25 29 32 13 2 41 42 22 9 20 46 37 39 45 49 8 19 10 23 21 14 11 31 43 6 27 30 38 40 26 28 7 33 36 17 35 34 

Inst_Index:8349 	 City_Num:50 	 Concorde:5.747032 	 MCTS:5.747032 Improve:0.000000 	 Time:3.77 Seconds
Solution: 1 45 13 25 7 31 46 14 8 27 34 17 23 32 28 35 16 11 22 29 43 18 10 39 37 36 24 15 26 30 9 41 48 2 42 4 3 47 20 49 50 21 44 19 38 12 5 40 33 6 

Inst_Index:8350 	 City_Num:50 	 Concorde:5.171804 	 MCTS:5.171804 Improve:0.000000 	 Time:3.76 Seconds
Solution: 1 35 9 23 19 27 28 25 4 44 15 6 32 45 34 22 3 7 30 16 33 12 31 37 41 10 11 29 21 38 8 13 46 49 18 24 39 43 48 5 36 47 42 17 40 50 26 14 2 20 

Inst_Index:8351 	 City_Num:50 	 Concorde:5.815754 	 MCTS:5.815754 Improve:-0.000000 	 Time:3.75 Seconds
Solution: 1 34 10 40 42 25 27 47 12 20 35 45 37 29 46 31 32 38 18 19 44 50 7 8 28 33 41 26 21 23 36 2 43 22 16 14 17 24 9 4 39 3 15 48 49 30 13 5 6 11 

Inst_Index:8352 	 City_Num:50 	 Concorde:5.369164 	 MCTS:5.366143 Improve:0.003021 	 Time:3.76 Seconds
Solution: 1 43 39 19 28 13 15 9 3 17 12 20 30 49 46 45 50 48 8 7 6 35 2 29 11 14 31 27 40 38 34 24 25 10 18 44 33 32 21 37 22 4 36 42 41 16 5 23 26 47 

Inst_Index:8353 	 City_Num:50 	 Concorde:5.709260 	 MCTS:5.709011 Improve:0.000249 	 Time:3.76 Seconds
Solution: 1 45 24 18 9 15 32 43 19 4 6 47 21 25 16 46 33 29 5 10 44 2 35 40 42 27 31 14 23 34 37 3 48 50 22 38 7 41 26 49 28 11 36 8 13 12 39 20 30 17 

Inst_Index:8354 	 City_Num:50 	 Concorde:5.160095 	 MCTS:5.158988 Improve:0.001108 	 Time:3.76 Seconds
Solution: 1 31 9 45 46 16 48 25 26 34 33 11 10 38 12 28 22 6 17 27 30 13 43 19 49 20 35 40 3 4 21 29 2 7 39 14 18 42 15 23 32 41 47 8 37 44 50 24 36 5 

Inst_Index:8355 	 City_Num:50 	 Concorde:5.799930 	 MCTS:5.796413 Improve:0.003517 	 Time:3.76 Seconds
Solution: 1 43 46 6 26 17 48 7 2 45 47 20 34 22 31 9 42 32 37 39 12 49 13 50 16 27 19 18 8 33 38 44 29 4 36 14 28 24 21 23 3 40 25 5 41 35 15 11 30 10 

Inst_Index:8356 	 City_Num:50 	 Concorde:5.861542 	 MCTS:5.861542 Improve:0.000000 	 Time:3.76 Seconds
Solution: 1 26 34 28 11 36 17 49 33 25 44 10 2 50 43 35 6 16 8 12 7 41 40 27 30 4 42 20 39 29 38 9 31 13 32 14 45 18 37 5 24 46 19 21 3 22 23 47 15 48 

Inst_Index:8357 	 City_Num:50 	 Concorde:5.945831 	 MCTS:5.945831 Improve:0.000000 	 Time:3.77 Seconds
Solution: 1 44 6 8 42 5 26 41 29 40 20 9 4 32 46 24 21 27 16 17 19 39 13 18 22 7 11 38 12 3 35 10 30 23 33 50 45 14 36 25 43 31 28 15 2 37 47 48 34 49 

Inst_Index:8358 	 City_Num:50 	 Concorde:5.616487 	 MCTS:5.616487 Improve:0.000000 	 Time:3.75 Seconds
Solution: 1 6 39 12 49 5 29 46 7 30 40 25 27 43 4 47 2 13 33 14 32 20 48 26 50 21 11 22 18 34 24 15 19 37 17 41 44 38 36 45 9 8 10 3 31 23 35 28 42 16 

Inst_Index:8359 	 City_Num:50 	 Concorde:6.042350 	 MCTS:6.039438 Improve:0.002912 	 Time:3.77 Seconds
Solution: 1 20 26 39 11 30 28 27 31 33 17 12 19 25 32 16 7 50 22 48 35 4 40 34 21 8 2 46 15 47 23 13 29 43 6 36 14 38 24 10 45 44 49 37 9 42 5 18 41 3 

Inst_Index:8360 	 City_Num:50 	 Concorde:5.884652 	 MCTS:5.880288 Improve:0.004364 	 Time:3.75 Seconds
Solution: 1 46 49 32 43 18 45 25 4 48 37 21 35 36 31 23 5 7 2 12 16 14 20 41 6 29 34 17 9 33 42 10 8 13 38 39 15 26 11 44 47 40 30 24 27 3 19 22 28 50 

Inst_Index:8361 	 City_Num:50 	 Concorde:5.901065 	 MCTS:5.901065 Improve:0.000000 	 Time:3.75 Seconds
Solution: 1 30 18 34 43 11 38 33 37 24 4 50 45 42 5 20 12 40 23 2 35 29 31 47 39 9 25 28 14 48 21 36 44 26 41 17 6 8 19 3 22 15 46 32 7 27 16 49 10 13 

Inst_Index:8362 	 City_Num:50 	 Concorde:6.008361 	 MCTS:6.008361 Improve:0.000000 	 Time:3.75 Seconds
Solution: 1 43 41 34 39 46 49 10 36 27 31 30 8 42 47 28 26 19 24 22 32 35 40 15 2 33 37 25 21 48 29 38 17 50 9 7 5 13 44 4 18 14 45 6 12 20 3 11 16 23 

Inst_Index:8363 	 City_Num:50 	 Concorde:5.931281 	 MCTS:5.931281 Improve:0.000000 	 Time:3.75 Seconds
Solution: 1 12 8 38 18 30 36 13 35 41 4 44 6 21 42 40 47 33 28 49 2 11 23 25 45 20 7 16 31 19 24 27 48 15 37 10 43 3 17 34 22 46 9 39 14 32 29 26 50 5 

Inst_Index:8364 	 City_Num:50 	 Concorde:5.841225 	 MCTS:5.838016 Improve:0.003208 	 Time:3.75 Seconds
Solution: 1 38 19 43 34 6 36 23 44 48 20 14 2 12 11 28 50 41 27 8 29 21 25 3 18 4 47 22 13 7 46 24 39 35 42 45 9 5 26 17 15 31 40 33 16 37 10 49 30 32 

Inst_Index:8365 	 City_Num:50 	 Concorde:5.649764 	 MCTS:5.648942 Improve:0.000821 	 Time:3.76 Seconds
Solution: 1 2 33 29 39 12 50 7 42 49 6 26 35 25 22 41 23 15 20 24 17 9 31 19 16 48 14 18 45 46 44 13 5 28 43 36 3 4 21 30 8 40 10 37 38 27 47 32 34 11 

Inst_Index:8366 	 City_Num:50 	 Concorde:5.768876 	 MCTS:5.768876 Improve:-0.000000 	 Time:3.77 Seconds
Solution: 1 15 42 47 10 27 39 17 32 50 45 7 35 16 37 25 23 33 40 18 9 22 49 48 30 12 38 14 24 46 2 19 36 21 6 31 26 3 5 28 11 41 20 43 29 4 8 34 13 44 

Inst_Index:8367 	 City_Num:50 	 Concorde:5.866184 	 MCTS:5.866184 Improve:0.000000 	 Time:3.76 Seconds
Solution: 1 42 10 8 31 3 7 25 24 29 23 20 27 43 17 9 40 13 19 33 15 36 41 39 49 4 16 44 37 26 50 48 11 35 34 18 47 5 38 2 12 14 28 6 32 46 30 22 45 21 

Inst_Index:8368 	 City_Num:50 	 Concorde:5.436553 	 MCTS:5.432430 Improve:0.004122 	 Time:3.76 Seconds
Solution: 1 29 50 24 30 16 33 28 22 11 27 7 21 35 44 2 3 37 13 43 15 8 12 25 41 14 48 20 38 10 31 9 6 47 49 23 32 42 36 45 40 5 18 17 34 26 4 19 46 39 

Inst_Index:8369 	 City_Num:50 	 Concorde:5.615520 	 MCTS:5.615520 Improve:0.000000 	 Time:3.75 Seconds
Solution: 1 49 17 34 45 40 33 44 31 46 22 37 32 14 13 11 27 9 36 39 6 7 4 12 25 20 28 21 10 42 38 41 26 8 23 30 15 3 16 24 29 18 35 5 43 50 19 48 47 2 

Inst_Index:8370 	 City_Num:50 	 Concorde:5.664400 	 MCTS:5.660315 Improve:0.004085 	 Time:3.75 Seconds
Solution: 1 41 4 42 31 35 23 48 17 26 19 15 12 33 36 18 10 3 16 44 49 6 40 32 29 13 30 39 20 50 24 5 28 9 22 34 37 8 38 11 2 45 27 47 7 14 21 43 46 25 

Inst_Index:8371 	 City_Num:50 	 Concorde:5.787707 	 MCTS:5.787615 Improve:0.000091 	 Time:3.76 Seconds
Solution: 1 47 50 21 24 37 19 13 39 23 16 41 9 44 32 35 3 8 34 20 5 46 7 26 31 4 43 45 33 40 27 22 36 30 49 6 15 18 28 12 10 38 48 14 11 42 25 17 29 2 

Inst_Index:8372 	 City_Num:50 	 Concorde:5.367555 	 MCTS:5.367555 Improve:0.000000 	 Time:3.77 Seconds
Solution: 1 32 47 45 42 43 7 16 24 30 23 35 44 15 12 29 13 38 21 9 11 27 33 37 46 36 19 26 28 17 3 14 10 25 50 20 48 18 41 22 49 39 40 5 6 34 2 31 8 4 

Inst_Index:8373 	 City_Num:50 	 Concorde:5.719859 	 MCTS:5.715894 Improve:0.003965 	 Time:3.75 Seconds
Solution: 1 21 39 18 10 43 44 32 13 35 27 42 7 2 8 29 50 14 24 37 31 22 49 28 36 15 5 19 47 23 4 33 38 12 16 26 48 9 30 17 41 11 25 3 45 20 6 34 40 46 

Inst_Index:8374 	 City_Num:50 	 Concorde:5.576583 	 MCTS:5.576583 Improve:0.000000 	 Time:3.77 Seconds
Solution: 1 9 15 11 8 7 21 30 37 36 17 31 33 38 48 40 39 44 19 2 43 3 45 5 16 10 24 26 29 23 50 34 22 6 18 4 42 49 32 25 20 47 27 28 12 14 13 35 41 46 

Inst_Index:8375 	 City_Num:50 	 Concorde:5.563082 	 MCTS:5.559825 Improve:0.003257 	 Time:3.77 Seconds
Solution: 1 36 15 2 23 40 20 19 30 49 10 11 12 27 7 34 33 39 43 5 24 38 16 50 28 26 35 44 3 46 47 22 25 37 18 42 21 9 4 17 41 29 6 13 45 32 14 31 8 48 

Inst_Index:8376 	 City_Num:50 	 Concorde:5.416439 	 MCTS:5.416439 Improve:-0.000000 	 Time:3.76 Seconds
Solution: 1 9 36 6 37 19 34 7 38 4 11 17 28 16 42 44 50 30 31 26 24 20 33 32 10 29 22 48 40 35 5 49 25 27 18 21 3 46 47 23 43 12 45 15 8 39 41 14 2 13 

Inst_Index:8377 	 City_Num:50 	 Concorde:5.660841 	 MCTS:5.660841 Improve:0.000000 	 Time:3.76 Seconds
Solution: 1 35 12 31 6 17 44 8 37 49 33 28 50 40 4 32 34 39 26 20 10 27 45 15 48 43 41 21 19 18 42 36 9 24 5 25 2 14 13 29 47 38 46 22 23 16 11 3 7 30 

Inst_Index:8378 	 City_Num:50 	 Concorde:5.496427 	 MCTS:5.495915 Improve:0.000512 	 Time:3.75 Seconds
Solution: 1 21 7 9 11 42 10 29 49 17 20 28 44 22 40 25 19 47 12 8 5 27 3 15 46 31 48 36 6 39 13 50 33 16 34 26 24 38 32 4 14 43 45 30 35 37 2 23 18 41 

Inst_Index:8379 	 City_Num:50 	 Concorde:5.777504 	 MCTS:5.777504 Improve:0.000000 	 Time:3.75 Seconds
Solution: 1 11 39 12 36 37 22 21 3 45 2 34 33 9 10 8 25 41 23 43 16 13 38 32 19 42 46 44 17 49 35 27 30 6 48 50 14 40 15 7 24 5 29 31 28 4 18 47 20 26 

Inst_Index:8380 	 City_Num:50 	 Concorde:5.189353 	 MCTS:5.188348 Improve:0.001004 	 Time:3.75 Seconds
Solution: 1 43 42 7 30 18 17 46 16 12 41 39 25 29 23 4 37 20 10 28 21 34 19 24 26 32 3 50 13 36 44 22 27 14 11 35 15 5 6 8 31 9 40 38 45 48 2 47 33 49 

Inst_Index:8381 	 City_Num:50 	 Concorde:5.534628 	 MCTS:5.534628 Improve:-0.000000 	 Time:3.77 Seconds
Solution: 1 24 26 43 38 30 18 27 6 39 5 19 37 16 11 20 40 17 29 34 3 45 12 7 8 41 47 2 21 28 22 44 10 4 50 48 25 49 31 15 46 32 14 23 36 42 33 13 9 35 

Inst_Index:8382 	 City_Num:50 	 Concorde:5.176656 	 MCTS:5.170021 Improve:0.006635 	 Time:3.76 Seconds
Solution: 1 23 5 3 31 25 34 28 43 21 4 47 41 39 17 46 8 24 29 6 10 45 37 36 11 14 15 35 20 22 50 44 2 33 18 30 13 7 38 40 9 27 19 32 48 26 16 49 42 12 

Inst_Index:8383 	 City_Num:50 	 Concorde:5.663555 	 MCTS:5.660934 Improve:0.002621 	 Time:3.75 Seconds
Solution: 1 12 19 26 46 20 15 13 18 16 41 35 2 23 3 10 48 25 27 34 40 11 49 36 24 9 47 5 8 39 14 43 6 21 29 45 7 17 50 32 4 30 38 33 22 44 37 42 28 31 

Inst_Index:8384 	 City_Num:50 	 Concorde:5.638858 	 MCTS:5.638858 Improve:0.000000 	 Time:3.76 Seconds
Solution: 1 35 29 4 37 47 42 27 14 25 3 26 9 22 7 21 17 33 40 32 15 28 16 36 12 39 49 48 43 20 5 8 41 18 10 24 31 13 19 30 11 34 46 45 23 2 50 38 6 44 

Inst_Index:8385 	 City_Num:50 	 Concorde:6.119372 	 MCTS:6.119372 Improve:-0.000000 	 Time:3.77 Seconds
Solution: 1 18 30 31 6 50 42 7 11 22 19 24 29 35 15 43 46 17 21 25 26 20 14 9 40 47 3 44 12 23 13 28 36 16 10 41 49 37 27 39 38 2 48 33 5 32 4 45 34 8 

Inst_Index:8386 	 City_Num:50 	 Concorde:5.482044 	 MCTS:5.478793 Improve:0.003252 	 Time:3.76 Seconds
Solution: 1 14 28 44 46 36 20 42 2 18 17 24 32 10 12 6 40 39 3 13 22 41 5 4 35 21 47 30 15 49 27 9 31 29 11 23 48 8 7 50 43 33 16 45 25 26 37 38 34 19 

Inst_Index:8387 	 City_Num:50 	 Concorde:5.573404 	 MCTS:5.573404 Improve:-0.000000 	 Time:3.76 Seconds
Solution: 1 11 39 22 14 43 49 45 34 28 42 5 44 8 32 30 2 38 29 16 12 37 47 4 18 24 40 19 50 33 20 31 48 10 35 41 17 9 3 15 13 23 6 27 7 36 21 25 26 46 

Inst_Index:8388 	 City_Num:50 	 Concorde:6.063361 	 MCTS:6.063361 Improve:0.000000 	 Time:3.76 Seconds
Solution: 1 45 24 12 35 47 23 8 31 5 9 41 10 14 28 17 44 38 15 26 6 2 16 40 39 13 7 18 32 43 11 25 50 37 4 48 34 27 29 19 3 21 49 46 33 22 30 42 20 36 

Inst_Index:8389 	 City_Num:50 	 Concorde:5.656149 	 MCTS:5.656149 Improve:-0.000000 	 Time:3.75 Seconds
Solution: 1 11 36 16 37 6 22 27 3 2 26 28 5 9 45 49 34 31 29 21 42 18 20 12 13 38 40 4 48 23 39 25 33 44 50 41 15 35 30 43 24 10 32 47 7 19 17 8 46 14 

Inst_Index:8390 	 City_Num:50 	 Concorde:5.867441 	 MCTS:5.867343 Improve:0.000097 	 Time:3.79 Seconds
Solution: 1 32 21 10 28 5 49 48 50 12 3 43 29 16 36 31 47 25 18 20 30 17 4 46 38 11 2 7 24 15 42 33 41 40 9 34 13 6 8 26 23 14 19 35 44 39 22 37 27 45 

Inst_Index:8391 	 City_Num:50 	 Concorde:5.992489 	 MCTS:5.992489 Improve:0.000000 	 Time:3.75 Seconds
Solution: 1 21 19 25 4 44 45 20 5 10 33 50 29 42 47 12 28 49 3 31 14 32 6 35 30 18 24 26 8 48 27 41 34 43 16 36 37 17 7 39 23 9 46 2 11 22 40 13 15 38 

Inst_Index:8392 	 City_Num:50 	 Concorde:5.655707 	 MCTS:5.655707 Improve:0.000000 	 Time:3.75 Seconds
Solution: 1 9 45 12 15 43 42 6 17 35 5 4 25 50 29 10 34 11 31 47 39 13 3 21 36 23 2 8 28 24 46 20 49 41 33 14 32 40 48 18 16 38 27 26 30 19 44 22 7 37 

Inst_Index:8393 	 City_Num:50 	 Concorde:5.984179 	 MCTS:5.984179 Improve:-0.000000 	 Time:3.77 Seconds
Solution: 1 47 22 13 36 12 33 9 21 30 43 45 32 26 11 23 17 46 18 31 3 24 14 35 10 44 29 8 39 34 25 16 5 48 37 19 40 27 20 2 4 50 41 15 49 7 6 28 42 38 

Inst_Index:8394 	 City_Num:50 	 Concorde:5.163235 	 MCTS:5.163235 Improve:-0.000000 	 Time:3.76 Seconds
Solution: 1 33 22 15 2 50 40 30 46 25 11 5 19 24 4 39 38 49 48 3 37 28 44 27 36 13 18 31 42 16 14 34 21 43 6 17 29 41 7 8 32 10 20 45 26 35 47 9 12 23 

Inst_Index:8395 	 City_Num:50 	 Concorde:5.672920 	 MCTS:5.672920 Improve:-0.000000 	 Time:3.76 Seconds
Solution: 1 16 47 46 40 4 38 10 36 20 3 49 13 24 45 31 8 39 28 23 34 33 26 27 30 11 18 5 12 32 19 37 50 14 35 7 41 44 17 22 43 2 29 15 6 48 42 9 21 25 

Inst_Index:8396 	 City_Num:50 	 Concorde:5.593642 	 MCTS:5.593642 Improve:0.000000 	 Time:3.76 Seconds
Solution: 1 5 14 47 20 48 26 32 41 6 24 45 37 36 11 28 46 31 16 15 44 2 25 17 34 9 23 42 35 33 12 39 18 10 19 4 40 38 7 13 22 49 27 30 29 3 21 43 8 50 

Inst_Index:8397 	 City_Num:50 	 Concorde:5.917200 	 MCTS:5.917200 Improve:0.000000 	 Time:3.75 Seconds
Solution: 1 28 46 24 7 23 20 40 47 14 36 15 21 5 49 11 30 27 35 34 26 8 16 32 45 38 9 22 39 41 29 17 50 31 44 25 37 13 12 18 10 48 3 43 42 2 6 4 19 33 

Inst_Index:8398 	 City_Num:50 	 Concorde:5.475968 	 MCTS:5.474518 Improve:0.001450 	 Time:3.77 Seconds
Solution: 1 8 3 15 38 30 39 33 32 19 44 27 17 20 23 6 11 49 47 45 4 40 26 43 29 28 35 13 12 37 7 24 5 48 18 41 34 10 25 21 42 36 31 14 22 50 46 2 9 16 

Inst_Index:8399 	 City_Num:50 	 Concorde:5.719618 	 MCTS:5.719618 Improve:0.000000 	 Time:3.77 Seconds
Solution: 1 9 19 14 48 46 37 25 47 26 34 32 43 4 15 33 11 44 10 31 49 50 45 12 22 41 29 30 18 38 2 17 5 7 28 35 40 8 27 6 23 24 16 20 36 13 21 42 3 39 

Inst_Index:8400 	 City_Num:50 	 Concorde:6.136702 	 MCTS:6.136702 Improve:0.000000 	 Time:3.77 Seconds
Solution: 1 3 2 38 41 31 50 11 20 8 47 26 40 28 24 7 32 36 48 21 46 39 6 17 4 16 33 23 49 15 34 27 30 10 42 12 13 14 35 19 43 5 37 45 9 22 25 44 18 29 

Inst_Index:8401 	 City_Num:50 	 Concorde:5.450292 	 MCTS:5.448655 Improve:0.001636 	 Time:3.75 Seconds
Solution: 1 6 29 15 11 39 48 42 31 5 8 16 41 7 30 17 35 22 49 45 26 23 13 19 2 25 18 34 24 9 43 44 37 36 33 12 3 46 4 21 20 10 40 32 27 50 28 14 47 38 

Inst_Index:8402 	 City_Num:50 	 Concorde:5.803886 	 MCTS:5.802057 Improve:0.001829 	 Time:3.75 Seconds
Solution: 1 14 30 41 12 28 42 44 38 20 16 26 9 37 7 45 43 15 5 22 31 17 39 18 40 32 2 23 29 24 33 49 3 48 19 25 46 27 47 10 13 4 35 50 34 8 36 6 11 21 

Inst_Index:8403 	 City_Num:50 	 Concorde:5.363416 	 MCTS:5.363416 Improve:-0.000000 	 Time:3.76 Seconds
Solution: 1 2 34 46 25 17 6 31 47 21 36 10 7 48 15 43 22 14 45 19 39 50 42 49 5 40 33 26 20 13 44 32 28 9 3 8 38 16 29 35 23 24 27 11 41 30 37 12 4 18 

Inst_Index:8404 	 City_Num:50 	 Concorde:5.306819 	 MCTS:5.306819 Improve:0.000000 	 Time:3.75 Seconds
Solution: 1 35 48 34 36 11 8 41 24 29 20 44 4 10 47 16 12 42 7 9 28 38 13 37 33 22 30 18 31 6 32 23 49 5 27 3 43 25 39 17 26 15 50 40 21 14 2 46 19 45 

Inst_Index:8405 	 City_Num:50 	 Concorde:5.582818 	 MCTS:5.582326 Improve:0.000492 	 Time:3.77 Seconds
Solution: 1 34 39 46 35 27 29 49 31 42 11 47 6 44 21 37 38 20 10 16 12 45 2 5 28 32 7 15 13 25 3 33 26 22 41 19 43 36 9 30 23 4 24 48 8 18 50 40 17 14 

Inst_Index:8406 	 City_Num:50 	 Concorde:5.781822 	 MCTS:5.775778 Improve:0.006043 	 Time:3.77 Seconds
Solution: 1 8 30 5 32 24 17 12 21 4 28 25 48 26 22 15 29 45 43 31 49 19 6 3 18 41 39 14 20 16 36 2 11 23 9 38 13 7 44 46 35 47 34 40 27 10 42 33 50 37 

Inst_Index:8407 	 City_Num:50 	 Concorde:5.931042 	 MCTS:5.930973 Improve:0.000069 	 Time:3.77 Seconds
Solution: 1 3 25 37 49 13 22 15 44 6 45 8 31 48 18 12 39 5 41 33 2 50 47 17 29 19 36 43 21 46 14 28 34 7 10 26 16 30 32 42 35 11 9 40 38 4 27 23 24 20 

Inst_Index:8408 	 City_Num:50 	 Concorde:5.977981 	 MCTS:5.977981 Improve:-0.000000 	 Time:3.76 Seconds
Solution: 1 24 12 35 27 45 44 37 30 5 42 20 50 11 15 6 41 16 25 33 26 47 4 39 29 49 28 7 22 23 34 19 48 46 18 10 38 13 8 17 21 2 36 3 31 9 40 14 43 32 

Inst_Index:8409 	 City_Num:50 	 Concorde:5.380512 	 MCTS:5.380512 Improve:-0.000000 	 Time:3.76 Seconds
Solution: 1 19 13 3 31 30 16 7 2 21 39 26 6 44 43 4 45 50 40 37 5 42 14 12 38 48 9 20 41 35 22 34 10 32 36 15 46 49 8 47 17 33 29 28 18 23 27 11 25 24 

Inst_Index:8410 	 City_Num:50 	 Concorde:6.014569 	 MCTS:6.014569 Improve:0.000000 	 Time:3.75 Seconds
Solution: 1 37 10 17 27 28 29 35 5 19 24 32 43 44 38 2 23 18 46 16 21 13 9 50 33 11 7 31 42 47 39 3 4 49 45 25 6 41 15 12 48 40 26 30 34 36 22 8 20 14 

Inst_Index:8411 	 City_Num:50 	 Concorde:5.876497 	 MCTS:5.870991 Improve:0.005507 	 Time:3.75 Seconds
Solution: 1 44 31 2 4 48 17 14 11 15 33 34 35 25 38 19 40 24 22 32 46 47 23 49 13 43 18 10 50 39 7 45 28 5 30 9 6 36 12 27 37 3 21 29 26 20 16 42 41 8 

Inst_Index:8412 	 City_Num:50 	 Concorde:5.523213 	 MCTS:5.520170 Improve:0.003043 	 Time:3.76 Seconds
Solution: 1 44 21 23 9 22 7 28 5 32 14 10 41 48 19 50 16 49 30 20 12 3 47 8 38 37 43 35 13 2 46 15 24 17 36 27 31 40 29 25 18 42 6 34 45 39 26 11 4 33 

Inst_Index:8413 	 City_Num:50 	 Concorde:5.491745 	 MCTS:5.491745 Improve:0.000000 	 Time:3.76 Seconds
Solution: 1 48 21 8 45 29 11 37 4 40 7 39 30 50 36 18 6 19 27 23 35 49 24 20 16 42 34 2 32 33 14 13 25 10 28 12 31 44 43 46 15 26 9 41 47 38 17 22 5 3 

Inst_Index:8414 	 City_Num:50 	 Concorde:5.788458 	 MCTS:5.788458 Improve:0.000000 	 Time:3.75 Seconds
Solution: 1 36 18 15 41 38 2 35 31 49 13 26 6 28 29 5 30 39 48 32 3 37 22 4 23 42 17 40 19 12 44 8 10 7 11 21 20 33 47 34 16 27 25 14 9 45 43 46 24 50 

Inst_Index:8415 	 City_Num:50 	 Concorde:5.818808 	 MCTS:5.818207 Improve:0.000601 	 Time:3.76 Seconds
Solution: 1 29 34 13 47 16 4 45 6 8 38 10 19 31 48 41 17 44 25 33 30 26 9 42 37 15 20 36 12 39 28 5 32 18 11 24 43 7 46 22 2 14 35 49 3 21 27 40 23 50 

Inst_Index:8416 	 City_Num:50 	 Concorde:6.022084 	 MCTS:6.022084 Improve:0.000000 	 Time:3.76 Seconds
Solution: 1 49 45 10 48 33 34 4 16 38 42 11 47 3 26 37 44 20 46 15 28 14 31 17 25 13 22 5 30 12 43 35 24 41 23 50 2 18 36 9 8 29 27 32 6 21 7 40 39 19 

Inst_Index:8417 	 City_Num:50 	 Concorde:5.716409 	 MCTS:5.712327 Improve:0.004081 	 Time:3.76 Seconds
Solution: 1 24 18 19 32 16 41 37 30 2 15 21 46 50 22 7 17 5 14 26 27 20 25 31 42 48 13 47 33 49 40 6 35 45 39 44 4 38 36 10 28 3 8 11 29 34 43 12 23 9 

Inst_Index:8418 	 City_Num:50 	 Concorde:6.276418 	 MCTS:6.276418 Improve:-0.000000 	 Time:3.75 Seconds
Solution: 1 23 24 30 16 10 47 33 11 25 15 41 14 28 17 20 26 3 13 44 50 45 49 29 21 2 46 6 37 38 12 27 8 32 36 39 19 43 35 22 5 42 31 9 34 40 4 18 7 48 

Inst_Index:8419 	 City_Num:50 	 Concorde:6.023851 	 MCTS:6.023851 Improve:-0.000000 	 Time:3.76 Seconds
Solution: 1 2 50 42 35 28 33 21 29 36 12 49 32 27 43 38 39 30 16 10 19 8 44 18 46 41 17 9 26 6 14 23 22 20 40 34 48 13 3 37 15 45 24 5 7 31 11 4 47 25 

Inst_Index:8420 	 City_Num:50 	 Concorde:5.777592 	 MCTS:5.775706 Improve:0.001885 	 Time:3.76 Seconds
Solution: 1 32 33 18 10 37 40 44 26 3 11 47 5 22 8 46 13 39 36 19 16 23 17 24 7 34 43 41 25 21 27 15 20 28 30 45 35 42 14 12 2 6 48 4 29 50 31 49 38 9 

Inst_Index:8421 	 City_Num:50 	 Concorde:5.446449 	 MCTS:5.446449 Improve:0.000000 	 Time:3.76 Seconds
Solution: 1 2 21 12 31 45 26 44 49 34 23 35 27 36 48 20 42 13 11 47 29 28 5 22 19 32 9 39 8 24 46 37 6 14 17 10 15 4 43 25 3 7 41 16 50 30 33 18 38 40 

Inst_Index:8422 	 City_Num:50 	 Concorde:5.266678 	 MCTS:5.266678 Improve:-0.000000 	 Time:3.76 Seconds
Solution: 1 10 9 40 30 28 37 19 48 42 39 8 38 12 16 14 49 26 35 34 44 24 11 3 33 22 32 41 43 13 6 47 36 25 20 5 21 23 17 18 15 46 45 2 29 4 27 7 50 31 

Inst_Index:8423 	 City_Num:50 	 Concorde:5.738564 	 MCTS:5.738564 Improve:-0.000000 	 Time:3.76 Seconds
Solution: 1 31 32 49 43 2 44 50 41 9 13 40 3 6 7 48 21 10 38 14 34 35 16 36 46 37 23 18 33 19 11 12 39 45 17 26 24 27 28 4 8 30 15 25 20 5 47 42 22 29 

Inst_Index:8424 	 City_Num:50 	 Concorde:5.415897 	 MCTS:5.415897 Improve:0.000000 	 Time:3.76 Seconds
Solution: 1 26 35 23 49 12 30 20 17 3 18 40 42 22 31 45 25 24 11 7 13 15 44 50 34 2 48 47 9 41 37 8 39 32 28 10 33 36 46 21 29 43 27 5 38 6 4 16 19 14 

Inst_Index:8425 	 City_Num:50 	 Concorde:5.699720 	 MCTS:5.699720 Improve:0.000000 	 Time:3.76 Seconds
Solution: 1 18 26 12 33 42 8 35 45 46 17 10 2 40 31 20 13 14 6 19 50 27 43 21 23 38 25 11 5 4 28 3 44 22 29 47 24 15 16 36 37 49 34 39 41 9 48 7 30 32 

Inst_Index:8426 	 City_Num:50 	 Concorde:5.394062 	 MCTS:5.393152 Improve:0.000911 	 Time:3.76 Seconds
Solution: 1 31 28 18 16 41 10 47 38 8 21 29 14 44 40 22 24 33 6 45 49 17 36 35 12 7 32 37 4 25 27 19 11 50 30 15 9 3 39 5 42 26 34 2 20 13 43 46 23 48 

Inst_Index:8427 	 City_Num:50 	 Concorde:5.613446 	 MCTS:5.613446 Improve:0.000000 	 Time:3.76 Seconds
Solution: 1 24 36 19 29 7 44 9 47 6 31 2 33 10 26 37 20 25 38 5 15 30 48 21 45 41 50 28 11 13 14 43 4 18 12 8 22 34 39 17 32 3 35 40 16 42 49 23 27 46 

Inst_Index:8428 	 City_Num:50 	 Concorde:5.498424 	 MCTS:5.498424 Improve:0.000000 	 Time:3.77 Seconds
Solution: 1 7 43 38 20 49 32 35 34 30 17 19 46 36 48 9 8 5 22 21 25 3 15 39 27 2 50 47 14 29 23 26 10 31 4 11 41 42 6 28 40 44 37 24 13 33 45 16 18 12 

Inst_Index:8429 	 City_Num:50 	 Concorde:5.659306 	 MCTS:5.659306 Improve:0.000000 	 Time:3.77 Seconds
Solution: 1 13 48 17 32 2 33 50 12 15 31 34 3 6 28 45 46 24 20 21 29 10 16 27 35 19 26 47 7 37 4 44 5 8 9 42 41 38 43 11 14 23 39 40 22 36 25 30 49 18 

Inst_Index:8430 	 City_Num:50 	 Concorde:5.712620 	 MCTS:5.712620 Improve:0.000000 	 Time:3.76 Seconds
Solution: 1 25 13 46 5 23 45 9 22 40 35 30 12 48 18 20 37 6 17 19 32 44 39 42 14 10 21 41 27 33 11 7 24 34 8 26 47 31 36 49 3 43 29 2 16 15 50 38 28 4 

Inst_Index:8431 	 City_Num:50 	 Concorde:5.461174 	 MCTS:5.461174 Improve:0.000000 	 Time:3.75 Seconds
Solution: 1 23 48 18 5 34 30 41 32 4 28 46 13 35 26 3 6 47 39 27 43 12 7 31 17 9 38 16 2 25 15 22 29 36 20 11 44 33 14 21 10 24 45 8 40 49 19 42 37 50 

Inst_Index:8432 	 City_Num:50 	 Concorde:5.849524 	 MCTS:5.849524 Improve:-0.000000 	 Time:3.76 Seconds
Solution: 1 46 2 38 32 39 42 21 23 16 36 49 37 11 12 6 22 44 45 8 41 34 3 20 27 30 17 19 18 15 28 35 9 50 7 33 13 47 5 24 25 48 40 43 14 10 31 29 26 4 

Inst_Index:8433 	 City_Num:50 	 Concorde:5.605719 	 MCTS:5.605719 Improve:-0.000000 	 Time:3.76 Seconds
Solution: 1 7 23 41 31 35 3 39 45 40 17 26 2 9 5 34 48 25 22 30 11 28 29 46 13 44 10 14 24 18 27 43 12 33 32 21 42 49 36 19 50 38 20 4 37 15 6 47 8 16 

Inst_Index:8434 	 City_Num:50 	 Concorde:5.699218 	 MCTS:5.699218 Improve:0.000000 	 Time:3.77 Seconds
Solution: 1 17 34 38 49 48 8 35 20 5 14 41 25 19 50 6 7 23 29 12 30 27 33 15 47 39 46 26 24 21 31 4 37 32 40 36 22 44 2 10 11 18 9 43 3 16 28 13 45 42 

Inst_Index:8435 	 City_Num:50 	 Concorde:5.437454 	 MCTS:5.437454 Improve:-0.000000 	 Time:3.75 Seconds
Solution: 1 39 13 17 15 24 21 47 9 38 46 27 48 16 8 37 10 29 4 33 19 11 36 5 45 40 32 31 42 2 43 44 14 50 12 26 41 28 3 49 25 23 6 35 34 20 7 30 18 22 

Inst_Index:8436 	 City_Num:50 	 Concorde:5.734966 	 MCTS:5.734966 Improve:-0.000000 	 Time:3.76 Seconds
Solution: 1 43 9 37 38 22 30 45 20 29 39 48 35 15 40 34 26 21 42 27 11 5 13 16 31 3 25 33 46 44 32 19 7 50 23 17 24 41 47 6 12 8 36 49 2 18 14 10 4 28 

Inst_Index:8437 	 City_Num:50 	 Concorde:6.068461 	 MCTS:6.063235 Improve:0.005226 	 Time:3.77 Seconds
Solution: 1 26 48 24 30 42 31 29 2 49 21 36 19 44 46 32 8 15 23 11 14 34 13 7 38 25 27 17 3 16 40 28 35 39 12 47 20 6 33 22 9 4 50 41 43 37 45 10 18 5 

Inst_Index:8438 	 City_Num:50 	 Concorde:5.791420 	 MCTS:5.791420 Improve:-0.000000 	 Time:3.77 Seconds
Solution: 1 40 3 11 12 25 26 24 35 23 7 42 15 6 32 28 39 34 44 4 43 30 33 27 17 8 16 18 22 49 50 14 47 10 31 19 9 5 20 29 36 45 41 21 48 46 38 13 37 2 

Inst_Index:8439 	 City_Num:50 	 Concorde:6.119509 	 MCTS:6.119509 Improve:-0.000000 	 Time:3.75 Seconds
Solution: 1 36 42 5 14 24 38 29 13 22 7 10 27 9 12 6 2 49 21 28 16 47 34 35 15 48 43 41 32 44 19 39 25 46 37 30 11 3 20 4 23 26 45 40 18 31 50 8 17 33 

Inst_Index:8440 	 City_Num:50 	 Concorde:5.624316 	 MCTS:5.619738 Improve:0.004578 	 Time:3.76 Seconds
Solution: 1 26 38 15 23 25 24 48 27 50 14 7 12 4 29 11 2 40 47 18 34 36 5 20 19 3 39 46 30 21 9 49 32 35 33 17 8 16 13 44 37 43 6 10 22 42 28 45 41 31 

Inst_Index:8441 	 City_Num:50 	 Concorde:5.673194 	 MCTS:5.673194 Improve:0.000000 	 Time:3.76 Seconds
Solution: 1 33 46 12 7 36 4 18 42 28 29 13 45 26 9 11 10 25 22 27 43 39 3 30 40 37 5 20 6 21 19 15 50 47 14 34 38 8 41 35 17 48 2 49 24 23 16 44 32 31 

Inst_Index:8442 	 City_Num:50 	 Concorde:5.957160 	 MCTS:5.951006 Improve:0.006154 	 Time:3.77 Seconds
Solution: 1 29 31 28 46 44 10 49 33 50 30 37 45 7 24 34 40 41 38 5 47 36 42 35 14 27 21 26 23 25 4 43 12 22 15 17 11 19 48 39 8 20 32 9 16 13 18 6 2 3 

Inst_Index:8443 	 City_Num:50 	 Concorde:5.731892 	 MCTS:5.729078 Improve:0.002814 	 Time:3.75 Seconds
Solution: 1 26 22 9 11 46 31 28 24 4 7 21 30 32 20 6 25 47 27 48 5 40 16 41 14 42 34 15 36 8 12 44 3 17 50 49 37 39 35 13 18 29 33 38 2 43 45 23 10 19 

Inst_Index:8444 	 City_Num:50 	 Concorde:5.562782 	 MCTS:5.562782 Improve:0.000000 	 Time:3.76 Seconds
Solution: 1 36 35 48 25 34 11 9 39 24 2 21 49 33 22 45 4 37 42 26 29 30 15 38 40 5 13 44 14 19 8 7 50 27 17 31 41 6 23 28 18 32 10 43 47 3 46 16 20 12 

Inst_Index:8445 	 City_Num:50 	 Concorde:5.485173 	 MCTS:5.485173 Improve:-0.000000 	 Time:3.79 Seconds
Solution: 1 44 27 43 3 32 8 4 37 40 13 45 5 47 26 38 20 23 33 9 35 18 29 22 39 12 36 49 19 6 11 34 50 30 21 16 31 10 17 7 14 25 48 46 28 2 42 15 24 41 

Inst_Index:8446 	 City_Num:50 	 Concorde:5.900701 	 MCTS:5.900701 Improve:0.000000 	 Time:3.75 Seconds
Solution: 1 49 48 19 36 2 7 11 4 21 38 40 12 30 27 25 3 41 17 5 33 13 46 34 32 6 10 15 23 28 8 16 35 42 24 37 22 43 20 47 50 39 26 45 14 44 9 18 31 29 

Inst_Index:8447 	 City_Num:50 	 Concorde:5.845802 	 MCTS:5.845802 Improve:0.000000 	 Time:3.77 Seconds
Solution: 1 23 48 39 33 5 30 44 3 45 32 11 25 49 37 4 34 22 36 13 24 8 17 42 38 7 28 18 21 43 12 10 6 20 31 16 29 26 19 35 47 2 50 27 14 41 46 40 15 9 

Inst_Index:8448 	 City_Num:50 	 Concorde:5.719556 	 MCTS:5.719556 Improve:0.000000 	 Time:3.76 Seconds
Solution: 1 41 16 39 50 33 46 21 17 34 19 9 36 20 24 18 30 40 7 25 6 27 5 11 35 14 49 8 10 38 44 37 4 31 45 47 3 13 43 15 22 12 28 32 26 23 2 29 42 48 

Inst_Index:8449 	 City_Num:50 	 Concorde:5.796723 	 MCTS:5.796164 Improve:0.000559 	 Time:3.76 Seconds
Solution: 1 45 5 36 24 32 17 8 22 2 29 21 34 35 46 38 30 50 15 4 43 20 12 23 9 14 11 40 31 25 26 48 28 47 42 27 49 33 41 39 13 44 7 16 10 6 37 18 19 3 

Inst_Index:8450 	 City_Num:50 	 Concorde:5.674529 	 MCTS:5.674529 Improve:-0.000000 	 Time:3.76 Seconds
Solution: 1 38 17 7 22 13 26 42 30 33 47 45 4 31 24 46 49 18 6 35 10 36 3 50 21 16 5 2 19 14 29 37 27 34 32 8 20 23 39 48 43 25 40 44 9 15 28 41 12 11 

Inst_Index:8451 	 City_Num:50 	 Concorde:5.635770 	 MCTS:5.635770 Improve:0.000000 	 Time:3.76 Seconds
Solution: 1 37 9 13 7 40 46 42 29 11 28 38 17 4 20 3 2 23 24 5 14 47 30 48 43 34 35 32 8 41 25 26 15 45 10 22 44 33 16 6 21 12 36 31 50 39 27 49 19 18 


Avg_Concorde_Distance: 5.699822 Avg_MCTS_Distance: 5.698786 Avg_Gap: -0.000182 Total_Time: 1177.99 Seconds 
 Beat_Best_Known_Times: 108 Match_Best_Known_Times: 205 Miss_Best_Known_Times: 0 
