Number_of_Instances_In_Current_Batch: 313

Inst_Index:4383 	 City_Num:50 	 Concorde:5.989217 	 MCTS:5.989217 Improve:0.000000 	 Time:3.76 Seconds
Solution: 1 44 6 12 35 46 30 14 31 45 22 47 20 19 21 25 29 11 24 28 4 34 17 9 43 50 16 18 37 5 32 41 7 26 48 49 8 3 42 38 27 13 2 10 40 33 39 23 36 15 

Inst_Index:4384 	 City_Num:50 	 Concorde:5.254161 	 MCTS:5.254161 Improve:0.000000 	 Time:3.76 Seconds
Solution: 1 14 49 43 21 36 48 33 46 22 19 7 4 27 18 29 47 5 45 16 35 25 42 28 3 32 31 20 8 12 9 24 23 50 44 10 40 38 17 15 37 2 6 34 39 26 30 11 41 13 

Inst_Index:4385 	 City_Num:50 	 Concorde:5.692993 	 MCTS:5.692993 Improve:0.000000 	 Time:3.75 Seconds
Solution: 1 37 43 42 34 35 29 2 47 5 6 45 27 20 4 16 15 30 7 40 38 9 26 19 22 36 12 10 23 50 24 39 18 25 41 21 32 46 14 8 28 17 11 31 48 44 33 3 13 49 

Inst_Index:4386 	 City_Num:50 	 Concorde:5.804121 	 MCTS:5.799094 Improve:0.005027 	 Time:3.77 Seconds
Solution: 1 50 47 18 30 49 40 10 44 34 33 20 46 28 29 35 6 3 11 36 48 39 8 26 25 24 15 21 45 42 7 14 31 4 12 27 13 38 9 22 37 19 17 2 32 23 16 41 5 43 

Inst_Index:4387 	 City_Num:50 	 Concorde:5.766795 	 MCTS:5.766767 Improve:0.000027 	 Time:3.75 Seconds
Solution: 1 33 37 42 44 26 40 20 45 38 4 8 28 25 3 21 49 50 35 27 6 32 18 39 34 13 7 17 23 11 12 36 9 31 15 47 29 22 43 19 14 16 41 46 5 24 30 48 2 10 

Inst_Index:4388 	 City_Num:50 	 Concorde:5.713789 	 MCTS:5.713001 Improve:0.000788 	 Time:3.77 Seconds
Solution: 1 24 3 18 40 13 11 46 42 41 19 35 34 44 8 36 2 49 43 6 16 12 30 27 4 14 37 7 25 29 20 9 5 26 33 28 23 50 15 47 48 38 45 39 17 10 21 31 32 22 

Inst_Index:4389 	 City_Num:50 	 Concorde:5.906766 	 MCTS:5.906766 Improve:0.000000 	 Time:3.76 Seconds
Solution: 1 4 22 6 8 18 33 23 17 21 38 5 24 39 36 34 13 46 15 7 43 2 37 28 48 45 9 26 19 20 14 49 10 11 30 40 12 32 27 29 44 3 35 25 41 50 16 42 31 47 

Inst_Index:4390 	 City_Num:50 	 Concorde:5.391133 	 MCTS:5.391133 Improve:0.000000 	 Time:3.77 Seconds
Solution: 1 41 16 9 25 12 33 5 38 26 22 13 48 19 4 30 7 15 18 37 23 31 40 28 29 11 35 27 17 3 14 34 24 42 43 20 39 21 45 44 46 8 49 47 2 32 36 50 6 10 

Inst_Index:4391 	 City_Num:50 	 Concorde:5.852349 	 MCTS:5.852349 Improve:0.000000 	 Time:3.76 Seconds
Solution: 1 15 29 50 46 39 36 2 37 7 48 38 14 24 9 32 17 34 33 42 11 21 20 26 12 35 5 30 4 31 27 19 3 22 16 44 13 49 10 18 28 47 25 41 40 23 6 43 8 45 

Inst_Index:4392 	 City_Num:50 	 Concorde:6.067546 	 MCTS:6.064717 Improve:0.002829 	 Time:3.76 Seconds
Solution: 1 26 46 37 14 23 50 47 6 4 34 5 35 8 31 3 43 20 7 2 33 19 18 24 9 16 12 30 28 11 45 40 21 38 29 44 10 27 36 49 41 32 13 48 22 17 42 39 25 15 

Inst_Index:4393 	 City_Num:50 	 Concorde:5.908470 	 MCTS:5.908470 Improve:-0.000000 	 Time:3.78 Seconds
Solution: 1 41 18 47 40 7 37 6 42 8 21 33 50 17 39 29 20 15 2 9 43 11 19 22 36 45 48 34 16 32 4 3 25 14 24 26 27 31 5 46 35 23 13 10 30 12 38 28 49 44 

Inst_Index:4394 	 City_Num:50 	 Concorde:5.581582 	 MCTS:5.581582 Improve:0.000000 	 Time:3.76 Seconds
Solution: 1 39 8 26 12 2 34 5 24 38 18 37 33 9 42 45 6 48 49 47 43 25 11 41 36 27 35 19 30 17 3 29 20 22 28 7 31 46 32 40 15 16 10 23 14 21 44 4 13 50 

Inst_Index:4395 	 City_Num:50 	 Concorde:5.913169 	 MCTS:5.908790 Improve:0.004379 	 Time:3.78 Seconds
Solution: 1 4 42 19 35 41 14 27 8 34 16 7 23 28 6 37 11 39 33 32 30 38 10 49 46 48 9 15 44 24 36 17 26 22 40 47 13 21 2 18 12 3 20 31 43 50 29 45 5 25 

Inst_Index:4396 	 City_Num:50 	 Concorde:5.483932 	 MCTS:5.483932 Improve:0.000000 	 Time:3.75 Seconds
Solution: 1 48 46 18 28 39 9 43 49 17 47 42 15 41 37 32 21 5 50 20 12 34 8 16 30 25 6 40 23 13 31 10 38 11 33 3 19 24 36 22 27 4 14 35 2 45 26 7 44 29 

Inst_Index:4397 	 City_Num:50 	 Concorde:5.994667 	 MCTS:5.994667 Improve:-0.000000 	 Time:3.75 Seconds
Solution: 1 30 32 6 25 47 37 10 14 2 38 44 21 26 50 11 20 17 49 41 5 15 35 16 8 45 4 34 39 22 9 3 29 24 36 48 19 27 23 28 33 31 7 13 43 18 46 40 12 42 

Inst_Index:4398 	 City_Num:50 	 Concorde:5.867972 	 MCTS:5.867972 Improve:-0.000000 	 Time:3.77 Seconds
Solution: 1 17 40 24 6 5 22 46 43 41 39 18 9 35 20 34 23 32 45 10 25 48 42 28 30 31 19 12 3 50 2 44 36 49 15 38 4 14 26 7 16 33 47 27 29 11 13 21 8 37 

Inst_Index:4399 	 City_Num:50 	 Concorde:5.623168 	 MCTS:5.618504 Improve:0.004664 	 Time:3.78 Seconds
Solution: 1 20 33 6 27 22 40 45 37 48 32 49 42 29 50 21 30 31 10 26 14 12 4 39 36 16 23 9 24 5 7 2 13 11 18 3 8 28 19 43 17 38 15 34 44 35 25 46 47 41 

Inst_Index:4400 	 City_Num:50 	 Concorde:5.766760 	 MCTS:5.766760 Improve:0.000000 	 Time:3.75 Seconds
Solution: 1 18 45 50 27 35 9 32 43 24 36 38 49 14 20 25 15 39 12 16 3 8 29 40 7 10 19 21 37 30 31 6 44 23 46 17 4 33 22 48 34 11 13 2 28 5 26 41 42 47 

Inst_Index:4401 	 City_Num:50 	 Concorde:5.945930 	 MCTS:5.940693 Improve:0.005237 	 Time:3.76 Seconds
Solution: 1 21 23 24 48 27 26 25 45 47 41 7 29 4 31 14 44 49 38 37 34 32 36 6 33 39 50 11 42 46 15 10 40 3 18 16 8 30 13 28 22 35 17 20 5 2 9 19 12 43 

Inst_Index:4402 	 City_Num:50 	 Concorde:5.594746 	 MCTS:5.594746 Improve:-0.000000 	 Time:3.76 Seconds
Solution: 1 45 12 4 15 40 43 18 28 21 9 49 2 13 14 7 36 22 31 17 24 37 30 23 39 34 5 29 25 8 38 27 41 16 11 20 35 6 19 44 48 46 32 26 50 42 33 3 10 47 

Inst_Index:4403 	 City_Num:50 	 Concorde:5.668306 	 MCTS:5.667980 Improve:0.000325 	 Time:3.76 Seconds
Solution: 1 43 10 42 45 50 12 13 32 15 48 5 36 8 39 6 37 19 31 47 30 7 3 21 26 35 49 40 29 46 16 4 28 18 14 38 22 25 34 33 2 44 11 23 27 9 17 24 20 41 

Inst_Index:4404 	 City_Num:50 	 Concorde:5.938562 	 MCTS:5.933159 Improve:0.005403 	 Time:3.76 Seconds
Solution: 1 24 47 7 25 36 29 15 30 32 21 20 8 38 4 9 13 16 14 49 18 35 26 23 44 2 33 34 42 48 3 45 41 12 37 5 19 22 31 27 46 43 10 28 6 17 39 40 50 11 

Inst_Index:4405 	 City_Num:50 	 Concorde:5.717603 	 MCTS:5.714305 Improve:0.003298 	 Time:3.76 Seconds
Solution: 1 29 45 47 32 26 27 50 42 25 33 18 49 24 43 23 8 12 5 34 21 30 37 28 41 19 4 2 14 13 17 38 39 11 3 44 6 35 36 15 46 9 20 22 48 16 7 40 31 10 

Inst_Index:4406 	 City_Num:50 	 Concorde:5.949894 	 MCTS:5.949894 Improve:0.000000 	 Time:3.78 Seconds
Solution: 1 18 36 42 32 47 9 13 16 23 41 20 8 40 5 25 33 46 37 11 39 17 10 6 4 12 31 48 45 24 29 7 15 22 2 27 44 3 49 38 28 21 26 19 35 14 30 34 43 50 

Inst_Index:4407 	 City_Num:50 	 Concorde:5.810973 	 MCTS:5.810973 Improve:0.000000 	 Time:3.76 Seconds
Solution: 1 15 14 35 40 24 19 36 46 48 47 34 13 32 43 28 10 6 16 7 12 29 25 30 27 42 18 26 44 37 20 50 38 9 45 5 41 31 22 8 2 33 11 21 17 23 3 39 49 4 

Inst_Index:4408 	 City_Num:50 	 Concorde:5.875301 	 MCTS:5.875301 Improve:0.000000 	 Time:3.78 Seconds
Solution: 1 2 22 17 9 7 50 33 23 46 6 41 15 36 5 28 24 20 4 18 45 3 48 40 42 19 47 37 13 8 12 27 44 39 38 32 10 14 21 34 30 16 11 35 29 26 43 31 25 49 

Inst_Index:4409 	 City_Num:50 	 Concorde:5.724254 	 MCTS:5.724254 Improve:0.000000 	 Time:3.77 Seconds
Solution: 1 31 44 5 10 14 50 38 6 37 8 49 20 40 30 29 18 39 41 24 11 28 16 25 7 21 19 13 33 27 48 42 35 43 47 9 22 26 17 3 45 15 34 36 12 32 4 2 23 46 

Inst_Index:4410 	 City_Num:50 	 Concorde:6.313054 	 MCTS:6.313054 Improve:0.000000 	 Time:3.76 Seconds
Solution: 1 43 5 7 9 11 10 23 29 44 50 8 21 35 19 39 4 31 28 34 14 46 3 17 37 32 24 6 41 18 40 12 49 15 20 48 47 36 45 27 25 26 38 33 42 2 30 13 22 16 

Inst_Index:4411 	 City_Num:50 	 Concorde:5.657788 	 MCTS:5.657788 Improve:0.000000 	 Time:3.77 Seconds
Solution: 1 28 42 49 22 4 29 34 47 36 10 14 2 11 50 15 5 19 45 30 31 8 44 17 33 26 13 40 46 20 23 41 18 48 43 32 12 37 6 21 35 16 27 3 9 7 25 38 39 24 

Inst_Index:4412 	 City_Num:50 	 Concorde:5.496384 	 MCTS:5.496384 Improve:0.000000 	 Time:3.75 Seconds
Solution: 1 29 50 3 34 27 40 8 7 46 25 41 5 14 43 13 9 20 33 45 36 42 48 24 30 32 12 49 21 11 26 47 10 23 28 4 18 2 15 16 22 19 37 17 39 44 31 38 35 6 

Inst_Index:4413 	 City_Num:50 	 Concorde:5.388097 	 MCTS:5.388097 Improve:0.000000 	 Time:3.76 Seconds
Solution: 1 27 3 21 15 41 29 31 5 43 16 32 37 34 44 45 8 7 48 33 2 28 18 17 30 47 14 6 11 20 35 42 24 23 12 50 19 26 49 39 38 10 13 22 36 46 40 25 4 9 

Inst_Index:4414 	 City_Num:50 	 Concorde:5.949513 	 MCTS:5.937954 Improve:0.011559 	 Time:3.76 Seconds
Solution: 1 2 36 7 23 45 26 39 21 18 47 3 12 25 42 37 31 41 13 19 50 34 20 33 24 32 6 46 44 14 38 22 28 11 35 5 9 40 27 48 49 29 17 15 4 43 16 8 30 10 

Inst_Index:4415 	 City_Num:50 	 Concorde:5.812620 	 MCTS:5.812254 Improve:0.000367 	 Time:3.76 Seconds
Solution: 1 47 9 16 43 7 8 22 42 11 31 46 44 36 35 33 13 10 48 41 24 14 39 29 32 49 15 38 45 28 5 50 23 37 26 27 40 6 2 12 25 18 17 34 3 4 30 20 21 19 

Inst_Index:4416 	 City_Num:50 	 Concorde:5.230241 	 MCTS:5.230241 Improve:0.000000 	 Time:3.77 Seconds
Solution: 1 45 17 19 11 33 39 20 26 3 6 32 28 43 23 25 27 48 7 18 2 34 50 13 42 21 47 16 22 29 44 38 15 9 36 14 5 40 41 35 12 37 24 10 4 31 49 8 30 46 

Inst_Index:4417 	 City_Num:50 	 Concorde:5.735195 	 MCTS:5.731652 Improve:0.003543 	 Time:3.76 Seconds
Solution: 1 14 23 38 4 2 36 30 22 8 28 17 43 45 15 21 44 32 7 12 40 27 26 35 46 39 5 3 9 19 33 29 10 24 48 25 34 20 31 13 11 16 49 37 18 41 6 50 47 42 

Inst_Index:4418 	 City_Num:50 	 Concorde:5.620763 	 MCTS:5.620763 Improve:-0.000000 	 Time:3.76 Seconds
Solution: 1 27 50 2 8 20 9 45 5 41 31 30 6 29 12 34 39 44 18 4 46 37 36 33 32 35 48 3 7 14 17 16 40 28 10 38 11 22 24 21 25 13 43 42 23 49 19 47 26 15 

Inst_Index:4419 	 City_Num:50 	 Concorde:5.907079 	 MCTS:5.904895 Improve:0.002184 	 Time:3.76 Seconds
Solution: 1 18 41 11 40 46 20 8 44 42 14 27 19 2 28 17 33 21 26 7 30 39 50 10 12 49 29 23 47 9 6 16 35 5 3 32 31 36 15 4 13 37 38 34 48 22 43 24 25 45 

Inst_Index:4420 	 City_Num:50 	 Concorde:5.865267 	 MCTS:5.854796 Improve:0.010471 	 Time:3.76 Seconds
Solution: 1 18 37 8 41 21 47 48 5 4 36 31 9 23 38 28 17 25 12 22 24 16 29 49 30 44 33 45 11 19 15 34 2 39 43 6 10 40 42 46 7 50 14 35 20 27 3 13 26 32 

Inst_Index:4421 	 City_Num:50 	 Concorde:5.731473 	 MCTS:5.731473 Improve:0.000000 	 Time:3.76 Seconds
Solution: 1 29 46 47 4 15 43 31 11 33 42 2 17 23 8 32 45 35 37 34 50 20 22 38 12 14 18 26 27 16 36 9 24 13 10 21 6 7 39 40 5 19 48 3 44 49 28 25 41 30 

Inst_Index:4422 	 City_Num:50 	 Concorde:5.644686 	 MCTS:5.644686 Improve:-0.000000 	 Time:3.76 Seconds
Solution: 1 43 16 29 30 46 3 23 47 9 27 42 28 25 31 26 19 10 18 13 32 15 39 45 24 17 50 21 34 35 38 5 41 14 8 2 11 7 20 40 48 37 4 49 12 33 22 36 6 44 

Inst_Index:4423 	 City_Num:50 	 Concorde:5.539042 	 MCTS:5.529600 Improve:0.009442 	 Time:3.77 Seconds
Solution: 1 40 45 7 30 36 35 5 46 18 15 10 28 47 25 41 19 9 32 38 4 14 24 20 12 27 33 42 50 21 39 13 26 29 44 37 17 2 31 49 8 48 22 6 23 34 11 16 43 3 

Inst_Index:4424 	 City_Num:50 	 Concorde:5.540587 	 MCTS:5.540587 Improve:-0.000000 	 Time:3.75 Seconds
Solution: 1 16 24 42 10 20 38 35 32 13 44 4 8 12 46 27 39 3 2 18 36 22 33 30 48 37 21 6 11 29 34 17 43 15 47 26 25 45 49 9 40 41 28 23 14 5 31 19 7 50 

Inst_Index:4425 	 City_Num:50 	 Concorde:5.645002 	 MCTS:5.640548 Improve:0.004454 	 Time:3.76 Seconds
Solution: 1 39 41 16 13 21 29 47 18 50 40 19 7 27 36 10 49 24 31 26 8 11 32 9 28 4 3 38 43 42 2 6 44 34 25 35 23 15 12 14 5 45 30 20 33 37 17 46 48 22 

Inst_Index:4426 	 City_Num:50 	 Concorde:5.818990 	 MCTS:5.818990 Improve:0.000000 	 Time:3.76 Seconds
Solution: 1 46 10 39 44 43 23 37 17 40 48 22 30 2 34 31 50 45 18 6 41 14 8 47 15 25 42 32 19 35 49 26 12 4 11 20 5 38 36 13 29 21 16 3 24 28 27 33 9 7 

Inst_Index:4427 	 City_Num:50 	 Concorde:6.000117 	 MCTS:5.993944 Improve:0.006173 	 Time:3.77 Seconds
Solution: 1 36 25 15 13 11 31 5 21 20 44 28 6 32 10 22 38 30 47 4 17 12 8 29 2 42 9 46 7 40 41 45 43 27 48 24 3 23 35 19 26 34 14 33 37 39 50 49 16 18 

Inst_Index:4428 	 City_Num:50 	 Concorde:5.701644 	 MCTS:5.699819 Improve:0.001825 	 Time:3.76 Seconds
Solution: 1 21 7 30 13 40 50 8 37 18 2 29 35 9 27 38 42 15 43 45 32 19 33 31 5 6 3 47 48 46 34 25 12 39 20 26 49 4 17 23 11 14 22 44 28 41 16 10 24 36 

Inst_Index:4429 	 City_Num:50 	 Concorde:6.150013 	 MCTS:6.150013 Improve:-0.000000 	 Time:3.78 Seconds
Solution: 1 9 14 21 7 48 37 3 38 12 41 49 47 2 16 6 5 50 29 17 8 34 31 22 26 18 15 46 42 44 23 36 27 45 11 43 10 24 30 40 13 28 4 35 33 19 20 25 39 32 

Inst_Index:4430 	 City_Num:50 	 Concorde:5.646122 	 MCTS:5.646122 Improve:-0.000000 	 Time:3.76 Seconds
Solution: 1 17 11 45 29 18 13 32 26 3 23 25 39 16 24 20 50 27 19 37 31 34 48 35 10 2 47 8 38 42 44 33 49 21 12 36 30 41 9 46 40 4 15 7 6 43 14 5 22 28 

Inst_Index:4431 	 City_Num:50 	 Concorde:5.491493 	 MCTS:5.487236 Improve:0.004257 	 Time:3.75 Seconds
Solution: 1 2 18 32 34 37 33 48 47 19 12 44 14 41 35 30 7 26 5 39 3 49 22 9 40 6 43 24 10 13 11 17 45 29 36 46 21 38 15 50 31 28 25 20 16 4 8 42 27 23 

Inst_Index:4432 	 City_Num:50 	 Concorde:5.612306 	 MCTS:5.612306 Improve:-0.000000 	 Time:3.75 Seconds
Solution: 1 40 6 9 18 37 29 49 33 2 7 44 39 41 38 45 28 3 5 23 4 47 34 21 11 16 17 36 25 24 19 15 42 22 20 48 35 8 30 13 27 31 50 12 14 26 32 46 43 10 

Inst_Index:4433 	 City_Num:50 	 Concorde:5.335678 	 MCTS:5.335678 Improve:0.000000 	 Time:3.78 Seconds
Solution: 1 38 12 20 47 50 26 6 21 3 18 36 35 22 9 34 24 15 10 42 27 30 37 29 49 13 5 7 11 45 19 23 17 39 25 28 40 32 31 8 2 43 33 48 46 41 16 44 14 4 

Inst_Index:4434 	 City_Num:50 	 Concorde:5.847185 	 MCTS:5.837537 Improve:0.009648 	 Time:3.76 Seconds
Solution: 1 20 24 48 12 27 33 14 49 4 11 22 29 45 47 36 3 9 43 32 7 42 46 34 15 18 6 40 39 13 10 5 35 2 23 26 21 16 44 28 37 17 25 50 8 41 19 31 30 38 

Inst_Index:4435 	 City_Num:50 	 Concorde:6.075473 	 MCTS:6.075152 Improve:0.000321 	 Time:3.77 Seconds
Solution: 1 34 20 38 13 35 32 46 2 23 37 7 43 36 15 28 4 48 9 24 47 41 3 29 49 18 17 42 11 5 12 6 39 8 31 26 10 44 16 25 19 40 21 45 27 33 30 50 14 22 

Inst_Index:4436 	 City_Num:50 	 Concorde:5.567060 	 MCTS:5.567060 Improve:0.000000 	 Time:3.75 Seconds
Solution: 1 49 22 39 41 30 50 17 27 28 24 32 18 42 8 40 14 20 5 45 13 7 4 19 36 47 15 46 33 35 10 44 23 25 21 16 34 48 11 29 38 3 12 37 31 43 6 2 9 26 

Inst_Index:4437 	 City_Num:50 	 Concorde:5.696252 	 MCTS:5.696252 Improve:0.000000 	 Time:3.77 Seconds
Solution: 1 39 2 47 13 14 7 33 29 32 41 4 8 31 37 18 6 46 5 42 43 26 12 49 24 9 23 44 45 19 16 25 10 21 38 36 28 40 48 11 3 17 50 30 27 15 20 34 35 22 

Inst_Index:4438 	 City_Num:50 	 Concorde:5.749310 	 MCTS:5.749310 Improve:0.000000 	 Time:3.77 Seconds
Solution: 1 17 6 40 4 16 28 50 10 34 35 26 39 9 18 43 24 47 19 31 27 11 14 48 49 22 46 33 37 7 29 32 38 30 36 42 15 41 12 20 8 3 23 21 13 45 2 5 25 44 

Inst_Index:4439 	 City_Num:50 	 Concorde:5.645581 	 MCTS:5.645581 Improve:-0.000000 	 Time:3.75 Seconds
Solution: 1 4 2 29 18 12 43 28 48 3 44 15 10 49 30 41 25 27 22 33 23 47 50 24 36 8 13 46 45 6 38 19 17 32 42 5 11 26 40 20 14 39 21 37 34 35 16 7 9 31 

Inst_Index:4440 	 City_Num:50 	 Concorde:5.083041 	 MCTS:5.083041 Improve:0.000000 	 Time:3.76 Seconds
Solution: 1 9 20 4 31 16 45 2 17 28 25 42 22 35 26 30 47 41 14 36 44 8 29 50 15 40 6 38 48 11 10 49 23 43 12 32 39 3 34 7 13 37 33 27 46 5 18 24 19 21 

Inst_Index:4441 	 City_Num:50 	 Concorde:5.505763 	 MCTS:5.504690 Improve:0.001074 	 Time:3.76 Seconds
Solution: 1 40 25 37 50 41 36 33 5 15 29 45 9 24 48 2 42 38 6 30 12 27 7 43 44 32 20 13 4 35 17 18 22 8 34 10 46 49 28 16 26 39 23 11 19 47 3 14 21 31 

Inst_Index:4442 	 City_Num:50 	 Concorde:5.640447 	 MCTS:5.640447 Improve:-0.000000 	 Time:3.75 Seconds
Solution: 1 23 14 44 3 8 43 15 20 22 16 7 10 13 34 19 32 45 11 2 17 35 28 33 46 48 18 50 42 38 41 47 6 25 40 5 26 24 39 36 31 21 12 37 9 4 30 29 27 49 

Inst_Index:4443 	 City_Num:50 	 Concorde:5.950983 	 MCTS:5.950983 Improve:-0.000000 	 Time:3.75 Seconds
Solution: 1 48 10 16 39 50 46 17 21 35 44 24 29 47 18 41 38 31 13 15 5 20 3 6 19 42 22 14 9 7 30 45 40 49 4 37 26 2 11 23 28 27 33 36 32 34 8 12 43 25 

Inst_Index:4444 	 City_Num:50 	 Concorde:5.025663 	 MCTS:5.025663 Improve:0.000000 	 Time:3.75 Seconds
Solution: 1 25 34 45 5 16 50 18 41 43 35 4 33 23 27 44 30 40 9 26 24 29 36 28 13 37 17 38 46 8 7 10 19 11 2 47 14 15 12 6 48 22 3 39 20 49 21 32 42 31 

Inst_Index:4445 	 City_Num:50 	 Concorde:5.770284 	 MCTS:5.769283 Improve:0.001001 	 Time:3.76 Seconds
Solution: 1 31 38 44 47 37 25 42 6 41 12 4 43 19 33 14 22 32 30 8 24 48 15 50 46 29 13 40 7 2 39 17 45 20 9 10 21 16 49 3 34 26 28 36 27 5 23 11 18 35 

Inst_Index:4446 	 City_Num:50 	 Concorde:6.149670 	 MCTS:6.148988 Improve:0.000682 	 Time:3.75 Seconds
Solution: 1 29 37 27 24 12 17 15 13 31 2 41 6 34 32 4 18 26 19 9 21 46 40 20 10 45 48 43 5 3 42 44 49 36 47 14 50 30 23 22 39 11 38 8 28 25 35 16 7 33 

Inst_Index:4447 	 City_Num:50 	 Concorde:5.960663 	 MCTS:5.960663 Improve:0.000000 	 Time:3.76 Seconds
Solution: 1 11 6 42 26 41 3 50 20 31 13 12 29 7 33 40 27 43 34 46 45 10 48 36 8 37 18 28 16 39 49 4 19 30 14 21 15 9 35 2 47 23 17 22 25 32 5 24 44 38 

Inst_Index:4448 	 City_Num:50 	 Concorde:5.764669 	 MCTS:5.762244 Improve:0.002425 	 Time:3.76 Seconds
Solution: 1 8 34 3 44 14 7 42 22 45 28 13 37 2 24 21 4 29 33 39 25 50 43 48 40 17 47 49 41 31 23 12 46 38 5 32 19 26 30 35 16 15 27 10 9 36 11 20 18 6 

Inst_Index:4449 	 City_Num:50 	 Concorde:5.511445 	 MCTS:5.511445 Improve:0.000000 	 Time:3.76 Seconds
Solution: 1 5 19 45 20 2 3 4 49 23 9 30 50 6 22 16 8 14 42 40 28 26 36 44 12 32 15 21 38 24 46 10 31 39 43 33 37 17 11 47 29 48 34 25 7 27 41 18 13 35 

Inst_Index:4450 	 City_Num:50 	 Concorde:5.707326 	 MCTS:5.706095 Improve:0.001231 	 Time:3.76 Seconds
Solution: 1 21 11 40 16 29 17 32 13 7 47 6 37 49 26 5 28 25 18 3 24 8 19 22 14 9 27 38 46 2 31 34 10 30 12 23 41 35 33 45 50 20 39 48 43 15 42 44 4 36 

Inst_Index:4451 	 City_Num:50 	 Concorde:5.825437 	 MCTS:5.825437 Improve:0.000000 	 Time:3.76 Seconds
Solution: 1 7 26 6 48 2 17 46 21 12 11 37 35 44 16 39 5 30 45 41 36 43 22 25 31 40 34 3 9 47 13 32 4 23 49 10 50 29 38 27 33 28 15 19 8 24 20 42 14 18 

Inst_Index:4452 	 City_Num:50 	 Concorde:5.790109 	 MCTS:5.789008 Improve:0.001100 	 Time:3.76 Seconds
Solution: 1 49 24 38 3 4 19 43 34 29 6 27 46 39 18 26 25 37 40 17 15 33 14 30 50 32 44 23 13 47 20 35 5 12 16 48 31 11 42 8 22 36 9 10 28 21 45 41 2 7 

Inst_Index:4453 	 City_Num:50 	 Concorde:5.290840 	 MCTS:5.290840 Improve:0.000000 	 Time:3.76 Seconds
Solution: 1 20 42 16 6 44 50 17 19 4 8 9 31 25 33 37 27 49 14 47 48 36 15 35 34 18 12 28 29 40 45 30 39 24 41 10 3 5 2 38 26 22 43 21 32 46 13 23 7 11 

Inst_Index:4454 	 City_Num:50 	 Concorde:5.567632 	 MCTS:5.567632 Improve:0.000000 	 Time:3.75 Seconds
Solution: 1 13 47 16 48 39 41 18 28 10 19 35 33 24 44 26 2 25 23 11 5 27 20 50 9 21 3 42 45 40 37 17 46 14 12 31 34 15 6 30 38 7 32 29 36 8 22 4 43 49 

Inst_Index:4455 	 City_Num:50 	 Concorde:5.705246 	 MCTS:5.705246 Improve:0.000000 	 Time:3.75 Seconds
Solution: 1 45 20 41 49 42 16 37 3 43 30 5 11 35 24 25 36 8 33 32 14 2 46 7 23 28 48 18 9 38 50 39 4 10 22 34 15 26 13 19 44 17 12 21 31 47 27 40 6 29 

Inst_Index:4456 	 City_Num:50 	 Concorde:5.896922 	 MCTS:5.896922 Improve:0.000000 	 Time:3.77 Seconds
Solution: 1 50 3 45 29 2 18 31 8 40 21 15 22 26 20 23 28 35 17 4 37 32 43 41 9 38 47 12 16 6 13 19 10 11 48 33 49 34 44 30 25 24 42 27 14 46 5 7 39 36 

Inst_Index:4457 	 City_Num:50 	 Concorde:5.767078 	 MCTS:5.766642 Improve:0.000436 	 Time:3.75 Seconds
Solution: 1 28 47 43 48 6 42 35 7 11 3 5 26 2 33 36 10 17 27 39 25 34 49 21 18 12 20 44 46 8 13 50 29 24 31 9 23 15 14 41 40 38 16 37 45 30 32 4 19 22 

Inst_Index:4458 	 City_Num:50 	 Concorde:5.931466 	 MCTS:5.926712 Improve:0.004754 	 Time:3.76 Seconds
Solution: 1 9 18 31 25 12 36 6 27 47 40 29 16 30 2 32 8 7 3 28 4 50 37 10 26 23 11 17 21 43 14 34 19 13 39 48 41 49 38 15 45 22 5 24 42 44 46 33 20 35 

Inst_Index:4459 	 City_Num:50 	 Concorde:5.041085 	 MCTS:5.041085 Improve:0.000000 	 Time:3.76 Seconds
Solution: 1 15 36 30 25 19 29 37 24 32 31 39 38 14 21 34 50 48 22 45 8 7 40 33 26 20 6 49 11 46 10 42 4 44 28 17 23 12 35 16 43 47 3 9 2 27 41 5 13 18 

Inst_Index:4460 	 City_Num:50 	 Concorde:5.973205 	 MCTS:5.973205 Improve:-0.000000 	 Time:3.75 Seconds
Solution: 1 15 25 44 50 14 38 11 40 7 20 5 21 22 33 2 49 47 39 46 6 18 43 9 10 3 17 31 36 8 28 32 4 29 37 48 34 23 30 35 42 41 19 24 16 12 27 13 45 26 

Inst_Index:4461 	 City_Num:50 	 Concorde:5.768943 	 MCTS:5.768943 Improve:0.000000 	 Time:3.77 Seconds
Solution: 1 31 37 15 20 27 17 6 2 32 19 35 5 46 43 24 13 40 16 44 38 47 33 3 48 21 50 36 18 25 23 49 41 7 29 22 34 14 26 39 28 4 10 8 11 45 12 42 30 9 

Inst_Index:4462 	 City_Num:50 	 Concorde:6.038230 	 MCTS:6.038230 Improve:0.000000 	 Time:3.76 Seconds
Solution: 1 44 28 49 47 7 38 45 9 2 11 40 25 34 42 46 3 26 6 17 23 20 16 36 5 50 24 8 12 33 37 35 29 41 39 14 22 32 18 15 27 31 43 19 10 21 13 48 4 30 

Inst_Index:4463 	 City_Num:50 	 Concorde:5.557785 	 MCTS:5.557785 Improve:-0.000000 	 Time:3.75 Seconds
Solution: 1 40 11 50 19 29 7 3 37 9 45 21 13 31 6 26 36 17 42 22 49 27 16 32 41 33 34 5 24 2 18 14 15 38 20 4 12 39 8 43 23 25 35 10 30 48 47 44 46 28 

Inst_Index:4464 	 City_Num:50 	 Concorde:5.746298 	 MCTS:5.744738 Improve:0.001560 	 Time:3.76 Seconds
Solution: 1 45 50 25 4 21 12 39 10 5 20 17 46 9 47 23 8 38 28 30 33 34 14 35 19 24 7 6 22 29 13 43 16 40 48 2 26 41 27 18 44 42 32 36 31 11 49 3 15 37 

Inst_Index:4465 	 City_Num:50 	 Concorde:5.910998 	 MCTS:5.910998 Improve:-0.000000 	 Time:3.76 Seconds
Solution: 1 12 8 37 23 7 50 30 14 6 13 43 33 48 20 41 26 17 18 42 34 40 39 47 44 35 36 15 24 38 4 45 46 31 11 25 2 3 32 10 9 29 5 28 21 16 22 19 49 27 

Inst_Index:4466 	 City_Num:50 	 Concorde:5.973882 	 MCTS:5.973882 Improve:0.000000 	 Time:3.76 Seconds
Solution: 1 46 13 10 31 40 26 3 49 45 5 28 17 36 4 35 34 47 48 6 38 12 44 33 19 41 11 39 8 22 15 14 42 27 9 24 20 50 16 43 21 2 32 18 25 37 29 30 23 7 

Inst_Index:4467 	 City_Num:50 	 Concorde:5.456681 	 MCTS:5.456681 Improve:-0.000000 	 Time:3.75 Seconds
Solution: 1 5 7 30 41 10 40 26 32 11 4 8 33 3 19 12 21 25 28 20 35 22 47 6 14 43 48 9 46 16 36 27 29 18 44 37 39 31 17 42 24 23 38 34 2 50 13 45 49 15 

Inst_Index:4468 	 City_Num:50 	 Concorde:5.668555 	 MCTS:5.668555 Improve:0.000000 	 Time:3.76 Seconds
Solution: 1 38 27 12 21 36 9 49 17 24 50 5 22 44 13 6 34 31 32 20 19 42 40 2 18 28 43 15 29 33 10 23 41 25 26 30 39 35 45 16 47 8 3 4 37 48 14 7 46 11 

Inst_Index:4469 	 City_Num:50 	 Concorde:5.539276 	 MCTS:5.539276 Improve:-0.000000 	 Time:3.76 Seconds
Solution: 1 24 40 32 15 19 33 8 2 25 46 20 7 23 50 41 22 11 13 48 30 14 45 9 29 18 27 5 35 36 17 44 10 38 34 28 49 47 6 31 26 12 3 42 16 39 43 4 21 37 

Inst_Index:4470 	 City_Num:50 	 Concorde:5.726943 	 MCTS:5.722246 Improve:0.004697 	 Time:3.75 Seconds
Solution: 1 22 47 17 42 44 20 9 43 16 37 33 21 45 3 5 7 34 11 32 6 26 25 19 13 18 8 50 49 23 48 14 4 29 31 35 39 38 10 24 40 27 41 15 28 46 2 36 30 12 

Inst_Index:4471 	 City_Num:50 	 Concorde:5.672966 	 MCTS:5.672966 Improve:-0.000000 	 Time:3.75 Seconds
Solution: 1 20 35 2 19 3 25 50 38 11 27 13 21 34 33 16 12 22 9 40 28 48 46 41 29 26 31 45 44 47 36 14 5 23 17 6 4 32 37 39 7 8 42 18 49 10 43 24 15 30 

Inst_Index:4472 	 City_Num:50 	 Concorde:5.980459 	 MCTS:5.980459 Improve:0.000000 	 Time:3.77 Seconds
Solution: 1 9 36 39 30 40 37 31 47 25 16 43 21 27 45 46 8 15 6 42 12 41 38 20 5 11 50 22 4 32 13 10 24 19 2 23 29 33 34 7 17 49 48 18 44 26 3 35 14 28 

Inst_Index:4473 	 City_Num:50 	 Concorde:5.804395 	 MCTS:5.804105 Improve:0.000290 	 Time:3.75 Seconds
Solution: 1 50 46 44 16 39 14 4 17 43 3 8 47 35 15 10 40 42 48 6 21 49 45 5 22 18 33 24 23 31 11 25 41 37 26 28 2 32 29 19 36 7 34 9 27 12 20 38 30 13 

Inst_Index:4474 	 City_Num:50 	 Concorde:6.083809 	 MCTS:6.083809 Improve:-0.000000 	 Time:3.76 Seconds
Solution: 1 10 23 5 31 46 38 32 47 22 13 43 39 18 30 24 8 45 21 37 7 41 19 11 49 29 40 14 16 34 3 17 2 25 33 27 50 36 35 12 44 9 20 28 26 42 4 48 15 6 

Inst_Index:4475 	 City_Num:50 	 Concorde:5.535594 	 MCTS:5.535594 Improve:0.000000 	 Time:3.75 Seconds
Solution: 1 12 11 35 2 34 50 39 20 46 29 26 16 43 30 19 13 3 7 37 36 49 28 21 10 22 47 31 9 15 41 5 6 42 32 33 14 40 38 23 48 18 45 24 4 44 8 25 27 17 

Inst_Index:4476 	 City_Num:50 	 Concorde:5.823093 	 MCTS:5.823093 Improve:0.000000 	 Time:3.76 Seconds
Solution: 1 4 15 45 49 2 19 31 10 42 22 30 14 18 17 12 16 34 40 23 41 21 44 43 39 25 37 47 50 46 26 35 3 38 24 29 27 9 36 6 48 28 20 8 33 7 32 11 13 5 

Inst_Index:4477 	 City_Num:50 	 Concorde:5.521042 	 MCTS:5.521042 Improve:0.000000 	 Time:3.75 Seconds
Solution: 1 32 20 24 47 37 21 25 27 34 5 16 22 18 41 11 29 33 28 17 44 2 50 31 49 10 48 35 8 3 15 19 14 26 39 40 23 42 7 38 46 36 4 6 13 43 30 45 12 9 

Inst_Index:4478 	 City_Num:50 	 Concorde:5.012906 	 MCTS:5.012906 Improve:-0.000000 	 Time:3.76 Seconds
Solution: 1 5 31 9 16 7 20 11 41 30 28 32 38 19 18 15 49 17 43 45 13 47 8 10 36 12 6 14 21 29 44 37 48 35 39 34 23 50 22 2 33 27 24 40 3 42 26 4 25 46 

Inst_Index:4479 	 City_Num:50 	 Concorde:5.455023 	 MCTS:5.455023 Improve:0.000000 	 Time:3.76 Seconds
Solution: 1 5 26 45 19 25 29 11 23 38 36 15 37 46 39 35 20 47 9 14 17 24 34 10 43 12 42 2 6 33 48 3 32 4 13 41 7 21 49 50 28 44 16 30 27 22 18 40 8 31 

Inst_Index:4480 	 City_Num:50 	 Concorde:5.949210 	 MCTS:5.949210 Improve:-0.000000 	 Time:3.75 Seconds
Solution: 1 39 2 10 7 21 19 41 6 42 18 40 9 26 24 47 31 25 27 5 14 16 29 13 28 4 44 8 12 32 15 38 48 36 49 33 46 37 3 17 11 50 22 30 20 43 45 34 35 23 

Inst_Index:4481 	 City_Num:50 	 Concorde:5.552852 	 MCTS:5.552852 Improve:0.000000 	 Time:3.76 Seconds
Solution: 1 36 33 12 31 25 34 9 28 39 46 5 44 50 43 35 37 32 2 20 47 8 11 48 27 38 15 3 6 29 7 45 17 41 14 10 22 21 42 40 49 16 23 13 19 24 4 30 18 26 

Inst_Index:4482 	 City_Num:50 	 Concorde:5.710284 	 MCTS:5.702066 Improve:0.008218 	 Time:3.76 Seconds
Solution: 1 35 32 17 11 2 18 4 5 21 41 26 47 39 3 23 34 7 15 9 45 22 33 42 14 30 46 25 37 48 49 40 19 50 6 24 28 29 13 20 10 27 31 12 16 44 38 43 8 36 

Inst_Index:4483 	 City_Num:50 	 Concorde:6.025517 	 MCTS:6.025517 Improve:-0.000000 	 Time:3.78 Seconds
Solution: 1 48 30 31 28 2 15 22 50 49 20 44 11 39 40 47 41 18 24 17 42 32 7 29 12 33 38 34 21 5 25 27 9 35 26 45 23 13 4 46 36 6 3 37 14 43 19 10 16 8 

Inst_Index:4484 	 City_Num:50 	 Concorde:6.032660 	 MCTS:6.018557 Improve:0.014104 	 Time:3.77 Seconds
Solution: 1 7 11 13 48 21 9 31 3 37 29 49 27 47 39 28 17 15 34 43 26 41 16 45 10 30 19 40 2 36 18 32 23 20 50 22 12 42 4 25 5 38 33 8 44 24 46 14 6 35 

Inst_Index:4485 	 City_Num:50 	 Concorde:5.836756 	 MCTS:5.815215 Improve:0.021541 	 Time:3.75 Seconds
Solution: 1 40 3 30 24 22 50 8 18 26 29 20 39 17 11 27 37 14 15 48 23 44 12 46 45 32 28 9 13 16 33 21 5 42 10 7 49 4 47 35 31 34 6 38 25 36 41 19 43 2 

Inst_Index:4486 	 City_Num:50 	 Concorde:5.557545 	 MCTS:5.548301 Improve:0.009244 	 Time:3.75 Seconds
Solution: 1 28 3 49 26 37 17 18 40 24 43 19 50 9 25 22 44 16 33 23 29 20 15 46 48 27 42 10 7 4 45 31 5 39 12 36 41 2 13 38 30 8 14 34 32 35 11 6 47 21 

Inst_Index:4487 	 City_Num:50 	 Concorde:5.187788 	 MCTS:5.187788 Improve:0.000000 	 Time:3.75 Seconds
Solution: 1 22 11 21 10 13 48 16 42 19 30 20 7 43 32 27 24 18 28 33 12 8 29 6 38 36 34 44 2 5 37 25 40 3 35 50 4 23 17 47 49 41 46 9 39 26 31 15 14 45 

Inst_Index:4488 	 City_Num:50 	 Concorde:5.659313 	 MCTS:5.659313 Improve:0.000000 	 Time:3.77 Seconds
Solution: 1 9 13 29 23 8 7 31 28 26 36 24 25 37 15 43 49 47 48 30 10 21 35 19 17 11 45 39 4 27 22 16 3 18 50 6 46 20 41 12 32 40 34 42 5 38 14 2 33 44 

Inst_Index:4489 	 City_Num:50 	 Concorde:5.937948 	 MCTS:5.937948 Improve:-0.000000 	 Time:3.75 Seconds
Solution: 1 9 22 14 48 15 46 4 49 12 41 33 20 42 39 32 36 45 5 29 47 26 38 2 21 7 24 37 35 28 10 13 31 40 16 6 17 23 25 3 50 30 8 11 18 19 27 44 34 43 

Inst_Index:4490 	 City_Num:50 	 Concorde:5.418512 	 MCTS:5.413368 Improve:0.005144 	 Time:3.75 Seconds
Solution: 1 8 46 15 2 22 44 45 42 9 24 38 48 49 29 50 34 27 16 18 13 28 36 37 23 12 35 4 17 6 39 32 26 20 21 7 3 33 41 47 40 10 19 5 14 43 31 25 11 30 

Inst_Index:4491 	 City_Num:50 	 Concorde:5.662292 	 MCTS:5.662292 Improve:-0.000000 	 Time:3.78 Seconds
Solution: 1 40 11 21 14 39 17 13 38 24 9 28 10 18 32 30 25 36 44 27 50 37 49 5 26 3 7 29 19 4 47 2 31 8 48 22 23 46 16 6 41 35 34 45 42 15 20 12 43 33 

Inst_Index:4492 	 City_Num:50 	 Concorde:5.676860 	 MCTS:5.676860 Improve:-0.000000 	 Time:3.75 Seconds
Solution: 1 6 32 14 12 36 3 22 34 28 50 10 48 49 47 11 17 39 27 30 35 2 18 21 45 46 9 40 33 26 16 20 37 31 43 24 19 4 15 29 25 5 8 13 44 7 38 41 42 23 

Inst_Index:4493 	 City_Num:50 	 Concorde:5.985889 	 MCTS:5.985889 Improve:-0.000000 	 Time:3.76 Seconds
Solution: 1 26 34 41 29 27 50 35 36 17 5 15 21 19 2 37 39 4 28 30 38 7 32 22 11 45 25 31 13 47 40 20 33 44 48 46 12 16 18 10 3 14 42 43 49 24 8 23 9 6 

Inst_Index:4494 	 City_Num:50 	 Concorde:6.261128 	 MCTS:6.261128 Improve:0.000000 	 Time:3.77 Seconds
Solution: 1 43 23 8 26 47 11 14 50 38 6 21 27 22 41 39 10 45 12 9 25 16 33 19 37 48 5 24 35 32 36 29 3 20 44 13 2 30 15 31 4 49 7 42 34 18 46 28 17 40 

Inst_Index:4495 	 City_Num:50 	 Concorde:5.800443 	 MCTS:5.800443 Improve:0.000000 	 Time:3.77 Seconds
Solution: 1 7 21 2 33 44 16 29 19 10 24 30 32 4 36 34 43 17 18 26 11 41 49 40 3 22 39 47 37 23 35 12 50 20 38 13 46 31 42 15 45 6 5 48 9 27 28 8 14 25 

Inst_Index:4496 	 City_Num:50 	 Concorde:5.610884 	 MCTS:5.608772 Improve:0.002112 	 Time:3.76 Seconds
Solution: 1 8 22 38 13 7 40 41 29 11 47 4 21 39 31 44 35 30 19 10 36 17 18 26 23 32 46 50 49 3 6 15 27 2 9 28 48 5 14 25 33 34 12 42 24 16 43 20 37 45 

Inst_Index:4497 	 City_Num:50 	 Concorde:5.663715 	 MCTS:5.660519 Improve:0.003196 	 Time:3.75 Seconds
Solution: 1 18 34 12 11 35 7 10 30 31 32 3 14 48 40 21 5 2 50 20 16 45 49 28 46 39 24 29 27 38 44 42 41 19 47 13 43 6 22 37 9 15 36 17 33 8 4 26 25 23 

Inst_Index:4498 	 City_Num:50 	 Concorde:5.649249 	 MCTS:5.649249 Improve:-0.000000 	 Time:3.76 Seconds
Solution: 1 44 43 47 27 26 8 7 33 19 38 15 50 49 14 35 36 12 40 46 20 24 28 29 16 10 45 39 2 3 23 37 25 6 42 17 21 31 9 30 5 41 13 22 18 11 34 32 4 48 

Inst_Index:4499 	 City_Num:50 	 Concorde:5.664403 	 MCTS:5.664403 Improve:0.000000 	 Time:3.75 Seconds
Solution: 1 43 17 19 2 49 16 40 7 34 35 6 27 4 11 9 39 36 13 30 33 21 5 3 22 28 37 25 44 8 42 10 24 46 14 45 47 31 48 26 20 41 50 38 12 18 29 15 23 32 

Inst_Index:4500 	 City_Num:50 	 Concorde:5.832269 	 MCTS:5.832269 Improve:-0.000000 	 Time:3.76 Seconds
Solution: 1 3 31 17 40 32 22 13 34 5 42 14 16 11 39 27 47 36 30 7 46 9 43 20 4 38 48 45 12 26 23 44 35 28 18 50 41 37 6 21 19 8 24 10 15 33 2 49 25 29 

Inst_Index:4501 	 City_Num:50 	 Concorde:5.906368 	 MCTS:5.906368 Improve:0.000000 	 Time:3.75 Seconds
Solution: 1 39 46 2 20 24 30 17 31 6 3 45 28 33 38 10 34 5 11 40 23 37 18 16 7 21 19 36 44 48 49 29 50 12 8 35 32 13 25 42 9 27 41 47 22 26 4 15 14 43 

Inst_Index:4502 	 City_Num:50 	 Concorde:5.552182 	 MCTS:5.549231 Improve:0.002951 	 Time:3.76 Seconds
Solution: 1 29 49 21 37 9 39 23 24 12 6 40 46 42 45 13 7 33 3 2 31 28 8 32 43 48 34 27 17 26 41 5 14 16 18 35 11 47 36 15 38 20 10 4 50 44 19 25 22 30 

Inst_Index:4503 	 City_Num:50 	 Concorde:5.685307 	 MCTS:5.685307 Improve:-0.000000 	 Time:3.76 Seconds
Solution: 1 5 24 7 35 32 25 45 20 31 2 44 49 39 40 12 16 8 22 34 28 38 3 46 41 4 30 27 18 17 10 36 42 14 37 21 48 26 6 11 29 47 9 13 50 19 15 23 33 43 

Inst_Index:4504 	 City_Num:50 	 Concorde:5.781902 	 MCTS:5.781902 Improve:-0.000000 	 Time:3.77 Seconds
Solution: 1 12 49 17 14 11 24 31 27 50 44 36 19 4 37 3 6 23 13 45 5 26 34 7 16 42 25 28 10 43 21 40 32 48 39 22 30 46 33 29 9 18 47 2 41 38 15 35 8 20 

Inst_Index:4505 	 City_Num:50 	 Concorde:5.464093 	 MCTS:5.460406 Improve:0.003688 	 Time:3.75 Seconds
Solution: 1 36 27 11 15 50 35 28 10 39 9 14 12 6 29 17 49 26 41 45 42 22 47 13 44 24 32 18 16 40 43 5 4 21 31 25 20 46 33 34 19 2 23 48 37 8 3 30 7 38 

Inst_Index:4506 	 City_Num:50 	 Concorde:5.383934 	 MCTS:5.380910 Improve:0.003024 	 Time:3.78 Seconds
Solution: 1 6 2 7 29 42 18 31 10 34 4 5 43 11 48 36 25 44 30 15 38 20 41 8 33 50 17 12 28 32 19 40 13 47 9 35 49 24 21 22 14 46 16 45 37 27 23 3 26 39 

Inst_Index:4507 	 City_Num:50 	 Concorde:5.706028 	 MCTS:5.706028 Improve:-0.000000 	 Time:3.76 Seconds
Solution: 1 25 12 22 10 5 36 29 45 28 48 33 23 19 39 50 6 43 26 38 3 42 41 31 11 37 17 27 40 24 20 9 21 35 15 8 30 13 18 14 2 44 4 16 32 46 7 49 47 34 

Inst_Index:4508 	 City_Num:50 	 Concorde:5.387208 	 MCTS:5.387208 Improve:-0.000000 	 Time:3.77 Seconds
Solution: 1 15 49 21 50 19 48 12 11 41 39 31 5 22 43 16 47 3 42 4 29 17 37 46 13 38 6 20 36 27 33 24 28 32 2 23 25 40 35 18 10 45 8 44 7 34 9 30 26 14 

Inst_Index:4509 	 City_Num:50 	 Concorde:5.752746 	 MCTS:5.750031 Improve:0.002715 	 Time:3.76 Seconds
Solution: 1 34 45 42 48 15 27 9 41 16 4 8 36 28 3 38 39 50 5 12 22 6 32 13 47 44 35 25 49 2 31 46 33 19 11 18 10 37 26 30 40 21 43 17 29 24 14 23 7 20 

Inst_Index:4510 	 City_Num:50 	 Concorde:5.964833 	 MCTS:5.962380 Improve:0.002453 	 Time:3.76 Seconds
Solution: 1 46 10 22 27 17 14 4 36 44 7 39 25 6 26 15 41 19 31 42 20 43 2 3 11 30 50 16 5 32 37 8 45 38 47 35 40 29 49 13 24 23 21 48 34 12 18 33 9 28 

Inst_Index:4511 	 City_Num:50 	 Concorde:5.400457 	 MCTS:5.398052 Improve:0.002405 	 Time:3.76 Seconds
Solution: 1 11 47 19 44 25 22 16 46 43 12 34 8 48 39 40 20 3 28 21 50 36 17 24 38 5 2 13 18 37 41 35 42 32 31 33 6 15 23 10 26 45 49 27 14 29 7 30 9 4 

Inst_Index:4512 	 City_Num:50 	 Concorde:5.479087 	 MCTS:5.479087 Improve:0.000000 	 Time:3.75 Seconds
Solution: 1 24 12 33 34 15 40 5 25 35 6 42 30 41 29 10 36 21 27 49 17 7 26 32 45 8 3 50 13 28 37 4 31 22 47 43 11 39 48 20 9 44 23 14 2 38 19 18 46 16 

Inst_Index:4513 	 City_Num:50 	 Concorde:5.699445 	 MCTS:5.699445 Improve:0.000000 	 Time:3.76 Seconds
Solution: 1 20 21 5 49 14 32 46 34 41 39 22 15 50 40 25 3 38 27 29 43 16 37 9 24 45 19 47 28 17 13 33 6 36 31 30 2 35 23 42 48 11 8 7 44 12 4 26 18 10 

Inst_Index:4514 	 City_Num:50 	 Concorde:5.721836 	 MCTS:5.721836 Improve:0.000000 	 Time:3.76 Seconds
Solution: 1 35 31 6 12 11 33 3 43 30 39 40 13 47 49 23 18 22 29 7 15 2 46 27 42 25 41 19 20 4 10 17 50 9 48 28 26 32 8 21 36 37 24 14 44 16 5 38 45 34 

Inst_Index:4515 	 City_Num:50 	 Concorde:5.840641 	 MCTS:5.836883 Improve:0.003758 	 Time:3.75 Seconds
Solution: 1 42 18 15 12 43 39 10 2 7 28 24 34 8 23 19 47 35 13 32 49 37 11 45 29 44 4 38 16 14 6 17 41 20 31 9 26 30 48 46 21 25 33 50 36 27 3 22 40 5 

Inst_Index:4516 	 City_Num:50 	 Concorde:5.451653 	 MCTS:5.447421 Improve:0.004232 	 Time:3.76 Seconds
Solution: 1 39 13 46 30 40 31 7 32 16 9 44 12 18 28 15 14 6 4 42 29 37 2 21 38 33 10 49 25 17 23 50 45 47 34 43 24 8 3 48 20 19 26 27 36 11 5 22 35 41 

Inst_Index:4517 	 City_Num:50 	 Concorde:5.527335 	 MCTS:5.527335 Improve:-0.000000 	 Time:3.75 Seconds
Solution: 1 48 26 27 31 49 33 11 28 25 22 13 17 8 18 43 41 37 46 44 23 12 32 14 45 42 50 35 21 2 34 29 24 16 40 3 9 4 19 20 6 5 38 15 7 39 10 36 47 30 

Inst_Index:4518 	 City_Num:50 	 Concorde:5.555821 	 MCTS:5.554293 Improve:0.001528 	 Time:3.76 Seconds
Solution: 1 28 32 25 46 17 35 44 9 50 7 11 22 37 21 3 12 45 41 18 49 2 10 24 16 30 26 36 20 5 15 47 29 38 27 31 34 33 4 42 48 39 40 8 23 6 13 14 43 19 

Inst_Index:4519 	 City_Num:50 	 Concorde:5.805814 	 MCTS:5.805814 Improve:0.000000 	 Time:3.77 Seconds
Solution: 1 22 46 16 41 50 30 31 25 24 10 49 23 40 28 42 3 20 14 48 26 9 33 44 38 32 2 35 7 19 8 27 43 5 15 4 29 12 6 45 37 21 13 11 34 17 36 18 47 39 

Inst_Index:4520 	 City_Num:50 	 Concorde:5.138149 	 MCTS:5.138149 Improve:0.000000 	 Time:3.75 Seconds
Solution: 1 50 17 25 41 3 29 2 37 35 40 45 10 49 13 5 46 15 22 39 28 20 16 38 23 30 11 42 7 32 34 14 9 26 8 4 19 43 47 27 36 48 24 6 18 33 12 44 21 31 

Inst_Index:4521 	 City_Num:50 	 Concorde:5.657279 	 MCTS:5.657279 Improve:0.000000 	 Time:3.76 Seconds
Solution: 1 12 25 47 32 39 21 49 36 15 6 30 5 18 19 14 42 22 3 50 35 31 37 28 4 2 38 26 8 7 46 44 41 20 48 43 9 27 40 29 23 34 17 10 13 11 24 45 16 33 

Inst_Index:4522 	 City_Num:50 	 Concorde:5.635287 	 MCTS:5.635248 Improve:0.000039 	 Time:3.76 Seconds
Solution: 1 29 36 32 24 17 35 2 8 28 3 12 13 26 18 41 45 34 47 19 40 22 42 7 46 25 23 10 50 31 21 48 44 38 20 33 15 5 49 4 6 16 11 30 39 9 27 14 43 37 

Inst_Index:4523 	 City_Num:50 	 Concorde:5.654531 	 MCTS:5.654531 Improve:0.000000 	 Time:3.76 Seconds
Solution: 1 16 41 42 35 46 7 30 18 40 33 50 12 17 49 2 37 25 5 20 27 24 8 31 47 38 26 45 39 10 29 14 21 36 44 3 13 6 4 22 23 28 32 11 9 43 34 19 15 48 

Inst_Index:4524 	 City_Num:50 	 Concorde:6.075420 	 MCTS:6.070960 Improve:0.004460 	 Time:3.76 Seconds
Solution: 1 28 10 36 14 39 27 23 33 35 44 43 9 2 22 42 18 5 7 20 38 16 26 30 19 40 31 11 4 49 13 32 50 41 12 37 46 34 25 17 21 29 47 15 24 48 3 6 45 8 

Inst_Index:4525 	 City_Num:50 	 Concorde:6.117007 	 MCTS:6.116462 Improve:0.000545 	 Time:3.76 Seconds
Solution: 1 24 2 4 46 20 12 10 30 32 38 28 7 27 22 50 19 37 45 17 9 23 14 31 3 47 43 6 11 8 44 21 40 34 48 42 5 13 16 36 39 25 35 26 29 49 33 15 41 18 

Inst_Index:4526 	 City_Num:50 	 Concorde:5.636522 	 MCTS:5.636522 Improve:0.000000 	 Time:3.77 Seconds
Solution: 1 10 21 17 4 41 50 5 35 14 19 46 32 12 34 42 45 26 13 40 39 23 49 30 11 18 3 43 16 48 22 27 28 47 9 6 8 38 31 20 36 25 37 15 29 7 24 44 2 33 

Inst_Index:4527 	 City_Num:50 	 Concorde:5.733301 	 MCTS:5.733301 Improve:0.000000 	 Time:3.76 Seconds
Solution: 1 14 8 43 37 19 15 33 30 28 21 18 49 13 25 4 3 22 38 23 20 17 9 26 16 27 44 35 31 32 46 42 36 5 29 2 47 24 11 50 7 39 10 40 48 6 34 12 45 41 

Inst_Index:4528 	 City_Num:50 	 Concorde:5.757529 	 MCTS:5.757529 Improve:0.000000 	 Time:3.78 Seconds
Solution: 1 35 14 24 27 33 17 31 6 5 34 3 38 43 49 48 22 41 25 20 10 47 40 8 15 32 4 50 13 37 11 26 21 30 29 28 46 16 23 2 12 45 9 42 39 18 36 7 19 44 

Inst_Index:4529 	 City_Num:50 	 Concorde:5.602921 	 MCTS:5.602921 Improve:0.000000 	 Time:3.75 Seconds
Solution: 1 47 36 14 15 44 2 4 46 10 43 41 3 11 37 24 17 49 29 20 28 6 38 26 39 50 45 34 21 12 27 42 16 8 40 48 19 18 13 22 9 35 5 7 32 30 25 33 31 23 

Inst_Index:4530 	 City_Num:50 	 Concorde:5.983557 	 MCTS:5.983557 Improve:0.000000 	 Time:3.77 Seconds
Solution: 1 22 48 14 11 3 39 28 6 7 24 16 34 20 13 15 25 17 2 8 50 30 31 36 47 41 5 45 35 42 32 19 49 9 46 23 21 27 18 26 38 29 37 33 10 4 12 43 44 40 

Inst_Index:4531 	 City_Num:50 	 Concorde:5.841378 	 MCTS:5.841378 Improve:-0.000000 	 Time:3.76 Seconds
Solution: 1 43 34 25 38 30 15 44 26 32 7 2 3 5 39 18 40 27 49 19 17 42 22 50 41 9 8 37 13 4 11 21 36 24 6 23 33 47 29 20 10 46 45 48 12 28 14 35 16 31 

Inst_Index:4532 	 City_Num:50 	 Concorde:5.604985 	 MCTS:5.601343 Improve:0.003642 	 Time:3.76 Seconds
Solution: 1 8 13 7 38 36 23 16 49 28 18 43 41 17 25 6 22 14 24 20 9 11 12 44 10 27 30 26 42 40 3 29 2 31 45 37 39 21 5 19 50 4 33 32 48 47 46 35 34 15 

Inst_Index:4533 	 City_Num:50 	 Concorde:5.794400 	 MCTS:5.794400 Improve:-0.000000 	 Time:3.77 Seconds
Solution: 1 32 24 46 19 8 34 13 4 10 37 11 31 43 36 49 25 2 7 17 42 15 39 22 41 50 3 30 38 45 48 5 6 29 16 9 28 12 18 23 21 27 44 20 35 14 40 33 47 26 

Inst_Index:4534 	 City_Num:50 	 Concorde:5.741662 	 MCTS:5.739639 Improve:0.002022 	 Time:3.75 Seconds
Solution: 1 6 38 18 33 49 48 40 28 50 46 17 37 14 12 19 41 4 29 10 13 27 21 35 30 32 25 3 23 2 43 34 26 44 47 8 11 5 15 36 42 45 9 39 22 31 16 24 20 7 

Inst_Index:4535 	 City_Num:50 	 Concorde:5.480102 	 MCTS:5.480102 Improve:0.000000 	 Time:3.75 Seconds
Solution: 1 46 7 27 28 14 31 2 35 33 17 44 37 26 13 12 40 9 18 36 5 30 19 3 23 41 29 4 24 38 21 11 47 16 32 48 43 6 10 25 22 50 45 20 34 49 8 42 15 39 

Inst_Index:4536 	 City_Num:50 	 Concorde:5.435470 	 MCTS:5.434181 Improve:0.001289 	 Time:3.76 Seconds
Solution: 1 30 46 12 10 4 9 48 32 31 49 7 42 23 11 14 41 38 33 43 6 8 20 39 34 36 28 19 47 13 17 40 35 37 44 15 26 29 24 45 2 21 25 5 3 22 18 16 27 50 

Inst_Index:4537 	 City_Num:50 	 Concorde:5.328333 	 MCTS:5.328333 Improve:-0.000000 	 Time:3.76 Seconds
Solution: 1 18 8 24 31 42 48 10 4 32 21 13 36 39 34 33 5 20 38 44 22 45 19 11 29 16 27 17 15 6 35 23 14 9 41 12 25 40 49 47 26 28 30 7 50 37 3 43 2 46 

Inst_Index:4538 	 City_Num:50 	 Concorde:6.014124 	 MCTS:6.005190 Improve:0.008934 	 Time:3.77 Seconds
Solution: 1 21 43 45 38 10 14 29 25 31 40 47 9 28 44 39 15 6 46 3 33 11 37 22 8 41 36 19 34 24 30 23 49 7 26 42 18 17 13 48 2 27 12 35 32 16 50 4 5 20 

Inst_Index:4539 	 City_Num:50 	 Concorde:5.202072 	 MCTS:5.196703 Improve:0.005368 	 Time:3.76 Seconds
Solution: 1 7 39 2 47 24 3 26 27 31 5 15 44 21 20 45 12 42 14 33 50 22 29 10 23 17 49 9 18 48 35 11 4 36 25 16 19 30 46 41 8 43 13 32 6 37 34 40 28 38 

Inst_Index:4540 	 City_Num:50 	 Concorde:5.606825 	 MCTS:5.606825 Improve:0.000000 	 Time:3.76 Seconds
Solution: 1 2 50 16 14 26 47 43 44 27 37 32 5 45 31 41 30 13 19 3 7 48 6 36 40 8 39 25 42 12 11 23 28 38 21 15 4 46 9 10 35 17 34 18 24 33 49 20 22 29 

Inst_Index:4541 	 City_Num:50 	 Concorde:5.271263 	 MCTS:5.271263 Improve:0.000000 	 Time:3.75 Seconds
Solution: 1 15 44 25 35 39 19 28 40 29 5 48 11 42 41 6 21 12 33 30 18 45 34 8 36 4 10 37 17 43 32 22 20 23 47 26 7 46 2 50 9 27 38 13 14 16 3 31 24 49 

Inst_Index:4542 	 City_Num:50 	 Concorde:5.645614 	 MCTS:5.638632 Improve:0.006982 	 Time:3.76 Seconds
Solution: 1 29 46 41 32 10 16 40 15 12 28 21 11 23 43 19 18 2 35 3 17 13 48 27 4 37 7 39 6 5 24 30 34 44 50 14 36 31 45 20 9 22 38 47 25 49 42 33 8 26 

Inst_Index:4543 	 City_Num:50 	 Concorde:5.241505 	 MCTS:5.238309 Improve:0.003196 	 Time:3.76 Seconds
Solution: 1 19 42 17 11 4 20 45 30 46 10 22 40 26 41 47 3 43 16 38 36 7 48 18 39 21 23 29 34 24 14 49 9 44 37 25 27 12 5 35 33 2 32 50 15 28 31 13 6 8 

Inst_Index:4544 	 City_Num:50 	 Concorde:5.441887 	 MCTS:5.441887 Improve:-0.000000 	 Time:3.76 Seconds
Solution: 1 14 45 33 16 27 10 25 48 29 4 23 9 50 46 5 7 26 34 31 49 40 37 20 6 11 32 35 41 8 39 36 42 43 47 22 38 44 24 2 15 18 12 3 17 13 21 19 28 30 

Inst_Index:4545 	 City_Num:50 	 Concorde:5.972044 	 MCTS:5.968459 Improve:0.003586 	 Time:3.75 Seconds
Solution: 1 32 34 44 26 4 15 8 2 42 25 11 9 35 30 48 7 23 49 40 16 41 14 31 17 38 6 50 3 10 19 13 21 39 33 18 24 12 29 43 28 46 20 47 45 37 27 5 22 36 

Inst_Index:4546 	 City_Num:50 	 Concorde:5.578805 	 MCTS:5.577602 Improve:0.001203 	 Time:3.76 Seconds
Solution: 1 33 10 25 35 12 11 34 3 31 23 5 48 18 28 13 46 2 41 17 49 37 8 47 27 20 26 14 9 7 43 6 45 32 16 42 39 19 36 24 38 44 4 15 21 50 29 40 22 30 

Inst_Index:4547 	 City_Num:50 	 Concorde:5.479660 	 MCTS:5.479660 Improve:0.000000 	 Time:3.76 Seconds
Solution: 1 28 2 11 20 43 33 21 15 23 5 50 6 29 9 37 30 34 3 41 38 32 14 26 8 19 45 25 36 46 49 48 44 16 7 18 47 27 40 17 24 42 10 39 12 31 13 4 22 35 

Inst_Index:4548 	 City_Num:50 	 Concorde:5.584478 	 MCTS:5.577696 Improve:0.006781 	 Time:3.76 Seconds
Solution: 1 19 43 9 44 4 2 49 37 31 30 15 18 25 24 32 29 50 16 34 11 7 23 8 6 36 45 13 33 41 39 12 17 3 5 27 21 28 48 22 35 47 38 26 40 42 46 10 20 14 

Inst_Index:4549 	 City_Num:50 	 Concorde:5.641817 	 MCTS:5.641817 Improve:-0.000000 	 Time:3.75 Seconds
Solution: 1 47 43 45 5 14 42 31 19 36 10 9 22 16 11 32 18 4 28 20 26 44 46 30 48 50 2 25 39 7 21 12 15 6 40 3 49 17 27 37 34 24 41 13 8 38 35 33 29 23 

Inst_Index:4550 	 City_Num:50 	 Concorde:5.592545 	 MCTS:5.592545 Improve:-0.000000 	 Time:3.75 Seconds
Solution: 1 26 35 16 43 8 21 45 33 28 30 36 27 39 4 23 17 50 2 13 48 42 6 49 10 46 14 25 41 11 37 9 15 12 24 5 18 38 7 47 34 3 22 20 29 40 44 32 31 19 

Inst_Index:4551 	 City_Num:50 	 Concorde:5.537517 	 MCTS:5.534913 Improve:0.002603 	 Time:3.76 Seconds
Solution: 1 12 8 46 16 30 36 24 17 48 5 37 47 50 27 6 31 39 41 21 2 22 28 44 42 32 19 20 9 49 38 45 34 4 15 23 29 43 3 26 35 18 25 14 7 11 33 40 13 10 

Inst_Index:4552 	 City_Num:50 	 Concorde:5.256090 	 MCTS:5.256090 Improve:-0.000000 	 Time:3.77 Seconds
Solution: 1 44 31 24 50 20 26 30 4 27 41 33 15 34 49 17 2 28 21 46 38 29 10 25 23 22 45 8 42 35 9 18 13 11 6 43 12 19 39 7 48 37 14 5 36 47 16 3 32 40 

Inst_Index:4553 	 City_Num:50 	 Concorde:5.652259 	 MCTS:5.652259 Improve:0.000000 	 Time:3.75 Seconds
Solution: 1 40 48 47 15 39 35 20 8 4 44 23 18 6 45 28 9 46 49 5 21 31 25 27 32 36 17 42 38 11 12 41 30 33 26 22 37 16 13 7 19 14 10 50 2 3 43 29 24 34 

Inst_Index:4554 	 City_Num:50 	 Concorde:5.453663 	 MCTS:5.453663 Improve:0.000000 	 Time:3.76 Seconds
Solution: 1 41 37 21 48 36 8 5 44 31 24 49 9 29 27 2 45 4 15 19 42 32 33 39 34 12 47 13 26 25 50 23 11 7 10 18 16 20 46 14 43 22 28 40 6 35 17 38 30 3 

Inst_Index:4555 	 City_Num:50 	 Concorde:6.011686 	 MCTS:6.006298 Improve:0.005388 	 Time:3.76 Seconds
Solution: 1 20 45 31 6 28 42 12 41 24 13 39 38 17 33 32 18 30 37 7 9 46 25 5 26 3 27 47 48 36 2 34 29 22 49 35 43 15 19 10 23 50 16 21 44 8 11 4 40 14 

Inst_Index:4556 	 City_Num:50 	 Concorde:5.926531 	 MCTS:5.926531 Improve:0.000000 	 Time:3.76 Seconds
Solution: 1 35 45 37 41 50 47 40 32 25 33 6 24 28 7 21 29 44 10 27 8 20 43 18 22 30 31 23 16 17 49 42 2 15 19 11 12 3 38 36 9 46 39 4 14 26 34 13 48 5 

Inst_Index:4557 	 City_Num:50 	 Concorde:6.116205 	 MCTS:6.114208 Improve:0.001998 	 Time:3.75 Seconds
Solution: 1 13 7 40 9 22 10 14 42 3 50 18 19 45 36 35 24 48 26 46 11 25 5 31 2 28 41 30 43 12 8 6 49 29 34 44 21 16 38 4 20 47 15 39 17 27 33 23 37 32 

Inst_Index:4558 	 City_Num:50 	 Concorde:5.158987 	 MCTS:5.153778 Improve:0.005209 	 Time:3.76 Seconds
Solution: 1 48 46 14 38 41 32 28 42 49 15 12 8 6 44 4 11 34 2 25 47 20 43 17 29 16 40 9 37 18 23 22 26 35 19 36 39 3 30 7 50 24 21 13 10 5 45 27 33 31 

Inst_Index:4559 	 City_Num:50 	 Concorde:5.955642 	 MCTS:5.955642 Improve:0.000000 	 Time:3.77 Seconds
Solution: 1 25 9 35 27 23 16 37 29 49 28 42 36 41 6 22 46 40 44 26 43 3 39 4 10 24 12 7 19 38 15 33 20 32 18 17 14 8 2 30 47 50 31 34 45 5 13 11 48 21 

Inst_Index:4560 	 City_Num:50 	 Concorde:5.542861 	 MCTS:5.542861 Improve:-0.000000 	 Time:3.76 Seconds
Solution: 1 19 40 28 31 50 24 13 17 36 38 11 42 6 22 27 20 10 29 43 34 41 18 14 21 15 49 33 48 23 44 2 3 16 5 35 9 47 12 25 39 8 30 46 32 26 7 45 4 37 

Inst_Index:4561 	 City_Num:50 	 Concorde:5.598223 	 MCTS:5.596271 Improve:0.001951 	 Time:3.77 Seconds
Solution: 1 18 5 9 4 32 40 13 3 31 35 48 14 8 28 7 43 29 30 41 20 34 21 49 16 27 38 15 24 42 23 10 17 12 44 19 6 46 2 37 26 25 22 36 47 33 50 11 39 45 

Inst_Index:4562 	 City_Num:50 	 Concorde:5.919577 	 MCTS:5.907681 Improve:0.011896 	 Time:3.76 Seconds
Solution: 1 4 48 38 49 35 22 37 46 20 42 23 12 16 13 2 19 3 15 34 47 9 43 45 41 32 39 8 36 25 33 27 6 28 7 40 21 30 14 24 44 26 10 5 17 11 50 31 29 18 

Inst_Index:4563 	 City_Num:50 	 Concorde:5.879421 	 MCTS:5.879421 Improve:0.000000 	 Time:3.78 Seconds
Solution: 1 36 31 16 37 5 14 8 2 4 18 40 39 30 44 32 20 50 29 34 3 43 28 15 23 38 22 10 49 41 45 21 42 13 25 24 46 48 27 33 47 26 17 35 12 9 6 7 11 19 

Inst_Index:4564 	 City_Num:50 	 Concorde:5.464246 	 MCTS:5.464246 Improve:-0.000000 	 Time:3.77 Seconds
Solution: 1 26 48 33 20 18 38 37 44 47 4 15 23 11 24 7 9 41 25 21 27 13 28 32 8 17 14 39 43 16 2 50 22 42 35 30 46 45 34 12 6 49 5 36 29 31 40 10 3 19 

Inst_Index:4565 	 City_Num:50 	 Concorde:5.855061 	 MCTS:5.855061 Improve:-0.000000 	 Time:3.76 Seconds
Solution: 1 13 40 39 49 32 17 16 31 24 33 21 4 48 42 5 12 25 46 2 20 41 38 22 10 35 15 19 50 29 37 34 44 43 36 9 14 45 3 11 27 7 26 8 30 6 47 23 18 28 

Inst_Index:4566 	 City_Num:50 	 Concorde:6.022086 	 MCTS:6.022086 Improve:0.000000 	 Time:3.77 Seconds
Solution: 1 28 14 35 21 45 11 33 26 46 10 15 34 44 47 19 31 4 9 40 38 6 23 25 36 50 12 20 3 43 37 2 8 7 16 27 48 41 5 13 18 49 24 29 42 39 22 30 17 32 

Inst_Index:4567 	 City_Num:50 	 Concorde:5.939417 	 MCTS:5.932117 Improve:0.007300 	 Time:3.76 Seconds
Solution: 1 23 2 16 47 36 41 27 30 10 22 17 50 14 45 28 49 5 43 26 18 31 33 48 6 25 12 46 8 42 21 24 39 44 37 19 35 20 15 32 38 34 29 3 9 13 11 7 40 4 

Inst_Index:4568 	 City_Num:50 	 Concorde:5.622251 	 MCTS:5.622251 Improve:0.000000 	 Time:3.77 Seconds
Solution: 1 41 14 21 47 11 2 39 9 49 8 4 3 24 35 50 28 36 27 46 34 45 23 30 5 6 44 19 22 18 29 20 42 15 37 48 10 43 32 26 12 33 40 31 16 17 13 38 25 7 

Inst_Index:4569 	 City_Num:50 	 Concorde:5.644435 	 MCTS:5.644435 Improve:-0.000000 	 Time:3.77 Seconds
Solution: 1 6 45 21 42 3 14 26 22 28 24 12 18 11 29 13 35 2 17 33 46 48 47 15 23 7 41 30 40 8 37 10 43 44 39 36 49 31 34 50 25 27 16 32 4 38 19 20 9 5 

Inst_Index:4570 	 City_Num:50 	 Concorde:5.546163 	 MCTS:5.546163 Improve:-0.000000 	 Time:3.75 Seconds
Solution: 1 25 9 41 28 32 39 3 45 24 35 31 26 36 6 15 48 7 40 2 29 37 22 16 30 49 47 21 11 19 50 42 18 8 12 10 14 34 43 4 13 33 23 46 38 17 20 27 5 44 

Inst_Index:4571 	 City_Num:50 	 Concorde:5.201187 	 MCTS:5.201187 Improve:0.000000 	 Time:3.76 Seconds
Solution: 1 29 32 37 10 47 22 45 36 39 40 14 16 12 24 50 25 30 17 21 4 43 19 23 42 27 15 33 11 35 28 26 46 49 6 13 48 44 7 20 3 41 38 8 9 34 5 2 18 31 

Inst_Index:4572 	 City_Num:50 	 Concorde:5.543458 	 MCTS:5.541532 Improve:0.001926 	 Time:3.76 Seconds
Solution: 1 39 24 20 46 3 43 42 49 18 11 23 16 38 22 30 12 48 34 5 35 17 41 15 14 25 4 33 2 19 28 10 21 7 44 36 8 9 31 27 26 29 50 45 47 37 6 40 13 32 

Inst_Index:4573 	 City_Num:50 	 Concorde:5.900906 	 MCTS:5.900906 Improve:0.000000 	 Time:3.77 Seconds
Solution: 1 32 17 41 35 8 26 29 28 25 6 37 20 9 18 43 30 21 16 44 24 13 47 10 12 31 34 27 46 15 48 36 40 49 45 22 2 39 5 50 42 3 11 19 38 4 14 7 23 33 

Inst_Index:4574 	 City_Num:50 	 Concorde:5.409791 	 MCTS:5.409685 Improve:0.000106 	 Time:3.77 Seconds
Solution: 1 27 35 37 6 16 5 18 29 2 36 9 46 10 13 41 15 47 33 42 31 49 3 50 11 39 20 8 38 22 24 14 43 12 28 44 25 7 48 21 19 34 30 17 45 23 32 26 40 4 

Inst_Index:4575 	 City_Num:50 	 Concorde:5.791788 	 MCTS:5.791788 Improve:-0.000000 	 Time:3.76 Seconds
Solution: 1 21 27 31 44 3 9 39 11 38 40 34 42 13 30 50 14 45 36 22 18 5 4 32 33 25 49 46 47 7 15 16 29 23 26 24 2 43 6 8 37 12 10 19 48 28 17 20 35 41 

Inst_Index:4576 	 City_Num:50 	 Concorde:5.915947 	 MCTS:5.915947 Improve:0.000000 	 Time:3.76 Seconds
Solution: 1 10 32 33 6 18 45 14 39 24 16 28 23 21 15 4 30 34 2 20 7 41 26 42 50 47 17 35 49 9 27 44 25 38 48 11 31 43 13 37 29 40 12 3 5 36 8 19 22 46 

Inst_Index:4577 	 City_Num:50 	 Concorde:5.527908 	 MCTS:5.523861 Improve:0.004047 	 Time:3.75 Seconds
Solution: 1 45 16 20 30 9 15 17 49 27 14 29 4 40 37 26 28 7 42 19 18 33 41 2 3 50 25 47 22 11 23 10 31 43 36 48 38 44 13 39 34 24 5 12 46 6 32 21 35 8 

Inst_Index:4578 	 City_Num:50 	 Concorde:5.244521 	 MCTS:5.244521 Improve:-0.000000 	 Time:3.77 Seconds
Solution: 1 49 7 31 50 17 24 10 11 29 12 37 6 45 9 47 34 8 21 33 30 23 15 20 38 18 22 41 42 19 16 46 26 36 40 14 25 5 35 39 4 44 32 2 13 28 3 48 43 27 

Inst_Index:4579 	 City_Num:50 	 Concorde:5.813993 	 MCTS:5.813993 Improve:-0.000000 	 Time:3.77 Seconds
Solution: 1 7 25 26 10 37 18 3 23 48 50 33 21 4 15 22 28 2 31 35 43 11 13 40 45 19 12 5 34 8 29 44 39 38 16 9 30 46 47 49 14 42 24 32 41 27 6 20 36 17 

Inst_Index:4580 	 City_Num:50 	 Concorde:5.684107 	 MCTS:5.684107 Improve:0.000000 	 Time:3.77 Seconds
Solution: 1 39 36 34 13 17 38 24 44 32 20 2 46 35 16 29 21 14 19 42 43 6 26 50 40 8 30 31 18 5 41 37 48 10 47 7 27 22 25 33 9 45 12 23 49 28 11 3 4 15 

Inst_Index:4581 	 City_Num:50 	 Concorde:5.862929 	 MCTS:5.862929 Improve:0.000000 	 Time:3.76 Seconds
Solution: 1 2 31 19 14 34 48 30 16 32 26 11 36 45 24 25 39 22 37 29 12 23 15 18 35 20 9 13 50 40 49 8 44 28 21 4 3 43 38 33 47 41 5 46 7 10 27 17 42 6 

Inst_Index:4582 	 City_Num:50 	 Concorde:5.707499 	 MCTS:5.707499 Improve:-0.000000 	 Time:3.76 Seconds
Solution: 1 39 46 3 21 43 34 27 30 40 23 17 10 36 18 32 48 6 22 14 45 11 44 4 19 41 25 47 38 12 7 37 13 15 20 42 49 5 35 50 24 16 28 9 31 2 33 26 8 29 

Inst_Index:4583 	 City_Num:50 	 Concorde:5.812898 	 MCTS:5.812898 Improve:-0.000000 	 Time:3.75 Seconds
Solution: 1 31 39 17 34 21 47 49 16 3 8 24 41 14 29 12 20 45 37 44 32 28 42 19 48 35 15 4 5 33 40 38 23 46 26 22 10 6 7 2 30 25 36 43 13 27 11 50 18 9 

Inst_Index:4584 	 City_Num:50 	 Concorde:5.097869 	 MCTS:5.097869 Improve:-0.000000 	 Time:3.77 Seconds
Solution: 1 8 17 46 10 16 11 22 20 41 25 19 40 28 34 32 30 15 36 49 33 43 12 45 44 2 9 42 27 13 35 6 24 3 14 21 39 23 26 47 31 37 38 4 7 5 48 29 50 18 

Inst_Index:4585 	 City_Num:50 	 Concorde:5.731779 	 MCTS:5.731779 Improve:0.000000 	 Time:3.76 Seconds
Solution: 1 20 16 31 15 19 45 23 46 30 5 37 27 24 50 42 43 2 32 39 12 34 4 29 33 21 36 10 8 7 40 13 11 41 9 35 22 17 49 44 18 25 14 6 48 38 26 47 3 28 

Inst_Index:4586 	 City_Num:50 	 Concorde:6.040162 	 MCTS:6.040162 Improve:0.000000 	 Time:3.76 Seconds
Solution: 1 3 28 41 40 17 46 34 45 24 18 32 13 4 31 23 27 10 47 21 49 44 11 25 22 15 16 2 48 30 50 20 35 6 39 8 26 29 36 9 14 12 38 37 19 42 7 33 43 5 

Inst_Index:4587 	 City_Num:50 	 Concorde:5.681340 	 MCTS:5.675789 Improve:0.005551 	 Time:3.76 Seconds
Solution: 1 7 24 22 6 16 8 23 46 34 25 13 31 27 15 3 19 42 43 37 45 9 26 10 39 11 32 48 49 33 29 40 12 41 2 5 4 20 47 36 14 50 17 18 44 35 38 21 30 28 

Inst_Index:4588 	 City_Num:50 	 Concorde:5.753822 	 MCTS:5.753822 Improve:-0.000000 	 Time:3.75 Seconds
Solution: 1 12 16 49 4 2 24 27 26 13 20 15 7 37 17 8 30 43 35 21 18 47 41 19 38 48 42 36 23 29 14 3 32 25 39 6 45 50 40 44 9 22 33 28 11 46 5 34 31 10 

Inst_Index:4589 	 City_Num:50 	 Concorde:5.621067 	 MCTS:5.621067 Improve:0.000000 	 Time:3.76 Seconds
Solution: 1 42 29 50 9 11 47 14 20 35 28 46 23 17 25 36 5 26 48 13 40 33 18 30 15 24 21 10 43 38 12 34 8 31 6 22 19 49 3 32 41 39 44 45 16 4 37 27 2 7 

Inst_Index:4590 	 City_Num:50 	 Concorde:5.710015 	 MCTS:5.710015 Improve:0.000000 	 Time:3.76 Seconds
Solution: 1 9 38 37 50 40 29 34 7 30 41 36 44 2 8 43 47 33 11 19 27 22 10 23 32 6 5 26 12 35 46 20 14 39 45 28 4 42 3 25 13 24 16 17 15 31 21 48 49 18 

Inst_Index:4591 	 City_Num:50 	 Concorde:5.391079 	 MCTS:5.391079 Improve:0.000000 	 Time:3.76 Seconds
Solution: 1 18 36 33 7 22 14 28 24 29 44 16 15 42 10 34 2 3 25 13 48 32 20 12 30 17 46 27 6 9 50 39 38 31 26 43 47 8 41 35 37 40 23 19 5 11 4 21 45 49 

Inst_Index:4592 	 City_Num:50 	 Concorde:5.438388 	 MCTS:5.438388 Improve:-0.000000 	 Time:3.75 Seconds
Solution: 1 22 6 27 42 9 41 38 29 32 49 40 44 8 33 48 50 37 4 26 36 43 28 14 21 3 10 23 45 12 18 30 25 7 20 15 19 34 17 13 2 46 24 39 31 5 47 16 11 35 

Inst_Index:4593 	 City_Num:50 	 Concorde:5.628339 	 MCTS:5.627880 Improve:0.000459 	 Time:3.76 Seconds
Solution: 1 32 7 50 5 21 27 38 42 20 30 15 8 28 4 49 3 14 9 16 31 24 35 48 41 23 34 11 25 45 33 10 12 22 29 6 39 19 37 13 26 17 18 40 44 36 43 2 47 46 

Inst_Index:4594 	 City_Num:50 	 Concorde:5.875849 	 MCTS:5.875849 Improve:0.000000 	 Time:3.76 Seconds
Solution: 1 8 47 14 35 22 31 50 2 40 12 39 6 43 17 28 19 44 45 10 46 37 11 33 3 21 9 38 15 16 20 29 18 4 36 27 26 13 7 49 23 42 30 32 48 25 34 41 24 5 

Inst_Index:4595 	 City_Num:50 	 Concorde:5.646685 	 MCTS:5.646685 Improve:-0.000000 	 Time:3.75 Seconds
Solution: 1 29 41 30 3 31 11 44 43 19 33 6 5 35 2 50 42 49 28 25 26 38 10 46 18 34 40 8 14 24 20 22 45 36 15 16 48 12 47 23 39 4 7 9 13 27 21 32 17 37 

Inst_Index:4596 	 City_Num:50 	 Concorde:5.476542 	 MCTS:5.471948 Improve:0.004594 	 Time:3.77 Seconds
Solution: 1 12 42 39 21 19 3 44 36 49 27 37 28 24 33 23 25 35 8 9 20 15 6 45 43 30 46 50 11 32 26 7 40 31 4 34 2 17 10 5 14 22 16 48 47 18 41 29 13 38 

Inst_Index:4597 	 City_Num:50 	 Concorde:5.800212 	 MCTS:5.800212 Improve:0.000000 	 Time:3.75 Seconds
Solution: 1 7 27 8 10 9 20 24 45 46 33 3 37 41 36 25 39 34 17 12 38 48 13 40 28 11 2 16 29 49 42 4 31 6 18 47 50 22 44 19 5 43 15 35 21 23 30 14 32 26 

Inst_Index:4598 	 City_Num:50 	 Concorde:5.417326 	 MCTS:5.417326 Improve:0.000000 	 Time:3.77 Seconds
Solution: 1 13 11 26 6 23 41 28 49 36 9 45 39 46 19 27 25 47 37 8 29 32 40 18 48 2 5 42 14 50 24 34 15 3 43 38 17 44 30 31 16 35 20 10 22 4 12 7 21 33 

Inst_Index:4599 	 City_Num:50 	 Concorde:5.685091 	 MCTS:5.685091 Improve:0.000000 	 Time:3.76 Seconds
Solution: 1 39 3 40 15 7 8 35 49 37 47 14 34 29 48 18 44 2 12 43 16 11 25 4 50 28 33 6 23 36 30 42 10 17 41 31 38 22 19 27 20 9 46 32 13 5 21 24 45 26 

Inst_Index:4600 	 City_Num:50 	 Concorde:5.690609 	 MCTS:5.690609 Improve:0.000000 	 Time:3.75 Seconds
Solution: 1 31 24 47 35 42 14 5 45 26 37 6 23 4 18 28 44 29 43 39 11 13 3 50 49 17 30 40 9 36 48 12 38 46 16 27 34 33 19 20 15 2 32 22 21 25 10 7 8 41 

Inst_Index:4601 	 City_Num:50 	 Concorde:5.534209 	 MCTS:5.534209 Improve:0.000000 	 Time:3.76 Seconds
Solution: 1 8 36 7 41 13 50 16 33 35 21 28 46 12 48 49 31 19 40 15 47 9 10 45 37 43 17 29 3 39 20 24 38 27 18 23 32 26 30 2 25 4 5 42 6 11 14 34 44 22 

Inst_Index:4602 	 City_Num:50 	 Concorde:5.561757 	 MCTS:5.561433 Improve:0.000324 	 Time:3.76 Seconds
Solution: 1 50 31 28 46 20 33 2 16 24 14 7 43 47 48 10 37 21 34 30 6 5 11 17 19 23 41 15 26 32 18 40 35 29 42 3 36 44 27 45 12 8 49 13 4 39 9 22 38 25 

Inst_Index:4603 	 City_Num:50 	 Concorde:5.308484 	 MCTS:5.308484 Improve:0.000000 	 Time:3.75 Seconds
Solution: 1 37 45 50 30 32 36 35 15 19 13 23 46 38 29 5 27 12 49 40 39 47 14 43 18 25 6 31 16 11 3 33 21 28 8 48 26 17 9 2 22 20 24 42 10 44 7 34 4 41 

Inst_Index:4604 	 City_Num:50 	 Concorde:5.977229 	 MCTS:5.977229 Improve:0.000000 	 Time:3.76 Seconds
Solution: 1 25 6 26 47 2 11 23 45 46 50 44 35 9 15 13 43 41 16 48 20 5 28 8 32 21 42 17 14 40 36 22 49 38 37 33 29 3 18 27 12 30 10 4 24 31 34 39 7 19 

Inst_Index:4605 	 City_Num:50 	 Concorde:5.574672 	 MCTS:5.574672 Improve:0.000000 	 Time:3.77 Seconds
Solution: 1 5 10 32 19 25 35 22 29 46 9 30 27 36 24 23 20 38 13 7 37 31 12 11 40 42 2 4 21 8 3 6 33 18 26 39 47 48 49 45 17 28 16 14 34 50 44 41 15 43 

Inst_Index:4606 	 City_Num:50 	 Concorde:5.559841 	 MCTS:5.556557 Improve:0.003284 	 Time:3.77 Seconds
Solution: 1 40 16 48 37 15 29 34 27 42 25 12 43 11 30 19 8 45 23 44 38 26 13 4 41 10 3 7 31 28 9 46 5 24 20 35 32 49 22 47 6 14 39 17 21 18 2 50 36 33 

Inst_Index:4607 	 City_Num:50 	 Concorde:5.397161 	 MCTS:5.397161 Improve:0.000000 	 Time:3.77 Seconds
Solution: 1 16 30 36 4 10 19 22 3 17 33 11 21 39 8 45 43 28 50 5 40 46 27 23 35 37 14 20 49 47 24 26 42 38 48 32 31 13 29 41 7 6 34 44 12 25 9 18 15 2 

Inst_Index:4608 	 City_Num:50 	 Concorde:5.901066 	 MCTS:5.901066 Improve:0.000000 	 Time:3.76 Seconds
Solution: 1 16 32 29 20 37 24 28 26 4 18 49 38 27 2 21 48 8 36 46 43 9 10 6 45 17 40 14 7 31 19 33 47 13 30 35 12 23 22 39 25 41 44 15 5 11 42 50 3 34 

Inst_Index:4609 	 City_Num:50 	 Concorde:5.826535 	 MCTS:5.826535 Improve:-0.000000 	 Time:3.77 Seconds
Solution: 1 38 30 8 49 10 27 4 7 48 11 3 50 16 25 35 13 9 42 24 20 37 40 19 43 23 6 21 15 47 31 41 26 14 34 22 18 46 45 12 29 2 32 17 33 44 36 5 28 39 

Inst_Index:4610 	 City_Num:50 	 Concorde:5.602085 	 MCTS:5.602085 Improve:0.000000 	 Time:3.76 Seconds
Solution: 1 9 27 19 28 18 39 33 48 41 7 45 32 3 36 13 42 37 46 21 8 50 47 30 15 20 2 4 29 44 16 26 49 10 22 34 14 6 31 38 5 17 23 11 24 43 40 35 12 25 

Inst_Index:4611 	 City_Num:50 	 Concorde:5.849358 	 MCTS:5.849358 Improve:0.000000 	 Time:3.75 Seconds
Solution: 1 37 29 26 13 22 47 18 39 35 25 43 40 32 20 6 3 36 10 5 44 46 42 27 16 21 19 11 48 45 17 38 30 33 15 4 49 28 34 12 7 9 31 41 8 50 23 2 14 24 

Inst_Index:4612 	 City_Num:50 	 Concorde:5.466055 	 MCTS:5.466055 Improve:0.000000 	 Time:3.76 Seconds
Solution: 1 40 2 24 45 3 25 9 46 15 13 26 32 37 14 41 12 39 10 30 8 16 5 18 27 48 35 43 20 33 4 47 19 28 7 42 17 6 49 50 29 38 21 34 11 22 44 23 36 31 

Inst_Index:4613 	 City_Num:50 	 Concorde:5.708269 	 MCTS:5.708269 Improve:-0.000000 	 Time:3.77 Seconds
Solution: 1 48 10 37 40 8 9 38 36 23 15 46 49 28 29 44 25 27 5 34 12 42 18 24 45 7 2 31 21 14 19 3 26 16 47 33 39 50 43 41 4 20 32 35 11 17 6 22 13 30 

Inst_Index:4614 	 City_Num:50 	 Concorde:5.986304 	 MCTS:5.986304 Improve:0.000000 	 Time:3.78 Seconds
Solution: 1 22 14 10 13 8 40 3 31 2 9 20 46 42 16 18 24 11 6 37 33 26 21 30 27 45 43 47 28 44 49 5 19 38 39 7 35 23 4 15 25 17 50 36 48 41 34 29 12 32 

Inst_Index:4615 	 City_Num:50 	 Concorde:5.427601 	 MCTS:5.427601 Improve:0.000000 	 Time:3.75 Seconds
Solution: 1 27 50 45 12 47 9 43 38 42 29 23 30 18 14 49 35 44 26 19 2 17 31 39 5 33 13 11 4 34 41 24 36 10 6 8 7 28 32 21 48 20 16 25 46 22 37 40 3 15 

Inst_Index:4616 	 City_Num:50 	 Concorde:5.875642 	 MCTS:5.875642 Improve:0.000000 	 Time:3.76 Seconds
Solution: 1 43 42 36 38 39 27 41 32 49 29 28 24 40 25 37 16 21 18 10 6 26 19 34 47 9 46 5 15 2 22 33 7 48 20 4 35 31 17 14 11 12 3 8 44 50 45 23 30 13 

Inst_Index:4617 	 City_Num:50 	 Concorde:5.879186 	 MCTS:5.879186 Improve:0.000000 	 Time:3.76 Seconds
Solution: 1 4 5 30 20 25 11 40 14 26 47 24 23 35 15 21 27 7 36 33 49 17 48 13 10 39 43 3 12 45 31 28 6 38 8 19 9 42 46 41 34 37 18 22 44 32 29 16 2 50 

Inst_Index:4618 	 City_Num:50 	 Concorde:5.737416 	 MCTS:5.737416 Improve:0.000000 	 Time:3.77 Seconds
Solution: 1 11 8 44 41 19 20 29 27 14 10 2 45 17 25 43 49 34 16 40 30 26 36 18 33 28 7 46 4 35 42 13 48 22 23 32 39 15 50 21 47 3 12 9 37 5 6 38 31 24 

Inst_Index:4619 	 City_Num:50 	 Concorde:5.795327 	 MCTS:5.795327 Improve:0.000000 	 Time:3.76 Seconds
Solution: 1 23 15 8 19 49 20 18 35 5 17 26 30 22 4 16 40 14 12 31 21 27 3 13 28 33 36 2 41 47 43 7 6 25 38 42 46 45 9 50 39 32 44 24 29 34 10 48 11 37 

Inst_Index:4620 	 City_Num:50 	 Concorde:5.795044 	 MCTS:5.795044 Improve:0.000000 	 Time:3.77 Seconds
Solution: 1 15 8 50 48 21 31 24 43 16 37 39 20 9 44 29 11 2 4 25 41 35 6 32 36 17 33 47 5 28 10 7 23 46 40 19 13 22 12 45 26 38 14 49 30 3 27 18 42 34 

Inst_Index:4621 	 City_Num:50 	 Concorde:5.552526 	 MCTS:5.551706 Improve:0.000820 	 Time:3.75 Seconds
Solution: 1 12 46 22 36 44 49 13 26 38 4 19 15 3 39 33 8 5 40 7 21 24 29 32 2 6 17 48 50 23 47 30 10 28 9 14 11 45 25 16 42 35 37 34 18 31 41 20 43 27 

Inst_Index:4622 	 City_Num:50 	 Concorde:5.392658 	 MCTS:5.389014 Improve:0.003643 	 Time:3.77 Seconds
Solution: 1 34 38 26 3 48 49 11 32 44 16 19 14 22 23 6 39 2 9 35 50 17 40 7 31 28 21 25 37 18 13 46 41 47 5 10 45 4 15 20 43 8 24 30 42 27 29 36 12 33 

Inst_Index:4623 	 City_Num:50 	 Concorde:5.675455 	 MCTS:5.675455 Improve:0.000000 	 Time:3.76 Seconds
Solution: 1 40 4 30 2 12 49 35 10 48 25 39 11 32 31 36 43 46 44 26 29 22 9 14 47 45 42 24 19 27 50 28 5 34 33 23 38 37 20 8 6 16 13 7 15 17 21 41 3 18 

Inst_Index:4624 	 City_Num:50 	 Concorde:5.621431 	 MCTS:5.615746 Improve:0.005685 	 Time:3.76 Seconds
Solution: 1 20 21 30 33 36 37 26 42 17 28 27 46 47 38 35 48 11 41 25 8 5 39 50 19 14 24 12 6 7 23 31 9 10 3 32 49 2 29 4 40 44 13 18 45 16 34 22 15 43 

Inst_Index:4625 	 City_Num:50 	 Concorde:5.514708 	 MCTS:5.514708 Improve:0.000000 	 Time:3.76 Seconds
Solution: 1 29 38 21 20 27 10 19 24 7 37 15 31 45 6 25 9 14 13 23 16 26 12 3 4 36 8 44 47 11 40 32 30 42 43 49 28 35 41 34 48 2 17 33 5 18 50 39 46 22 

Inst_Index:4626 	 City_Num:50 	 Concorde:5.705266 	 MCTS:5.705266 Improve:0.000000 	 Time:3.75 Seconds
Solution: 1 35 3 12 42 36 44 2 47 13 27 6 30 20 49 21 8 28 18 31 41 48 37 17 14 32 23 5 7 33 9 39 4 24 29 46 40 26 50 25 10 22 34 43 15 38 16 11 45 19 

Inst_Index:4627 	 City_Num:50 	 Concorde:5.593225 	 MCTS:5.591050 Improve:0.002174 	 Time:3.76 Seconds
Solution: 1 34 5 8 32 12 15 27 7 26 49 17 48 24 47 45 41 50 18 13 16 21 39 22 3 42 29 28 40 14 19 37 20 35 31 9 25 6 4 36 11 44 43 2 10 33 46 23 38 30 

Inst_Index:4628 	 City_Num:50 	 Concorde:5.914709 	 MCTS:5.914413 Improve:0.000296 	 Time:3.76 Seconds
Solution: 1 5 32 41 47 40 37 38 15 2 43 33 30 24 46 45 22 23 11 42 21 12 3 35 4 16 19 49 8 6 17 20 27 48 36 25 13 7 26 34 9 10 39 29 31 28 14 44 18 50 

Inst_Index:4629 	 City_Num:50 	 Concorde:5.857345 	 MCTS:5.857345 Improve:0.000000 	 Time:3.76 Seconds
Solution: 1 12 10 2 14 40 13 6 8 32 18 5 25 50 37 26 23 46 30 17 7 20 45 27 4 29 28 43 11 35 22 39 44 16 34 38 36 47 24 9 42 41 15 3 21 49 31 48 19 33 

Inst_Index:4630 	 City_Num:50 	 Concorde:6.271212 	 MCTS:6.271212 Improve:0.000000 	 Time:3.76 Seconds
Solution: 1 5 6 49 36 16 23 48 14 4 45 20 37 32 46 22 27 34 15 41 31 30 42 40 13 7 28 26 35 12 50 43 21 17 47 2 10 38 39 18 9 3 25 8 11 24 19 44 29 33 

Inst_Index:4631 	 City_Num:50 	 Concorde:5.534161 	 MCTS:5.532872 Improve:0.001289 	 Time:3.77 Seconds
Solution: 1 49 50 47 46 41 25 16 38 7 3 10 24 39 44 45 9 2 42 37 30 27 21 13 5 11 6 29 19 20 26 12 14 48 36 4 40 31 18 15 43 35 34 23 17 33 32 8 28 22 

Inst_Index:4632 	 City_Num:50 	 Concorde:5.770982 	 MCTS:5.770982 Improve:-0.000000 	 Time:3.75 Seconds
Solution: 1 4 36 29 8 21 2 30 46 6 47 13 39 19 7 44 50 5 32 27 11 24 31 9 33 23 22 45 3 38 34 35 26 25 12 42 43 40 41 15 14 10 48 37 17 28 16 49 18 20 

Inst_Index:4633 	 City_Num:50 	 Concorde:5.131440 	 MCTS:5.131440 Improve:0.000000 	 Time:3.76 Seconds
Solution: 1 42 31 50 13 44 33 17 32 12 14 24 19 21 41 43 30 8 28 2 11 39 48 36 6 49 45 22 29 26 38 3 20 37 10 7 27 9 35 34 4 16 5 47 18 46 25 23 15 40 

Inst_Index:4634 	 City_Num:50 	 Concorde:6.034506 	 MCTS:6.032675 Improve:0.001831 	 Time:3.75 Seconds
Solution: 1 44 45 41 39 5 50 16 24 35 2 13 8 10 30 11 46 18 31 25 14 3 6 4 34 49 26 42 48 40 19 29 12 37 28 22 33 47 17 20 21 38 7 32 9 43 36 23 15 27 

Inst_Index:4635 	 City_Num:50 	 Concorde:5.996329 	 MCTS:5.996329 Improve:0.000000 	 Time:3.77 Seconds
Solution: 1 8 35 2 10 9 15 48 24 47 49 23 17 26 13 27 29 38 12 36 25 39 34 5 30 19 44 31 11 50 41 43 28 20 45 46 6 18 4 37 7 22 21 32 16 14 42 40 3 33 

Inst_Index:4636 	 City_Num:50 	 Concorde:5.558679 	 MCTS:5.558679 Improve:0.000000 	 Time:3.76 Seconds
Solution: 1 14 44 17 11 46 22 13 21 27 34 39 41 49 6 7 10 19 25 28 20 8 40 5 23 38 47 48 16 33 35 9 32 4 29 12 31 26 36 50 3 45 43 2 30 42 15 18 24 37 

Inst_Index:4637 	 City_Num:50 	 Concorde:5.603378 	 MCTS:5.603378 Improve:0.000000 	 Time:3.75 Seconds
Solution: 1 20 33 27 35 7 45 16 12 13 6 11 48 28 14 25 46 17 21 49 32 26 19 50 2 44 41 4 22 36 31 8 42 15 10 38 23 37 18 9 47 24 5 30 3 43 40 34 29 39 

Inst_Index:4638 	 City_Num:50 	 Concorde:5.813611 	 MCTS:5.813611 Improve:0.000000 	 Time:3.76 Seconds
Solution: 1 42 44 11 13 35 32 31 41 37 23 29 25 45 28 19 12 14 16 46 27 8 17 39 26 38 50 33 15 47 30 6 21 4 18 49 43 2 24 7 3 48 40 10 36 20 5 22 9 34 

Inst_Index:4639 	 City_Num:50 	 Concorde:5.942688 	 MCTS:5.940600 Improve:0.002088 	 Time:3.75 Seconds
Solution: 1 39 34 14 4 38 27 15 13 24 3 7 2 42 11 26 36 32 43 23 44 21 47 8 30 31 25 18 35 6 40 17 20 49 9 48 16 19 50 10 45 29 12 22 41 33 28 46 5 37 

Inst_Index:4640 	 City_Num:50 	 Concorde:5.835804 	 MCTS:5.835804 Improve:0.000000 	 Time:3.76 Seconds
Solution: 1 10 34 20 19 5 4 46 38 14 12 22 36 13 21 32 26 29 45 18 16 11 3 15 37 41 43 9 44 6 48 25 2 28 47 8 33 24 39 50 7 40 49 42 17 31 30 27 23 35 

Inst_Index:4641 	 City_Num:50 	 Concorde:6.217949 	 MCTS:6.217949 Improve:-0.000000 	 Time:3.77 Seconds
Solution: 1 48 15 44 46 45 18 22 6 20 16 4 33 25 5 35 24 7 13 37 31 50 2 42 12 30 34 26 29 32 17 14 19 21 9 36 27 39 43 40 10 3 38 11 41 23 8 47 49 28 

Inst_Index:4642 	 City_Num:50 	 Concorde:5.518026 	 MCTS:5.518026 Improve:0.000000 	 Time:3.76 Seconds
Solution: 1 43 18 39 47 20 33 12 27 48 22 38 28 19 41 4 16 21 24 7 49 9 6 30 44 40 11 10 8 32 25 3 46 26 14 42 45 36 17 29 34 50 13 35 5 2 31 37 15 23 

Inst_Index:4643 	 City_Num:50 	 Concorde:5.725489 	 MCTS:5.720699 Improve:0.004790 	 Time:3.75 Seconds
Solution: 1 7 30 46 15 27 11 31 45 17 16 40 48 33 38 49 2 39 9 13 3 8 43 29 20 24 47 44 35 10 34 42 4 22 14 26 18 37 50 21 5 28 12 19 6 32 23 36 41 25 

Inst_Index:4644 	 City_Num:50 	 Concorde:5.772813 	 MCTS:5.769968 Improve:0.002845 	 Time:3.75 Seconds
Solution: 1 29 19 30 13 6 32 24 26 46 28 33 8 7 44 43 37 50 38 40 18 23 47 36 35 15 12 2 21 45 3 39 27 5 25 48 11 17 16 42 22 20 31 10 14 9 49 4 41 34 

Inst_Index:4645 	 City_Num:50 	 Concorde:5.819652 	 MCTS:5.819652 Improve:0.000000 	 Time:3.76 Seconds
Solution: 1 29 41 32 36 23 6 27 4 37 19 21 12 47 15 22 2 26 38 48 33 24 7 49 25 44 14 39 16 35 13 9 40 28 34 5 10 30 45 3 20 42 46 11 8 18 43 17 31 50 

Inst_Index:4646 	 City_Num:50 	 Concorde:5.967518 	 MCTS:5.967518 Improve:-0.000000 	 Time:3.77 Seconds
Solution: 1 17 19 46 10 48 22 16 30 11 15 38 21 32 7 34 35 23 47 8 27 33 2 13 29 25 24 31 40 26 50 45 41 43 36 6 14 39 9 12 18 28 3 49 42 5 37 4 20 44 

Inst_Index:4647 	 City_Num:50 	 Concorde:5.868990 	 MCTS:5.868990 Improve:-0.000000 	 Time:3.77 Seconds
Solution: 1 7 26 27 4 10 40 20 9 3 21 12 33 46 6 19 24 18 38 35 45 2 23 31 14 41 34 49 44 50 13 48 8 42 32 28 43 36 11 39 5 25 30 16 29 17 47 15 22 37 

Inst_Index:4648 	 City_Num:50 	 Concorde:5.297058 	 MCTS:5.296495 Improve:0.000563 	 Time:3.76 Seconds
Solution: 1 11 21 25 27 39 50 44 31 28 36 9 26 18 8 3 47 49 4 10 19 32 40 42 23 45 29 5 22 33 43 37 2 46 41 24 13 38 12 6 35 34 16 7 30 48 20 14 15 17 

Inst_Index:4649 	 City_Num:50 	 Concorde:5.373243 	 MCTS:5.373243 Improve:0.000000 	 Time:3.76 Seconds
Solution: 1 21 18 49 39 4 8 36 17 15 24 43 23 28 2 13 11 41 37 34 27 25 7 30 42 35 19 32 26 29 47 31 16 22 45 20 50 10 44 46 14 38 6 12 33 3 40 48 5 9 

Inst_Index:4650 	 City_Num:50 	 Concorde:5.462412 	 MCTS:5.456954 Improve:0.005458 	 Time:3.76 Seconds
Solution: 1 6 21 31 20 11 7 15 25 49 46 17 18 43 47 28 35 19 4 14 30 29 2 42 33 39 37 45 24 48 5 22 32 3 8 34 40 23 41 12 26 38 10 50 13 44 16 9 36 27 

Inst_Index:4651 	 City_Num:50 	 Concorde:5.665931 	 MCTS:5.665931 Improve:-0.000000 	 Time:3.76 Seconds
Solution: 1 39 22 47 40 42 7 12 35 9 45 31 16 44 41 14 18 3 36 49 34 20 11 29 30 27 15 13 19 23 2 24 8 4 46 33 48 37 5 50 28 26 32 21 10 25 43 38 17 6 

Inst_Index:4652 	 City_Num:50 	 Concorde:5.532242 	 MCTS:5.532242 Improve:-0.000000 	 Time:3.77 Seconds
Solution: 1 38 25 49 23 22 13 4 16 6 41 30 14 43 40 5 47 39 35 21 50 48 46 19 20 24 15 3 12 11 27 37 29 36 9 45 44 17 28 32 42 34 26 18 33 7 2 10 8 31 

Inst_Index:4653 	 City_Num:50 	 Concorde:5.598574 	 MCTS:5.598574 Improve:-0.000000 	 Time:3.76 Seconds
Solution: 1 24 31 12 3 30 39 14 33 29 27 46 13 26 21 32 10 25 42 18 37 23 49 35 50 4 45 34 19 47 36 8 38 40 11 28 43 44 5 17 2 41 22 16 15 7 6 20 48 9 

Inst_Index:4654 	 City_Num:50 	 Concorde:5.432871 	 MCTS:5.432871 Improve:-0.000000 	 Time:3.76 Seconds
Solution: 1 5 29 28 13 40 18 23 33 4 37 34 31 21 32 41 6 22 24 16 48 14 47 2 44 15 39 35 45 42 25 27 20 43 3 11 38 26 12 36 10 8 7 30 49 17 9 50 19 46 

Inst_Index:4655 	 City_Num:50 	 Concorde:5.690916 	 MCTS:5.690916 Improve:0.000000 	 Time:3.77 Seconds
Solution: 1 33 6 30 50 46 38 28 43 19 18 17 35 31 36 40 8 13 49 25 7 11 47 12 34 3 21 44 42 9 14 48 24 39 29 10 5 22 4 15 32 20 45 23 37 16 2 27 41 26 

Inst_Index:4656 	 City_Num:50 	 Concorde:5.625766 	 MCTS:5.624016 Improve:0.001751 	 Time:3.76 Seconds
Solution: 1 48 10 3 46 41 45 2 38 35 7 13 42 44 12 31 9 30 27 22 49 11 18 32 19 21 25 6 4 5 28 47 14 36 24 34 23 39 17 26 37 43 50 33 8 29 16 40 15 20 

Inst_Index:4657 	 City_Num:50 	 Concorde:6.025361 	 MCTS:6.024811 Improve:0.000549 	 Time:3.78 Seconds
Solution: 1 50 5 31 43 45 26 11 17 49 7 2 28 21 40 47 12 18 35 4 34 9 36 39 16 13 41 24 14 15 23 29 42 8 46 3 19 37 48 6 25 44 33 38 30 27 10 32 22 20 

Inst_Index:4658 	 City_Num:50 	 Concorde:5.958257 	 MCTS:5.958257 Improve:0.000000 	 Time:3.77 Seconds
Solution: 1 14 39 27 36 49 9 46 24 33 34 12 31 25 37 48 2 7 8 21 50 15 28 26 29 44 38 22 16 47 5 4 6 10 32 43 42 3 20 18 19 17 11 13 23 30 35 40 45 41 

Inst_Index:4659 	 City_Num:50 	 Concorde:5.687369 	 MCTS:5.687369 Improve:0.000000 	 Time:3.75 Seconds
Solution: 1 10 34 13 43 16 38 24 20 30 17 50 19 3 6 37 22 2 9 25 11 12 14 32 7 31 23 40 28 41 8 4 15 48 18 39 42 44 46 35 29 47 5 45 33 49 26 36 27 21 

Inst_Index:4660 	 City_Num:50 	 Concorde:6.256954 	 MCTS:6.256954 Improve:0.000000 	 Time:3.77 Seconds
Solution: 1 21 33 35 41 2 23 3 5 12 17 26 49 22 8 4 42 43 31 7 40 13 36 27 46 50 11 34 47 28 29 16 38 10 9 18 32 25 19 24 44 48 39 20 6 30 37 15 45 14 

Inst_Index:4661 	 City_Num:50 	 Concorde:5.546220 	 MCTS:5.538797 Improve:0.007423 	 Time:3.76 Seconds
Solution: 1 39 24 14 32 45 22 47 15 23 35 40 2 3 29 18 27 8 41 20 11 21 46 17 33 36 7 48 34 6 5 31 9 12 25 38 50 16 44 19 37 28 26 43 10 4 30 42 13 49 

Inst_Index:4662 	 City_Num:50 	 Concorde:6.086424 	 MCTS:6.084616 Improve:0.001808 	 Time:3.77 Seconds
Solution: 1 44 20 32 31 21 35 47 12 36 33 11 34 38 50 19 49 10 42 46 29 16 48 3 5 24 41 2 23 9 6 15 37 25 26 27 45 17 28 4 30 40 8 13 39 18 43 22 14 7 

Inst_Index:4663 	 City_Num:50 	 Concorde:5.652751 	 MCTS:5.652751 Improve:0.000000 	 Time:3.76 Seconds
Solution: 1 18 17 45 23 8 47 21 42 7 30 36 16 48 40 24 3 31 20 2 46 6 26 12 50 43 13 41 34 35 39 11 19 49 10 33 9 4 15 28 25 38 14 22 32 37 27 5 29 44 

Inst_Index:4664 	 City_Num:50 	 Concorde:5.990772 	 MCTS:5.990772 Improve:0.000000 	 Time:3.77 Seconds
Solution: 1 31 17 11 15 40 6 27 38 33 14 28 50 13 44 9 36 20 47 10 7 26 3 43 16 39 24 5 12 30 2 29 35 21 32 42 8 48 22 19 25 46 41 37 49 45 18 34 4 23 

Inst_Index:4665 	 City_Num:50 	 Concorde:6.006964 	 MCTS:6.006341 Improve:0.000624 	 Time:3.75 Seconds
Solution: 1 32 35 26 22 31 16 24 49 42 18 44 48 41 13 33 40 15 23 27 46 5 19 9 36 25 4 8 38 2 6 30 11 43 20 45 39 34 47 7 37 12 28 50 3 21 17 14 10 29 

Inst_Index:4666 	 City_Num:50 	 Concorde:5.771472 	 MCTS:5.767398 Improve:0.004074 	 Time:3.76 Seconds
Solution: 1 20 23 16 48 31 3 18 45 37 15 21 42 14 13 8 26 35 22 38 27 49 9 46 11 44 41 40 12 7 50 39 29 17 6 5 36 33 47 30 32 4 24 43 2 34 25 28 10 19 

Inst_Index:4667 	 City_Num:50 	 Concorde:5.789791 	 MCTS:5.783199 Improve:0.006592 	 Time:3.78 Seconds
Solution: 1 20 17 30 24 38 39 5 7 31 34 16 43 44 15 40 32 47 6 35 13 29 48 36 33 3 28 25 49 18 11 12 4 26 45 46 19 14 21 2 50 23 27 37 9 22 8 41 10 42 

Inst_Index:4668 	 City_Num:50 	 Concorde:5.695720 	 MCTS:5.695720 Improve:-0.000000 	 Time:3.76 Seconds
Solution: 1 27 4 9 10 28 42 48 50 47 45 6 25 33 24 41 30 23 49 20 22 39 7 36 38 18 19 12 2 26 5 40 21 44 13 43 34 14 3 16 29 11 35 17 8 46 15 32 31 37 

Inst_Index:4669 	 City_Num:50 	 Concorde:6.115776 	 MCTS:6.114700 Improve:0.001076 	 Time:3.75 Seconds
Solution: 1 49 18 33 20 40 41 46 21 28 7 26 17 2 29 12 27 36 8 50 32 44 47 42 14 43 15 3 38 16 35 9 34 30 25 4 19 13 10 22 5 31 37 23 39 48 24 11 6 45 

Inst_Index:4670 	 City_Num:50 	 Concorde:5.572639 	 MCTS:5.572639 Improve:0.000000 	 Time:3.77 Seconds
Solution: 1 18 39 29 13 44 2 7 40 36 25 30 38 26 16 50 19 42 34 48 27 22 31 46 41 37 8 24 4 43 10 21 35 32 33 45 20 17 11 14 3 9 6 12 28 49 15 23 5 47 

Inst_Index:4671 	 City_Num:50 	 Concorde:5.947672 	 MCTS:5.947672 Improve:0.000000 	 Time:3.76 Seconds
Solution: 1 27 38 8 35 25 18 14 23 36 31 29 40 20 11 21 45 2 49 16 39 43 26 9 12 28 6 4 41 24 30 50 48 17 34 46 47 42 44 32 3 7 13 19 10 15 5 33 22 37 

Inst_Index:4672 	 City_Num:50 	 Concorde:5.884946 	 MCTS:5.884946 Improve:0.000000 	 Time:3.76 Seconds
Solution: 1 40 19 14 39 13 49 34 44 25 17 24 46 15 35 29 30 7 18 37 5 21 2 42 4 3 20 12 47 26 27 10 22 28 43 33 45 11 38 32 16 6 23 50 36 48 41 9 8 31 

Inst_Index:4673 	 City_Num:50 	 Concorde:5.904896 	 MCTS:5.904896 Improve:0.000000 	 Time:3.77 Seconds
Solution: 1 20 32 36 40 35 47 10 45 8 9 41 49 29 48 30 5 17 13 26 46 15 22 38 34 7 18 16 44 28 4 43 19 12 37 23 50 42 33 25 11 14 6 39 24 27 31 21 3 2 

Inst_Index:4674 	 City_Num:50 	 Concorde:6.005040 	 MCTS:6.005040 Improve:0.000000 	 Time:3.77 Seconds
Solution: 1 26 20 25 43 45 48 22 15 34 13 39 4 7 21 40 47 23 31 19 27 17 24 41 10 14 50 8 3 36 38 2 35 37 18 49 11 9 30 44 16 42 29 46 28 32 5 12 33 6 

Inst_Index:4675 	 City_Num:50 	 Concorde:5.597208 	 MCTS:5.597208 Improve:0.000000 	 Time:3.76 Seconds
Solution: 1 16 3 25 27 15 14 42 5 31 38 12 11 2 43 34 23 46 7 48 37 50 21 22 39 40 28 10 49 24 9 47 17 4 13 8 29 45 30 41 44 35 36 32 6 33 20 19 18 26 

Inst_Index:4676 	 City_Num:50 	 Concorde:5.781003 	 MCTS:5.775738 Improve:0.005265 	 Time:3.76 Seconds
Solution: 1 11 39 10 38 42 6 43 36 29 34 25 35 48 21 22 27 14 31 5 30 32 24 2 17 45 41 18 4 9 46 8 47 49 7 44 37 16 15 33 13 28 20 12 26 23 40 19 50 3 

Inst_Index:4677 	 City_Num:50 	 Concorde:6.088109 	 MCTS:6.088109 Improve:-0.000000 	 Time:3.76 Seconds
Solution: 1 28 44 42 22 20 15 34 18 39 38 33 36 11 32 31 8 41 23 48 49 3 47 17 9 7 13 4 6 37 2 30 14 21 26 43 12 25 45 16 50 40 24 10 5 29 27 19 46 35 

Inst_Index:4678 	 City_Num:50 	 Concorde:6.033901 	 MCTS:6.033901 Improve:-0.000000 	 Time:3.77 Seconds
Solution: 1 39 43 45 35 3 15 7 50 24 9 19 34 46 42 28 2 8 29 32 6 49 27 26 21 13 17 33 47 23 44 14 36 20 37 38 30 11 41 10 25 22 4 40 31 48 5 18 12 16 

Inst_Index:4679 	 City_Num:50 	 Concorde:5.569177 	 MCTS:5.569177 Improve:-0.000000 	 Time:3.76 Seconds
Solution: 1 42 24 19 50 25 43 44 31 29 47 2 9 23 10 45 3 36 7 49 38 34 12 37 33 4 40 13 14 5 32 35 46 17 16 6 11 8 41 15 26 39 30 20 48 27 21 28 18 22 

Inst_Index:4680 	 City_Num:50 	 Concorde:4.957810 	 MCTS:4.957810 Improve:0.000000 	 Time:3.77 Seconds
Solution: 1 42 39 35 16 10 29 25 7 33 38 15 48 20 2 21 46 12 17 31 13 30 44 34 9 18 26 43 6 36 5 28 41 4 14 37 45 40 47 24 8 22 32 49 11 23 27 3 50 19 

Inst_Index:4681 	 City_Num:50 	 Concorde:5.740113 	 MCTS:5.737971 Improve:0.002143 	 Time:3.76 Seconds
Solution: 1 39 35 42 23 18 36 10 11 48 24 15 9 45 7 25 26 29 19 5 17 37 21 6 34 32 28 40 31 30 44 50 16 13 41 43 47 3 4 8 22 20 46 33 14 12 27 49 38 2 

Inst_Index:4682 	 City_Num:50 	 Concorde:5.655223 	 MCTS:5.655223 Improve:-0.000000 	 Time:3.76 Seconds
Solution: 1 20 9 15 29 45 49 3 25 43 36 31 2 35 44 42 22 33 39 30 10 24 12 5 14 28 6 27 23 16 8 48 40 4 13 50 34 7 47 26 37 18 41 21 38 17 19 46 32 11 

Inst_Index:4683 	 City_Num:50 	 Concorde:5.948911 	 MCTS:5.942995 Improve:0.005916 	 Time:3.77 Seconds
Solution: 1 42 2 10 19 41 45 6 9 18 20 13 32 33 11 23 21 44 27 25 46 34 37 30 3 50 26 43 28 16 8 15 48 24 5 38 12 22 39 40 4 7 35 49 36 47 14 17 31 29 

Inst_Index:4684 	 City_Num:50 	 Concorde:5.414044 	 MCTS:5.413782 Improve:0.000262 	 Time:3.75 Seconds
Solution: 1 50 22 20 49 11 33 7 48 24 43 25 2 9 47 5 36 42 23 34 19 29 8 26 4 40 45 10 38 41 21 15 3 35 39 18 31 46 32 30 28 27 44 12 6 17 37 16 13 14 

Inst_Index:4685 	 City_Num:50 	 Concorde:5.428171 	 MCTS:5.428171 Improve:-0.000000 	 Time:3.76 Seconds
Solution: 1 10 7 41 21 48 35 24 42 20 27 3 32 45 22 47 44 19 33 6 11 17 9 29 15 39 34 46 14 18 31 16 37 43 13 40 8 49 4 28 2 50 5 30 26 38 23 25 36 12 

Inst_Index:4686 	 City_Num:50 	 Concorde:5.694810 	 MCTS:5.693256 Improve:0.001554 	 Time:3.76 Seconds
Solution: 1 33 31 12 50 8 44 14 28 17 9 11 32 24 41 39 46 26 19 40 22 15 10 21 25 49 20 3 16 47 23 13 7 43 29 42 4 2 18 38 27 6 30 5 45 48 37 36 35 34 

Inst_Index:4687 	 City_Num:50 	 Concorde:5.731988 	 MCTS:5.731988 Improve:0.000000 	 Time:3.75 Seconds
Solution: 1 33 7 9 20 42 5 32 41 10 25 21 22 11 39 8 38 27 2 46 28 48 17 40 50 34 47 24 29 3 14 45 15 19 12 16 44 4 43 6 31 36 35 13 30 49 18 37 26 23 

Inst_Index:4688 	 City_Num:50 	 Concorde:5.788180 	 MCTS:5.784498 Improve:0.003683 	 Time:3.75 Seconds
Solution: 1 11 19 14 38 3 30 2 7 10 27 48 16 47 18 42 8 39 24 49 5 15 17 44 50 6 32 13 23 29 45 9 26 41 21 33 43 31 28 22 37 4 40 20 25 12 34 35 36 46 

Inst_Index:4689 	 City_Num:50 	 Concorde:5.555311 	 MCTS:5.555311 Improve:-0.000000 	 Time:3.77 Seconds
Solution: 1 40 4 13 18 49 23 32 12 17 34 31 37 28 25 20 44 42 24 50 27 14 21 45 41 38 47 29 2 16 3 22 7 43 33 5 15 8 11 36 48 46 39 30 6 26 9 19 35 10 

Inst_Index:4690 	 City_Num:50 	 Concorde:5.915147 	 MCTS:5.913502 Improve:0.001646 	 Time:3.78 Seconds
Solution: 1 18 35 14 26 44 3 31 19 30 49 21 22 40 6 32 50 10 43 24 8 45 33 17 28 13 37 29 39 27 47 46 38 34 16 41 9 23 11 42 20 2 7 48 15 25 12 5 36 4 

Inst_Index:4691 	 City_Num:50 	 Concorde:5.512632 	 MCTS:5.512632 Improve:0.000000 	 Time:3.78 Seconds
Solution: 1 10 49 37 28 19 46 39 11 48 43 9 2 18 44 38 50 3 13 7 23 36 40 16 5 30 21 34 47 31 12 27 22 24 26 14 6 45 15 25 8 33 35 42 17 20 32 41 29 4 

Inst_Index:4692 	 City_Num:50 	 Concorde:5.649661 	 MCTS:5.646824 Improve:0.002837 	 Time:3.77 Seconds
Solution: 1 9 47 46 24 27 16 28 17 15 35 31 34 20 32 38 41 22 10 6 48 25 23 29 8 3 18 2 40 50 37 30 36 26 5 49 12 14 13 7 4 45 33 39 44 42 43 19 11 21 

Inst_Index:4693 	 City_Num:50 	 Concorde:5.527301 	 MCTS:5.527301 Improve:-0.000000 	 Time:3.75 Seconds
Solution: 1 25 3 38 47 31 20 7 42 46 13 29 45 27 28 34 9 41 48 33 17 36 15 39 16 24 43 12 2 8 40 18 22 21 26 50 44 4 23 30 32 6 49 37 5 19 14 10 35 11 

Inst_Index:4694 	 City_Num:50 	 Concorde:5.670276 	 MCTS:5.668966 Improve:0.001309 	 Time:3.76 Seconds
Solution: 1 5 28 48 24 39 12 2 47 45 11 38 33 26 46 14 9 18 29 32 4 21 27 36 17 42 35 20 6 10 22 7 23 3 25 49 31 50 15 41 13 40 30 8 19 44 37 43 34 16 

Inst_Index:4695 	 City_Num:50 	 Concorde:5.775024 	 MCTS:5.773904 Improve:0.001120 	 Time:3.76 Seconds
Solution: 1 11 4 14 46 38 43 25 24 32 33 3 23 35 26 7 8 44 49 6 50 27 28 22 16 40 20 10 19 36 21 37 17 5 42 9 45 41 39 2 13 31 18 15 47 48 29 34 12 30 


Avg_Concorde_Distance: 5.697693 Avg_MCTS_Distance: 5.696442 Avg_Gap: -0.000218 Total_Time: 1178.28 Seconds 
 Beat_Best_Known_Times: 107 Match_Best_Known_Times: 206 Miss_Best_Known_Times: 0 
