38

eil51.tsp 	 City Num: 51 	 Best_known:426 	 MCTS: 426 	 Gap: 0 	 Time:51.00 Seconds
1 22 8 26 31 28 3 36 35 20 2 29 21 16 50 34 30 9 49 10 39 33 45 15 44 42 40 19 41 13 25 14 24 43 7 23 48 6 27 51 46 12 47 18 4 17 37 5 38 11 32 

berlin52.tsp 	 City Num: 52 	 Best_known:7542 	 MCTS: 7542 	 Gap: 0 	 Time:52.01 Seconds
1 49 32 45 19 41 8 9 10 43 33 51 11 52 14 13 47 26 27 28 12 25 4 6 15 5 24 48 38 37 40 39 36 35 34 44 46 16 29 50 20 23 30 2 7 42 21 17 3 18 31 22 

st70.tsp 	 City Num: 70 	 Best_known:675 	 MCTS: 675 	 Gap: 0 	 Time:70.02 Seconds
1 23 16 47 37 58 50 51 56 65 64 11 67 48 54 62 33 34 21 12 60 52 10 5 53 6 41 43 17 9 40 61 39 45 25 46 27 68 44 30 20 14 28 49 55 26 8 3 32 42 18 4 2 7 19 24 15 57 63 66 22 59 38 31 69 35 70 13 29 36 

eil76.tsp 	 City Num: 76 	 Best_known:538 	 MCTS: 538 	 Gap: 0 	 Time:76.02 Seconds
1 33 63 16 3 44 32 9 39 72 58 12 40 17 51 6 68 4 75 76 26 67 34 46 52 27 45 29 48 30 2 74 28 61 21 47 36 69 71 60 70 20 37 5 15 57 13 54 19 8 7 35 53 14 59 11 66 65 38 10 31 55 25 50 18 24 49 23 56 41 43 42 64 22 62 73 

pr76.tsp 	 City Num: 76 	 Best_known:108159 	 MCTS: 108159 	 Gap: 0 	 Time:76.06 Seconds
1 76 75 2 3 4 5 6 7 8 9 10 11 12 13 14 74 15 16 17 18 37 36 38 39 40 34 35 33 32 29 30 31 19 20 26 27 28 43 42 54 53 52 55 56 57 58 59 60 41 61 62 63 64 73 72 71 65 66 51 49 50 67 70 68 69 47 48 44 45 46 24 25 21 22 23 

rat99.tsp 	 City Num: 99 	 Best_known:1211 	 MCTS: 1211 	 Gap: 0 	 Time:99.03 Seconds
1 2 3 4 14 5 6 7 8 9 18 17 16 15 23 24 25 26 27 35 36 44 45 54 53 52 51 50 49 60 61 62 63 72 81 80 71 70 69 78 77 76 84 85 86 87 88 79 89 90 99 98 97 96 95 94 93 92 91 83 82 73 74 75 66 67 68 59 58 57 56 65 64 55 46 47 38 48 39 40 41 42 43 34 33 32 31 30 29 37 28 19 20 21 22 13 12 11 10 

kroA100.tsp 	 City Num: 100 	 Best_known:21282 	 MCTS: 21282 	 Gap: 0 	 Time:100.02 Seconds
1 63 6 49 90 19 75 92 8 42 89 31 80 56 97 4 65 26 66 70 22 94 16 88 53 79 18 24 38 99 36 84 10 72 21 74 59 17 15 11 32 45 91 98 23 77 60 62 35 86 27 12 20 57 9 7 55 83 34 29 46 43 3 14 71 41 100 48 30 39 96 78 52 5 37 33 76 13 95 82 85 68 73 50 44 2 54 40 64 69 81 25 87 51 61 58 67 28 93 47 

kroB100.tsp 	 City Num: 100 	 Best_known:22141 	 MCTS: 22141 	 Gap: 0 	 Time:100.02 Seconds
1 95 98 32 59 76 29 8 99 97 91 28 3 11 93 85 73 53 70 39 40 67 5 62 69 26 100 56 81 79 47 65 37 72 38 20 80 75 30 49 86 68 10 21 90 46 25 9 34 7 84 58 52 54 88 23 22 55 77 24 18 45 36 96 92 19 44 41 17 78 13 63 31 48 51 82 33 15 6 4 83 64 14 42 2 16 50 43 89 87 66 74 60 57 94 35 61 27 71 12 

kroC100.tsp 	 City Num: 100 	 Best_known:20749 	 MCTS: 20749 	 Gap: 0 	 Time:100.04 Seconds
1 53 40 12 49 18 29 46 24 32 61 26 7 82 78 9 37 16 51 63 44 66 48 84 11 52 87 96 97 81 45 33 100 74 57 36 14 10 92 19 99 93 4 60 69 3 73 59 41 89 21 23 70 76 91 94 95 50 62 83 72 86 5 43 56 71 38 39 28 88 98 58 34 90 25 17 8 22 75 6 54 2 35 68 30 77 80 65 31 47 67 55 42 20 64 79 13 15 27 85 

kroD100.tsp 	 City Num: 100 	 Best_known:21294 	 MCTS: 21294 	 Gap: 0 	 Time:100.01 Seconds
1 50 34 81 38 66 8 52 46 23 42 89 11 90 17 94 32 97 98 49 70 22 58 29 36 67 75 7 74 61 76 80 72 57 31 78 99 45 33 68 14 65 86 96 16 63 54 91 77 43 64 85 59 3 83 40 6 18 82 25 20 9 10 21 47 12 28 56 95 26 87 55 92 48 2 100 30 35 51 19 37 62 5 53 60 44 93 4 71 39 73 15 69 84 41 24 27 88 79 13 

kroE100.tsp 	 City Num: 100 	 Best_known:22068 	 MCTS: 22068 	 Gap: 0 	 Time:100.01 Seconds
1 74 21 7 76 12 32 58 63 88 35 40 84 17 99 45 54 25 97 65 8 5 42 90 48 68 38 33 22 39 43 86 19 94 18 24 29 100 78 53 34 6 70 37 77 85 96 11 2 4 82 92 27 67 87 41 75 13 55 91 93 30 66 31 9 57 80 10 60 50 49 20 15 56 62 64 23 28 36 95 59 98 51 69 47 3 46 26 79 81 89 72 44 52 14 61 71 16 73 83 

rd100.tsp 	 City Num: 100 	 Best_known:7910 	 MCTS: 7910 	 Gap: 0 	 Time:100.01 Seconds
1 18 62 87 15 63 86 97 67 13 49 21 75 82 85 14 12 4 32 9 26 74 20 78 3 33 10 27 92 17 72 70 38 54 73 50 46 56 19 37 28 93 77 95 59 76 58 89 2 23 35 29 44 100 39 96 55 40 43 25 24 42 7 34 41 22 5 61 11 52 45 16 31 84 88 66 98 94 6 79 53 99 47 57 36 64 91 81 80 30 48 65 90 51 83 68 71 8 69 60 

eil101.tsp 	 City Num: 101 	 Best_known:629 	 MCTS: 629 	 Gap: 0 	 Time:101.00 Seconds
1 69 27 101 53 28 26 12 80 68 29 24 54 55 25 4 39 67 23 56 75 22 41 74 72 73 21 40 58 13 94 95 97 87 2 57 15 43 42 14 38 44 86 16 61 85 91 100 37 98 92 59 93 99 96 6 89 52 18 83 60 5 84 17 45 8 46 47 36 49 64 63 90 32 10 62 11 19 48 82 7 88 31 70 30 20 66 65 71 35 34 78 81 9 51 33 79 3 77 76 50 

lin105.tsp 	 City Num: 105 	 Best_known:14379 	 MCTS: 14379 	 Gap: 0 	 Time:105.03 Seconds
1 3 8 9 5 4 13 14 34 35 38 39 60 61 65 66 87 88 94 95 100 99 98 90 89 93 102 101 97 96 92 91 85 84 83 82 78 71 68 67 64 72 77 79 86 80 76 73 81 75 74 69 70 63 62 105 59 56 55 50 48 45 49 40 104 44 47 51 54 57 58 53 52 46 43 41 42 37 36 26 25 18 17 16 27 24 19 12 20 23 28 33 32 31 30 29 22 21 103 15 11 10 7 6 2 

pr107.tsp 	 City Num: 107 	 Best_known:44303 	 MCTS: 44303 	 Gap: 0 	 Time:107.02 Seconds
1 2 63 66 64 67 65 68 69 72 71 70 73 62 74 61 76 77 75 78 80 83 82 79 81 60 84 59 86 87 85 88 90 93 92 91 89 58 94 57 96 97 95 98 100 103 102 99 101 56 104 105 107 106 55 50 53 54 51 52 49 46 45 43 48 47 44 41 38 42 39 40 37 34 33 31 36 35 32 29 26 30 27 28 25 22 21 19 24 23 20 17 14 18 15 16 13 12 11 8 10 9 7 5 6 3 4 

pr124.tsp 	 City Num: 124 	 Best_known:59030 	 MCTS: 59030 	 Gap: 0 	 Time:124.02 Seconds
1 2 3 4 5 6 32 31 30 34 33 62 66 65 67 83 84 82 81 63 64 68 69 70 71 72 73 74 75 76 77 78 79 80 92 93 94 95 96 97 98 99 100 124 123 122 121 120 119 118 117 116 115 101 91 85 86 87 90 102 103 114 113 112 111 110 109 108 107 106 105 104 89 88 53 52 46 47 48 49 50 51 15 14 13 12 11 10 9 16 17 18 19 45 54 44 43 42 41 20 21 40 39 23 22 25 24 26 38 37 55 56 57 58 60 61 59 36 35 29 28 27 7 8 

bier127.tsp 	 City Num: 127 	 Best_known:118282 	 MCTS: 118282 	 Gap: 0 	 Time:127.02 Seconds
1 16 2 51 44 103 45 54 57 121 56 124 52 5 50 115 13 120 10 100 64 58 91 61 62 59 60 116 90 3 11 9 24 23 4 22 19 72 8 67 73 74 68 71 70 69 75 76 78 117 84 81 126 82 83 101 102 63 119 96 109 88 87 86 85 110 104 125 89 92 99 65 113 66 55 47 49 53 48 118 46 94 112 111 107 127 93 95 123 97 98 32 29 28 122 33 25 26 38 39 42 34 43 40 35 37 36 41 14 12 30 27 31 80 79 77 18 21 17 20 108 15 106 6 114 105 7 

ch130.tsp 	 City Num: 130 	 Best_known:6110 	 MCTS: 6110 	 Gap: 0 	 Time:130.03 Seconds
1 41 39 117 112 115 28 62 105 128 16 45 5 11 76 109 61 129 124 64 69 86 88 26 7 97 70 107 127 104 43 34 17 31 27 19 100 15 29 24 116 95 79 87 12 81 103 77 94 89 110 98 68 63 48 25 113 32 36 84 119 111 123 101 82 57 9 56 65 52 75 74 99 73 92 38 106 53 120 58 49 72 91 6 102 10 14 67 13 96 122 55 60 51 42 44 93 37 22 40 47 23 33 21 126 121 78 66 85 125 90 59 30 83 3 114 108 8 18 46 80 118 20 4 35 54 2 50 130 71 

pr136.tsp 	 City Num: 136 	 Best_known:96772 	 MCTS: 96772 	 Gap: 0 	 Time:136.01 Seconds
1 7 17 19 28 27 8 2 16 20 32 15 9 26 25 21 14 10 3 11 12 4 13 22 34 23 24 33 36 44 43 49 60 59 55 48 45 46 35 47 56 68 57 58 67 70 79 80 69 81 90 102 91 92 89 82 78 77 88 94 93 101 104 113 114 103 115 124 133 125 126 134 127 123 116 112 111 128 122 105 117 121 135 129 110 109 118 120 130 136 131 132 119 107 108 106 99 96 95 100 87 83 71 76 75 84 86 97 98 85 73 74 72 65 63 64 52 39 40 51 53 62 61 66 54 50 37 42 41 38 31 29 30 18 5 6 

pr144.tsp 	 City Num: 144 	 Best_known:58537 	 MCTS: 58763 	 Gap: 226 	 Time:144.02 Seconds
1 2 28 29 27 26 25 24 36 35 30 34 33 32 31 49 50 51 52 53 54 55 56 57 58 60 59 48 47 46 61 62 63 64 65 66 67 68 69 70 100 101 102 103 88 87 79 80 81 82 83 84 85 86 109 108 105 104 106 107 110 111 112 113 114 144 143 142 141 140 139 138 137 136 135 134 133 132 131 115 130 129 128 127 126 125 124 123 122 121 120 119 118 117 116 92 91 93 94 95 96 97 98 99 90 89 78 77 76 75 74 73 72 71 45 44 43 14 13 12 11 10 9 7 8 19 20 18 17 16 15 42 41 21 40 39 38 37 23 22 6 5 4 3 

ch150.tsp 	 City Num: 150 	 Best_known:6528 	 MCTS: 6528 	 Gap: 0 	 Time:150.02 Seconds
1 98 103 82 95 107 5 100 143 97 146 26 75 18 142 85 65 132 137 50 55 58 141 83 56 90 46 92 54 138 134 131 32 23 38 67 43 109 51 20 25 110 81 29 86 135 70 108 102 114 99 19 2 37 6 28 9 42 120 47 139 40 53 118 24 12 116 101 41 57 39 127 69 36 61 11 148 130 17 66 60 140 117 129 27 31 123 74 13 106 91 119 68 128 45 71 44 64 112 136 145 144 49 147 72 80 14 122 77 133 15 78 21 150 115 4 104 22 125 149 62 3 113 10 94 88 121 79 59 16 111 105 33 126 52 93 124 35 96 89 8 7 84 30 63 48 73 76 34 87 

kroA150.tsp 	 City Num: 150 	 Best_known:26524 	 MCTS: 26524 	 Gap: 0 	 Time:150.01 Seconds
1 63 6 49 90 10 84 36 99 102 111 104 38 24 18 94 22 70 16 88 137 79 106 134 53 19 75 97 4 65 66 129 26 124 118 119 143 56 139 92 8 42 122 80 31 89 138 133 148 142 105 67 108 58 61 81 25 125 51 87 145 140 135 85 68 73 69 64 40 54 2 144 114 44 50 116 82 126 95 13 76 33 146 103 147 37 5 52 78 96 39 101 121 30 107 112 132 29 46 3 14 48 100 71 41 136 128 43 123 115 120 149 55 83 34 117 9 7 57 20 12 27 86 35 150 62 60 77 110 23 98 91 45 109 32 11 15 17 141 59 127 74 21 72 113 47 131 93 28 130 

kroB150.tsp 	 City Num: 150 	 Best_known:26130 	 MCTS: 26130 	 Gap: 0 	 Time:150.07 Seconds
1 85 40 12 116 4 60 140 115 77 80 147 65 130 107 27 15 13 79 110 20 64 42 55 67 31 47 104 149 6 54 134 75 22 112 8 106 17 25 90 34 58 88 148 98 109 145 114 108 113 138 62 83 126 72 124 71 38 39 28 101 56 119 5 43 86 133 50 95 91 123 94 129 131 139 121 76 111 70 102 23 35 2 68 30 21 122 89 41 59 118 73 3 69 74 57 36 100 33 45 81 136 97 144 96 87 150 52 11 84 48 103 128 44 66 105 19 92 10 99 141 14 143 93 49 18 29 37 120 16 63 51 127 135 146 9 78 82 7 26 61 132 32 117 24 142 46 125 137 53 

pr152.tsp 	 City Num: 152 	 Best_known:73682 	 MCTS: 73682 	 Gap: 0 	 Time:152.06 Seconds
1 35 36 34 47 51 73 75 48 49 50 76 74 77 93 94 95 92 78 91 96 115 116 124 125 126 152 150 151 127 128 123 122 129 130 149 148 147 131 132 121 120 133 134 146 145 144 135 136 119 118 137 138 143 142 141 139 140 117 110 109 108 85 84 86 107 106 105 83 87 104 111 112 82 88 103 102 101 81 89 100 113 114 80 90 99 98 97 79 71 72 53 52 46 70 69 54 45 44 55 56 68 67 66 65 57 43 42 58 59 64 63 62 61 60 41 40 18 17 9 8 10 19 21 20 7 11 22 23 39 6 12 24 25 26 5 13 27 28 38 4 14 29 30 31 3 15 32 33 37 2 16 

u159.tsp 	 City Num: 159 	 Best_known:42080 	 MCTS: 42080 	 Gap: 0 	 Time:159.00 Seconds
1 159 158 157 156 155 154 151 150 148 147 149 146 145 144 143 142 141 139 140 138 137 136 135 133 134 132 131 128 127 126 125 129 124 130 123 122 121 120 119 118 117 116 115 114 113 112 111 110 109 108 93 92 91 90 89 94 88 87 96 95 107 106 105 104 103 102 101 100 99 98 97 86 85 84 83 82 81 80 79 78 77 76 75 74 73 72 71 70 69 68 67 66 65 64 63 62 61 60 59 58 57 56 55 54 53 52 51 50 49 48 47 46 45 44 43 42 41 40 39 38 36 37 35 34 33 32 31 30 29 28 27 26 25 24 23 22 21 20 19 18 17 16 15 14 13 12 11 10 9 8 7 152 153 6 5 4 2 3 

rat195.tsp 	 City Num: 195 	 Best_known:2323 	 MCTS: 2324 	 Gap: 1 	 Time:195.09 Seconds
1 2 3 4 5 6 7 8 9 10 11 12 13 26 25 24 23 22 35 36 37 38 39 52 51 50 49 48 47 46 45 59 60 61 62 63 64 65 78 77 76 75 74 73 72 85 86 87 88 89 90 91 104 103 117 116 115 102 101 100 99 98 111 112 113 114 127 126 125 124 123 135 136 137 138 139 140 128 129 130 143 142 141 154 155 156 169 168 167 180 181 182 195 194 193 191 192 179 178 177 176 190 189 188 187 186 185 184 183 171 170 157 158 144 145 146 160 159 172 173 174 175 161 162 163 164 165 166 153 152 151 150 149 148 147 134 133 132 131 118 119 120 121 122 110 109 108 107 106 105 92 93 94 95 96 97 84 83 82 81 80 79 66 67 68 69 70 71 58 57 56 55 54 53 40 41 42 43 44 30 31 32 33 34 21 20 19 18 17 16 29 28 27 14 15 

d198.tsp 	 City Num: 198 	 Best_known:15780 	 MCTS: 15785 	 Gap: 5 	 Time:198.08 Seconds
1 40 14 15 16 17 18 19 20 21 24 25 26 27 22 23 29 30 28 34 33 36 37 32 31 38 45 54 61 66 74 82 75 62 53 46 52 65 81 76 77 78 64 50 51 47 39 35 48 49 63 79 80 91 92 105 114 113 112 106 107 111 110 109 108 167 168 182 183 181 177 176 173 174 175 178 180 184 185 179 194 195 198 197 196 187 186 193 192 191 188 189 190 171 172 166 165 164 163 151 150 145 144 137 128 170 127 129 130 133 135 136 141 143 146 149 152 162 161 160 153 148 147 142 140 134 132 131 126 125 169 124 138 159 158 157 156 155 154 139 123 120 119 118 117 116 121 122 115 104 103 102 93 101 94 95 96 90 89 97 98 88 83 70 67 60 55 44 56 59 68 72 73 84 87 99 100 86 85 71 69 58 57 43 42 41 13 12 11 10 9 8 5 4 3 6 7 2 

kroA200.tsp 	 City Num: 200 	 Best_known:29368 	 MCTS: 29368 	 Gap: 0 	 Time:200.07 Seconds
1 85 145 191 27 198 123 15 13 79 160 162 64 20 55 42 135 186 127 112 120 47 31 67 177 65 80 77 158 193 128 167 30 68 169 35 2 181 125 161 151 187 157 107 109 6 54 75 183 155 8 22 134 129 146 103 143 17 25 90 34 58 141 171 200 98 114 88 148 28 39 38 71 130 72 83 62 185 168 50 139 86 196 56 152 178 5 105 43 137 133 176 113 195 182 94 95 91 150 173 23 144 70 76 102 164 140 21 154 89 41 59 3 73 189 131 180 142 69 108 14 192 60 101 4 163 93 106 149 190 49 18 110 29 184 37 179 153 66 119 19 99 92 10 175 36 57 74 100 156 33 45 197 81 97 104 165 166 96 126 87 52 11 84 48 170 122 116 188 44 63 194 51 16 118 124 138 9 78 82 7 199 26 61 136 32 24 159 174 121 172 46 12 147 40 132 111 117 115 53 

kroB200.tsp 	 City Num: 200 	 Best_known:29437 	 MCTS: 29438 	 Gap: 1 	 Time:200.04 Seconds
1 90 21 146 46 25 9 34 57 94 180 176 27 61 35 172 157 131 178 199 145 66 133 168 114 87 165 74 60 186 196 89 43 164 50 159 185 118 106 140 183 103 77 105 16 2 109 110 42 120 125 14 64 182 83 4 6 33 15 112 128 147 82 121 156 51 195 48 31 63 126 187 13 155 78 17 192 41 148 44 102 200 130 135 162 96 137 19 151 92 119 36 45 18 24 153 160 144 55 104 193 22 23 88 171 143 177 154 191 139 173 115 54 163 116 52 58 84 7 169 72 37 184 141 47 179 81 113 79 188 65 124 127 80 20 38 152 108 166 138 86 49 134 181 30 75 69 150 101 56 100 26 62 194 132 5 197 67 198 70 149 53 170 39 40 117 190 189 111 68 10 123 142 73 85 122 93 11 3 158 28 129 91 97 76 99 8 29 136 59 175 167 32 107 71 161 12 174 98 95 

ts225.tsp 	 City Num: 225 	 Best_known:126643 	 MCTS: 126643 	 Gap: 0 	 Time:225.14 Seconds
1 126 127 128 129 130 26 151 152 27 28 29 30 31 156 157 158 159 160 56 55 54 53 52 153 154 155 51 176 177 178 179 180 76 77 201 202 203 204 205 101 102 103 104 105 106 210 107 108 109 110 111 112 113 114 115 116 215 214 213 212 211 89 90 91 92 93 216 217 218 219 220 117 118 119 120 121 122 123 124 125 225 224 223 222 221 100 200 199 198 99 98 97 96 95 94 195 194 193 192 191 69 68 67 66 65 64 63 186 187 188 189 190 88 87 86 85 84 83 206 207 208 209 78 79 80 81 82 185 184 183 182 181 57 58 59 60 61 62 165 164 163 162 161 39 40 41 42 43 44 145 144 143 142 48 47 46 45 166 167 168 169 170 70 71 72 73 74 197 196 75 175 174 173 172 171 50 49 150 149 148 147 146 25 24 23 22 21 20 19 141 18 17 16 15 14 13 12 11 136 137 138 139 140 38 37 36 35 34 33 32 135 134 133 132 131 10 9 8 7 6 5 4 3 2 

tsp225.tsp 	 City Num: 225 	 Best_known:3916 	 MCTS: 3926 	 Gap: 10 	 Time:225.17 Seconds
1 200 198 197 195 194 46 44 43 42 41 40 39 38 37 36 34 33 35 32 31 206 217 219 216 76 75 74 73 72 71 70 69 68 67 66 65 64 63 62 61 60 59 58 57 56 55 54 53 52 50 51 49 207 2 47 225 190 133 199 224 48 45 218 193 196 192 191 205 189 27 188 187 186 119 118 117 116 223 115 114 113 112 111 110 124 123 122 121 175 120 185 184 182 181 180 179 178 177 176 174 173 172 171 170 169 168 212 214 167 166 165 164 213 158 163 162 161 160 159 157 156 155 154 153 152 151 150 149 148 147 146 145 144 143 201 142 141 140 139 138 137 136 183 135 134 215 132 131 211 130 222 129 128 127 126 125 109 108 107 106 105 220 104 103 102 101 100 99 98 97 96 95 209 94 93 92 91 90 89 88 87 210 86 85 84 83 82 221 81 80 79 78 77 202 30 29 28 204 26 25 208 24 23 22 21 20 203 19 18 17 16 15 14 13 12 11 10 9 8 7 6 5 4 3 

pr226.tsp 	 City Num: 226 	 Best_known:80369 	 MCTS: 83467 	 Gap: 3098 	 Time:226.16 Seconds
1 2 3 4 5 6 7 8 72 71 13 12 11 9 10 14 15 16 17 67 68 69 70 66 65 18 19 20 64 63 62 61 60 59 58 57 56 55 54 53 52 51 50 21 22 23 24 25 26 27 28 49 48 33 32 31 29 30 34 35 36 37 44 45 46 47 43 42 38 39 40 41 87 95 96 89 97 88 90 98 99 91 92 100 101 93 94 102 137 144 146 138 139 145 147 140 141 142 143 150 148 149 151 152 153 154 155 156 157 158 159 160 161 162 163 164 165 166 167 168 169 170 171 172 173 174 175 176 177 178 179 180 181 182 183 184 185 186 187 188 189 190 191 192 193 194 195 196 197 198 199 200 201 202 203 204 205 206 207 208 209 210 211 212 213 214 215 216 217 218 219 220 221 222 223 224 225 226 118 117 116 115 114 113 112 111 103 105 104 106 107 108 109 110 136 135 134 133 127 129 131 130 132 125 124 123 122 121 120 128 126 119 86 85 84 83 82 81 80 79 78 77 76 75 74 73 

gil262.tsp 	 City Num: 262 	 Best_known:2378 	 MCTS: 2391 	 Gap: 13 	 Time:262.20 Seconds
1 229 71 31 205 221 129 130 61 90 211 5 133 12 49 124 257 137 18 30 191 262 79 19 185 72 33 234 254 209 138 21 100 145 115 4 81 186 172 140 164 7 160 246 25 141 74 104 126 116 215 213 112 96 166 207 73 198 204 54 261 27 173 228 53 65 206 83 217 195 2 170 230 58 183 36 220 150 189 106 121 248 89 167 13 153 9 26 148 114 253 101 193 125 64 250 163 224 82 157 249 62 237 177 69 190 8 3 118 123 135 84 146 39 38 56 256 242 122 43 223 225 241 235 11 203 57 214 131 238 10 42 197 194 80 113 103 66 168 47 55 175 259 17 24 40 127 245 147 159 134 51 67 201 78 32 226 136 176 233 102 15 219 75 162 59 171 181 169 52 243 16 6 37 165 222 85 105 132 97 29 227 109 20 158 60 110 41 210 178 92 255 252 111 236 23 120 22 44 199 251 208 152 180 200 63 216 46 93 187 45 161 179 128 48 196 174 143 14 98 117 240 107 212 77 91 50 88 247 149 86 151 94 119 218 184 192 144 239 35 260 156 28 182 95 34 258 188 87 154 76 155 108 244 99 70 232 142 68 231 202 139 

pr264.tsp 	 City Num: 264 	 Best_known:49135 	 MCTS: 49135 	 Gap: 0 	 Time:264.10 Seconds
1 40 41 42 43 59 44 45 46 47 48 49 57 58 122 123 124 125 126 127 55 56 50 51 52 53 54 128 150 154 153 152 151 231 230 229 234 232 233 236 235 228 227 157 156 155 149 158 159 160 226 161 162 148 147 146 145 165 164 163 225 224 238 237 264 240 239 223 222 168 167 166 144 143 171 170 169 221 220 242 241 244 243 219 218 174 173 172 142 141 175 176 177 216 217 245 246 247 248 214 215 178 179 180 140 139 181 182 183 212 213 249 250 251 252 210 211 184 185 186 138 137 187 188 189 208 209 253 254 263 262 261 255 256 206 207 190 191 192 136 135 195 194 193 205 204 258 257 260 259 203 200 201 202 198 197 196 199 133 134 130 131 132 88 87 85 84 2 3 4 5 6 82 83 86 89 90 91 80 81 7 8 9 10 11 12 78 79 92 93 94 95 96 97 76 77 13 14 15 16 17 18 74 75 98 99 100 101 102 103 72 73 19 20 21 22 23 24 70 71 104 105 106 107 108 109 68 69 25 26 27 28 29 30 66 67 110 111 112 113 114 115 64 65 31 32 33 34 35 36 62 63 116 117 118 129 119 120 121 60 61 37 38 39 

a280.tsp 	 City Num: 280 	 Best_known:2579 	 MCTS: 2579 	 Gap: 0 	 Time:280.10 Seconds
1 280 3 279 278 248 249 256 255 252 209 208 253 254 257 258 259 260 261 262 263 264 265 266 138 137 267 268 136 135 269 270 134 133 132 131 130 21 20 19 18 17 16 271 272 273 274 275 276 277 4 5 6 7 8 9 10 11 12 13 15 14 24 23 25 22 26 27 28 29 31 32 33 34 35 36 37 38 39 40 41 42 43 60 61 62 118 117 115 116 86 87 84 85 65 66 64 63 59 44 45 46 47 48 49 50 51 52 53 54 55 56 57 58 68 69 67 70 71 72 73 74 75 76 77 78 79 80 81 82 83 88 112 113 114 111 110 108 109 89 90 91 92 93 94 95 96 97 98 99 100 101 102 103 104 105 106 107 174 173 172 171 170 169 168 167 166 165 164 163 162 161 175 160 159 158 157 119 120 121 122 123 124 125 30 126 127 128 129 154 155 153 156 152 151 177 178 150 179 180 176 181 182 183 184 185 186 187 188 189 190 191 192 193 194 195 196 197 198 199 145 146 147 148 149 139 140 141 142 143 144 200 201 202 203 204 205 206 207 210 211 212 213 214 215 216 217 218 219 220 221 222 223 224 225 226 227 228 229 230 251 250 247 245 246 231 232 233 234 235 236 237 238 239 240 241 244 243 242 2 

pr299.tsp 	 City Num: 299 	 Best_known:48191 	 MCTS: 48195 	 Gap: 4 	 Time:299.06 Seconds
1 92 93 144 146 145 148 147 149 150 151 152 153 154 155 156 214 215 298 296 297 294 295 293 292 290 291 289 288 287 217 216 218 212 213 159 158 157 143 142 141 139 140 161 160 211 210 208 207 204 205 206 299 227 225 226 223 224 220 209 222 221 219 286 285 284 280 283 282 281 278 279 275 276 277 232 233 230 231 229 203 228 200 199 202 164 163 162 138 136 135 137 134 133 103 132 129 104 130 131 165 166 201 168 167 197 198 234 235 274 273 272 238 236 237 241 240 239 271 269 270 243 242 196 193 192 191 194 195 170 169 174 128 109 108 106 110 61 59 60 39 57 58 112 111 113 123 127 126 124 125 175 177 176 178 187 189 179 171 172 173 190 188 250 251 245 247 246 244 249 248 268 267 265 266 263 264 262 259 258 257 254 260 261 255 252 253 186 256 185 184 183 182 181 180 120 122 121 118 119 117 115 114 116 55 56 54 53 52 51 50 49 48 47 44 46 45 43 41 40 42 37 38 36 35 32 31 30 34 33 66 63 62 107 65 64 105 68 67 70 69 71 74 73 72 29 28 27 26 25 24 23 21 18 17 15 16 19 20 22 79 81 82 80 75 77 78 76 102 101 100 99 84 83 98 95 96 97 94 87 85 86 91 89 90 88 14 13 12 11 10 9 8 7 5 6 2 3 4 

lin318.tsp 	 City Num: 318 	 Best_known:42029 	 MCTS: 42314 	 Gap: 285 	 Time:318.31 Seconds
1 2 6 7 10 11 15 103 21 22 29 30 31 32 33 28 23 20 12 19 24 27 16 17 18 25 26 37 36 104 40 316 317 49 45 48 50 55 56 59 105 57 54 51 47 44 41 42 43 46 52 53 58 62 63 70 69 74 75 81 73 76 80 86 79 77 72 64 67 68 71 78 82 83 84 85 91 92 96 97 101 102 93 89 90 98 99 95 94 100 207 206 202 201 197 196 198 203 204 195 194 191 184 182 177 178 181 185 186 180 179 174 175 168 167 169 172 173 176 183 187 188 189 190 87 88 66 65 61 60 164 210 161 160 155 153 150 154 145 38 39 35 34 137 136 138 132 129 124 121 122 123 130 131 142 141 209 149 152 156 159 162 163 158 157 151 148 146 147 144 143 140 139 242 241 243 246 247 252 251 253 256 262 263 268 267 264 261 257 254 314 250 259 255 258 260 265 266 315 269 165 166 171 170 281 278 277 274 272 273 280 279 284 285 291 290 286 283 282 287 289 296 294 288 292 293 295 192 193 199 200 205 312 311 307 306 302 301 303 299 300 308 309 310 305 304 298 297 276 275 271 270 318 249 248 245 244 224 223 214 215 219 218 213 222 226 227 228 235 236 237 234 229 230 233 238 240 239 232 231 313 225 119 118 221 220 217 216 212 211 109 110 114 113 108 117 125 128 133 135 134 127 126 208 120 14 13 116 115 112 111 107 106 4 5 9 8 3 

linhp318.tsp 	 City Num: 318 	 Best_known:41345 	 MCTS: 42305 	 Gap: 960 	 Time:318.12 Seconds
1 2 6 7 10 11 15 103 21 22 29 30 31 32 33 28 23 20 12 19 24 27 16 17 18 25 26 37 36 104 40 316 317 49 45 48 50 55 56 59 105 57 54 51 47 44 41 42 43 46 52 53 58 63 62 64 73 76 80 86 79 77 72 67 68 71 78 82 83 84 85 91 92 96 97 101 102 93 98 99 90 89 81 75 74 69 70 66 65 61 60 164 169 172 173 176 183 187 188 189 190 87 88 94 95 100 207 206 202 201 197 196 198 203 204 195 194 191 184 182 177 178 181 185 186 180 179 174 175 168 167 210 161 160 155 153 154 150 149 152 156 159 162 163 158 157 151 148 146 147 144 143 140 139 242 241 240 239 232 231 313 225 222 230 233 238 243 237 234 229 226 227 228 235 236 246 247 252 251 253 256 262 263 268 267 264 261 257 254 314 250 259 255 258 260 265 266 315 269 165 166 171 170 281 278 277 274 272 273 280 279 284 285 291 290 286 283 282 287 289 296 294 288 292 293 295 192 193 199 200 205 312 311 307 306 302 301 303 299 300 308 309 310 305 304 298 297 276 275 271 270 318 249 248 245 244 224 223 214 215 219 218 213 211 212 109 110 216 217 220 221 118 119 114 113 108 117 125 128 133 138 132 129 124 121 122 123 130 131 142 141 209 145 38 39 35 34 137 136 135 134 127 126 208 120 14 13 116 115 112 111 107 106 4 5 9 8 3 

Match_Best_Known_Times: 28 Miss_Best_Known_Times: 10 Avg gap: 0.002139  Total time:5971.21 Seconds
